0.000000000000000000e+00 4.098046711997407193e-02
0.000000000000000000e+00 3.792859358960213451e-02
0.000000000000000000e+00 3.917079130553060423e-02
0.000000000000000000e+00 4.045350498422614627e-02
0.000000000000000000e+00 3.208952283122867150e-02
0.000000000000000000e+00 2.675237866191590083e-02
0.000000000000000000e+00 3.692966713238892557e-02
0.000000000000000000e+00 3.479828412674699362e-02
0.000000000000000000e+00 2.643295071528636506e-02
0.000000000000000000e+00 3.830762613417828394e-02
0.000000000000000000e+00 1.218741026457431653e-02
0.000000000000000000e+00 3.731217406076019205e-02
0.000000000000000000e+00 3.190465003022009000e-02
0.000000000000000000e+00 3.033177855699287565e-02
0.000000000000000000e+00 2.264174090932110847e-02
0.000000000000000000e+00 1.488186836589382341e-02
0.000000000000000000e+00 3.036412210762654690e-02
0.000000000000000000e+00 1.537412610907010722e-02
0.000000000000000000e+00 2.062834206917175256e-02
0.000000000000000000e+00 1.946733427037589809e-02
0.000000000000000000e+00 2.114884162190266981e-02
0.000000000000000000e+00 2.523202850218267401e-02
0.000000000000000000e+00 2.206328566620973167e-02
0.000000000000000000e+00 1.314261420929828394e-02
0.000000000000000000e+00 2.890922058581737314e-02
0.000000000000000000e+00 2.964674408125644867e-02
0.000000000000000000e+00 2.199562868780472955e-02
0.000000000000000000e+00 1.957572135774322819e-02
0.000000000000000000e+00 1.663720033353445482e-02
0.000000000000000000e+00 2.589089230059520019e-02
0.000000000000000000e+00 2.347565100105311608e-02
0.000000000000000000e+00 2.709815954625136025e-02
0.000000000000000000e+00 2.479084070522914046e-02
0.000000000000000000e+00 1.453732407371904553e-02
0.000000000000000000e+00 1.907661216611171787e-02
0.000000000000000000e+00 2.302825188927819233e-02
0.000000000000000000e+00 2.511265718681456038e-02
0.000000000000000000e+00 1.082305014298227258e-02
0.000000000000000000e+00 2.052151315956536257e-02
0.000000000000000000e+00 5.507328486881073355e-03
0.000000000000000000e+00 2.103614035810727478e-02
0.000000000000000000e+00 1.911524224169197997e-02
0.000000000000000000e+00 2.644868417993573306e-02
0.000000000000000000e+00 2.587755128994436229e-02
0.000000000000000000e+00 7.987250815238730248e-03
0.000000000000000000e+00 2.668235027129859868e-02
0.000000000000000000e+00 1.657089544371032758e-02
0.000000000000000000e+00 2.102958299360902991e-02
0.000000000000000000e+00 1.910795870221917298e-02
0.000000000000000000e+00 2.134454868129549363e-02
0.000000000000000000e+00 1.303475552567251623e-02
0.000000000000000000e+00 2.444230306757957244e-02
0.000000000000000000e+00 1.306223812526643296e-02
0.000000000000000000e+00 2.103582189233381070e-02
0.000000000000000000e+00 1.495065368278876948e-02
0.000000000000000000e+00 1.234940134397830881e-02
0.000000000000000000e+00 2.889943637055992012e-02
0.000000000000000000e+00 2.192707235651758860e-02
0.000000000000000000e+00 2.672959453996308354e-02
0.000000000000000000e+00 1.983493719337972583e-02
0.000000000000000000e+00 1.847311105564858683e-02
0.000000000000000000e+00 7.351748057847894841e-03
0.000000000000000000e+00 2.258508768659846580e-02
0.000000000000000000e+00 2.533747987905313193e-02
0.000000000000000000e+00 2.165195394658988443e-02
0.000000000000000000e+00 2.110205231381436647e-02
0.000000000000000000e+00 1.790787237697033865e-02
0.000000000000000000e+00 1.533884764047368891e-02
0.000000000000000000e+00 9.362251037013087293e-03
0.000000000000000000e+00 6.667767767376900530e-03
0.000000000000000000e+00 1.333069566345478595e-02
0.000000000000000000e+00 3.269148917069514271e-02
0.000000000000000000e+00 2.511269239097201414e-02
0.000000000000000000e+00 1.487523390280775896e-02
0.000000000000000000e+00 2.737069172835722430e-02
0.000000000000000000e+00 4.636527880469368083e-03
0.000000000000000000e+00 1.132775660413131227e-02
0.000000000000000000e+00 2.428836539311172299e-02
0.000000000000000000e+00 1.288513843131715991e-02
0.000000000000000000e+00 1.677691687444426288e-02
0.000000000000000000e+00 1.835664218987890714e-02
0.000000000000000000e+00 2.097830141498771561e-02
0.000000000000000000e+00 2.007309444505454496e-02
0.000000000000000000e+00 1.386486680284120324e-02
0.000000000000000000e+00 1.718748944979791443e-02
0.000000000000000000e+00 9.922826977986168653e-03
0.000000000000000000e+00 2.352126857399262569e-02
0.000000000000000000e+00 2.118237634478438436e-02
0.000000000000000000e+00 2.353256885402220736e-02
0.000000000000000000e+00 1.030489765835864574e-02
0.000000000000000000e+00 1.676127262333390253e-02
0.000000000000000000e+00 2.396245248673216366e-02
0.000000000000000000e+00 1.484001222246341539e-02
0.000000000000000000e+00 2.194606934951860711e-02
0.000000000000000000e+00 1.893781960344076420e-02
0.000000000000000000e+00 2.061678518135320187e-02
0.000000000000000000e+00 2.139151463494346275e-02
0.000000000000000000e+00 1.269831259084881758e-02
0.000000000000000000e+00 2.380099305943552887e-02
0.000000000000000000e+00 7.002566675696187369e-03
0.000000000000000000e+00 2.234677442593162658e-02
0.000000000000000000e+00 2.073932617456513902e-02
0.000000000000000000e+00 2.739233202986209731e-02
0.000000000000000000e+00 1.103598442207446434e-02
0.000000000000000000e+00 8.143286878207459459e-03
0.000000000000000000e+00 2.372794303278361050e-02
0.000000000000000000e+00 2.974977421626784357e-02
0.000000000000000000e+00 1.301788775515041498e-02
0.000000000000000000e+00 1.131974105453013683e-02
0.000000000000000000e+00 1.805510768939750169e-02
0.000000000000000000e+00 1.853718186398565712e-02
0.000000000000000000e+00 1.434662927194242134e-02
0.000000000000000000e+00 1.162015470860741986e-02
0.000000000000000000e+00 2.918608843503345610e-02
0.000000000000000000e+00 2.404924464698101130e-02
0.000000000000000000e+00 1.507329347065668006e-02
0.000000000000000000e+00 8.896337020855642555e-03
0.000000000000000000e+00 2.636960147013087119e-02
0.000000000000000000e+00 2.398710270975447367e-02
0.000000000000000000e+00 1.230593938323812017e-02
0.000000000000000000e+00 2.377273704334710580e-02
0.000000000000000000e+00 2.089977584838282818e-02
0.000000000000000000e+00 2.584629548393589313e-02
0.000000000000000000e+00 3.571281776139390539e-03
0.000000000000000000e+00 9.015046402072852960e-03
0.000000000000000000e+00 2.330571468503070398e-02
0.000000000000000000e+00 1.716335190376203773e-02
0.000000000000000000e+00 1.641738218563154952e-02
0.000000000000000000e+00 7.272963299831671988e-03
0.000000000000000000e+00 2.011691727222196177e-02
0.000000000000000000e+00 2.478339338009391546e-02
0.000000000000000000e+00 1.403941554364938719e-02
0.000000000000000000e+00 1.087746404594316929e-02
0.000000000000000000e+00 1.995165710335511378e-02
0.000000000000000000e+00 1.340845543033139693e-02
0.000000000000000000e+00 2.180772090788115486e-02
0.000000000000000000e+00 2.189225229640396134e-02
0.000000000000000000e+00 2.192818512771320394e-02
0.000000000000000000e+00 1.479150010721644315e-02
0.000000000000000000e+00 2.018464163451882259e-02
0.000000000000000000e+00 1.287076977601107550e-02
0.000000000000000000e+00 2.059370647641216301e-02
0.000000000000000000e+00 2.440988229348244054e-02
0.000000000000000000e+00 1.811154777233130522e-02
0.000000000000000000e+00 1.420809398091122007e-02
0.000000000000000000e+00 8.487530850644603442e-03
0.000000000000000000e+00 1.589701451219736536e-02
0.000000000000000000e+00 2.033021044471643862e-02
0.000000000000000000e+00 8.734402060766780981e-03
0.000000000000000000e+00 3.218563987797313369e-02
0.000000000000000000e+00 8.133731050396584422e-03
0.000000000000000000e+00 2.755531900968636108e-02
0.000000000000000000e+00 1.651494175446594631e-02
0.000000000000000000e+00 1.245940967943887090e-02
0.000000000000000000e+00 8.193282622271123167e-03
0.000000000000000000e+00 3.099842601252898733e-02
0.000000000000000000e+00 2.034387187610131598e-02
0.000000000000000000e+00 1.522104644934646825e-02
0.000000000000000000e+00 2.369375410023982428e-02
0.000000000000000000e+00 1.808343645678191572e-02
0.000000000000000000e+00 1.289772475436800139e-02
0.000000000000000000e+00 1.397127031822795185e-02
0.000000000000000000e+00 1.504465862009697619e-02
0.000000000000000000e+00 4.336269481967670002e-03
0.000000000000000000e+00 9.701213880151418958e-03
0.000000000000000000e+00 1.598014195833009909e-02
0.000000000000000000e+00 1.371739362762379282e-02
0.000000000000000000e+00 1.929294571942654843e-02
0.000000000000000000e+00 1.946490150599792385e-02
0.000000000000000000e+00 8.099835700702356922e-03
0.000000000000000000e+00 4.434925959088718318e-03
0.000000000000000000e+00 2.525335081225708878e-02
0.000000000000000000e+00 2.334401768087491363e-02
0.000000000000000000e+00 1.797194116048178580e-02
0.000000000000000000e+00 1.379225027390090785e-02
0.000000000000000000e+00 1.569489693612891035e-02
0.000000000000000000e+00 1.829523858105851913e-02
0.000000000000000000e+00 2.207870513175236651e-02
0.000000000000000000e+00 1.151524181284386064e-02
0.000000000000000000e+00 5.842058274918229474e-03
0.000000000000000000e+00 2.103653039281060469e-02
0.000000000000000000e+00 2.813054321302153882e-02
0.000000000000000000e+00 9.044098324675654832e-03
0.000000000000000000e+00 1.417897912155795422e-02
0.000000000000000000e+00 2.194547524987689596e-02
0.000000000000000000e+00 2.717756427667763347e-02
0.000000000000000000e+00 3.149004746241716723e-02
0.000000000000000000e+00 1.514156843886829522e-02
0.000000000000000000e+00 1.628970725621273555e-02
0.000000000000000000e+00 5.308196438873603526e-03
0.000000000000000000e+00 6.994836796458931728e-03
0.000000000000000000e+00 1.848710897291059446e-02
0.000000000000000000e+00 9.838749428127912394e-03
0.000000000000000000e+00 1.660537795159496358e-02
0.000000000000000000e+00 1.397029868742208879e-02
0.000000000000000000e+00 1.164259788585173851e-02
0.000000000000000000e+00 2.891581940016374041e-03
0.000000000000000000e+00 1.708732186394091093e-02
0.000000000000000000e+00 1.588650702437901033e-02
0.000000000000000000e+00 2.969532308614199548e-02
0.000000000000000000e+00 1.829839857576553291e-02
0.000000000000000000e+00 8.582083001449520090e-03
0.000000000000000000e+00 1.382038824289593196e-02
0.000000000000000000e+00 1.041564425333053358e-02
0.000000000000000000e+00 9.579104695440732523e-03
0.000000000000000000e+00 1.401493280416946791e-02
0.000000000000000000e+00 1.298262941678699801e-02
0.000000000000000000e+00 1.791442984157210969e-02
0.000000000000000000e+00 1.170613872193706703e-02
0.000000000000000000e+00 1.241378345936288742e-02
0.000000000000000000e+00 5.056553990792607770e-03
0.000000000000000000e+00 8.819968598694735359e-03
0.000000000000000000e+00 1.340217502640623365e-02
0.000000000000000000e+00 1.263588915024710900e-02
0.000000000000000000e+00 2.629969954402553226e-02
0.000000000000000000e+00 1.421257916819078024e-02
0.000000000000000000e+00 9.478084291660283933e-03
0.000000000000000000e+00 1.731169317088327581e-02
0.000000000000000000e+00 5.794798049101393400e-03
0.000000000000000000e+00 2.904664300006164906e-02
0.000000000000000000e+00 9.059126843732001610e-03
0.000000000000000000e+00 1.206518263815699148e-02
0.000000000000000000e+00 1.859391138490973719e-02
0.000000000000000000e+00 2.633270528975742084e-02
0.000000000000000000e+00 6.747705265626589843e-03
0.000000000000000000e+00 5.913552819948644443e-03
0.000000000000000000e+00 4.165812417632014548e-03
0.000000000000000000e+00 8.174037943321360578e-03
0.000000000000000000e+00 1.446194368571747033e-02
0.000000000000000000e+00 1.121395690434219723e-02
0.000000000000000000e+00 1.643798408959339097e-02
0.000000000000000000e+00 1.614429936836082186e-02
0.000000000000000000e+00 2.090987911806473781e-02
0.000000000000000000e+00 1.475639499902256513e-02
0.000000000000000000e+00 2.580547914059080905e-02
0.000000000000000000e+00 1.555973118874658286e-02
0.000000000000000000e+00 1.071224869398782267e-02
0.000000000000000000e+00 1.484110461013436917e-02
0.000000000000000000e+00 2.302678464048899670e-02
0.000000000000000000e+00 9.146367784557773647e-03
0.000000000000000000e+00 2.027623917293155595e-02
0.000000000000000000e+00 1.671204398953432882e-02
0.000000000000000000e+00 7.250789803763208440e-03
0.000000000000000000e+00 1.925609785871863072e-02
0.000000000000000000e+00 4.894399625206853968e-03
0.000000000000000000e+00 2.022034435912550138e-02
0.000000000000000000e+00 1.015256279387639557e-02
0.000000000000000000e+00 1.542843837390347160e-02
0.000000000000000000e+00 1.235769339415451404e-02
0.000000000000000000e+00 2.090845932132014487e-02
0.000000000000000000e+00 1.058543651267135691e-02
0.000000000000000000e+00 2.080463012375900929e-03
0.000000000000000000e+00 1.576567154860688061e-02
0.000000000000000000e+00 1.051924276463089662e-02
0.000000000000000000e+00 6.196399582332314318e-03
0.000000000000000000e+00 5.889634655847251869e-03
0.000000000000000000e+00 2.532791410443228832e-03
0.000000000000000000e+00 1.167424029286879238e-02
0.000000000000000000e+00 1.130307028945532442e-02
0.000000000000000000e+00 1.546772144895255247e-02
0.000000000000000000e+00 1.924047442537573163e-02
0.000000000000000000e+00 9.531273777824237139e-03
0.000000000000000000e+00 2.857796212155908414e-02
0.000000000000000000e+00 3.642688118575646092e-03
0.000000000000000000e+00 2.201485575154396579e-02
0.000000000000000000e+00 1.489191555704315849e-02
0.000000000000000000e+00 2.338801199581273457e-02
0.000000000000000000e+00 1.261198701486952387e-02
0.000000000000000000e+00 1.060255116067995371e-02
0.000000000000000000e+00 1.743885565279237188e-02
0.000000000000000000e+00 2.234951675570089405e-02
0.000000000000000000e+00 1.761762980778308271e-02
0.000000000000000000e+00 1.218577208142042866e-02
0.000000000000000000e+00 2.958100228459196838e-03
0.000000000000000000e+00 4.997701022805211071e-03
0.000000000000000000e+00 1.074095002418584514e-02
0.000000000000000000e+00 2.475178297074564007e-02
0.000000000000000000e+00 2.169773568352493034e-02
0.000000000000000000e+00 1.456571433059086935e-02
0.000000000000000000e+00 2.637295864644088970e-03
0.000000000000000000e+00 6.141842515480851368e-03
0.000000000000000000e+00 2.685559349590679531e-02
0.000000000000000000e+00 1.497550574949860214e-02
0.000000000000000000e+00 5.681556287247144406e-03
0.000000000000000000e+00 2.369034824487620868e-03
0.000000000000000000e+00 8.560097254049842813e-03
0.000000000000000000e+00 2.228896712107709260e-02
0.000000000000000000e+00 1.651302598921459280e-02
0.000000000000000000e+00 1.122236232101662609e-02
0.000000000000000000e+00 2.099138799416090662e-02
0.000000000000000000e+00 2.738885730154482813e-03
0.000000000000000000e+00 7.046846230738311977e-03
0.000000000000000000e+00 8.827054630778019204e-03
0.000000000000000000e+00 1.322820461816042251e-02
0.000000000000000000e+00 1.202083086663515744e-02
0.000000000000000000e+00 6.471489731810475474e-03
0.000000000000000000e+00 1.604251834344491007e-02
0.000000000000000000e+00 1.431438896274879816e-02
0.000000000000000000e+00 2.723795162665017602e-02
0.000000000000000000e+00 3.470678022422056010e-03
0.000000000000000000e+00 2.105633741242281601e-02
0.000000000000000000e+00 1.070841374161947065e-02
0.000000000000000000e+00 1.499542718993763894e-02
0.000000000000000000e+00 1.785437603829613529e-02
0.000000000000000000e+00 1.958119969446208558e-02
0.000000000000000000e+00 7.991834953160952687e-03
0.000000000000000000e+00 1.629509016458308493e-02
0.000000000000000000e+00 6.258753968280630735e-03
0.000000000000000000e+00 7.708759686103261802e-03
0.000000000000000000e+00 6.593989621528031052e-03
0.000000000000000000e+00 3.027923292742902214e-02
0.000000000000000000e+00 2.395421961990350929e-02
0.000000000000000000e+00 8.131305942991424660e-03
0.000000000000000000e+00 1.340625762245680440e-02
0.000000000000000000e+00 1.908275682125113240e-02
0.000000000000000000e+00 7.887720890692059145e-03
0.000000000000000000e+00 7.879282868917904248e-03
0.000000000000000000e+00 3.445857448592317546e-02
0.000000000000000000e+00 8.929255134187004048e-03
0.000000000000000000e+00 6.498882422020743101e-03
0.000000000000000000e+00 2.180458384695727059e-02
0.000000000000000000e+00 1.160975655855850386e-02
0.000000000000000000e+00 7.414383407584729940e-03
0.000000000000000000e+00 2.011967212064002045e-02
0.000000000000000000e+00 4.181071936849448459e-03
0.000000000000000000e+00 1.389277831383472356e-02
0.000000000000000000e+00 1.732384924883056650e-03
0.000000000000000000e+00 1.785187956093403985e-02
0.000000000000000000e+00 1.880623542976712914e-02
0.000000000000000000e+00 1.056285405778704944e-02
0.000000000000000000e+00 1.600946843993308541e-02
0.000000000000000000e+00 1.518965903382826603e-02
0.000000000000000000e+00 2.705537914805464239e-02
0.000000000000000000e+00 1.790019702777381760e-02
0.000000000000000000e+00 7.141487258873729059e-03
0.000000000000000000e+00 1.408357380487136080e-02
0.000000000000000000e+00 2.085037663888449078e-02
0.000000000000000000e+00 7.601193092093423177e-03
0.000000000000000000e+00 1.083138464971420550e-02
0.000000000000000000e+00 1.054078550817003253e-02
0.000000000000000000e+00 8.774378599238958146e-03
0.000000000000000000e+00 5.057292768300752570e-03
0.000000000000000000e+00 1.982620258773919175e-02
0.000000000000000000e+00 9.938037564998723414e-03
0.000000000000000000e+00 1.804871871513123380e-02
0.000000000000000000e+00 1.801040211374139175e-03
0.000000000000000000e+00 1.218422910491780663e-02
0.000000000000000000e+00 6.495936015157229536e-03
0.000000000000000000e+00 2.341909424461792802e-02
0.000000000000000000e+00 6.407774200432375319e-03
0.000000000000000000e+00 1.158060127988627327e-02
0.000000000000000000e+00 1.283211644214254064e-02
0.000000000000000000e+00 1.963229211438768940e-02
0.000000000000000000e+00 2.997650783052929497e-03
0.000000000000000000e+00 9.802935667573038983e-03
0.000000000000000000e+00 9.329357293104002802e-03
0.000000000000000000e+00 7.829340203307274398e-03
0.000000000000000000e+00 1.589749819445650941e-02
0.000000000000000000e+00 8.715873850893101488e-03
0.000000000000000000e+00 1.879665196361164983e-02
0.000000000000000000e+00 6.723888354403663448e-03
0.000000000000000000e+00 1.070498669761371473e-02
0.000000000000000000e+00 6.134068189576006268e-03
0.000000000000000000e+00 2.046980064637141800e-02
0.000000000000000000e+00 1.257968568611671570e-02
0.000000000000000000e+00 1.042552489614140786e-02
0.000000000000000000e+00 1.152767752873464294e-02
0.000000000000000000e+00 7.696756317450828555e-03
0.000000000000000000e+00 3.967625370657276371e-03
0.000000000000000000e+00 1.293020036930287928e-02
0.000000000000000000e+00 7.420250946107045768e-03
0.000000000000000000e+00 9.919499715891504088e-03
0.000000000000000000e+00 8.753305009857242913e-03
0.000000000000000000e+00 2.919081367843819226e-03
0.000000000000000000e+00 1.268594549966194085e-02
0.000000000000000000e+00 1.836285196598663044e-02
0.000000000000000000e+00 2.744535912130723586e-03
0.000000000000000000e+00 1.052201863120944166e-02
0.000000000000000000e+00 4.915866202888811293e-03
0.000000000000000000e+00 2.086932622194084559e-03
0.000000000000000000e+00 1.142484337741480650e-02
0.000000000000000000e+00 6.968768104006134619e-03
0.000000000000000000e+00 6.345994501653850171e-03
0.000000000000000000e+00 1.157523663368540019e-02
0.000000000000000000e+00 5.721614758766789717e-03
0.000000000000000000e+00 2.599396822397741225e-02
0.000000000000000000e+00 9.226802865583331667e-03
0.000000000000000000e+00 1.516238418668786059e-02
0.000000000000000000e+00 3.343152751064406257e-03
0.000000000000000000e+00 1.726481186985125843e-02
0.000000000000000000e+00 7.019966246272418137e-03
0.000000000000000000e+00 1.743913880490390728e-02
0.000000000000000000e+00 1.128285272502302372e-02
0.000000000000000000e+00 1.860988555931955904e-02
0.000000000000000000e+00 1.826364670115428884e-02
0.000000000000000000e+00 1.296066390989305574e-02
0.000000000000000000e+00 1.126284859067174828e-02
0.000000000000000000e+00 4.545463683067759060e-03
0.000000000000000000e+00 6.618065900692323041e-03
0.000000000000000000e+00 2.573003108263988842e-02
0.000000000000000000e+00 1.071989436630699233e-02
0.000000000000000000e+00 2.532163404652550132e-02
0.000000000000000000e+00 8.944535276981493283e-03
0.000000000000000000e+00 1.604980068387333939e-02
0.000000000000000000e+00 1.109326012698512443e-02
0.000000000000000000e+00 9.676817399537377892e-03
0.000000000000000000e+00 1.478509715025144722e-02
0.000000000000000000e+00 1.612443873180065615e-02
0.000000000000000000e+00 6.470423689634986590e-03
0.000000000000000000e+00 2.297293505623316731e-02
0.000000000000000000e+00 2.324991940358025339e-02
0.000000000000000000e+00 2.112952696581420209e-02
0.000000000000000000e+00 1.778996513984424169e-02
0.000000000000000000e+00 8.212479050716856022e-03
0.000000000000000000e+00 1.250749342092307911e-02
0.000000000000000000e+00 6.144732792167777527e-03
0.000000000000000000e+00 1.976700007235685300e-02
0.000000000000000000e+00 6.801811110131551937e-03
0.000000000000000000e+00 9.405999475541047469e-03
0.000000000000000000e+00 1.402148063402653203e-02
0.000000000000000000e+00 7.911821273652065722e-03
0.000000000000000000e+00 1.531140436038492224e-02
0.000000000000000000e+00 2.407591431687212957e-02
0.000000000000000000e+00 1.362800077809678788e-02
0.000000000000000000e+00 1.910812105361524987e-02
0.000000000000000000e+00 1.447483368870612803e-02
0.000000000000000000e+00 1.877711554455670229e-02
0.000000000000000000e+00 1.625027774094778624e-02
0.000000000000000000e+00 1.178321596523117590e-02
0.000000000000000000e+00 1.286000617914521971e-02
0.000000000000000000e+00 6.164627642431442893e-03
0.000000000000000000e+00 1.266042189398746028e-02
0.000000000000000000e+00 7.157670491904241823e-03
0.000000000000000000e+00 7.233920594156301002e-03
0.000000000000000000e+00 2.439488090794280500e-02
0.000000000000000000e+00 1.324090194376486597e-02
0.000000000000000000e+00 4.161167029589283618e-03
0.000000000000000000e+00 1.767840928902641648e-02
0.000000000000000000e+00 4.393455837929171465e-03
0.000000000000000000e+00 1.334484029415633662e-02
0.000000000000000000e+00 1.945218732182954491e-02
0.000000000000000000e+00 1.281093469090538797e-02
0.000000000000000000e+00 7.003987231362705616e-03
0.000000000000000000e+00 7.943590974598882873e-03
0.000000000000000000e+00 1.924630592544517016e-02
0.000000000000000000e+00 1.240506570571888768e-02
0.000000000000000000e+00 1.741859409199997613e-02
0.000000000000000000e+00 1.152385221837246704e-02
0.000000000000000000e+00 8.760928460253012209e-03
0.000000000000000000e+00 5.908747790077846680e-03
0.000000000000000000e+00 4.035108729188443925e-03
0.000000000000000000e+00 1.217138776365544149e-02
0.000000000000000000e+00 1.498035370556532499e-02
0.000000000000000000e+00 2.801485390148679682e-03
0.000000000000000000e+00 8.751402052748749952e-03
0.000000000000000000e+00 2.075371317074206634e-02
0.000000000000000000e+00 1.160652083093488378e-02
0.000000000000000000e+00 1.724278751930816145e-02
0.000000000000000000e+00 2.166695216465808552e-02
0.000000000000000000e+00 1.372518251881882411e-03
0.000000000000000000e+00 7.984056963048279804e-03
0.000000000000000000e+00 1.516647477892464624e-02
0.000000000000000000e+00 1.350166463276408595e-02
0.000000000000000000e+00 7.861513122942309639e-03
0.000000000000000000e+00 1.037498889436681317e-02
0.000000000000000000e+00 1.469018649502067250e-03
0.000000000000000000e+00 9.377354700191273956e-03
0.000000000000000000e+00 2.054422298395867236e-02
0.000000000000000000e+00 1.129659074856674029e-02
0.000000000000000000e+00 1.730558860102221746e-03
0.000000000000000000e+00 1.937327991828847670e-02
0.000000000000000000e+00 1.313994403942235836e-02
0.000000000000000000e+00 7.933769608356747161e-03
0.000000000000000000e+00 6.359818041409275903e-03
0.000000000000000000e+00 1.464593804067364398e-02
0.000000000000000000e+00 2.155623124681907768e-02
0.000000000000000000e+00 9.943759405352987218e-03
0.000000000000000000e+00 2.267685057209306229e-02
0.000000000000000000e+00 1.803702257710973131e-02
0.000000000000000000e+00 1.273723470525958343e-02
0.000000000000000000e+00 8.501486866480889582e-03
0.000000000000000000e+00 3.356789471358921726e-03
0.000000000000000000e+00 1.160660694889931698e-02
0.000000000000000000e+00 1.240262247968085436e-02
0.000000000000000000e+00 1.249035898114969449e-02
0.000000000000000000e+00 2.376465247037806011e-02
0.000000000000000000e+00 1.216741275936866935e-02
0.000000000000000000e+00 1.205988013318881266e-02
0.000000000000000000e+00 1.305003561745542683e-02
0.000000000000000000e+00 8.814307999305187602e-03
0.000000000000000000e+00 5.334552633679929927e-03
0.000000000000000000e+00 7.709621502567351285e-03
0.000000000000000000e+00 4.805325380435093198e-03
0.000000000000000000e+00 9.868838340397121517e-03
0.000000000000000000e+00 1.332474087826038267e-02
0.000000000000000000e+00 1.331255036575193507e-02
0.000000000000000000e+00 1.027461132475216907e-02
0.000000000000000000e+00 1.508246988492010880e-02
0.000000000000000000e+00 6.572460409608324276e-03
