1.106268535797563096e-02 1.181263830820465655e-02
1.858599150994846155e-02 2.114976784413790875e-02
2.179509567868137890e-02 2.698022436870331497e-02
2.199938818024726322e-02 2.457617478371334346e-02
2.334843337012581371e-02 2.426820398971715406e-02
2.404100416100635532e-02 2.467933671164343132e-02
2.466632620809266693e-02 2.804599070808808797e-02
2.516240675939224528e-02 2.868755080701266766e-02
2.583287208189088274e-02 3.655804324344139739e-02
2.702988827292004959e-02 3.093116829874820520e-02
2.788326072007945786e-02 3.415546642939817218e-02
2.929663813824589028e-02 3.802533351300940723e-02
2.934438765826726664e-02 3.079803067209118880e-02
3.066444401748128976e-02 3.493828873791663542e-02
3.084011863653752725e-02 3.472276833860480499e-02
3.095372650706392989e-02 3.279910354888102703e-02
3.132428708345998819e-02 3.239224187615145217e-02
3.239511457641704867e-02 4.580976818898989389e-02
3.338905127909051751e-02 4.512212144238714195e-02
3.426933444965531844e-02 5.227172864372523625e-02
3.435375956099166739e-02 3.867229375665455493e-02
3.452923109234842108e-02 3.849428987283012166e-02
3.490162509767577581e-02 3.723539374680129993e-02
3.495258050575852232e-02 4.694067747040839983e-02
3.500703731983040301e-02 3.552677223413553548e-02
3.521523101589799781e-02 3.970921029681683673e-02
3.627288748961775278e-02 3.943281068157849373e-02
3.698102377803559604e-02 4.191180181462205584e-02
3.734707623608481131e-02 4.433053626050291463e-02
3.776747901075463987e-02 4.467631321147073897e-02
3.781517604250490827e-02 5.201090726370872358e-02
3.899792088530865120e-02 4.230937147544933108e-02
3.952275230995709598e-02 5.691914073072674302e-02
3.988525641568007457e-02 4.484834694044059766e-02
4.009206024628422793e-02 5.992558704644766060e-02
4.047283405974681086e-02 6.049051188873301454e-02
4.055028183227513822e-02 6.790362068371359749e-02
4.117428610764137242e-02 4.883708816574739570e-02
4.169532469820935033e-02 4.476811231154926435e-02
4.231728910630451479e-02 5.198762221769188951e-02
4.295738901820136263e-02 4.717607259863471070e-02
4.302302838614763952e-02 4.527689153191123000e-02
4.390772594868648515e-02 5.103410956759211331e-02
4.413831678603395703e-02 4.700181561549249265e-02
4.467993097124359908e-02 5.538521089618166776e-02
4.491220246909127800e-02 4.814901360535617930e-02
4.496913818776915317e-02 5.364398683016187441e-02
4.511150076274123705e-02 4.538760915321641415e-02
4.539134389791039254e-02 5.418098431575857354e-02
4.546402970539366317e-02 4.866712566812370772e-02
4.552360345788834112e-02 5.475309474016381434e-02
4.566215886334910184e-02 4.925082196085796282e-02
4.604234604014203341e-02 4.697645063474444743e-02
4.629266229196795507e-02 5.467684413488380774e-02
4.662880342063202566e-02 5.576814313319780614e-02
4.701682368749409563e-02 5.628016284437746541e-02
4.702498517266566480e-02 5.279921933298496045e-02
4.745257055168820848e-02 6.272982884201742937e-02
4.749623469933197256e-02 5.074198256016225483e-02
4.777582916283704129e-02 6.457146889749808272e-02
4.818978329138801781e-02 4.897078992986642065e-02
4.826600974854990123e-02 5.421094252078133974e-02
4.836935024947571632e-02 5.021837940766627623e-02
4.928533768382123426e-02 5.827060286477814960e-02
5.023186501838436402e-02 5.775623867428559405e-02
5.101098180659890263e-02 6.425611127483800422e-02
5.114599785143612853e-02 6.382859710338019410e-02
5.122701506585650849e-02 5.578147285279511092e-02
5.229373972334683957e-02 5.829813626997946280e-02
5.562280820974944973e-02 5.904696681573940592e-02
5.597732606291828256e-02 5.686042855265459328e-02
5.703603123387539914e-02 6.111060884385034059e-02
5.727930094900849506e-02 6.123201576045317340e-02
5.788571585596952868e-02 7.282329800897535677e-02
5.895025946683613710e-02 6.201381774974862315e-02
5.957880195101604437e-02 6.860241411527669142e-02
6.066441702108582579e-02 7.097950844861097841e-02
6.249798459115731702e-02 7.297707556396627882e-02
6.270032069683070808e-02 6.331853116052139907e-02
6.272405327250014928e-02 6.574712989994949131e-02
6.292547313641611018e-02 8.154114405164574197e-01
6.365191346132610672e-02 6.694160214034103329e-02
6.409211762555157288e-02 7.210508827076757277e-02
6.410522713824204355e-02 6.921758658112708851e-02
6.484282384670859989e-02 7.209894215876547219e-02
6.496158628129346246e-02 8.827536502178669198e-02
6.617956736038117793e-02 6.930483505303908220e-02
6.759200865638638478e-02 6.813293430442564358e-02
7.035799161026895510e-02 8.332066764368604994e-02
7.287863558002963260e-02 7.290758526203970635e-02
7.467708464339596619e-02 7.548428720963977490e-02
7.970199280799639130e-02 8.018959453340060439e-02
8.309073786700393871e-02 8.437652906393920682e-02
9.733600783242815635e-02 1.045728289730154942e-01
