1.427865885365117715e-02 1.757208734149326435e-02
1.903926644964005349e-02 2.137928493323239254e-02
1.929678120278963821e-02 2.315724593439906845e-02
2.404292724843710635e-02 2.802179188545588645e-02
2.412275661138598565e-02 2.453722112474578457e-02
2.549953871040539291e-02 3.250580057557838493e-02
2.605379081748596115e-02 2.790013868343932738e-02
2.628926187115739402e-02 3.738661958614029890e-02
2.637862847919285672e-02 3.247272031591151575e-02
2.683264446889193841e-02 2.843120739649028159e-02
2.701760104519271288e-02 3.360708211165747833e-02
2.712618851050145954e-02 3.486630178764773408e-02
2.765545358851106278e-02 3.513056961415318702e-02
2.771905431444966761e-02 3.512252197723375602e-02
2.864381945628739767e-02 4.559867354445393262e-02
2.866786863461672635e-02 3.347272758104253426e-02
2.889138131708445315e-02 2.911231573264664793e-02
2.899596296234770165e-02 2.935980538919966826e-02
2.904957953600879189e-02 2.963231292756377672e-02
2.927679946792770271e-02 5.502539370820977438e-02
2.940121809451948579e-02 3.393268991232706311e-02
2.991514184458743050e-02 3.357353021062049053e-02
3.040121493867887700e-02 3.236809035583141508e-02
3.067151079655943899e-02 4.626430903408046413e-02
3.088156583376045275e-02 3.502067647744405710e-02
3.097088982838917467e-02 3.135644446281867642e-02
3.104143660933902926e-02 3.218940836157287155e-02
3.130308309757488111e-02 4.744534711242623382e-02
3.131085722812685518e-02 3.881288151543607623e-02
3.149807934691450928e-02 3.346938922330656291e-02
3.167550175899423032e-02 4.023106542131330010e-02
3.175665728369259089e-02 3.388533675397977646e-02
3.197769089046078456e-02 3.365404795984990732e-02
3.228355656677067698e-02 3.505397087817730545e-02
3.324802766538033361e-02 3.414510378619560471e-02
3.324853519597689711e-02 4.933176975829082350e-02
3.339572802914710092e-02 3.488766813850181087e-02
3.344499206319478252e-02 4.296187448968740580e-02
3.344706618784559771e-02 3.842046346760187581e-02
3.379707189618617880e-02 5.281618734556123296e-02
3.553438331403408618e-02 4.488804746259153489e-02
3.617574565737950720e-02 4.033109420777492710e-02
3.618753830897099288e-02 3.754397594008163780e-02
3.619984077350007351e-02 3.686028221057930515e-02
3.641889468779463401e-02 3.684084480876970852e-02
3.695860941992571563e-02 4.152670489186833375e-02
3.733004547117586142e-02 4.107700589700576110e-02
3.748406041543141110e-02 3.974419831792962848e-02
3.749596674073300828e-02 3.801043059479433661e-02
3.799998424433902178e-02 3.913655416769069167e-02
3.803132014373786923e-02 5.539515095337375211e-02
3.814212874911899337e-02 4.708601940053348117e-02
3.843083703468468115e-02 4.217589699951103388e-02
3.849714629397057303e-02 6.252138419425397331e-02
3.918453291449584819e-02 4.445391149127422142e-02
3.919450590306199078e-02 4.436532078215206509e-02
3.993555576389976741e-02 6.395083472567283933e-02
4.040890443338757826e-02 4.211548582136233343e-02
4.040912459826771774e-02 4.869651037692304674e-02
4.070956255160508575e-02 4.420524725014465806e-02
4.086678480321104950e-02 6.254816327174909929e-02
4.110199555652567505e-02 4.937595389444764116e-02
4.157589113587120688e-02 4.692243772270603130e-02
4.162242587527869436e-02 4.701513962522210766e-02
4.184330186321791323e-02 4.333047109015684267e-02
4.218159287190759166e-02 4.771457880327373280e-02
4.221990015031606286e-02 4.230740096721367915e-02
4.317506481105168326e-02 4.400067523630300098e-02
4.497034191366411360e-02 4.750693503700025716e-02
4.542336829368461004e-02 4.850631145048565906e-02
4.626112548008620012e-02 6.493986806561041769e-02
4.635193735052856728e-02 5.971371303421257187e-02
4.667157622379476678e-02 5.148712584887148169e-02
4.705285853066933782e-02 5.096484583752139419e-02
4.717787635521922263e-02 4.970916694196809288e-02
4.750862733066955196e-02 5.567015355424179135e-02
4.812200438194775415e-02 6.289188698747048833e-02
4.963753794892077770e-02 5.844677303844315885e-02
4.994011204955459832e-02 7.821264897636365232e-02
5.248440656348878769e-02 6.034663539786640218e-02
5.402281370924195275e-02 5.598502656502053754e-02
5.424478469005390019e-02 5.815002589040277337e-02
5.478806326187173059e-02 7.567766214868631991e-02
5.550921576407107788e-02 6.654004308083867614e-02
5.674017478119152552e-02 5.809445426354098441e-02
5.744740524337751258e-02 6.004849056291285125e-02
5.768894275053759041e-02 6.591227479095625175e-02
5.868149961016527749e-02 7.886507406146624211e-02
5.899641741748186397e-02 6.084578971489851967e-02
5.909678591220563632e-02 6.090085324019892804e-02
5.995898000993091920e-02 8.715316398026809463e-02
6.119495893963486366e-02 7.995992347366704944e-01
6.257650288035693231e-02 6.539143926700224929e-02
6.373006598969344072e-02 6.477260629056265373e-02
6.586399264953492205e-02 6.987456930323246440e-02
6.683795861653270276e-02 7.547174223862446185e-02
6.741835887023370222e-02 7.836568482850120310e-02
6.946447384543792680e-02 7.307086182920395634e-02
7.009662659543540453e-02 8.701004076983809288e-02
7.135007520591486740e-02 8.209736950310099479e-02
7.530623194037923407e-02 9.020912994787995409e-02
7.616053985093737544e-02 7.684086636534327719e-02
8.563853176196584149e-02 8.942302042950114882e-02
