0.000000000000000000e+00 7.614503471032084414e-02
0.000000000000000000e+00 6.531758112024285690e-02
0.000000000000000000e+00 7.545729011765726912e-02
0.000000000000000000e+00 9.041397104425272224e-02
0.000000000000000000e+00 8.753711204100468601e-02
0.000000000000000000e+00 6.583620114626317910e-02
0.000000000000000000e+00 7.336008047616100758e-02
0.000000000000000000e+00 7.515949197706116303e-02
0.000000000000000000e+00 7.833808182443072199e-02
0.000000000000000000e+00 8.166283408501698315e-02
0.000000000000000000e+00 4.312544140231228812e-02
0.000000000000000000e+00 7.711980346786211082e-02
0.000000000000000000e+00 7.449334649675917741e-02
0.000000000000000000e+00 1.167047650914058432e-01
0.000000000000000000e+00 7.635660336489305533e-02
0.000000000000000000e+00 8.105086393342633699e-02
0.000000000000000000e+00 7.137311481760229281e-02
0.000000000000000000e+00 6.665896421798127303e-02
0.000000000000000000e+00 9.457663285334244607e-02
0.000000000000000000e+00 7.064742164260999491e-02
0.000000000000000000e+00 7.175861398321620177e-02
0.000000000000000000e+00 5.295646422573710432e-02
0.000000000000000000e+00 8.981368864008297537e-02
0.000000000000000000e+00 5.969319828155159047e-02
0.000000000000000000e+00 6.016031406689643229e-02
0.000000000000000000e+00 7.235521355893916040e-02
0.000000000000000000e+00 1.483063148104066427e-02
0.000000000000000000e+00 4.913449060263971879e-02
0.000000000000000000e+00 1.121450888285490666e-01
0.000000000000000000e+00 6.183299589612644559e-02
0.000000000000000000e+00 6.079419330947965355e-02
0.000000000000000000e+00 6.369631970709270508e-02
0.000000000000000000e+00 7.846983330353665687e-02
0.000000000000000000e+00 7.640555862259267028e-02
0.000000000000000000e+00 6.807237534796142797e-02
0.000000000000000000e+00 7.129789624858003105e-02
0.000000000000000000e+00 8.050983633523793592e-02
0.000000000000000000e+00 7.771419291079979808e-02
0.000000000000000000e+00 8.995657250583082021e-02
0.000000000000000000e+00 6.511645017351649911e-02
0.000000000000000000e+00 6.580518072737205626e-02
0.000000000000000000e+00 5.568889294777559090e-02
0.000000000000000000e+00 6.462928737293584247e-02
0.000000000000000000e+00 1.232619475519157876e-01
0.000000000000000000e+00 5.981864808493791985e-02
0.000000000000000000e+00 3.990947389508204407e-02
0.000000000000000000e+00 5.187299196639937743e-02
0.000000000000000000e+00 6.339894169395313139e-02
0.000000000000000000e+00 5.924218896141274227e-02
0.000000000000000000e+00 6.812439735615050118e-02
0.000000000000000000e+00 7.366932675225461302e-02
0.000000000000000000e+00 7.190685211527587939e-02
0.000000000000000000e+00 5.943983502565609173e-02
0.000000000000000000e+00 8.212596460917515051e-02
0.000000000000000000e+00 7.358781575828540755e-02
0.000000000000000000e+00 8.205879044701261393e-02
0.000000000000000000e+00 5.101212839195424370e-02
0.000000000000000000e+00 6.586077711498518339e-02
0.000000000000000000e+00 7.019909046538634623e-02
0.000000000000000000e+00 6.541832256846681626e-02
0.000000000000000000e+00 6.448844329001919562e-02
0.000000000000000000e+00 7.798628059476314656e-02
0.000000000000000000e+00 1.279977882427749958e-01
0.000000000000000000e+00 6.112507609614358656e-02
0.000000000000000000e+00 6.153385052597336313e-02
0.000000000000000000e+00 5.399143845020716592e-02
0.000000000000000000e+00 5.500078223218301393e-02
0.000000000000000000e+00 7.561784142788184615e-02
0.000000000000000000e+00 6.280365584047439831e-02
0.000000000000000000e+00 5.274197230026735767e-02
0.000000000000000000e+00 8.450685570548663317e-02
0.000000000000000000e+00 4.267244539668964276e-02
0.000000000000000000e+00 7.781209108398211283e-02
0.000000000000000000e+00 7.374213825690204005e-02
0.000000000000000000e+00 7.401349172205437532e-02
0.000000000000000000e+00 4.365792640388018592e-02
0.000000000000000000e+00 4.036093930811228414e-02
0.000000000000000000e+00 7.620115128852394948e-02
0.000000000000000000e+00 8.585456901486350489e-02
0.000000000000000000e+00 5.893397904831249728e-02
0.000000000000000000e+00 5.234800815533632856e-02
0.000000000000000000e+00 5.585176525421174654e-02
0.000000000000000000e+00 3.228549242907352568e-02
0.000000000000000000e+00 6.882083338575879783e-02
0.000000000000000000e+00 3.199625691694229362e-02
0.000000000000000000e+00 7.668959089712751309e-02
0.000000000000000000e+00 1.070571701819909016e-01
0.000000000000000000e+00 5.668104417862114552e-02
0.000000000000000000e+00 7.096320385974859424e-02
0.000000000000000000e+00 5.667761541815137527e-02
0.000000000000000000e+00 7.527689650587300607e-02
0.000000000000000000e+00 8.008115778677427077e-02
0.000000000000000000e+00 6.871458210966999158e-02
0.000000000000000000e+00 5.062135086520346688e-02
0.000000000000000000e+00 4.891072632629389627e-02
0.000000000000000000e+00 8.363026566288282726e-02
0.000000000000000000e+00 7.032582511309071194e-02
0.000000000000000000e+00 4.482332997158780530e-02
0.000000000000000000e+00 7.139370227621812115e-02
0.000000000000000000e+00 9.325254455279946564e-02
0.000000000000000000e+00 5.697753286193681099e-02
0.000000000000000000e+00 8.226783270078580346e-02
0.000000000000000000e+00 6.901092603546336857e-02
0.000000000000000000e+00 7.303040966609651574e-02
0.000000000000000000e+00 7.258391023043370138e-02
0.000000000000000000e+00 1.090938048995781090e-01
0.000000000000000000e+00 4.905593099770975962e-02
0.000000000000000000e+00 6.670473350038681748e-02
0.000000000000000000e+00 9.654843035425871023e-02
0.000000000000000000e+00 6.182088932078094040e-02
0.000000000000000000e+00 6.354502994969767060e-02
0.000000000000000000e+00 8.944643887063812027e-02
0.000000000000000000e+00 5.992956549373072705e-02
0.000000000000000000e+00 5.767265364305741715e-02
0.000000000000000000e+00 5.778305846764571208e-02
0.000000000000000000e+00 4.534198272254375689e-02
0.000000000000000000e+00 5.951442245487790356e-02
0.000000000000000000e+00 5.824325174326369647e-02
0.000000000000000000e+00 6.064854330161625201e-02
0.000000000000000000e+00 3.101482800979520754e-02
0.000000000000000000e+00 6.950186374863716321e-02
0.000000000000000000e+00 5.495872654560293030e-02
0.000000000000000000e+00 7.645542120682483067e-02
0.000000000000000000e+00 8.190435444755868322e-02
0.000000000000000000e+00 3.186785389939077867e-02
0.000000000000000000e+00 4.229042142334048238e-02
0.000000000000000000e+00 6.410295453884552741e-02
0.000000000000000000e+00 6.635289845411540544e-02
0.000000000000000000e+00 7.064702115110452207e-02
0.000000000000000000e+00 6.978724862383028915e-02
0.000000000000000000e+00 3.980225163398277977e-02
0.000000000000000000e+00 7.081297971726198404e-02
0.000000000000000000e+00 8.199184144895485526e-02
0.000000000000000000e+00 4.489182270270090230e-02
0.000000000000000000e+00 1.045328424675685125e-01
0.000000000000000000e+00 6.192484217808439523e-02
0.000000000000000000e+00 4.816052449579611566e-02
0.000000000000000000e+00 4.045787879943179427e-02
0.000000000000000000e+00 7.478383931421543618e-02
0.000000000000000000e+00 6.104278932118805540e-02
0.000000000000000000e+00 6.186538402172273021e-02
0.000000000000000000e+00 5.440804815215932733e-02
0.000000000000000000e+00 8.574877536815765644e-02
0.000000000000000000e+00 6.555077386622711055e-02
0.000000000000000000e+00 6.410985655827815266e-02
0.000000000000000000e+00 6.090991508362857826e-02
0.000000000000000000e+00 5.587485024600128553e-02
0.000000000000000000e+00 1.012063889649526260e-01
0.000000000000000000e+00 3.553799025503695530e-02
0.000000000000000000e+00 7.922103795135514159e-02
0.000000000000000000e+00 7.711703847794112998e-02
0.000000000000000000e+00 3.956466487049630637e-02
0.000000000000000000e+00 5.659799668845950232e-02
0.000000000000000000e+00 8.261243714382308923e-02
0.000000000000000000e+00 7.916144541475776675e-02
0.000000000000000000e+00 5.718809656030958422e-02
0.000000000000000000e+00 5.007946385354115904e-02
0.000000000000000000e+00 1.285635786731633388e-02
0.000000000000000000e+00 6.950033614667873449e-02
0.000000000000000000e+00 6.843945729891980079e-02
0.000000000000000000e+00 3.335871955864262717e-02
0.000000000000000000e+00 5.362754724540155782e-02
0.000000000000000000e+00 3.713051628984779390e-02
0.000000000000000000e+00 5.518866932828730282e-02
0.000000000000000000e+00 5.408481937909045967e-02
0.000000000000000000e+00 7.147500378269604215e-02
0.000000000000000000e+00 5.034430267072886184e-02
0.000000000000000000e+00 6.583264832793676857e-02
0.000000000000000000e+00 6.097497735827892007e-02
0.000000000000000000e+00 5.956634086609144396e-02
0.000000000000000000e+00 4.144299748198574523e-02
0.000000000000000000e+00 2.817763218693859067e-02
0.000000000000000000e+00 9.118605568021678764e-02
0.000000000000000000e+00 4.521034480577042214e-02
0.000000000000000000e+00 8.212071856669762859e-02
0.000000000000000000e+00 4.612343097444700918e-02
0.000000000000000000e+00 4.403874352482176763e-02
0.000000000000000000e+00 7.165040370471750797e-02
0.000000000000000000e+00 9.588225613048766138e-02
0.000000000000000000e+00 5.198284404055183994e-02
0.000000000000000000e+00 5.777940801719326502e-02
0.000000000000000000e+00 7.614397330202569980e-02
0.000000000000000000e+00 4.064627835047237431e-02
0.000000000000000000e+00 5.328797413527704141e-02
0.000000000000000000e+00 1.956525963046001210e-02
0.000000000000000000e+00 6.135307196608608821e-02
0.000000000000000000e+00 6.933924306568967078e-02
0.000000000000000000e+00 5.913501363949010686e-02
0.000000000000000000e+00 7.888282882771785465e-02
0.000000000000000000e+00 5.509751161587293083e-02
0.000000000000000000e+00 3.451578068553597806e-02
0.000000000000000000e+00 6.510404673724148883e-02
0.000000000000000000e+00 5.097091385725544682e-02
0.000000000000000000e+00 3.353563342189045532e-02
0.000000000000000000e+00 5.292438038545090734e-02
0.000000000000000000e+00 6.587405373158584931e-02
0.000000000000000000e+00 8.648753873937499448e-02
0.000000000000000000e+00 8.299793844067461512e-02
0.000000000000000000e+00 5.261238098853365103e-02
0.000000000000000000e+00 5.589340462110240632e-02
0.000000000000000000e+00 5.336692447728944716e-02
0.000000000000000000e+00 4.649669989531966807e-02
0.000000000000000000e+00 3.158291785011898417e-02
0.000000000000000000e+00 7.043539470081650045e-02
0.000000000000000000e+00 3.545402748391979220e-02
0.000000000000000000e+00 5.655361263543555450e-02
0.000000000000000000e+00 4.978437986827376205e-02
0.000000000000000000e+00 4.498719253569365834e-02
0.000000000000000000e+00 1.660766283116945144e-02
0.000000000000000000e+00 3.164532976327456837e-02
0.000000000000000000e+00 2.929966764681927668e-02
0.000000000000000000e+00 5.301723303854539299e-02
0.000000000000000000e+00 6.568297396632354068e-02
0.000000000000000000e+00 3.982743762357975059e-02
0.000000000000000000e+00 6.310614924195415143e-02
0.000000000000000000e+00 6.290560717003433611e-02
0.000000000000000000e+00 7.350037225208790048e-02
0.000000000000000000e+00 6.301584322616371470e-02
0.000000000000000000e+00 4.124306511594125896e-02
0.000000000000000000e+00 2.498713768124936549e-02
0.000000000000000000e+00 6.750948327516993752e-02
0.000000000000000000e+00 5.775021707265910048e-02
0.000000000000000000e+00 8.342215785919027127e-02
0.000000000000000000e+00 4.667707392981941539e-02
0.000000000000000000e+00 3.663295347515001243e-02
0.000000000000000000e+00 2.598384958290125835e-02
0.000000000000000000e+00 7.315995537210491506e-02
0.000000000000000000e+00 6.263963862615508360e-02
0.000000000000000000e+00 4.014436352056657137e-02
0.000000000000000000e+00 5.668735091665232095e-02
0.000000000000000000e+00 5.529052560679213746e-02
0.000000000000000000e+00 8.029476356793469050e-02
0.000000000000000000e+00 4.083193289391422870e-02
0.000000000000000000e+00 6.437581347550336286e-02
0.000000000000000000e+00 3.566210892213085570e-02
0.000000000000000000e+00 5.617004440988377506e-02
0.000000000000000000e+00 2.427633319580474805e-02
0.000000000000000000e+00 6.762193286820228355e-02
0.000000000000000000e+00 4.367174266639722857e-02
0.000000000000000000e+00 4.483363524627912572e-02
0.000000000000000000e+00 5.647123564615958574e-02
0.000000000000000000e+00 7.150092857643111643e-02
0.000000000000000000e+00 6.888148697743978754e-02
0.000000000000000000e+00 5.145516244333797617e-02
0.000000000000000000e+00 4.905143522225854230e-02
0.000000000000000000e+00 2.692354251766229667e-02
0.000000000000000000e+00 4.300685006987017833e-02
0.000000000000000000e+00 9.112423669034586116e-02
0.000000000000000000e+00 3.315190547332967641e-02
0.000000000000000000e+00 3.358946764911265731e-02
0.000000000000000000e+00 4.798886168222295245e-02
0.000000000000000000e+00 3.568650454450099374e-02
0.000000000000000000e+00 7.809005966036831892e-02
0.000000000000000000e+00 5.492983746304903186e-02
0.000000000000000000e+00 6.693645091161386229e-02
0.000000000000000000e+00 3.221625868464041142e-02
0.000000000000000000e+00 6.211366811714402747e-02
0.000000000000000000e+00 3.574141746004533271e-02
0.000000000000000000e+00 6.554405918590826274e-02
0.000000000000000000e+00 3.126286422125023473e-02
0.000000000000000000e+00 6.611074021005475254e-02
0.000000000000000000e+00 4.300012487309522874e-02
0.000000000000000000e+00 5.017945674017352392e-02
0.000000000000000000e+00 5.226388399361892034e-02
0.000000000000000000e+00 4.476329385542185402e-02
0.000000000000000000e+00 7.806548942545057934e-02
0.000000000000000000e+00 4.533712585012765472e-02
0.000000000000000000e+00 2.701868686656223525e-02
0.000000000000000000e+00 4.499207102325251256e-02
0.000000000000000000e+00 1.625516514622287606e-02
0.000000000000000000e+00 6.636294574167782290e-02
0.000000000000000000e+00 5.930993924502415277e-02
0.000000000000000000e+00 6.476077778050239042e-02
0.000000000000000000e+00 5.256552409301717965e-02
0.000000000000000000e+00 8.309960701367932745e-02
0.000000000000000000e+00 3.493779076229233671e-02
0.000000000000000000e+00 4.851175286938590181e-02
0.000000000000000000e+00 2.685856173820547199e-02
0.000000000000000000e+00 5.713241075241127370e-02
0.000000000000000000e+00 4.975423770285901381e-02
0.000000000000000000e+00 1.466645295583028988e-02
0.000000000000000000e+00 7.798441712911043100e-02
0.000000000000000000e+00 8.443328958644823190e-02
0.000000000000000000e+00 4.777178383200442191e-02
0.000000000000000000e+00 6.899947227479055756e-02
0.000000000000000000e+00 4.672637021022332110e-02
0.000000000000000000e+00 7.253796194774106421e-02
0.000000000000000000e+00 3.221837130694186341e-02
0.000000000000000000e+00 3.835778484669422755e-02
0.000000000000000000e+00 3.656902430224894668e-02
0.000000000000000000e+00 3.341171395936317484e-02
0.000000000000000000e+00 5.045545656778707699e-02
0.000000000000000000e+00 2.987077828818975045e-02
0.000000000000000000e+00 4.236831463304698009e-02
0.000000000000000000e+00 4.006559442871417825e-02
0.000000000000000000e+00 6.884763087009469762e-02
0.000000000000000000e+00 9.214970036690918465e-02
0.000000000000000000e+00 3.475777329618588013e-02
0.000000000000000000e+00 7.673003389003822672e-02
0.000000000000000000e+00 9.774802474652986850e-02
0.000000000000000000e+00 5.296938543601833332e-02
0.000000000000000000e+00 3.131343533855426159e-02
0.000000000000000000e+00 6.218496134560583255e-02
0.000000000000000000e+00 5.773363877052761772e-02
0.000000000000000000e+00 6.292536920692612390e-02
0.000000000000000000e+00 6.404267415269565555e-02
0.000000000000000000e+00 4.006002612774930971e-02
0.000000000000000000e+00 5.476860970758453545e-02
0.000000000000000000e+00 5.616781485600982199e-02
0.000000000000000000e+00 6.276965389927305350e-02
0.000000000000000000e+00 5.306283037533562202e-02
0.000000000000000000e+00 5.104118093288119440e-02
0.000000000000000000e+00 5.368260160118911578e-02
0.000000000000000000e+00 6.592160383946477076e-02
0.000000000000000000e+00 4.315681009777339039e-02
0.000000000000000000e+00 4.791583193901252646e-02
0.000000000000000000e+00 3.971132537844733468e-02
0.000000000000000000e+00 1.656606703978798570e-02
0.000000000000000000e+00 3.407563478779557231e-02
0.000000000000000000e+00 6.351885348353698835e-02
0.000000000000000000e+00 3.241480042115717913e-02
0.000000000000000000e+00 3.888010873454945254e-02
0.000000000000000000e+00 4.482764215596828083e-02
0.000000000000000000e+00 4.580925121759249485e-02
0.000000000000000000e+00 2.925970124432297412e-02
0.000000000000000000e+00 7.130132010921515218e-02
0.000000000000000000e+00 7.250148463949736277e-02
0.000000000000000000e+00 2.091543143906825220e-02
0.000000000000000000e+00 3.539367398814400462e-02
0.000000000000000000e+00 6.713883242691548459e-02
0.000000000000000000e+00 4.843963263471534608e-02
0.000000000000000000e+00 4.447216686770223693e-02
0.000000000000000000e+00 4.363138721246551111e-02
0.000000000000000000e+00 4.098935009678612851e-02
0.000000000000000000e+00 7.667507992501221281e-02
0.000000000000000000e+00 3.471311118613451541e-02
0.000000000000000000e+00 4.725525294824445971e-02
0.000000000000000000e+00 1.014659488862781345e-01
0.000000000000000000e+00 5.759053879122648378e-02
0.000000000000000000e+00 5.219684133130798875e-02
0.000000000000000000e+00 5.128828135227120333e-02
0.000000000000000000e+00 3.822704300222705409e-02
0.000000000000000000e+00 6.667388776463592515e-02
0.000000000000000000e+00 6.825886522233889919e-02
0.000000000000000000e+00 6.456996718330897111e-02
0.000000000000000000e+00 4.297203831981224326e-02
0.000000000000000000e+00 5.344883188534876872e-02
0.000000000000000000e+00 3.857725197962187658e-02
0.000000000000000000e+00 4.325355722634626615e-02
0.000000000000000000e+00 3.626478190555183084e-02
0.000000000000000000e+00 4.329272970891949457e-02
0.000000000000000000e+00 6.460238894094035011e-02
0.000000000000000000e+00 5.213119542174676074e-02
0.000000000000000000e+00 2.896424997542310434e-02
0.000000000000000000e+00 3.905825522292567104e-02
0.000000000000000000e+00 2.884152480548981753e-02
0.000000000000000000e+00 4.323462423906432317e-02
0.000000000000000000e+00 3.986352069894428390e-02
0.000000000000000000e+00 4.513426445388075969e-02
0.000000000000000000e+00 6.779210293258620956e-02
0.000000000000000000e+00 2.381025603525345480e-02
0.000000000000000000e+00 3.423128404229396765e-02
0.000000000000000000e+00 2.903364980360513201e-02
0.000000000000000000e+00 1.664461223632079587e-02
0.000000000000000000e+00 6.137525352464899553e-02
0.000000000000000000e+00 5.550245748180250571e-02
0.000000000000000000e+00 5.158742595561567612e-02
0.000000000000000000e+00 5.162077675115578357e-02
0.000000000000000000e+00 5.804893807155854513e-02
0.000000000000000000e+00 5.139794451263865471e-02
0.000000000000000000e+00 4.187387013897084925e-02
0.000000000000000000e+00 6.651250198880241660e-02
0.000000000000000000e+00 3.665284018433765528e-02
0.000000000000000000e+00 7.383541348167799168e-02
0.000000000000000000e+00 5.643237935420444829e-02
0.000000000000000000e+00 5.519897752519566103e-02
0.000000000000000000e+00 4.378841032706792813e-02
0.000000000000000000e+00 1.885626446727858493e-02
0.000000000000000000e+00 2.619944816703531285e-02
0.000000000000000000e+00 9.033522084690988330e-02
0.000000000000000000e+00 4.441354594018653151e-02
0.000000000000000000e+00 4.234582390810850278e-02
0.000000000000000000e+00 4.291562935591532180e-02
0.000000000000000000e+00 4.254747949922919881e-02
0.000000000000000000e+00 5.868890585899012163e-02
0.000000000000000000e+00 2.533132682891944126e-02
0.000000000000000000e+00 6.835778941234485484e-02
0.000000000000000000e+00 6.359166605541201334e-02
0.000000000000000000e+00 3.837329473936036683e-02
0.000000000000000000e+00 6.710605863525029302e-02
0.000000000000000000e+00 5.804541549784857785e-02
0.000000000000000000e+00 4.160941441615396280e-02
0.000000000000000000e+00 2.171452805996616775e-02
0.000000000000000000e+00 6.030981938958489275e-02
0.000000000000000000e+00 6.649703353065268552e-02
0.000000000000000000e+00 8.131412253723976913e-02
0.000000000000000000e+00 7.602646731862824914e-02
0.000000000000000000e+00 3.378086469555861143e-02
0.000000000000000000e+00 2.034612404407210029e-02
0.000000000000000000e+00 6.409553391205938255e-02
0.000000000000000000e+00 4.427544282597309366e-02
0.000000000000000000e+00 6.604002258189718699e-02
0.000000000000000000e+00 9.923414477474234996e-02
0.000000000000000000e+00 3.706866766421140075e-02
0.000000000000000000e+00 3.703358757686778246e-02
0.000000000000000000e+00 1.359991457361075726e-02
0.000000000000000000e+00 4.089106804596442241e-02
0.000000000000000000e+00 5.003217699422146669e-02
0.000000000000000000e+00 4.547143971482775493e-02
0.000000000000000000e+00 8.606309004749491953e-03
0.000000000000000000e+00 4.199915964609973740e-02
0.000000000000000000e+00 6.270141340659693419e-02
0.000000000000000000e+00 7.138662868161647912e-02
0.000000000000000000e+00 5.669275028155745799e-02
0.000000000000000000e+00 4.207549703706836564e-02
0.000000000000000000e+00 6.858758697103689572e-02
0.000000000000000000e+00 3.390532246535506861e-02
0.000000000000000000e+00 5.525360591907525071e-02
0.000000000000000000e+00 1.935106918746903187e-02
0.000000000000000000e+00 3.517149080252029991e-02
0.000000000000000000e+00 5.015364979156369113e-02
0.000000000000000000e+00 7.490086455408603849e-02
0.000000000000000000e+00 6.289764308663088610e-02
0.000000000000000000e+00 4.228296485191090220e-02
0.000000000000000000e+00 2.744333857236307475e-02
0.000000000000000000e+00 5.417229391315087073e-02
0.000000000000000000e+00 6.361957479758821588e-02
0.000000000000000000e+00 4.788877561227772306e-02
0.000000000000000000e+00 6.256458092787137160e-02
0.000000000000000000e+00 4.658862486483177773e-02
0.000000000000000000e+00 5.847471895512438428e-02
0.000000000000000000e+00 5.301225768370435021e-02
0.000000000000000000e+00 4.575025986339573136e-02
0.000000000000000000e+00 7.554234835723187824e-02
0.000000000000000000e+00 3.542846904783478190e-02
0.000000000000000000e+00 4.762583497228407847e-02
0.000000000000000000e+00 5.771761197399637167e-02
0.000000000000000000e+00 2.569049118633011039e-02
0.000000000000000000e+00 6.745192522277694558e-02
0.000000000000000000e+00 3.502514068530441366e-02
0.000000000000000000e+00 3.183620144725766293e-02
0.000000000000000000e+00 2.460939224940904627e-02
0.000000000000000000e+00 3.860262416215137077e-02
0.000000000000000000e+00 6.161091555385642821e-02
0.000000000000000000e+00 5.263225148406971976e-02
0.000000000000000000e+00 7.949994730567898349e-02
0.000000000000000000e+00 4.649840835374387249e-02
0.000000000000000000e+00 5.719993481402230878e-02
0.000000000000000000e+00 4.787044808421050263e-02
0.000000000000000000e+00 5.190467093916956154e-02
0.000000000000000000e+00 6.526068609820331878e-02
0.000000000000000000e+00 3.810849602101911565e-02
0.000000000000000000e+00 2.960691251685208109e-02
0.000000000000000000e+00 5.784648029890810533e-02
0.000000000000000000e+00 6.745163992889754989e-02
0.000000000000000000e+00 6.043163857719360127e-02
0.000000000000000000e+00 4.291393475422921461e-02
0.000000000000000000e+00 1.061114800809290215e-01
0.000000000000000000e+00 5.309203414412720645e-02
0.000000000000000000e+00 1.173314572388427512e-01
0.000000000000000000e+00 4.027762776721540566e-02
0.000000000000000000e+00 6.245214329507908085e-02
0.000000000000000000e+00 3.853176237723700270e-02
0.000000000000000000e+00 3.164366486164329334e-02
0.000000000000000000e+00 2.578268873681582515e-02
0.000000000000000000e+00 1.711534506671064451e-02
0.000000000000000000e+00 1.600884103811191922e-02
0.000000000000000000e+00 4.873796355068198832e-02
0.000000000000000000e+00 5.523002949316836024e-02
0.000000000000000000e+00 3.753951047587709977e-02
0.000000000000000000e+00 3.836153719718648353e-02
0.000000000000000000e+00 8.720761979489720719e-03
0.000000000000000000e+00 9.476728996750673553e-03
0.000000000000000000e+00 4.955235650138420378e-02
0.000000000000000000e+00 6.006111574963311772e-02
0.000000000000000000e+00 1.737092752631520451e-02
0.000000000000000000e+00 3.459488031033122052e-02
0.000000000000000000e+00 8.141771857460045059e-02
0.000000000000000000e+00 3.837237857052594459e-02
0.000000000000000000e+00 3.239405461864319768e-02
0.000000000000000000e+00 4.959527113104385959e-02
0.000000000000000000e+00 1.149484961537769051e-01
0.000000000000000000e+00 5.516186008300551918e-02
0.000000000000000000e+00 3.865348685726953393e-02
0.000000000000000000e+00 4.330304165546360051e-02
0.000000000000000000e+00 5.350078841562338344e-02
0.000000000000000000e+00 5.098707427603374476e-02
0.000000000000000000e+00 2.784172131893209584e-02
0.000000000000000000e+00 4.123888529621266147e-02
0.000000000000000000e+00 4.222798851131399217e-02
0.000000000000000000e+00 3.758303967919884164e-02
0.000000000000000000e+00 4.690317656237951577e-02
0.000000000000000000e+00 5.429996395627854217e-02
0.000000000000000000e+00 6.979471720153365699e-02
0.000000000000000000e+00 1.977685688216658522e-02
0.000000000000000000e+00 4.829107121559246540e-02
0.000000000000000000e+00 4.719329748984745637e-02
0.000000000000000000e+00 4.946442752853537350e-02
0.000000000000000000e+00 9.475679515266938191e-02
