5.126899883256444412e-02 5.298824697194697703e-02
5.540979312471877583e-02 6.777427543759501072e-02
5.812487802632643197e-02 6.102338199859010798e-02
6.298360400106903234e-02 7.732825284756601747e-02
6.341022773484171482e-02 6.377892380345595580e-02
6.474353500909493797e-02 7.762124676549596314e-02
6.827661812754337589e-02 8.600504343985176936e-02
6.921972394499911752e-02 7.709748784999119475e-02
6.935561460274143608e-02 7.173988253970793594e-02
7.091682645520155925e-02 7.726775090917650801e-02
7.191388590738109765e-02 8.786804833671818526e-02
7.222215348242405630e-02 8.989921160989092219e-02
7.224944908328333193e-02 9.282206665884339125e-02
7.227663491052548073e-02 7.605302305643561744e-02
7.296822093371679863e-02 1.119020507503297734e-01
7.316366223161839544e-02 1.358050639153385308e-01
7.344309152379473182e-02 7.589688322415963362e-02
7.378603460661500857e-02 8.695908379659916809e-02
7.414019543808625379e-02 9.453344814618373781e-02
7.458171791248319193e-02 1.229101093513013110e-01
7.467728985365736094e-02 9.763004118131850262e-02
7.507624468317915245e-02 1.023774155806350811e-01
7.512358147316261503e-02 7.854390149946934019e-02
7.607586039517141852e-02 8.207096090544005462e-02
7.629061064690290106e-02 7.744465087145360749e-02
7.661897072682068155e-02 8.422791857669711946e-02
7.744245548089369324e-02 1.091661937759119821e-01
7.791186000280404811e-02 8.108850995876436263e-02
7.796030824290704764e-02 1.151700824400591350e-01
7.835830851087213778e-02 1.239844073186863460e-01
7.847505999379379704e-02 1.053672631077603866e-01
7.848237554318712728e-02 1.468680281703342860e-01
7.852211305985175305e-02 1.023358434591771504e-01
7.863205699915658264e-02 8.726248618487812692e-02
7.879637301474258504e-02 1.044425598506728142e-01
7.880430490952974876e-02 1.062132310963065235e-01
7.886546011263216582e-02 8.644043420471252126e-02
7.923565378631132472e-02 8.370984384141318124e-02
7.936426000084581545e-02 1.453301876730795639e-01
7.983379118210917613e-02 1.237707152170583608e-01
7.984257741653147389e-02 8.783773347108005114e-02
8.011144028570042763e-02 9.261412778800524881e-02
8.038941860151987973e-02 8.137923500731467086e-02
8.045141977582344339e-02 1.148774996480782240e-01
8.142138435761417381e-02 9.660011071717428122e-02
8.157926896211870060e-02 9.342922697683281319e-02
8.205425578773258011e-02 1.251858117550004312e-01
8.217961184528124741e-02 1.008705125973390349e-01
8.221415039736845731e-02 1.185767984001965258e-01
8.222321720616243557e-02 9.342922697683281319e-02
8.264302182548985409e-02 8.412133292216558700e-02
8.300610973984862140e-02 1.171142882103601707e-01
8.301415898834037244e-02 1.386717287583911773e-01
8.316347814546623529e-02 9.224423003704661228e-02
8.317779796791738289e-02 1.257978893507410711e-01
8.333100373832770524e-02 1.369067032753495394e-01
8.338090532988992609e-02 9.901360464947404905e-02
8.361805524173787640e-02 9.317295428184062256e-02
8.371344731580042386e-02 8.473431175813511684e-02
8.380235567826235799e-02 1.135762684349615470e-01
8.381541073035425615e-02 9.068528596317861068e-02
8.395185726939187465e-02 9.235173497406859444e-02
8.399061562712389906e-02 1.268546489459632942e-01
8.406516324905405346e-02 9.031754538001099397e-02
8.501067881689411410e-02 8.786804833671818526e-02
8.525860555835117205e-02 9.721328256808381418e-02
8.560180169320967536e-02 1.355682460744116746e-01
8.562610678060145197e-02 1.025664868247864320e-01
8.577857950264801412e-02 8.828549953911925263e-02
8.583789320874410378e-02 1.026384242127246771e-01
8.591085548426052876e-02 1.324932436981200445e-01
8.617213644934978989e-02 8.978922971108374562e-02
8.617226189412408033e-02 1.262491448902240410e-01
8.621991402237687285e-02 1.257940510940463164e-01
8.631697182418741898e-02 1.007901116129867047e-01
8.637832845084182642e-02 1.216587143646281483e-01
8.656543471981506532e-02 9.860807715617189717e-02
8.696140661990059417e-02 1.282058901228901593e-01
8.708232224137008037e-02 1.174269693619750948e-01
8.718868776246758989e-02 1.125430679311448801e-01
8.720654449570568179e-02 8.757471006019683368e-02
8.723092752893039925e-02 1.104559786675915894e-01
8.732420015322472917e-02 8.842636399108684542e-02
8.749290750669955208e-02 9.555040887179565290e-02
8.755536711781407300e-02 1.424224490192953496e-01
8.792667177543483925e-02 8.823486011901671144e-02
8.840527296847176808e-02 1.259923241093224844e-01
8.856028050851591504e-02 9.269117780940415441e-02
8.890496730427013827e-02 1.135173582457914832e-01
8.909409804793774756e-02 1.195343876065921851e-01
8.910213391701805874e-02 9.214604726772125665e-02
8.914338698913035208e-02 1.184244455049184019e-01
8.930453891933286259e-02 1.124880781085196430e-01
8.935266574403837037e-02 9.063945261630285133e-02
8.936974210793825757e-02 1.017537290338764860e-01
9.008179488264675405e-02 9.021372094286356225e-02
9.054338535528706766e-02 1.006999475041700232e-01
9.094015587456069638e-02 1.258588654985438038e-01
9.136674784569229213e-02 1.023496970393830280e-01
9.137135966435100398e-02 1.323133166825002094e-01
9.158417191190262874e-02 1.074728468183479280e-01
9.191055827784394561e-02 9.758458186253331224e-02
9.203790910780798584e-02 9.682891328994706892e-02
9.206958522944821977e-02 9.518675452923974767e-02
9.239994263121005524e-02 9.635433318491178067e-02
9.248172002587759510e-02 1.027205585248089359e-01
9.249770482519621695e-02 1.354124590575951637e-01
9.306598860638956583e-02 9.879402733306741347e-02
9.308796325311452513e-02 1.131815921361569860e-01
9.318743485876219979e-02 1.447684757232664265e-01
9.350635060652581765e-02 1.024606464511882420e-01
9.401080446306533944e-02 1.277321480790744312e-01
9.402623944758864427e-02 9.649453115850398222e-02
9.443314011426454102e-02 1.324022432164199403e-01
9.473230372223730156e-02 9.768706310325969699e-02
9.502727197464964914e-02 1.086163617759949573e-01
9.521454964088885142e-02 1.005244216052642581e-01
9.526808378304101044e-02 1.148419840566021616e-01
9.560831718859243156e-02 9.873851428009253195e-02
9.565863046503955691e-02 9.886820150500633120e-02
9.622176404171409181e-02 1.125380814957658571e-01
9.631792683304767066e-02 1.130540926604316765e-01
9.645603802945675043e-02 1.096616715021775379e-01
9.718366924504748261e-02 1.101772389645935962e-01
9.720947644321854819e-02 1.005049911698266130e-01
9.766758463504943144e-02 1.024073678488782863e-01
9.790795163696427994e-02 1.023648989816412086e-01
9.809486748184138849e-02 9.847193085552061187e-02
9.842328511379933031e-02 1.390662001265101644e-01
9.858782273738070367e-02 9.929512794353681504e-02
9.884962439847318205e-02 1.208347515582244153e-01
1.009711162051673550e-01 1.010767437731142915e-01
1.013547243768836564e-01 1.349155529001019593e-01
1.014014346528093191e-01 1.242117254374026925e-01
1.025411307517887644e-01 1.060197008485414955e-01
1.025775132201919848e-01 1.039865691945442427e-01
1.026293633592753329e-01 1.042998306888921478e-01
1.030647841829479272e-01 1.340073078744161705e-01
1.031096996069707922e-01 1.062927167530351297e-01
1.031443271758794161e-01 1.085367096319261593e-01
1.031805335277247576e-01 1.168298535745333905e-01
1.034232650439434326e-01 1.059818748155521434e-01
1.035961074969822954e-01 1.092956318167826596e-01
1.037249254854545749e-01 1.345594452483562797e-01
1.037565587639853737e-01 1.057104799406416162e-01
1.038409819671444745e-01 1.077334847699260717e-01
1.046326851385857015e-01 1.350008550293432252e-01
1.050370782789341456e-01 1.521851807595969441e-01
1.052945528750054288e-01 1.096616715021775379e-01
1.053830508202284050e-01 1.219504711371234562e-01
1.054887555225828694e-01 1.388406364077730826e-01
1.055791250047135171e-01 1.115950573095693815e-01
1.058816273171523659e-01 1.087765989363823210e-01
1.059218297476857695e-01 1.063885135320540853e-01
1.063722780898752607e-01 1.385713496652062060e-01
1.066263561038422319e-01 1.286161484063798321e-01
1.068568606757233919e-01 1.235422035728623580e-01
1.071603713265594782e-01 1.098355088476037356e-01
1.071749118198675604e-01 1.158793367141709302e-01
1.072776891928132054e-01 1.092740054197729738e-01
1.073329475419873003e-01 1.484373813579425994e-01
1.074639459116820406e-01 1.315281922439382745e-01
1.077784088895775289e-01 1.362719821388094776e-01
1.080165621791255720e-01 1.088464601898432166e-01
1.082374816464173189e-01 1.377374543290405540e-01
1.087311243241493586e-01 1.121288111530779202e-01
1.090899336935240299e-01 1.165392304498968218e-01
1.096429885314163244e-01 1.476881769604486971e-01
1.097194188241257529e-01 1.129458632746113272e-01
1.099943710746673353e-01 1.131316217444907485e-01
1.102527993847719767e-01 1.505973454961410385e-01
1.104315440086429539e-01 1.113083605630054707e-01
1.104618061449323674e-01 1.170143371282359318e-01
1.109455265332660451e-01 1.149051630400734492e-01
1.112582670136607332e-01 1.129234108136120129e-01
1.114063866158482574e-01 1.119146247314277975e-01
1.124997073624521837e-01 1.135507450574693572e-01
1.131158865644983080e-01 1.293734640090151433e-01
1.149253401074075143e-01 1.215540622916541497e-01
1.152634994641811433e-01 1.178896278270474135e-01
1.165554824960272490e-01 1.267516105383461045e-01
1.168709849579202403e-01 1.392548419226279921e-01
1.175337824501615364e-01 1.203265636783217851e-01
1.178930833056548028e-01 1.338832079419912946e-01
1.183747118634241452e-01 1.295920068327075514e-01
1.185055057736762590e-01 1.317642749750357889e-01
1.192838586497692172e-01 1.559516576799865328e-01
1.194007367816920656e-01 1.332044548814767804e-01
1.194045703635027017e-01 1.195603726753117491e-01
1.198210835638097022e-01 1.229881519797251244e-01
1.221692145680623315e-01 1.323006049163585329e-01
1.226063468516873783e-01 1.760608649377527757e-01
1.232092254259937042e-01 1.274574478554324763e-01
1.235618646848518493e-01 1.330982199004214772e-01
1.237019380031637306e-01 1.333869628349442227e-01
1.246828790708418566e-01 1.312696227335682919e-01
1.261934198203556734e-01 1.307308296380100265e-01
1.268436057893642110e-01 1.308440413028397198e-01
1.270410776376159068e-01 1.452864342454722735e-01
1.271938508400756174e-01 1.339621870719125696e-01
1.275825419637975910e-01 1.279617042075153754e-01
1.286745282851209649e-01 1.360380859911310969e-01
1.291246106863257470e-01 1.323172531392408369e-01
1.302076489132127646e-01 1.346956612105771889e-01
1.337023136039872939e-01 1.375710289795753216e-01
1.337063724933416076e-01 1.632640989145076882e-01
1.351210052449094701e-01 1.415866696424334381e-01
1.352604513298684141e-01 1.385448098661657412e-01
1.364069026596814449e-01 1.500946670761495461e-01
1.366574463546079421e-01 1.440269424536733400e-01
1.458137664280171331e-01 1.709775044108540198e-01
1.514150662069161379e-01 1.561439913736199225e-01
1.524166293028099417e-01 1.751336082596665900e-01
1.529401912312086109e-01 1.628061421350906202e-01
1.646488482206838189e-01 1.729639666306516943e-01
1.717698828970391223e-01 1.727713249282534780e-01
