7.781854809459438915e-02 7.852032187741510294e-02
9.377298280344997794e-02 9.614458866154980410e-02
1.033783344428236273e-01 1.037931783154233678e-01
1.075031585696619579e-01 1.141062121350690239e-01
1.128521074215551867e-01 1.135898527197176655e-01
1.131171512756623948e-01 1.147328612105840279e-01
1.137999100755262699e-01 1.139890328980483203e-01
1.142718824285740981e-01 1.160223975164562382e-01
1.148034717076645561e-01 1.225324962156018466e-01
1.149900334471994079e-01 1.282957142018918140e-01
1.157411869683079575e-01 1.196881517965621838e-01
1.163541870064598860e-01 1.171150539655003431e-01
1.190797253929195554e-01 1.221717284057578234e-01
1.224031550392594703e-01 1.263692705720695642e-01
1.233561532833979263e-01 1.234776149399763739e-01
1.240532375328089187e-01 1.253876377242193751e-01
1.249849998336631379e-01 1.261802151535856287e-01
1.251135952293261910e-01 1.528202925818698266e-01
1.257863899556706244e-01 1.271799060475890808e-01
1.259844367722285363e-01 1.354209551976011394e-01
1.263593618807755670e-01 1.267837358891525379e-01
1.269822766764314159e-01 1.323291910329743581e-01
1.270618571692839205e-01 1.332222131098813600e-01
1.288960999523884043e-01 1.482964618546121494e-01
1.290984766437933418e-01 1.393045117226409113e-01
1.292465232529272923e-01 1.349374967948953341e-01
1.297144359991904139e-01 1.325314434120649643e-01
1.314478515530521918e-01 1.351532684061318990e-01
1.314478515530521918e-01 1.338888102921520773e-01
1.317316533062858619e-01 1.343178589032006931e-01
1.337621296893088396e-01 1.375266191763124812e-01
1.339498466080533134e-01 1.459484160100476269e-01
1.361254972087946324e-01 1.407355324384367556e-01
1.361510296890329486e-01 1.483448217293378557e-01
1.373957163199872322e-01 1.411920627684309093e-01
1.376235501819238760e-01 1.469971511550758614e-01
1.387344072948400731e-01 1.459177510898755636e-01
1.396265083618763725e-01 1.426638960719351645e-01
1.397840468867567743e-01 1.481962811046841910e-01
1.404689849869605600e-01 1.462280290922157167e-01
1.405972566458136563e-01 1.416705230989495634e-01
1.412516554551879466e-01 1.425322717024990471e-01
1.416654320849372595e-01 1.650935066386168826e-01
1.423335138068290984e-01 1.549507240428735499e-01
1.429994655787075741e-01 1.471154428728267127e-01
1.435121199720687801e-01 1.925315858968774385e-01
1.443846204499391606e-01 1.516177751713943533e-01
1.465366429188922903e-01 1.472909116519795503e-01
1.469712037029030915e-01 1.555351940974195046e-01
1.475112723974167372e-01 1.523235341025282463e-01
1.476590307132669422e-01 1.492940756543468805e-01
1.477734712915166893e-01 1.489177397005973513e-01
1.480920686449622714e-01 1.538397350953252252e-01
1.481086075332804508e-01 1.894696279544939854e-01
1.481343477223208693e-01 1.517141133439855183e-01
1.484409997528209624e-01 1.524093305950095789e-01
1.495384735513858865e-01 1.555385581284913776e-01
1.502329032904813622e-01 1.599241239216667165e-01
1.516143493225357297e-01 1.537150321718432910e-01
1.518355340820122801e-01 1.643959033109692325e-01
1.518827063666782218e-01 1.573288725518247611e-01
1.519936961644718088e-01 1.601088946648187572e-01
1.520599369754676300e-01 1.754452557218127151e-01
1.521586360156398365e-01 1.597500935903111707e-01
1.535368459491722737e-01 1.595642478590482694e-01
1.535567369647831970e-01 1.575879536481491483e-01
1.540475777194420248e-01 1.848443168063505504e-01
1.541768425657056019e-01 1.557400706652793121e-01
1.554881117651071842e-01 1.796423004569077941e-01
1.577626239884438730e-01 1.606812461366197153e-01
1.577837755295578015e-01 1.636894778439006437e-01
1.591203601623679409e-01 1.624645163329781206e-01
1.594241962151247138e-01 1.616943453333579417e-01
1.600179522845062707e-01 1.655583325591463706e-01
1.637378718173979342e-01 1.647905453694742672e-01
1.637451666016307150e-01 1.669689862841688410e-01
1.643346521592927711e-01 1.713577474525817268e-01
1.643748498457978657e-01 1.691704867296141834e-01
1.647791038443749967e-01 1.864549546437106464e-01
1.657161819010719017e-01 1.848729333949394871e-01
1.663988346214811676e-01 1.675295592568812331e-01
1.664037956057001777e-01 1.975153171108292027e-01
1.687590391872218487e-01 1.788696751726770451e-01
1.703786164363560174e-01 1.797336428731970415e-01
1.718931887650787527e-01 1.777987468620543798e-01
1.720685488723587564e-01 1.736178894181374111e-01
1.739216991560235681e-01 1.754441463716872318e-01
1.745836371617237315e-01 1.749759627143341878e-01
1.755537908850919038e-01 1.850659300298317100e-01
1.828875345999813329e-01 1.842387782959384046e-01
1.831729609452752705e-01 1.840580371525468162e-01
1.838215059113366134e-01 1.893704476356414534e-01
1.857330651412271716e-01 1.894311547168070764e-01
1.859837458311537906e-01 1.931180297974033344e-01
1.859837458311537906e-01 2.225432820425545521e-01
1.898443781519148221e-01 1.919228716163162984e-01
1.970184870810085254e-01 2.067457378137299573e-01
1.978679201155674194e-01 2.039737377110523164e-01
1.994942756826093011e-01 2.062880801060373859e-01
2.219618833926866042e-01 2.225382593451691315e-01
