5.143582088837672650e-02 5.763901154859397274e-02
5.391307196565481991e-02 5.493549199876702344e-02
6.176917340975095205e-02 7.043447010055922664e-02
6.312065417134919698e-02 7.112220951767331267e-02
6.645143012849098751e-02 7.128407056669254505e-02
6.645191491589602650e-02 6.863996598194643806e-02
6.661737209239523838e-02 7.353055840648275998e-02
6.668061894835035364e-02 6.824751343886450994e-02
6.724490185524623076e-02 7.433923646495965709e-02
6.732260811290784186e-02 7.009113826532120672e-02
6.812243921928327894e-02 7.334155812957332543e-02
6.907234129820406798e-02 9.923377636362901155e-02
6.969938523925635343e-02 7.097050605475102580e-02
7.064612830715048808e-02 7.361343020460331399e-02
7.074251924188842966e-02 7.440782889367425490e-02
7.206558157598294545e-02 8.492027939547047710e-02
7.265591727049906801e-02 8.430162220651495064e-02
7.447622592171479483e-02 8.175301893307572454e-02
7.488517611141790042e-02 9.897260857490663977e-02
7.546674744586646943e-02 8.354337809971579265e-02
7.587258193474916146e-02 1.263482983787787839e-01
7.594417533716886493e-02 7.722202935919401934e-02
7.680582820233661234e-02 1.125527205882535242e-01
7.714282900475580296e-02 7.719326520362730648e-02
7.770230393191773777e-02 9.663106331480104949e-02
7.820370884817270940e-02 7.879187793433885256e-02
7.925642404199358115e-02 1.030211982550340022e-01
7.929015875963450755e-02 8.839953768607811124e-02
7.930242521852737259e-02 1.079497047043585650e-01
7.959651232466580240e-02 9.709879631863266303e-02
7.979944523161065784e-02 8.841665138313620220e-02
8.081127021390557830e-02 1.129455777355023310e-01
8.096992380750098195e-02 1.270147495834524354e-01
8.124872470653055068e-02 9.497810501915013304e-02
8.138545521378909298e-02 1.504777818250975507e-01
8.143901234811969092e-02 9.615430662857296640e-02
8.263772742438572905e-02 9.272150107269072628e-02
8.425764700887200531e-02 1.429775628910679997e-01
8.455132844844383266e-02 1.391573039129762324e-01
8.456764181388014279e-02 8.646677588236911793e-02
8.469446922424141155e-02 9.941504415682798912e-02
8.494881834222152428e-02 1.025949178022725061e-01
8.496175226242493050e-02 9.730776650907251024e-02
8.575744890950243171e-02 1.202790730643338579e-01
8.598108203797094617e-02 8.699448850084609552e-02
8.608931128056102056e-02 9.598747037273779037e-02
8.615898200142745045e-02 9.885165923570639335e-02
8.655614361294579340e-02 8.740940297759713928e-02
8.658040409780917712e-02 8.701807872796901711e-02
8.690042584341872711e-02 1.726887804309681085e-01
8.699064366381184521e-02 1.103047725276693064e-01
8.746625462724334776e-02 1.029725511794428727e-01
8.751388979894886289e-02 9.102445645669149377e-02
8.753537175664291570e-02 1.380703429979231733e-01
8.757152446330740414e-02 1.056768133594566950e-01
8.790452451076546936e-02 1.101607146062154180e-01
8.792988668768610128e-02 9.674235087845121928e-02
8.794948187106345350e-02 1.045686740372434864e-01
8.797481976817973781e-02 9.549860361240229689e-02
8.817931328249961620e-02 1.258935814774415352e-01
8.820938215042464781e-02 1.336151563231568196e-01
8.850891219816114930e-02 1.129751824156135370e-01
8.865382851423374289e-02 1.136989914686509506e-01
8.874666907696988905e-02 1.280720547372623530e-01
8.917827960584542857e-02 1.185695226020681003e-01
8.920320986501827087e-02 1.223403902671296867e-01
8.941094420891537720e-02 9.329241096224311081e-02
8.943501132582205859e-02 1.118410087166843703e-01
8.988915034703093276e-02 1.152044414812008338e-01
8.998946234747474959e-02 1.103847129830116403e-01
9.015872546608606763e-02 1.033624022376739976e-01
9.019628578883832903e-02 9.810482265958754555e-02
9.092615035888709785e-02 1.049187962564975957e-01
9.100027435619269245e-02 1.417331574406351102e-01
9.117055556334124899e-02 1.083620372359320322e-01
9.159870413934019517e-02 1.498645950950141803e-01
9.162559530659619700e-02 1.429261080698974729e-01
9.169605067718018809e-02 9.565280246857012225e-02
9.170969697452149849e-02 1.427736395150636939e-01
9.189998233624208090e-02 1.241509310869717553e-01
9.200220131120995237e-02 1.125696191903627769e-01
9.224148209430424461e-02 9.609717470513602644e-02
9.243187639053433713e-02 1.402203409497622399e-01
9.259400432883096999e-02 1.165404448797137810e-01
9.271852964525206797e-02 1.213026573995722168e-01
9.282528317833142750e-02 9.575971486590224846e-02
9.297297764016324018e-02 1.402042522312574313e-01
9.327083173920064363e-02 1.241448930957147062e-01
9.340164276495205309e-02 9.770693098925774256e-02
9.360454228173895053e-02 9.931705004705632112e-02
9.390992361113785492e-02 1.320188626261167286e-01
9.407240332130667460e-02 1.350543776782323069e-01
9.414208896668044280e-02 1.010567686248346614e-01
9.415564130630095507e-02 9.568701697297876674e-02
9.434854648292288759e-02 1.202537747860818601e-01
9.442914486760034531e-02 1.338664346763570046e-01
9.446954816472995231e-02 1.374370227936582145e-01
9.447221037179612257e-02 1.181218524638931178e-01
9.464052741262700408e-02 9.858269111496040238e-02
9.492688243501616607e-02 1.120292677406042881e-01
9.508255490522238285e-02 1.145897969787573051e-01
9.509306718167648276e-02 1.069831318670916298e-01
9.531281932830223957e-02 1.285909747715323903e-01
9.581810145763389186e-02 1.349041054072568913e-01
9.592974719367122760e-02 1.291212294156353912e-01
9.595442062091520674e-02 9.660130343507138118e-02
9.634374233863703119e-02 1.289464446607050396e-01
9.647220117345665924e-02 1.239666018567971012e-01
9.663142607054352184e-02 1.220786857182588059e-01
9.671993661178300561e-02 1.094965628006810410e-01
9.691111667918880790e-02 1.210759154352061967e-01
9.691712001114241581e-02 1.206778511158284051e-01
9.715746009828428453e-02 1.230637374983081789e-01
9.719870254339488258e-02 1.080614857996405470e-01
9.727010043608828871e-02 1.171195040617139665e-01
9.747765840321234720e-02 1.152329936838872582e-01
9.763408834787938584e-02 1.299515296965897959e-01
9.814394341774901331e-02 1.000117711600027048e-01
9.826564341466587083e-02 1.174109356407106453e-01
9.827759258160242983e-02 1.043842178083462108e-01
9.840485755361783049e-02 1.083036451278825280e-01
9.865311650890878914e-02 1.367552520024359064e-01
9.894869261331741550e-02 1.000549983621354527e-01
9.912818229642360313e-02 1.350240208476000958e-01
1.003869114753067754e-01 1.017225348917972227e-01
1.004907782841691355e-01 1.200941894148977868e-01
1.005583893097149878e-01 1.249795987087152782e-01
1.014740429024946072e-01 1.108420452054930533e-01
1.015565868488692014e-01 1.274416787801865569e-01
1.016712665993970838e-01 1.341649772422295328e-01
1.023236301581032237e-01 1.281312162963927637e-01
1.027741785074233472e-01 1.033289260242189617e-01
1.031864129292560661e-01 1.222174558305097331e-01
1.035351343449365386e-01 1.146263605181714190e-01
1.036046415804317417e-01 1.331638201803086452e-01
1.037241598048958685e-01 1.199841778733047454e-01
1.037948081950045010e-01 1.130484987438491462e-01
1.038851792500435633e-01 1.245984402961770043e-01
1.043373401575077020e-01 1.080917924994139329e-01
1.044760866778008529e-01 1.101360225357210232e-01
1.045775013427777261e-01 1.146432548009444219e-01
1.054600533523304406e-01 1.088523106887098607e-01
1.054671259747540363e-01 1.197135216265412389e-01
1.055921402844728768e-01 1.173235478363815198e-01
1.058398346466374873e-01 1.291049575973830799e-01
1.059561055976240146e-01 1.139404340694013806e-01
1.060824977333847813e-01 1.117257775870024034e-01
1.062218282756760696e-01 1.120087654774109959e-01
1.064945366953649469e-01 1.186410265175558698e-01
1.065967844483983601e-01 1.136497311517186831e-01
1.066024562206427662e-01 1.409453235599308074e-01
1.067094906279975330e-01 1.166546366330590973e-01
1.072785846433249451e-01 1.216321455903735943e-01
1.081414695504331336e-01 1.250575019316843284e-01
1.081686134014373107e-01 1.271265350475503653e-01
1.083173213997906253e-01 1.088377664684246904e-01
1.084190117231459277e-01 1.414304832734503969e-01
1.087117787010486586e-01 1.122698185938058729e-01
1.087721217557914982e-01 1.194052929583602901e-01
1.094383439814782116e-01 1.127340686551702859e-01
1.096976140652957954e-01 1.403508017474892067e-01
1.097725737354451614e-01 1.288070977071672230e-01
1.105006142117335305e-01 1.202537747860818601e-01
1.106287852666322513e-01 1.218244156478595491e-01
1.106897113592084647e-01 1.259752807081160053e-01
1.114043510724240099e-01 1.225474940583320405e-01
1.121976105746858715e-01 1.220786857182588059e-01
1.126787997885071585e-01 1.458802993093040179e-01
1.127992128542388284e-01 1.502716127270914137e-01
1.128441316416914086e-01 1.132562116071099689e-01
1.134299014939314371e-01 1.182933784233374114e-01
1.136843071793935539e-01 1.166084740999232816e-01
1.137040179358120712e-01 1.455365833137068632e-01
1.139156944995310811e-01 1.289303501606664792e-01
1.139920617120326468e-01 1.309984044312071938e-01
1.142776690591442157e-01 1.545959841085611242e-01
1.144013385296340779e-01 1.176090191348961450e-01
1.146032461597034785e-01 1.218887510509963912e-01
1.149417407425461640e-01 1.335432235839274784e-01
1.151594460375613693e-01 1.315900934404441724e-01
1.167615132642311898e-01 1.200947947445284436e-01
1.170593245181649339e-01 1.201340050347752819e-01
1.175734439844249440e-01 1.263268338845815186e-01
1.176008373670306556e-01 1.227104122076058679e-01
1.177537867248624748e-01 1.280701686541636519e-01
1.188384510190944182e-01 1.258221374769603884e-01
1.193727568394181288e-01 1.353782682329814913e-01
1.203123633456303493e-01 1.302556249175705616e-01
1.211560096902866979e-01 1.368384447202233012e-01
1.213810509071456406e-01 1.389357480091873986e-01
1.226029658349175600e-01 1.372468270021347247e-01
1.229687239647698077e-01 1.257570528317181469e-01
1.238390079781945402e-01 1.387433244267906318e-01
1.243448988859682386e-01 1.314335297485166032e-01
1.243522236874338160e-01 1.358448894921701622e-01
1.243956232422887831e-01 1.518772667884228100e-01
1.246457566296349934e-01 1.333715719158365676e-01
1.249822910629450612e-01 1.479547462753769138e-01
1.255635058669357373e-01 1.361023613953399325e-01
1.258418191543629605e-01 1.302049634993038552e-01
1.266813537684189639e-01 1.297502425917457236e-01
1.278868294765255487e-01 1.287725048265062622e-01
1.279923087626393952e-01 1.310869679105068908e-01
1.284047435186744524e-01 1.504289528543797938e-01
1.286574917648282135e-01 1.359507516373903158e-01
1.286712218963931009e-01 1.363826841058087824e-01
1.293978656392975879e-01 1.347684996110159461e-01
1.324541343146942163e-01 1.396988887542623403e-01
1.327016986826443368e-01 1.358847017207510111e-01
1.338939694430726912e-01 1.349876631492994139e-01
1.340649745447870245e-01 1.455746631418997072e-01
1.344722921114211434e-01 1.358137807916925677e-01
1.348020874104653988e-01 1.456808574703327419e-01
1.350812302826305267e-01 1.359812884922693421e-01
1.363533021452504601e-01 1.411817888016412559e-01
1.371502629646410565e-01 1.531230245176271876e-01
1.372930088926471448e-01 1.396756661790383158e-01
1.379672792155685335e-01 1.394479307318014505e-01
1.390419474016627854e-01 1.438611726641857991e-01
1.420783283545798414e-01 1.505783222429075696e-01
1.441989322744471891e-01 1.455443976783598048e-01
1.450679495969733335e-01 1.515340712855810235e-01
1.464350492756031630e-01 1.510666246718008199e-01
1.469121598902047021e-01 1.490156880270651074e-01
1.481191979696604433e-01 1.749822571570091578e-01
1.487019162618712642e-01 1.565513603219784722e-01
1.646034190213732096e-01 1.750727703807127555e-01
1.685682306837485989e-01 1.687514326585899949e-01
