0.000000000000000000e+00 7.551335605464309930e-02
0.000000000000000000e+00 7.430964130454091598e-02
0.000000000000000000e+00 6.978737031440601646e-02
0.000000000000000000e+00 8.053792755455248253e-02
0.000000000000000000e+00 6.805373459303683259e-02
0.000000000000000000e+00 6.994770049161362635e-02
0.000000000000000000e+00 6.454442739684390640e-02
0.000000000000000000e+00 6.427716867552295266e-02
0.000000000000000000e+00 8.576371316904372877e-02
0.000000000000000000e+00 6.239686011237265822e-02
0.000000000000000000e+00 6.413567175705164880e-02
0.000000000000000000e+00 8.435263993680194861e-02
0.000000000000000000e+00 7.903535143777902505e-02
0.000000000000000000e+00 5.241518671490610903e-02
0.000000000000000000e+00 6.722540949722186077e-02
0.000000000000000000e+00 7.959610497200547696e-02
0.000000000000000000e+00 4.156333265339052369e-02
0.000000000000000000e+00 6.524912365443466533e-02
0.000000000000000000e+00 6.542238520153505210e-02
0.000000000000000000e+00 6.253168944496111104e-02
0.000000000000000000e+00 6.292698668207338808e-02
0.000000000000000000e+00 6.621975449337522135e-02
0.000000000000000000e+00 5.993597632295600414e-02
0.000000000000000000e+00 6.082691972409020459e-02
0.000000000000000000e+00 5.628409087090424645e-02
0.000000000000000000e+00 7.780683406571969885e-02
0.000000000000000000e+00 7.111377432486273853e-02
0.000000000000000000e+00 6.365589212911675066e-02
0.000000000000000000e+00 6.970691838788163619e-02
0.000000000000000000e+00 9.560500260121404525e-02
0.000000000000000000e+00 6.672882214874167883e-02
0.000000000000000000e+00 7.197079103575233783e-02
0.000000000000000000e+00 9.402483443575951338e-02
0.000000000000000000e+00 7.733934086396150598e-02
0.000000000000000000e+00 7.532761252190064982e-02
0.000000000000000000e+00 9.172830931302153323e-02
0.000000000000000000e+00 6.567861535308759657e-02
0.000000000000000000e+00 4.065729501587695555e-02
0.000000000000000000e+00 5.648183318157420918e-02
0.000000000000000000e+00 6.296933308081237302e-02
0.000000000000000000e+00 7.114013638008923057e-02
0.000000000000000000e+00 7.660386711583092034e-02
0.000000000000000000e+00 7.171761115393374131e-02
0.000000000000000000e+00 6.974178860795574031e-02
0.000000000000000000e+00 7.117727194066340857e-02
0.000000000000000000e+00 5.046045196595059373e-02
0.000000000000000000e+00 5.787348025908023441e-02
0.000000000000000000e+00 6.823862319841608737e-02
0.000000000000000000e+00 7.944721152847035450e-02
0.000000000000000000e+00 9.812190064166903536e-02
0.000000000000000000e+00 7.536282507012194432e-02
0.000000000000000000e+00 5.258603851799639739e-02
0.000000000000000000e+00 6.477557488009492992e-02
0.000000000000000000e+00 6.983572321276931838e-02
0.000000000000000000e+00 7.345968754590294358e-02
0.000000000000000000e+00 4.415447010324077132e-02
0.000000000000000000e+00 6.072213541628774386e-02
0.000000000000000000e+00 9.085860069616889800e-02
0.000000000000000000e+00 6.194323137512038058e-02
0.000000000000000000e+00 7.888408158281062788e-02
0.000000000000000000e+00 8.100066528472960048e-02
0.000000000000000000e+00 6.834134085429641181e-02
0.000000000000000000e+00 7.140915907806839880e-02
0.000000000000000000e+00 5.130472476331592036e-02
0.000000000000000000e+00 4.669514301880809543e-02
0.000000000000000000e+00 5.400671065663908976e-02
0.000000000000000000e+00 5.056386913858139376e-02
0.000000000000000000e+00 6.276029811648069223e-02
0.000000000000000000e+00 8.588267881918948410e-02
0.000000000000000000e+00 4.424457263919218813e-02
0.000000000000000000e+00 6.107284971433637327e-02
0.000000000000000000e+00 8.130804668165522719e-02
0.000000000000000000e+00 5.592530100633878731e-02
0.000000000000000000e+00 6.476078620616082526e-02
0.000000000000000000e+00 5.926265509201616988e-02
0.000000000000000000e+00 5.111042981373962318e-02
0.000000000000000000e+00 2.289868711689672584e-02
0.000000000000000000e+00 6.958536186592105544e-02
0.000000000000000000e+00 5.961191198649982287e-02
0.000000000000000000e+00 5.443044024302778200e-02
0.000000000000000000e+00 2.894229761835683326e-02
0.000000000000000000e+00 8.810840311593517993e-02
0.000000000000000000e+00 6.079953668364554420e-02
0.000000000000000000e+00 7.153746111188588608e-02
0.000000000000000000e+00 5.728619545334147356e-02
0.000000000000000000e+00 7.125741513439476371e-02
0.000000000000000000e+00 5.870996490814412577e-02
0.000000000000000000e+00 6.067685239761627658e-02
0.000000000000000000e+00 6.097112436219178505e-02
0.000000000000000000e+00 5.126222600170875221e-02
0.000000000000000000e+00 6.516363168035538278e-02
0.000000000000000000e+00 5.434642270892310612e-02
0.000000000000000000e+00 4.251773277244964844e-02
0.000000000000000000e+00 4.850105401024855378e-02
0.000000000000000000e+00 5.980372603472860343e-02
0.000000000000000000e+00 3.823415804492458908e-02
0.000000000000000000e+00 6.935682220481466376e-02
0.000000000000000000e+00 1.020345736713237639e-01
0.000000000000000000e+00 8.027014852300279335e-02
0.000000000000000000e+00 1.060142689517006021e-01
0.000000000000000000e+00 3.322827259908281428e-02
0.000000000000000000e+00 8.124190479491485983e-02
0.000000000000000000e+00 9.615573877093878952e-02
0.000000000000000000e+00 4.489286594241129191e-02
0.000000000000000000e+00 4.830222195862335366e-03
0.000000000000000000e+00 3.915898207041943607e-02
0.000000000000000000e+00 5.203995800639313329e-02
0.000000000000000000e+00 5.342095600553738860e-02
0.000000000000000000e+00 6.140687245894789481e-02
0.000000000000000000e+00 3.813987400640758002e-02
0.000000000000000000e+00 4.828906156504426256e-02
0.000000000000000000e+00 4.939884784920799132e-02
0.000000000000000000e+00 6.355651172121258574e-02
0.000000000000000000e+00 6.050354105609130617e-02
0.000000000000000000e+00 6.042270658196317173e-02
0.000000000000000000e+00 5.896594155285318078e-02
0.000000000000000000e+00 6.584210060246327434e-02
0.000000000000000000e+00 1.121889153750710300e-01
0.000000000000000000e+00 2.923803175849033764e-02
0.000000000000000000e+00 5.604990878955794231e-02
0.000000000000000000e+00 7.721237391896748625e-02
0.000000000000000000e+00 6.158999598109411028e-02
0.000000000000000000e+00 8.004823841633458559e-02
0.000000000000000000e+00 5.948317817021061410e-02
0.000000000000000000e+00 5.523789836395634478e-02
0.000000000000000000e+00 6.932573617369094943e-02
0.000000000000000000e+00 6.216011496668585878e-02
0.000000000000000000e+00 4.493172569025078583e-02
0.000000000000000000e+00 5.882955240426823718e-02
0.000000000000000000e+00 6.859769447996329206e-02
0.000000000000000000e+00 5.174411432907558700e-02
0.000000000000000000e+00 4.164845017191168980e-02
0.000000000000000000e+00 4.755532031041725255e-02
0.000000000000000000e+00 3.891976119229406672e-02
0.000000000000000000e+00 1.100731794505131200e-01
0.000000000000000000e+00 4.897732780820471948e-02
0.000000000000000000e+00 3.537815974551767467e-02
0.000000000000000000e+00 8.312391247376364756e-02
0.000000000000000000e+00 8.546189935457691733e-02
0.000000000000000000e+00 6.124185369878162866e-02
0.000000000000000000e+00 4.533357921618252906e-02
0.000000000000000000e+00 2.061485772201261668e-02
0.000000000000000000e+00 7.105348156129162596e-02
0.000000000000000000e+00 7.731069211876673286e-02
0.000000000000000000e+00 6.367092888797878936e-02
0.000000000000000000e+00 5.987956809391983132e-02
0.000000000000000000e+00 4.701799477171668407e-02
0.000000000000000000e+00 1.853469528264482108e-02
0.000000000000000000e+00 4.318325543808914507e-02
0.000000000000000000e+00 5.138665510458107627e-02
0.000000000000000000e+00 6.441949828512019693e-02
0.000000000000000000e+00 5.706420364526493261e-02
0.000000000000000000e+00 3.568933776918162964e-02
0.000000000000000000e+00 4.259341069223233911e-02
0.000000000000000000e+00 4.678105350932660472e-02
0.000000000000000000e+00 5.274434906418804664e-02
0.000000000000000000e+00 5.394650819595524227e-02
0.000000000000000000e+00 7.607625169737743109e-02
0.000000000000000000e+00 5.380485091779357160e-02
0.000000000000000000e+00 6.190707071458163846e-02
0.000000000000000000e+00 5.624406816657631647e-02
0.000000000000000000e+00 4.583083470892261591e-02
0.000000000000000000e+00 6.111912744522512986e-02
0.000000000000000000e+00 8.452398691807720688e-02
0.000000000000000000e+00 7.965619108877991517e-02
0.000000000000000000e+00 2.365516605314962190e-02
0.000000000000000000e+00 5.327127437092244594e-02
0.000000000000000000e+00 3.343954967249635618e-02
0.000000000000000000e+00 1.111070047493810942e-01
0.000000000000000000e+00 7.098365421449699675e-02
0.000000000000000000e+00 4.991135703322905487e-02
0.000000000000000000e+00 6.287069888602267453e-02
0.000000000000000000e+00 4.596971637837769797e-02
0.000000000000000000e+00 2.709401114602203245e-02
0.000000000000000000e+00 7.480649306613151861e-02
0.000000000000000000e+00 7.320748956120608220e-02
0.000000000000000000e+00 6.526479574791670124e-02
0.000000000000000000e+00 4.029511362358965954e-02
0.000000000000000000e+00 4.442806029495040970e-02
0.000000000000000000e+00 6.494378479867644882e-02
0.000000000000000000e+00 3.607316897207095419e-02
0.000000000000000000e+00 8.297339563038376442e-02
0.000000000000000000e+00 5.437029981299629222e-02
0.000000000000000000e+00 7.828696545201699331e-02
0.000000000000000000e+00 4.010331711755091982e-02
0.000000000000000000e+00 4.941563652913449206e-02
0.000000000000000000e+00 4.618481148928724189e-02
0.000000000000000000e+00 5.120579053132659486e-02
0.000000000000000000e+00 2.078220013817991263e-02
0.000000000000000000e+00 3.267816856910644996e-02
0.000000000000000000e+00 2.996633508538672913e-02
0.000000000000000000e+00 5.287247568309329238e-02
0.000000000000000000e+00 5.133071926645313421e-02
0.000000000000000000e+00 4.245447160272433629e-02
0.000000000000000000e+00 5.602514987698970633e-02
0.000000000000000000e+00 6.842645568131276723e-02
0.000000000000000000e+00 5.432800034624743479e-02
0.000000000000000000e+00 4.509887392313972204e-02
0.000000000000000000e+00 6.451743390162995029e-02
0.000000000000000000e+00 4.389672851352473953e-02
0.000000000000000000e+00 5.089837563037765550e-02
0.000000000000000000e+00 5.333120761139843735e-02
0.000000000000000000e+00 3.852109172361258688e-02
0.000000000000000000e+00 3.147663695205647760e-02
0.000000000000000000e+00 6.320183718219105073e-02
0.000000000000000000e+00 6.211429546354741565e-02
0.000000000000000000e+00 5.987275353071169065e-02
0.000000000000000000e+00 9.154858922048449144e-02
0.000000000000000000e+00 3.502885127182486097e-02
0.000000000000000000e+00 5.082632874019978042e-02
0.000000000000000000e+00 3.606351563639593333e-02
0.000000000000000000e+00 4.569894212037198256e-02
0.000000000000000000e+00 8.785681579605535141e-02
0.000000000000000000e+00 1.799873264497162464e-02
0.000000000000000000e+00 5.124049923761032910e-02
0.000000000000000000e+00 5.948351480140696285e-02
0.000000000000000000e+00 6.731656287932431815e-02
0.000000000000000000e+00 8.499207819924420315e-02
0.000000000000000000e+00 5.718985065392544892e-02
0.000000000000000000e+00 3.565155267578974663e-02
0.000000000000000000e+00 3.729541418811814502e-02
0.000000000000000000e+00 7.187916623078594025e-02
0.000000000000000000e+00 7.226262076475348239e-02
0.000000000000000000e+00 5.270097614152887550e-02
0.000000000000000000e+00 4.359111641644875662e-02
0.000000000000000000e+00 7.085981202635327492e-02
0.000000000000000000e+00 4.624425410240250167e-02
0.000000000000000000e+00 9.908064521522456924e-02
0.000000000000000000e+00 8.150565500918655060e-02
0.000000000000000000e+00 5.915566187503110834e-02
0.000000000000000000e+00 8.067901326303734966e-02
0.000000000000000000e+00 5.721619734105592298e-02
0.000000000000000000e+00 7.324996241094099136e-02
0.000000000000000000e+00 6.610500590328514947e-02
0.000000000000000000e+00 5.630664019886967575e-02
0.000000000000000000e+00 3.304386210336497653e-02
0.000000000000000000e+00 1.059627487061897133e-01
0.000000000000000000e+00 8.389986049461761741e-02
0.000000000000000000e+00 5.732353892056492317e-02
0.000000000000000000e+00 2.200034059331096303e-02
0.000000000000000000e+00 4.773735249753702226e-02
0.000000000000000000e+00 1.062509871108726633e-01
0.000000000000000000e+00 4.666613147966702790e-02
0.000000000000000000e+00 3.725622124150572423e-02
0.000000000000000000e+00 4.419936843953715944e-02
0.000000000000000000e+00 8.689353446416651916e-02
0.000000000000000000e+00 6.318531483796707704e-02
0.000000000000000000e+00 7.132416775575145529e-02
0.000000000000000000e+00 5.019446641158572392e-02
0.000000000000000000e+00 4.732602132687098451e-02
0.000000000000000000e+00 3.705803544919680087e-02
0.000000000000000000e+00 5.283666266211133750e-02
0.000000000000000000e+00 3.247005528322419871e-02
0.000000000000000000e+00 2.503537481189716321e-02
0.000000000000000000e+00 4.324594313927811878e-02
0.000000000000000000e+00 6.250322821464225631e-02
0.000000000000000000e+00 6.237311259258359469e-02
0.000000000000000000e+00 6.212994747722689476e-02
0.000000000000000000e+00 6.080425922130158756e-02
0.000000000000000000e+00 7.286619561052279370e-02
0.000000000000000000e+00 4.712563428710590113e-02
0.000000000000000000e+00 6.921226134338472058e-02
0.000000000000000000e+00 4.043133601109414471e-02
0.000000000000000000e+00 2.396934749906328224e-02
0.000000000000000000e+00 6.539524201685693872e-02
0.000000000000000000e+00 4.486971361814993953e-02
0.000000000000000000e+00 4.005738450334062062e-02
0.000000000000000000e+00 4.695973477903431920e-02
0.000000000000000000e+00 9.829024439487549225e-02
0.000000000000000000e+00 6.141150748468315185e-02
0.000000000000000000e+00 7.150336847339162916e-02
0.000000000000000000e+00 2.846227798429606243e-02
0.000000000000000000e+00 1.104513777072197583e-01
0.000000000000000000e+00 5.917500793001273518e-02
0.000000000000000000e+00 6.570960256129092236e-02
0.000000000000000000e+00 5.627579597461526695e-02
0.000000000000000000e+00 4.546746963912599859e-02
0.000000000000000000e+00 4.317006160477872972e-02
0.000000000000000000e+00 3.744069150160088399e-02
0.000000000000000000e+00 2.930194478486864568e-02
0.000000000000000000e+00 4.698984335662495515e-02
0.000000000000000000e+00 4.758206711838412067e-02
0.000000000000000000e+00 5.996941595925431995e-02
0.000000000000000000e+00 3.410553726015613102e-02
0.000000000000000000e+00 5.879122945610291279e-02
0.000000000000000000e+00 5.481874533468517052e-02
0.000000000000000000e+00 2.927951493944870240e-02
0.000000000000000000e+00 7.039728975040607239e-02
0.000000000000000000e+00 4.179041808826785415e-02
0.000000000000000000e+00 2.932719990226036536e-02
0.000000000000000000e+00 5.583373747691577210e-02
0.000000000000000000e+00 7.555578550077932110e-02
0.000000000000000000e+00 5.294265650525518951e-02
0.000000000000000000e+00 8.891835013196378035e-02
0.000000000000000000e+00 3.940414966056621227e-02
0.000000000000000000e+00 9.012590291034128231e-02
0.000000000000000000e+00 5.891339192405443265e-02
0.000000000000000000e+00 2.420647762540288281e-02
0.000000000000000000e+00 5.986552324646018421e-03
0.000000000000000000e+00 6.103121418528456577e-02
0.000000000000000000e+00 5.930799799007129697e-02
0.000000000000000000e+00 3.202085816972707194e-02
0.000000000000000000e+00 3.826577610709158001e-02
0.000000000000000000e+00 2.113937285198038904e-02
0.000000000000000000e+00 5.378168212866267506e-02
0.000000000000000000e+00 2.234515894793772869e-02
0.000000000000000000e+00 2.470240183606128154e-02
0.000000000000000000e+00 6.372846214733704495e-02
0.000000000000000000e+00 5.363769287226918814e-02
0.000000000000000000e+00 4.200622741448606368e-02
0.000000000000000000e+00 6.451243887826824119e-02
0.000000000000000000e+00 4.779481791230782289e-02
0.000000000000000000e+00 5.751724337203929088e-02
0.000000000000000000e+00 5.063998682822709596e-02
0.000000000000000000e+00 5.006231817198988909e-02
0.000000000000000000e+00 8.631247558225560446e-02
0.000000000000000000e+00 3.424543336950081063e-02
0.000000000000000000e+00 6.550364350182211193e-02
0.000000000000000000e+00 9.363456497146305235e-02
0.000000000000000000e+00 4.191565642071916342e-02
0.000000000000000000e+00 5.637711290204969194e-02
0.000000000000000000e+00 4.885895526339113087e-02
0.000000000000000000e+00 6.101938253201755202e-02
0.000000000000000000e+00 5.942160415878683377e-02
0.000000000000000000e+00 5.868997703204028443e-02
0.000000000000000000e+00 4.729057230771600839e-02
0.000000000000000000e+00 1.040722506432124883e-01
0.000000000000000000e+00 8.192699809409505207e-02
0.000000000000000000e+00 3.341720809488157862e-02
0.000000000000000000e+00 6.223933688448980706e-02
0.000000000000000000e+00 7.764110965572959544e-02
0.000000000000000000e+00 3.790202798594578121e-02
0.000000000000000000e+00 3.420293796243988049e-02
0.000000000000000000e+00 9.924905174541744091e-02
0.000000000000000000e+00 5.060412777441573862e-02
0.000000000000000000e+00 5.955049858231697274e-02
0.000000000000000000e+00 6.014691013865829800e-02
0.000000000000000000e+00 1.021860153442789299e-01
0.000000000000000000e+00 2.690884946679037576e-02
0.000000000000000000e+00 3.111472311980264041e-02
0.000000000000000000e+00 4.552880528123406240e-02
0.000000000000000000e+00 4.477584877664204238e-02
0.000000000000000000e+00 6.429923991009853235e-02
0.000000000000000000e+00 7.341999103801524762e-02
0.000000000000000000e+00 7.708168866733937363e-02
0.000000000000000000e+00 6.860208542280077371e-02
0.000000000000000000e+00 5.744194025205007909e-02
0.000000000000000000e+00 7.516790127049222114e-02
0.000000000000000000e+00 1.650766769716877427e-02
0.000000000000000000e+00 6.383328335762619710e-02
0.000000000000000000e+00 5.146850899121496736e-02
0.000000000000000000e+00 4.546932004853041637e-02
0.000000000000000000e+00 9.081726941263772168e-02
0.000000000000000000e+00 6.926520641418230928e-02
0.000000000000000000e+00 4.977890163628068826e-02
0.000000000000000000e+00 3.302719065653934860e-02
0.000000000000000000e+00 4.381095646589206610e-02
0.000000000000000000e+00 2.317466981300910292e-02
0.000000000000000000e+00 5.974450690244499651e-02
0.000000000000000000e+00 6.734368382051122981e-02
0.000000000000000000e+00 5.903835879904038852e-02
0.000000000000000000e+00 5.739593375214641774e-02
0.000000000000000000e+00 4.503256993265698088e-02
0.000000000000000000e+00 5.296706755394305077e-02
0.000000000000000000e+00 5.076696596919720583e-02
0.000000000000000000e+00 5.116128796898199854e-02
0.000000000000000000e+00 3.590616814604807167e-02
0.000000000000000000e+00 3.104828771666511694e-02
0.000000000000000000e+00 6.800281095840915446e-02
0.000000000000000000e+00 4.680211308953752258e-02
0.000000000000000000e+00 7.548685676312390236e-02
0.000000000000000000e+00 5.644937218954226843e-02
0.000000000000000000e+00 6.558856768461364395e-02
0.000000000000000000e+00 3.899735532048693998e-02
0.000000000000000000e+00 3.387162851599934132e-02
0.000000000000000000e+00 4.649384880923587010e-02
0.000000000000000000e+00 6.967561296146777827e-02
0.000000000000000000e+00 4.011915204176463856e-02
0.000000000000000000e+00 4.095210080495290117e-02
0.000000000000000000e+00 6.622925998338259623e-02
0.000000000000000000e+00 3.385140451275375773e-02
0.000000000000000000e+00 8.587526111175042970e-03
0.000000000000000000e+00 7.330657102249844848e-02
0.000000000000000000e+00 9.312865213034975109e-02
0.000000000000000000e+00 4.959838178454331614e-02
0.000000000000000000e+00 4.446801213376458395e-02
0.000000000000000000e+00 7.842284805508862450e-03
0.000000000000000000e+00 8.339929330493393855e-02
0.000000000000000000e+00 1.945317369563245857e-02
0.000000000000000000e+00 4.866578375649881910e-02
0.000000000000000000e+00 5.101400059949040555e-02
0.000000000000000000e+00 4.244730005468157208e-02
0.000000000000000000e+00 1.407791362160954948e-02
0.000000000000000000e+00 3.970446929278402537e-02
0.000000000000000000e+00 5.558504554007505372e-02
0.000000000000000000e+00 5.905715309044597128e-02
0.000000000000000000e+00 5.704576651242567603e-02
0.000000000000000000e+00 7.090346577400451211e-02
0.000000000000000000e+00 4.642748916734100451e-02
0.000000000000000000e+00 5.283679956102405040e-02
0.000000000000000000e+00 2.092474216234656292e-02
0.000000000000000000e+00 5.614095552172225501e-02
0.000000000000000000e+00 4.685830091393414915e-02
0.000000000000000000e+00 5.662545985695237316e-02
0.000000000000000000e+00 9.794563567307973395e-02
0.000000000000000000e+00 4.456170684973668333e-02
0.000000000000000000e+00 4.498961630229194458e-02
0.000000000000000000e+00 3.497006992130147207e-02
0.000000000000000000e+00 6.371721194003109046e-02
0.000000000000000000e+00 3.140738675917129769e-02
0.000000000000000000e+00 4.934140333909284304e-02
0.000000000000000000e+00 3.428261612465886149e-02
0.000000000000000000e+00 3.445422484322797907e-02
0.000000000000000000e+00 7.132394546624412635e-02
0.000000000000000000e+00 8.213987609972090917e-03
0.000000000000000000e+00 4.520349836856986381e-02
0.000000000000000000e+00 4.971587973793108878e-02
0.000000000000000000e+00 2.677503850106224478e-02
0.000000000000000000e+00 6.412764279166087433e-02
0.000000000000000000e+00 5.355012432401963507e-02
0.000000000000000000e+00 2.237529710123325674e-02
0.000000000000000000e+00 1.122134400777650143e-01
0.000000000000000000e+00 5.795788903931568120e-02
0.000000000000000000e+00 4.539857881394371297e-02
0.000000000000000000e+00 3.825173535586447876e-02
0.000000000000000000e+00 2.118849395771108673e-02
0.000000000000000000e+00 5.376935071588591353e-02
0.000000000000000000e+00 5.418539243211403789e-02
0.000000000000000000e+00 4.616322311077066670e-02
0.000000000000000000e+00 5.649947098173973420e-02
0.000000000000000000e+00 4.758631049256874246e-02
0.000000000000000000e+00 4.245102086042348150e-02
0.000000000000000000e+00 4.920954206955190091e-02
0.000000000000000000e+00 1.718587024404297919e-02
0.000000000000000000e+00 4.935058066356869805e-02
0.000000000000000000e+00 2.305796389054518350e-02
0.000000000000000000e+00 7.031450121495542993e-02
0.000000000000000000e+00 5.295368313588044024e-02
0.000000000000000000e+00 2.780106528453259174e-02
0.000000000000000000e+00 4.843799612905269614e-02
0.000000000000000000e+00 4.157444570343539481e-02
0.000000000000000000e+00 3.930627462629636415e-02
0.000000000000000000e+00 4.507831348883109546e-02
0.000000000000000000e+00 7.995793109078812300e-02
0.000000000000000000e+00 5.142118627935528957e-02
0.000000000000000000e+00 4.683496211105082907e-02
0.000000000000000000e+00 4.448862755708619249e-02
0.000000000000000000e+00 4.114296012489973564e-02
0.000000000000000000e+00 6.341517042597268061e-02
0.000000000000000000e+00 1.850319110260961394e-02
0.000000000000000000e+00 1.650802126895946700e-02
0.000000000000000000e+00 5.523536823059961576e-02
0.000000000000000000e+00 5.129202753023247990e-02
0.000000000000000000e+00 2.549552232460609164e-02
0.000000000000000000e+00 3.478134847987854328e-02
0.000000000000000000e+00 8.050236268532678929e-02
0.000000000000000000e+00 3.629182934863277310e-02
0.000000000000000000e+00 4.800503488004246450e-02
0.000000000000000000e+00 4.605804973415532355e-02
0.000000000000000000e+00 5.656833919788484960e-02
0.000000000000000000e+00 2.749701344442036927e-02
0.000000000000000000e+00 4.307767315329533858e-02
0.000000000000000000e+00 6.059568407751143165e-02
0.000000000000000000e+00 4.565828431254130571e-02
0.000000000000000000e+00 5.080843832402777427e-02
0.000000000000000000e+00 8.269478821540318658e-02
0.000000000000000000e+00 3.862981267748218095e-02
0.000000000000000000e+00 4.236674109957203060e-02
0.000000000000000000e+00 5.013082179512233505e-02
0.000000000000000000e+00 1.552748036198509617e-02
0.000000000000000000e+00 5.584363878841879653e-02
0.000000000000000000e+00 5.881011854071999806e-02
0.000000000000000000e+00 5.185465167547510107e-02
0.000000000000000000e+00 6.384849228484990036e-02
0.000000000000000000e+00 4.141647704881772085e-02
0.000000000000000000e+00 3.198912465434728541e-02
0.000000000000000000e+00 3.840647997022849508e-02
0.000000000000000000e+00 8.618330581033724347e-02
0.000000000000000000e+00 8.799052190518336092e-02
0.000000000000000000e+00 7.136106621222806923e-02
0.000000000000000000e+00 6.735716631175671376e-02
0.000000000000000000e+00 2.149009711371809364e-02
0.000000000000000000e+00 5.093532526102786256e-02
0.000000000000000000e+00 7.126195669570721536e-02
0.000000000000000000e+00 5.994412669681565414e-02
0.000000000000000000e+00 5.552819423519606695e-02
0.000000000000000000e+00 5.883336478260319663e-02
0.000000000000000000e+00 2.427797626210321386e-02
0.000000000000000000e+00 4.543702379772315836e-02
0.000000000000000000e+00 2.007853931068464756e-02
0.000000000000000000e+00 6.428082704033863393e-02
0.000000000000000000e+00 4.554520874724368729e-02
0.000000000000000000e+00 3.866656394123674928e-02
0.000000000000000000e+00 4.563427394862355768e-02
0.000000000000000000e+00 4.871275022174680752e-02
0.000000000000000000e+00 2.830282375274129417e-02
0.000000000000000000e+00 7.907548868357387739e-02
0.000000000000000000e+00 2.729854435083481010e-02
0.000000000000000000e+00 1.253937517893399523e-01
