6.201820543007463549e-02 6.301576609871663293e-02
8.220004475756710616e-02 8.470950163772092423e-02
8.410841023731557842e-02 9.045717436870112649e-02
8.463184595808462274e-02 8.871189194215405027e-02
8.682344302381043988e-02 8.793692518581656958e-02
8.880520457654897393e-02 9.407475890493086079e-02
9.485423979306456532e-02 9.787692014625186399e-02
9.936638436727655843e-02 1.109498480898187395e-01
1.062818615772871678e-01 1.069439104979292426e-01
1.070123913190847154e-01 1.100274192177130850e-01
1.077030335290265622e-01 1.081550936911866156e-01
1.094108895554769950e-01 1.135099420278617710e-01
1.110761956074989981e-01 1.149901486010237034e-01
1.121479608595947614e-01 1.244069884312498653e-01
1.122675367567271820e-01 1.209811283642853036e-01
1.126742934919221367e-01 1.158743317694844455e-01
1.135369163017517363e-01 1.224907719303327536e-01
1.136411063990606790e-01 1.161099773447793193e-01
1.142067156163846103e-01 1.159586134732822071e-01
1.150265063898921053e-01 1.303906918050931341e-01
1.159656909989810886e-01 1.168445787160069943e-01
1.175325670403552236e-01 1.204575875704272658e-01
1.183905326742984987e-01 1.239729955806905815e-01
1.190008229127730577e-01 1.234641092618600222e-01
1.190664838530494235e-01 1.248982266993930584e-01
1.208322844841777516e-01 1.260528160874543058e-01
1.230428897392562143e-01 1.411868939863661909e-01
1.236194749972487766e-01 1.271263556354304547e-01
1.251510528563490598e-01 1.267886426637098163e-01
1.263430316023265443e-01 1.474631665337103326e-01
1.280880198482224896e-01 1.296987369181377414e-01
1.284548463981375621e-01 1.349664032378386502e-01
1.291800469784356031e-01 1.353059805100734203e-01
1.301752013760081594e-01 1.329441356990301859e-01
1.309694228746207390e-01 1.316614598179174089e-01
1.317912746652719069e-01 1.427702544211926494e-01
1.320152531549828312e-01 1.372042399795080081e-01
1.320292801921581771e-01 1.341560770703566219e-01
1.324958213649981842e-01 1.604366981727735064e-01
1.325140535466434732e-01 1.442895720834947992e-01
1.329201031984598991e-01 1.375220644953255300e-01
1.335838219433845842e-01 1.409836464951457480e-01
1.336130171153852575e-01 1.355376153783969528e-01
1.336154763088659159e-01 1.343332496014497390e-01
1.337008180242066357e-01 1.406289662560294695e-01
1.340969755642174299e-01 1.439991994130286612e-01
1.341131850497011002e-01 1.400471380063385285e-01
1.344610529622900230e-01 1.578070088490655665e-01
1.349867211834345215e-01 1.357328374746022692e-01
1.351977227392543723e-01 1.447110380905256843e-01
1.356743678234278716e-01 1.525605751490589912e-01
1.362958536001205312e-01 1.463032003553280114e-01
1.363304562470592229e-01 1.407317738446507982e-01
1.372180321621033483e-01 1.421636426116889007e-01
1.378972232299303657e-01 1.781351200278497582e-01
1.382939112082709476e-01 1.487018679287987755e-01
1.401117750310361953e-01 1.500256391691964508e-01
1.402293132672401965e-01 1.405853143544138484e-01
1.402455771676074103e-01 1.640179093715058434e-01
1.403523665771257978e-01 1.534315751594343136e-01
1.405822573761954797e-01 1.682192694244539211e-01
1.419593802271544858e-01 1.747958383090771894e-01
1.421983757320631203e-01 1.436342643814172426e-01
1.423002897555313562e-01 1.475036470229716679e-01
1.431666737820990742e-01 1.552331917345073087e-01
1.435402616172898327e-01 1.455425062776030676e-01
1.438126112218899300e-01 1.446348920745273714e-01
1.452365461297907556e-01 1.457851190278117715e-01
1.453739277605494706e-01 1.482078440947087461e-01
1.460460368159252065e-01 1.515504611520919753e-01
1.482602421679388993e-01 1.528757597344489461e-01
1.484897341825902606e-01 1.487852488169174869e-01
1.487849930693944667e-01 1.492183877591379271e-01
1.514097865406599241e-01 1.812550707723423749e-01
1.517510469750470437e-01 1.582365061728317479e-01
1.518684691081913229e-01 1.538556036337885846e-01
1.518768887455717864e-01 1.554112297906197204e-01
1.529297218544076187e-01 1.715344764355623830e-01
1.531608140132283691e-01 1.559971809034280954e-01
1.533290829431402658e-01 2.089697986071661906e-01
1.534684161566680638e-01 1.756911897058443250e-01
1.548057451952822017e-01 1.559141841365592196e-01
1.564841082086739221e-01 1.577554268342903632e-01
1.577616436758775276e-01 1.625302368073208992e-01
1.585863463042084809e-01 1.723034161658879571e-01
1.592643743182270144e-01 1.627423345301557134e-01
1.605330383222130508e-01 1.668216152596884994e-01
1.608613252747916889e-01 1.681865773322587243e-01
1.609606915777659353e-01 1.868333524052304684e-01
1.613109463083339246e-01 1.699961891996141783e-01
1.615147956332217694e-01 1.825892617169752041e-01
1.616776249565069490e-01 1.623774911644056962e-01
1.621871820333390668e-01 1.839183369619727393e-01
1.624373840292780424e-01 1.648263920620994805e-01
1.630610889731660684e-01 1.670720891864704016e-01
1.633242618015570413e-01 1.753780123188464213e-01
1.655958134600007403e-01 1.707471335833266324e-01
1.675492494834941171e-01 1.782875243447344937e-01
1.689481461375690607e-01 1.698131535733723718e-01
1.765710658500737329e-01 1.781977608562538284e-01
1.770690972449835421e-01 1.892746624452026627e-01
1.816022738591624719e-01 1.851370429376533455e-01
1.915507898494058225e-01 1.933405531918521159e-01
2.333442403613340266e-01 2.362914096575612077e-01
2.390230287120704844e-01 2.505795144951561415e-01
