8.543879153875237609e-02 8.894181667780375056e-02
8.707651661034679358e-02 8.902322495344844322e-02
8.807012322723915820e-02 9.302841129483467586e-02
8.971536624987033748e-02 9.176274269397111105e-02
9.690863448012596026e-02 1.063967683089969002e-01
9.953295674266808557e-02 9.976227091148641424e-02
1.029418128764769264e-01 1.106745361728267846e-01
1.082290842518530555e-01 1.151163528760846128e-01
1.089755890950169642e-01 1.102603662371884480e-01
1.113637614263559561e-01 1.127043638122879610e-01
1.116418858064441022e-01 1.208363583491559867e-01
1.130764689846179560e-01 1.205327013835966465e-01
1.145734496196529340e-01 1.152862735687889550e-01
1.151875473305316727e-01 1.153371891516623282e-01
1.160307506761417279e-01 1.208397135535611289e-01
1.167352854612717372e-01 1.180189859895423160e-01
1.172545849333138795e-01 1.189757931100766108e-01
1.173249466812449071e-01 1.230222264084344930e-01
1.179460390526721053e-01 1.180205144516258409e-01
1.185771266739065050e-01 1.229527849762480501e-01
1.196224677634322581e-01 1.297832486129044949e-01
1.196357991278907268e-01 1.250036832362272088e-01
1.214985527535036025e-01 1.238730980698488915e-01
1.222480355879417141e-01 1.512579313177901952e-01
1.227703443280999396e-01 1.330399684622715906e-01
1.229679326490861757e-01 1.236665025688562791e-01
1.235318958850844251e-01 1.305519844494160420e-01
1.237772610188917488e-01 1.273357853582508803e-01
1.258362118993355261e-01 1.270086747687113604e-01
1.262073771028660307e-01 1.331400803264865262e-01
1.270544596419578565e-01 1.325288112265604334e-01
1.278588079769074903e-01 1.361693681931420985e-01
1.300800256936618382e-01 1.351818919663285157e-01
1.303288036244759085e-01 1.483697711563233268e-01
1.303684091753127827e-01 1.420542017510738053e-01
1.315918525484236767e-01 1.442904958164678564e-01
1.319784391971996207e-01 1.402530826788678797e-01
1.338517980110266736e-01 1.517176730969400922e-01
1.340818764318629508e-01 1.391765906357978200e-01
1.343751077161420004e-01 1.437321351698567229e-01
1.358352957713558351e-01 1.382166705302039778e-01
1.363942824984719360e-01 1.419035199306939721e-01
1.364459975985133633e-01 1.371827666992544437e-01
1.376928234765374681e-01 1.428222858061875544e-01
1.381062402728044647e-01 1.396343406873108428e-01
1.391443640044510155e-01 1.569659633998161663e-01
1.394104261178096826e-01 1.523014551156986196e-01
1.401794405612768746e-01 1.438577846875552513e-01
1.408440337803604225e-01 1.423205509995460194e-01
1.413355449735465286e-01 1.453366559208849607e-01
1.417725501454811243e-01 1.427350618468773424e-01
1.424058013665365496e-01 1.457776426634563860e-01
1.426573858678378826e-01 1.430011241745679507e-01
1.428616576023566676e-01 1.519883723345644144e-01
1.429709667937901774e-01 1.666006739652857449e-01
1.441780190845796117e-01 1.623973993322390397e-01
1.442507965746861187e-01 1.570249852469753626e-01
1.442507965746861187e-01 1.510272314278602035e-01
1.443470886070897796e-01 1.546824095710568059e-01
1.445881902748377412e-01 1.799069987146186267e-01
1.449880340013579849e-01 1.473535508590076704e-01
1.470017656619793389e-01 1.531676106955680849e-01
1.474424901902159357e-01 1.553458990689839947e-01
1.476819160804778985e-01 1.611251394744696031e-01
1.486766484486468087e-01 1.561163091444784379e-01
1.488937272510739152e-01 1.504778206559794773e-01
1.490186954011704090e-01 1.674296607892596656e-01
1.494474510422261759e-01 1.755803751897809795e-01
1.497281268848820734e-01 1.696481923883828846e-01
1.504806583171706680e-01 1.547080874590681665e-01
1.510381102056017333e-01 1.548445861590944661e-01
1.528659692829955064e-01 1.558608317345051841e-01
1.532023995342877698e-01 1.547095606637736986e-01
1.536918729873753275e-01 1.731291593891082781e-01
1.538345272155155208e-01 1.699060741573114597e-01
1.553115345049150553e-01 1.809654549496808873e-01
1.557340156770190553e-01 1.579623646200673526e-01
1.560235242233012076e-01 1.623301130038820594e-01
1.560782650724539811e-01 1.605485595699897017e-01
1.563505971382482540e-01 1.629702893457437574e-01
1.563998041249341220e-01 1.715966263758732790e-01
1.564944151544594153e-01 1.608382038989774332e-01
1.581888266039996882e-01 1.622589388780174002e-01
1.592878818823149911e-01 1.867319170215777369e-01
1.593000504946692486e-01 1.676310280498145844e-01
1.599707053678739999e-01 1.732590916678423132e-01
1.608334260713825126e-01 1.830959845603131186e-01
1.609091544693458942e-01 1.691598986980229202e-01
1.620393727698993536e-01 1.724565630889590695e-01
1.631471987346040931e-01 1.728485857958248217e-01
1.645442126842369124e-01 1.673472295928126186e-01
1.650157745971544410e-01 1.700103813960744115e-01
1.650612897749902108e-01 1.668712877503449876e-01
1.652571340757688356e-01 1.657184104227900079e-01
1.657775328545543769e-01 1.747742881461238074e-01
1.667696971119839167e-01 1.718521029948489043e-01
1.680871724557367330e-01 1.683381022843158936e-01
1.694347435649531386e-01 1.706074527771023752e-01
1.701359774729029606e-01 1.739323390437455263e-01
1.725565111742972391e-01 1.751091767544809275e-01
1.753819466573354191e-01 2.143609183025266263e-01
1.783103231797369403e-01 1.862556851248849954e-01
1.852854542758996526e-01 1.933328794088038372e-01
1.880842190366943112e-01 1.888232211802271243e-01
2.534884311282263880e-01 2.583211377011047638e-01
