0.000000000000000000e+00 7.452777221902119609e-02
0.000000000000000000e+00 7.185437822619174242e-02
0.000000000000000000e+00 6.992520844454819251e-02
0.000000000000000000e+00 7.066628483003777050e-02
0.000000000000000000e+00 7.301663787236410685e-02
0.000000000000000000e+00 6.787836527780220786e-02
0.000000000000000000e+00 6.803799895579636103e-02
0.000000000000000000e+00 7.224908961742450286e-02
0.000000000000000000e+00 7.205795727281788521e-02
0.000000000000000000e+00 6.652946321579289446e-02
0.000000000000000000e+00 8.370236156384178172e-02
0.000000000000000000e+00 7.668636394631250797e-02
0.000000000000000000e+00 7.831755898838253793e-02
0.000000000000000000e+00 8.128369493319771710e-02
0.000000000000000000e+00 6.802076306720898635e-02
0.000000000000000000e+00 8.691237035218886409e-02
0.000000000000000000e+00 7.686451190318731308e-02
0.000000000000000000e+00 6.572679229317517080e-02
0.000000000000000000e+00 7.796922979570702905e-02
0.000000000000000000e+00 9.349740343306628398e-02
0.000000000000000000e+00 9.875213455109144167e-02
0.000000000000000000e+00 7.534313046669444125e-02
0.000000000000000000e+00 8.413359110307273847e-02
0.000000000000000000e+00 6.670297082400562794e-02
0.000000000000000000e+00 1.014479077055046446e-01
0.000000000000000000e+00 7.123170187756090732e-02
0.000000000000000000e+00 7.079205892336633277e-02
0.000000000000000000e+00 6.402535728016529870e-02
0.000000000000000000e+00 7.854836740271779749e-02
0.000000000000000000e+00 6.681574030562012489e-02
0.000000000000000000e+00 6.914982296620837687e-02
0.000000000000000000e+00 6.320297154227427772e-02
0.000000000000000000e+00 8.370199628728688945e-02
0.000000000000000000e+00 6.145607562595936657e-02
0.000000000000000000e+00 7.078601151141976355e-02
0.000000000000000000e+00 6.824271307819880505e-02
0.000000000000000000e+00 3.402561045258601508e-02
0.000000000000000000e+00 9.477485776395123962e-02
0.000000000000000000e+00 6.192552759463525874e-02
0.000000000000000000e+00 6.328917253144981936e-02
0.000000000000000000e+00 8.951963032071320880e-02
0.000000000000000000e+00 7.448485853102115861e-02
0.000000000000000000e+00 4.946506757027342022e-02
0.000000000000000000e+00 8.938953909818952992e-02
0.000000000000000000e+00 9.295740915698971762e-02
0.000000000000000000e+00 6.903576532463635840e-02
0.000000000000000000e+00 5.484860006446312664e-02
0.000000000000000000e+00 6.986972492616910779e-02
0.000000000000000000e+00 5.014061087405798783e-02
0.000000000000000000e+00 6.600681253240536783e-02
0.000000000000000000e+00 8.267569765892558709e-02
0.000000000000000000e+00 7.572768723831060922e-02
0.000000000000000000e+00 6.667543439418303908e-02
0.000000000000000000e+00 6.012009067293634657e-02
0.000000000000000000e+00 5.680376490937964068e-02
0.000000000000000000e+00 7.881517662233994415e-02
0.000000000000000000e+00 3.806596254888040820e-02
0.000000000000000000e+00 6.537842762881396208e-02
0.000000000000000000e+00 1.124182655131508550e-02
0.000000000000000000e+00 2.060421190577007081e-02
0.000000000000000000e+00 8.205268132169553363e-02
0.000000000000000000e+00 2.966710370957316434e-02
0.000000000000000000e+00 4.409353983416922085e-02
0.000000000000000000e+00 5.714143041257961630e-02
0.000000000000000000e+00 5.955247481584900748e-02
0.000000000000000000e+00 6.551492120520246987e-02
0.000000000000000000e+00 5.589816742759425028e-02
0.000000000000000000e+00 7.223690126908839659e-02
0.000000000000000000e+00 6.941843683152054689e-02
0.000000000000000000e+00 7.597457031791129967e-02
0.000000000000000000e+00 4.477866637709531500e-02
0.000000000000000000e+00 5.643521588809658623e-02
0.000000000000000000e+00 5.682321755146599318e-02
0.000000000000000000e+00 5.776732785718175639e-02
0.000000000000000000e+00 6.470182173936332715e-02
0.000000000000000000e+00 7.176112494289574317e-02
0.000000000000000000e+00 5.254322762391847729e-02
0.000000000000000000e+00 8.486555507962798006e-02
0.000000000000000000e+00 5.908051200056054636e-02
0.000000000000000000e+00 5.207488783274148714e-02
0.000000000000000000e+00 7.457241538907517786e-02
0.000000000000000000e+00 4.546776772352097151e-02
0.000000000000000000e+00 7.547985325166803316e-02
0.000000000000000000e+00 5.837284435731034116e-02
0.000000000000000000e+00 4.223067166573230696e-02
0.000000000000000000e+00 4.838949366362696458e-02
0.000000000000000000e+00 6.661536324914983653e-02
0.000000000000000000e+00 4.478617642817216832e-02
0.000000000000000000e+00 8.573429033768499574e-02
0.000000000000000000e+00 5.624452689672417710e-02
0.000000000000000000e+00 5.466030123264745133e-02
0.000000000000000000e+00 5.223228875431593088e-02
0.000000000000000000e+00 7.771296647505623878e-02
0.000000000000000000e+00 6.568439714984439237e-02
0.000000000000000000e+00 8.905737929727143565e-02
0.000000000000000000e+00 4.468235687493586628e-02
0.000000000000000000e+00 6.163370257079166942e-02
0.000000000000000000e+00 8.482234104011843190e-02
0.000000000000000000e+00 5.806069077610351292e-02
0.000000000000000000e+00 4.868563594339094663e-02
0.000000000000000000e+00 7.439252245972978461e-02
0.000000000000000000e+00 6.158966999467853365e-02
0.000000000000000000e+00 6.269672687630772900e-02
0.000000000000000000e+00 1.488402351507384265e-02
0.000000000000000000e+00 9.036557945156656335e-02
0.000000000000000000e+00 7.621417802680209574e-02
0.000000000000000000e+00 6.466399023213480202e-02
0.000000000000000000e+00 5.156102573173181741e-02
0.000000000000000000e+00 4.392792941698669962e-02
0.000000000000000000e+00 9.108353426451291923e-02
0.000000000000000000e+00 7.841353327283495656e-02
0.000000000000000000e+00 1.515430229829313469e-02
0.000000000000000000e+00 5.905305049016349589e-02
0.000000000000000000e+00 8.174387310530484285e-02
0.000000000000000000e+00 6.199921789498728797e-02
0.000000000000000000e+00 5.127044402130512962e-02
0.000000000000000000e+00 9.563778445674001039e-02
0.000000000000000000e+00 6.619950663032057869e-02
0.000000000000000000e+00 4.688399826708160995e-02
0.000000000000000000e+00 4.738151621355627535e-02
0.000000000000000000e+00 2.774488063978883950e-02
0.000000000000000000e+00 7.113101409658376117e-02
0.000000000000000000e+00 3.993488726769981595e-02
0.000000000000000000e+00 7.331209216411256613e-02
0.000000000000000000e+00 6.823738480840074727e-02
0.000000000000000000e+00 5.487257679236827446e-02
0.000000000000000000e+00 6.237954055420027316e-02
0.000000000000000000e+00 6.471780925290188113e-02
0.000000000000000000e+00 4.152409713445671946e-02
0.000000000000000000e+00 5.384088787655157138e-02
0.000000000000000000e+00 6.587531881227072506e-02
0.000000000000000000e+00 3.494492842216817552e-02
0.000000000000000000e+00 6.420591759867932957e-02
0.000000000000000000e+00 6.055721010696771267e-02
0.000000000000000000e+00 7.201931932047270224e-02
0.000000000000000000e+00 6.807268040729898273e-02
0.000000000000000000e+00 5.674755860485181796e-02
0.000000000000000000e+00 6.293128827558722160e-02
0.000000000000000000e+00 5.998489508946695109e-02
0.000000000000000000e+00 5.463688261946377661e-02
0.000000000000000000e+00 8.065284428832220076e-02
0.000000000000000000e+00 8.623147743268477772e-02
0.000000000000000000e+00 7.266580526122390360e-02
0.000000000000000000e+00 6.809801787164733444e-02
0.000000000000000000e+00 3.014619889756723833e-02
0.000000000000000000e+00 6.221005082967739214e-02
0.000000000000000000e+00 6.560859084110270967e-02
0.000000000000000000e+00 7.149947248033075575e-02
0.000000000000000000e+00 7.390128984458407824e-02
0.000000000000000000e+00 5.942713181533288563e-02
0.000000000000000000e+00 3.018369528832618234e-02
0.000000000000000000e+00 5.489938727781372430e-02
0.000000000000000000e+00 5.882916092018083964e-02
0.000000000000000000e+00 5.947660670989459580e-02
0.000000000000000000e+00 5.497367643496519490e-02
0.000000000000000000e+00 5.280968160494417529e-02
0.000000000000000000e+00 6.261927163925451456e-02
0.000000000000000000e+00 5.399889792631960145e-02
0.000000000000000000e+00 8.036334019167987175e-02
0.000000000000000000e+00 5.955728680474851183e-02
0.000000000000000000e+00 6.072845186033726944e-02
0.000000000000000000e+00 8.129814392904338716e-02
0.000000000000000000e+00 1.086871502338897927e-02
0.000000000000000000e+00 4.956562630093602068e-02
0.000000000000000000e+00 7.220106209021115440e-02
0.000000000000000000e+00 6.947973532109655292e-02
0.000000000000000000e+00 5.908230384780421840e-02
0.000000000000000000e+00 4.242092120039283459e-02
0.000000000000000000e+00 5.911982509257750207e-02
0.000000000000000000e+00 6.328073786933093026e-02
0.000000000000000000e+00 2.933587859978841958e-02
0.000000000000000000e+00 5.324749635636995271e-02
0.000000000000000000e+00 5.408003704259792960e-02
0.000000000000000000e+00 3.320942029635622073e-02
0.000000000000000000e+00 5.151147112347904261e-02
0.000000000000000000e+00 5.388175740642179440e-02
0.000000000000000000e+00 7.879777826254927287e-02
0.000000000000000000e+00 4.571884339860240315e-02
0.000000000000000000e+00 5.892246429303150262e-02
0.000000000000000000e+00 5.902791185594013362e-02
0.000000000000000000e+00 4.596211047940713945e-02
0.000000000000000000e+00 3.839777822998404616e-02
0.000000000000000000e+00 7.787486005057991933e-02
0.000000000000000000e+00 6.177916705873240377e-02
0.000000000000000000e+00 5.397806286606337406e-02
0.000000000000000000e+00 3.705131564178333614e-02
0.000000000000000000e+00 1.144884773927232896e-01
0.000000000000000000e+00 7.273865724029481006e-02
0.000000000000000000e+00 6.237096326446715105e-02
0.000000000000000000e+00 4.099644239493709791e-02
0.000000000000000000e+00 5.487232289864627660e-02
0.000000000000000000e+00 6.579774876017817353e-02
0.000000000000000000e+00 7.019043002465523429e-02
0.000000000000000000e+00 4.746763773296466815e-02
0.000000000000000000e+00 7.257284141522264698e-02
0.000000000000000000e+00 4.575781639381800575e-02
0.000000000000000000e+00 5.479165572593135136e-02
0.000000000000000000e+00 2.690197736108412493e-02
0.000000000000000000e+00 3.494971924983431705e-02
0.000000000000000000e+00 5.915566479709480352e-02
0.000000000000000000e+00 6.454116071929402731e-02
0.000000000000000000e+00 6.621572810372269857e-02
0.000000000000000000e+00 5.316355857064183899e-02
0.000000000000000000e+00 8.806711714005065195e-02
0.000000000000000000e+00 7.166473479796388324e-02
0.000000000000000000e+00 4.220914024026589662e-02
0.000000000000000000e+00 3.562789111591078972e-02
0.000000000000000000e+00 5.152330342134007340e-02
0.000000000000000000e+00 4.282337827814962361e-02
0.000000000000000000e+00 4.998370555022408485e-02
0.000000000000000000e+00 6.444891105179398338e-02
0.000000000000000000e+00 1.830013283919314920e-02
0.000000000000000000e+00 6.445595236174421483e-02
0.000000000000000000e+00 4.792408109446413128e-02
0.000000000000000000e+00 1.893686479895179478e-02
0.000000000000000000e+00 3.218225037063709992e-02
0.000000000000000000e+00 6.083902727965331825e-02
0.000000000000000000e+00 4.702524852425356283e-02
0.000000000000000000e+00 4.496489632006626241e-02
0.000000000000000000e+00 6.247186950863444638e-02
0.000000000000000000e+00 4.239822173936533961e-02
0.000000000000000000e+00 8.198247416697214407e-02
0.000000000000000000e+00 4.941037656291227820e-02
0.000000000000000000e+00 7.330979166658915802e-02
0.000000000000000000e+00 6.772545809940599959e-02
0.000000000000000000e+00 4.656270945225422786e-02
0.000000000000000000e+00 7.654832906318834174e-02
0.000000000000000000e+00 5.639003288571630551e-02
0.000000000000000000e+00 5.077179575550268970e-02
0.000000000000000000e+00 6.336994186311288579e-02
0.000000000000000000e+00 6.396329733185350530e-02
0.000000000000000000e+00 4.214618375505017195e-02
0.000000000000000000e+00 2.624394890363811531e-02
0.000000000000000000e+00 4.899530922433299046e-02
0.000000000000000000e+00 5.128783658144103058e-02
0.000000000000000000e+00 5.651954564781073304e-02
0.000000000000000000e+00 4.215348906100792326e-02
0.000000000000000000e+00 5.864717730569395104e-02
0.000000000000000000e+00 1.128554649002304761e-01
0.000000000000000000e+00 5.862808628159202340e-02
0.000000000000000000e+00 5.425426646778579165e-02
0.000000000000000000e+00 4.836076752382548194e-02
0.000000000000000000e+00 6.564092118725309288e-02
0.000000000000000000e+00 9.314808717290254392e-02
0.000000000000000000e+00 3.594154931761735228e-02
0.000000000000000000e+00 5.554687151655505334e-02
0.000000000000000000e+00 5.791435312179236961e-02
0.000000000000000000e+00 5.946305668411621531e-02
0.000000000000000000e+00 4.720290268012649476e-02
0.000000000000000000e+00 5.750862639342769339e-02
0.000000000000000000e+00 5.453095973592348572e-02
0.000000000000000000e+00 5.891193544656554704e-02
0.000000000000000000e+00 7.257520000552138140e-02
0.000000000000000000e+00 6.054873712884008968e-02
0.000000000000000000e+00 6.665155865447908168e-02
0.000000000000000000e+00 7.875509479393756618e-02
0.000000000000000000e+00 2.468800348206011061e-02
0.000000000000000000e+00 7.383551854037781470e-02
0.000000000000000000e+00 6.020929769654965319e-02
0.000000000000000000e+00 4.704321752322374733e-02
0.000000000000000000e+00 4.020597358014819933e-02
0.000000000000000000e+00 5.213439692258453606e-02
0.000000000000000000e+00 3.316136412482925677e-02
0.000000000000000000e+00 6.267765321058405004e-02
0.000000000000000000e+00 4.650213247696101393e-02
0.000000000000000000e+00 8.068455382375307183e-02
0.000000000000000000e+00 2.963808123638934575e-02
0.000000000000000000e+00 5.037500719454911235e-02
0.000000000000000000e+00 2.613688321444192220e-02
0.000000000000000000e+00 5.834024963450955975e-02
0.000000000000000000e+00 9.307136279323226236e-02
0.000000000000000000e+00 6.963246578340864801e-02
0.000000000000000000e+00 5.364337934818537434e-02
0.000000000000000000e+00 2.723612945585133366e-02
0.000000000000000000e+00 5.217619457374281927e-02
0.000000000000000000e+00 3.804584954119091811e-02
0.000000000000000000e+00 5.580488583765735172e-02
0.000000000000000000e+00 6.816512323184034661e-02
0.000000000000000000e+00 6.052308236040449679e-02
0.000000000000000000e+00 3.605346245950014072e-02
0.000000000000000000e+00 6.381035535806754699e-02
0.000000000000000000e+00 5.441754568774104239e-02
0.000000000000000000e+00 5.833825562757111866e-02
0.000000000000000000e+00 6.256383921211583488e-02
0.000000000000000000e+00 3.313438727426715191e-02
0.000000000000000000e+00 6.794751075677886443e-02
0.000000000000000000e+00 3.473779638387052698e-02
0.000000000000000000e+00 4.985473956154270331e-02
0.000000000000000000e+00 5.768956902377321561e-02
0.000000000000000000e+00 4.997170937840484523e-02
0.000000000000000000e+00 4.506032579735535365e-02
0.000000000000000000e+00 4.809829639028188192e-02
0.000000000000000000e+00 4.954549616796928568e-02
0.000000000000000000e+00 1.883487912668772510e-02
0.000000000000000000e+00 2.911880669227234764e-02
0.000000000000000000e+00 7.261118969992422234e-02
0.000000000000000000e+00 3.502007954715578159e-02
0.000000000000000000e+00 5.642860161115090256e-02
0.000000000000000000e+00 5.191986907921309485e-02
0.000000000000000000e+00 4.415849144578834484e-02
0.000000000000000000e+00 8.249068853757965392e-02
0.000000000000000000e+00 8.226766744127217423e-02
0.000000000000000000e+00 5.929990378905550946e-02
0.000000000000000000e+00 3.591516727018763400e-02
0.000000000000000000e+00 1.075617721003106070e-01
0.000000000000000000e+00 1.012084463217108599e-01
0.000000000000000000e+00 3.538549969065297313e-02
0.000000000000000000e+00 4.895780564354478004e-02
0.000000000000000000e+00 7.727404676284212182e-02
0.000000000000000000e+00 3.473026649672626698e-02
0.000000000000000000e+00 6.592010541823263570e-02
0.000000000000000000e+00 8.365967906618346217e-02
0.000000000000000000e+00 4.285818610605046652e-02
0.000000000000000000e+00 5.067025592713157722e-02
0.000000000000000000e+00 2.873952902298195639e-02
0.000000000000000000e+00 9.469201562758140789e-02
0.000000000000000000e+00 3.483243652935474194e-02
0.000000000000000000e+00 4.070036941559242866e-02
0.000000000000000000e+00 6.820137737405450318e-02
0.000000000000000000e+00 3.272681128531098466e-02
0.000000000000000000e+00 6.623229836027601236e-02
0.000000000000000000e+00 6.582361364401312365e-02
0.000000000000000000e+00 3.687113296392182521e-02
0.000000000000000000e+00 5.091010358456941887e-02
0.000000000000000000e+00 6.386590282795578943e-02
0.000000000000000000e+00 5.265751079845804039e-02
0.000000000000000000e+00 4.325759197945141382e-02
0.000000000000000000e+00 5.242836282210302373e-02
0.000000000000000000e+00 5.075010400605566019e-02
0.000000000000000000e+00 4.802983128126283446e-02
0.000000000000000000e+00 3.212530771239333754e-02
0.000000000000000000e+00 5.868412548714421750e-02
0.000000000000000000e+00 4.750405794122510711e-02
0.000000000000000000e+00 4.807059192989203422e-02
0.000000000000000000e+00 7.694291862707121343e-02
0.000000000000000000e+00 1.020560037248021967e-01
0.000000000000000000e+00 3.751215525197004741e-02
0.000000000000000000e+00 2.877359637481867460e-02
0.000000000000000000e+00 2.571216312505644752e-02
0.000000000000000000e+00 4.641834293138159123e-02
0.000000000000000000e+00 5.235367505615379224e-02
0.000000000000000000e+00 5.504068845842757796e-02
0.000000000000000000e+00 4.557075767109946413e-02
0.000000000000000000e+00 2.733116074056985562e-02
0.000000000000000000e+00 6.396552079011254277e-02
0.000000000000000000e+00 6.271635945553874492e-02
0.000000000000000000e+00 4.344616922625728350e-02
0.000000000000000000e+00 4.920376128770348467e-02
0.000000000000000000e+00 3.606817906319238765e-02
0.000000000000000000e+00 3.847271730492820424e-02
0.000000000000000000e+00 4.633704823959326757e-02
0.000000000000000000e+00 5.080500730605096160e-02
0.000000000000000000e+00 1.802239962827120040e-02
0.000000000000000000e+00 4.564426822293300018e-02
0.000000000000000000e+00 3.855336802510053035e-02
0.000000000000000000e+00 5.487571732559261284e-02
0.000000000000000000e+00 3.569164312017233248e-02
0.000000000000000000e+00 2.247494011286168755e-02
0.000000000000000000e+00 3.592667953283666671e-02
0.000000000000000000e+00 4.966507810740928425e-02
0.000000000000000000e+00 4.762185724365465556e-02
0.000000000000000000e+00 7.509776100402965060e-02
0.000000000000000000e+00 3.437380625590050892e-02
0.000000000000000000e+00 6.528947739406104622e-02
0.000000000000000000e+00 5.903581112995563707e-02
0.000000000000000000e+00 3.476568552503937759e-02
0.000000000000000000e+00 4.286222027311203248e-02
0.000000000000000000e+00 5.352486562128995484e-02
0.000000000000000000e+00 4.892480380647327987e-02
0.000000000000000000e+00 4.980742906092834599e-02
0.000000000000000000e+00 5.800185396802045451e-02
0.000000000000000000e+00 4.918089966466981239e-02
0.000000000000000000e+00 6.496584541496125409e-02
0.000000000000000000e+00 5.267571986912261695e-02
0.000000000000000000e+00 5.657089395884985078e-02
0.000000000000000000e+00 3.257233855488551877e-02
0.000000000000000000e+00 6.290888490912988074e-02
0.000000000000000000e+00 8.811182856195172441e-02
0.000000000000000000e+00 6.640510840429282580e-02
0.000000000000000000e+00 3.329714316711698124e-02
0.000000000000000000e+00 3.784815940612809571e-02
0.000000000000000000e+00 8.458008047510699734e-02
0.000000000000000000e+00 3.662225633186781681e-02
0.000000000000000000e+00 5.441861673901046692e-02
0.000000000000000000e+00 1.651579256192613199e-02
0.000000000000000000e+00 4.513951733689276768e-02
0.000000000000000000e+00 4.441698987129608089e-02
0.000000000000000000e+00 6.347930692814096609e-02
0.000000000000000000e+00 9.251360691563317862e-02
0.000000000000000000e+00 3.057809316032301244e-02
0.000000000000000000e+00 6.057827493468623259e-02
0.000000000000000000e+00 5.539501229031496693e-02
0.000000000000000000e+00 6.173453714132765696e-02
0.000000000000000000e+00 4.730115194877686918e-02
0.000000000000000000e+00 1.003143425494642388e-01
0.000000000000000000e+00 5.466130840715802824e-02
0.000000000000000000e+00 2.993108033593274916e-02
0.000000000000000000e+00 6.332801567775928064e-02
0.000000000000000000e+00 4.735613356923598638e-02
0.000000000000000000e+00 5.012527662250353122e-02
0.000000000000000000e+00 3.652965934545577414e-02
0.000000000000000000e+00 5.471774674652356979e-02
0.000000000000000000e+00 7.906840734616171762e-02
0.000000000000000000e+00 3.857404912049402362e-02
0.000000000000000000e+00 4.358337527443773701e-02
0.000000000000000000e+00 2.142080014902051147e-02
0.000000000000000000e+00 6.815490011519861890e-02
0.000000000000000000e+00 4.159013451025787844e-02
0.000000000000000000e+00 4.378187495855153516e-02
0.000000000000000000e+00 7.651636632298035312e-02
0.000000000000000000e+00 6.992977559622023942e-02
0.000000000000000000e+00 7.086043004729440653e-02
0.000000000000000000e+00 2.259184344886311022e-02
0.000000000000000000e+00 5.610837038596371701e-02
0.000000000000000000e+00 5.349709928894010730e-02
0.000000000000000000e+00 3.675803901501962373e-02
0.000000000000000000e+00 4.174909587500437447e-02
0.000000000000000000e+00 6.608465766064405833e-02
0.000000000000000000e+00 6.028721109858791588e-02
0.000000000000000000e+00 4.002062505458663100e-02
0.000000000000000000e+00 5.241805714142219741e-02
0.000000000000000000e+00 3.769767940804578943e-02
0.000000000000000000e+00 7.244536324322775611e-02
0.000000000000000000e+00 3.076243478928617284e-02
0.000000000000000000e+00 4.857426029451499677e-02
0.000000000000000000e+00 4.053757832623431506e-02
0.000000000000000000e+00 5.298413527528924444e-02
0.000000000000000000e+00 2.967563372846565226e-02
0.000000000000000000e+00 7.811506346126818878e-02
0.000000000000000000e+00 6.168817138333859695e-02
0.000000000000000000e+00 5.233299727984035143e-02
0.000000000000000000e+00 3.468723727844809368e-02
0.000000000000000000e+00 2.659431988133411501e-02
0.000000000000000000e+00 6.859450248269162442e-02
0.000000000000000000e+00 5.222823184193513268e-02
0.000000000000000000e+00 5.954492823440370869e-02
0.000000000000000000e+00 5.336394507815901689e-02
0.000000000000000000e+00 4.868288353086427933e-02
0.000000000000000000e+00 5.261081760620769238e-02
0.000000000000000000e+00 6.718923566320861296e-02
0.000000000000000000e+00 4.850745986244965613e-02
0.000000000000000000e+00 3.867606103747220359e-02
0.000000000000000000e+00 6.124191261702249117e-02
0.000000000000000000e+00 3.957000753211006167e-02
0.000000000000000000e+00 1.840568243528333328e-02
0.000000000000000000e+00 3.157134688008421397e-02
0.000000000000000000e+00 8.294867131856296927e-02
0.000000000000000000e+00 2.799237264490744836e-02
0.000000000000000000e+00 1.651139827185673162e-02
0.000000000000000000e+00 4.186496869498311513e-02
0.000000000000000000e+00 6.327366675340995172e-02
0.000000000000000000e+00 5.602630138232445739e-02
0.000000000000000000e+00 5.929373633302750107e-02
0.000000000000000000e+00 4.268642315600935239e-02
0.000000000000000000e+00 7.515794007747716998e-02
0.000000000000000000e+00 5.783782737762241388e-02
0.000000000000000000e+00 4.056610770222879997e-02
0.000000000000000000e+00 3.837157175689900196e-02
0.000000000000000000e+00 4.217024920998299620e-02
0.000000000000000000e+00 3.880168708719564097e-02
0.000000000000000000e+00 7.252526929888265805e-02
0.000000000000000000e+00 2.561412237312752499e-02
0.000000000000000000e+00 5.799237268647924187e-02
0.000000000000000000e+00 4.928756886733164089e-02
0.000000000000000000e+00 4.876401581676556574e-02
0.000000000000000000e+00 1.861165744950528736e-02
0.000000000000000000e+00 5.617515884721372560e-02
0.000000000000000000e+00 3.166753901899035939e-02
0.000000000000000000e+00 3.388400357673965885e-02
0.000000000000000000e+00 7.061924759091177395e-02
0.000000000000000000e+00 5.228077101787140246e-02
0.000000000000000000e+00 2.351384410534147415e-02
0.000000000000000000e+00 4.244848288642555367e-02
0.000000000000000000e+00 2.426984139310231145e-02
0.000000000000000000e+00 4.121216798104189449e-02
0.000000000000000000e+00 4.737733921470221182e-02
0.000000000000000000e+00 3.114055469589687569e-02
0.000000000000000000e+00 4.390553304990522238e-02
0.000000000000000000e+00 4.733196697401560044e-02
0.000000000000000000e+00 5.383345709057712342e-02
0.000000000000000000e+00 3.195334398967460826e-02
0.000000000000000000e+00 3.543509460747259338e-02
0.000000000000000000e+00 5.533347771841575641e-02
0.000000000000000000e+00 5.661517269882886116e-02
0.000000000000000000e+00 2.326559075350228406e-02
0.000000000000000000e+00 3.483954553366907375e-02
0.000000000000000000e+00 7.172391396095521843e-02
0.000000000000000000e+00 9.861290101009530240e-02
0.000000000000000000e+00 4.751761960481921260e-02
0.000000000000000000e+00 6.236102290096126599e-02
0.000000000000000000e+00 7.043112568737482093e-02
0.000000000000000000e+00 1.749655014142955864e-02
0.000000000000000000e+00 1.108149059722195531e-02
0.000000000000000000e+00 1.103551173401898927e-01
0.000000000000000000e+00 4.054580036774649981e-02
0.000000000000000000e+00 4.895721124054077528e-02
0.000000000000000000e+00 3.225257724545797788e-02
0.000000000000000000e+00 3.066867800059470614e-02
0.000000000000000000e+00 5.310157147202172051e-02
