7.580871636511313238e-02 7.628788286699340893e-02
8.771755663555620697e-02 9.217999163466825130e-02
9.113818237826051827e-02 9.204065339087645625e-02
9.319016556251660810e-02 9.851956688994133182e-02
9.368348850281882356e-02 9.869709250752285723e-02
9.428380899562484319e-02 9.559144606304595393e-02
9.876451500130167815e-02 1.038923181239681387e-01
9.915245221914503748e-02 1.040308521586820745e-01
9.928127648293459673e-02 1.014675410936723837e-01
9.990225250108702992e-02 1.087648805850094658e-01
1.002574593755917315e-01 1.008282621911453236e-01
1.010513191804959382e-01 1.026011016704895806e-01
1.015419439563291087e-01 1.021164729168736185e-01
1.069306115051250061e-01 1.069697131558814684e-01
1.084300276192249612e-01 1.154720511092110907e-01
1.085829539271078309e-01 1.159306387807332861e-01
1.105173983070687899e-01 1.153533935837244839e-01
1.131485576426785600e-01 1.179433204256812723e-01
1.138391573526411071e-01 1.212151410030977428e-01
1.141637630676627935e-01 1.151523507482617448e-01
1.159314181759162898e-01 1.179372077217507309e-01
1.163445441485868731e-01 1.267336962408374679e-01
1.192364864436208788e-01 1.265242906316703941e-01
1.195975296384614583e-01 1.221476900486663658e-01
1.196189641436290890e-01 1.314058434673506803e-01
1.198794934269190593e-01 1.210607939532381688e-01
1.219727494073704482e-01 1.236786721306257636e-01
1.226658611599551613e-01 1.255708709791263644e-01
1.248966606893324033e-01 1.359577237411193629e-01
1.260116896396961672e-01 1.281351141822903994e-01
1.264273800459436992e-01 1.313735378344858540e-01
1.269954298901563028e-01 1.310452163596481923e-01
1.273729153392619273e-01 1.524547686041824446e-01
1.273902983120090426e-01 1.303256728508938866e-01
1.275233969623815744e-01 1.339950301458765758e-01
1.278693454682329755e-01 1.339272263790445006e-01
1.286798763607294172e-01 1.483333778575195994e-01
1.296969174092685584e-01 1.302240192967916432e-01
1.299782596313454608e-01 1.412445634307312736e-01
1.303068328156569144e-01 1.445147335415503387e-01
1.316039388435461810e-01 1.366430355728562862e-01
1.318579524341441100e-01 1.337069233199980889e-01
1.319240026098831287e-01 1.390207870459391482e-01
1.321520979937119700e-01 1.342950443266616722e-01
1.328921631453569285e-01 1.424683075623581763e-01
1.332142994157654303e-01 1.422738681905171831e-01
1.333156142042025150e-01 1.407444178154145242e-01
1.336555430436149605e-01 1.380185173756624528e-01
1.336555430436149605e-01 1.402456603181841399e-01
1.345716805651904213e-01 1.379934215542916731e-01
1.350249825941628179e-01 1.355267907198843547e-01
1.355700176873680107e-01 1.375346146531478686e-01
1.360685398798128776e-01 1.384007272920829423e-01
1.362512349494635622e-01 1.589910373153791412e-01
1.365044540710894649e-01 1.469085228769987650e-01
1.365321240901322120e-01 1.532403815955131754e-01
1.367065499124728856e-01 1.393867311190167269e-01
1.370612207774373481e-01 1.462801787025234390e-01
1.371792421630496916e-01 1.375935090600448885e-01
1.372480189171101372e-01 1.508343867833542573e-01
1.374500055858434433e-01 1.420594307654358124e-01
1.383051900529052303e-01 1.485349405744551821e-01
1.387132585314365396e-01 1.516729666013133526e-01
1.389527896306169130e-01 1.534634168074463234e-01
1.390201431902419460e-01 1.398968842056410589e-01
1.399980342335093442e-01 1.537038246320111268e-01
1.406795853733206758e-01 1.550295927865740775e-01
1.410656237116540146e-01 1.422354331998904320e-01
1.417447921477308637e-01 1.453923008446917076e-01
1.430230807694029271e-01 1.447906528201008403e-01
1.434689497705341488e-01 1.785895210314960013e-01
1.436062173369461181e-01 1.500503260365222136e-01
1.440723543224112779e-01 1.517620299523340099e-01
1.442830507580059873e-01 1.870671226978484203e-01
1.445968590659537922e-01 1.463872391408176099e-01
1.449299556578894921e-01 1.459339358858438296e-01
1.461710109678200087e-01 1.588688773030537682e-01
1.467489573615423093e-01 1.722393381465213424e-01
1.472314584175767882e-01 1.631165973860313756e-01
1.476466946561184601e-01 1.509259259949315979e-01
1.490382122484026906e-01 1.538656197799375958e-01
1.494030056106272208e-01 1.501937829703161864e-01
1.499117800079733109e-01 1.641025481643826889e-01
1.519809458743042463e-01 1.573729512257774077e-01
1.520315605563648809e-01 1.560545308486387395e-01
1.520605251814329539e-01 1.605402828499837842e-01
1.529440048298410515e-01 1.641535292632572973e-01
1.531568034400651590e-01 1.570775367322296001e-01
1.531573572136412653e-01 1.559790772896104960e-01
1.534070863455079814e-01 1.824798826489665848e-01
1.534070863455079814e-01 1.595110041371623488e-01
1.562196317562615511e-01 1.612848498938000419e-01
1.571299800793093671e-01 1.602775077151208372e-01
1.602701059730723687e-01 1.645326532653893781e-01
1.609542290229620531e-01 1.655290928969073982e-01
1.609542290229620531e-01 1.640172203090721204e-01
1.610634554124400208e-01 1.660480234769894092e-01
1.612686150553580278e-01 1.693874506108037359e-01
1.624365322200063688e-01 1.629917612021569429e-01
1.627723618365256031e-01 1.687085617623276801e-01
1.627723618365256031e-01 1.630830146094227329e-01
1.660937201748064473e-01 1.681314846574403776e-01
1.705797199779068019e-01 1.737454144395925715e-01
1.744024038173186408e-01 1.867881727008208481e-01
1.752312672280970096e-01 1.802392475363441826e-01
1.753278931973313859e-01 1.815144892288224621e-01
1.773082030184766622e-01 1.934245612281741133e-01
1.867183882280047114e-01 1.944781767907948489e-01
1.909838195907678782e-01 2.030884639195727481e-01
2.114051405555971430e-01 2.190094581386273498e-01
