7.767884080029700822e-02 7.875870159971988527e-02
8.384231447632661816e-02 8.418141449278748745e-02
8.913631579594852306e-02 9.026721259987514900e-02
9.439299879832642459e-02 9.602503923215051362e-02
9.973592637912002956e-02 1.029934417650347489e-01
1.002393405257004794e-01 1.029991307050389659e-01
1.035556042221513900e-01 1.038911458255044190e-01
1.102644725999818304e-01 1.165403979504624488e-01
1.114080997765954928e-01 1.190900450130183280e-01
1.115439807489863461e-01 1.119186150462510437e-01
1.118039463068981609e-01 1.162607335667283082e-01
1.145560337787874250e-01 1.164294817512405017e-01
1.157478883146724757e-01 1.158129348751903986e-01
1.158108465183064623e-01 1.185462359015120315e-01
1.161281556753185618e-01 1.163909086359481010e-01
1.164129786009212991e-01 1.339164043362495449e-01
1.165687460024617816e-01 1.260466092282452599e-01
1.166276217052343855e-01 1.166628264264044090e-01
1.167002676854520526e-01 1.255033543573120525e-01
1.172469148577063441e-01 1.212723393184407250e-01
1.176653150719392249e-01 1.290902296168220942e-01
1.183032032726211435e-01 1.370204175207576924e-01
1.205499594600479840e-01 1.232043943415133541e-01
1.247164004014609390e-01 1.249886118057104284e-01
1.255534278032617301e-01 1.262338757170255177e-01
1.256804483038027886e-01 1.389597840914391924e-01
1.266515835121419797e-01 1.273551422320556015e-01
1.266714997025115974e-01 1.278358783042317925e-01
1.270412769495118666e-01 1.768231337744420595e-01
1.283580222298976725e-01 1.339612045486377190e-01
1.292685274295674869e-01 1.394232695816249312e-01
1.316403156013036257e-01 1.501438729346493417e-01
1.316493642760633020e-01 1.512528056405970656e-01
1.316818391722007209e-01 1.471375599013505231e-01
1.344517888392015303e-01 1.390942397889416149e-01
1.355710777440791437e-01 1.451968897564472616e-01
1.356018350747945633e-01 1.387327003124368408e-01
1.358109292024168302e-01 1.364676447194197173e-01
1.376960164417029009e-01 1.557514879815476150e-01
1.387929657360547353e-01 1.559065634098408537e-01
1.425168748861815882e-01 1.842453863206813258e-01
1.431407460443110680e-01 1.453021642059535434e-01
1.439571210485364183e-01 1.451211069681564436e-01
1.440341697095813556e-01 1.450755446215817035e-01
1.456419504990137948e-01 1.475161439458818613e-01
1.480945920505052915e-01 1.684360578937093844e-01
1.482690952924313466e-01 1.502412751546393366e-01
1.498583131451659833e-01 1.548457270050572487e-01
1.501405817191431846e-01 1.535935411399896033e-01
1.506278878931777143e-01 1.839489044449748312e-01
1.516828476128519454e-01 1.639061776154215611e-01
1.525098715663810167e-01 1.586274383355125162e-01
1.531532587896881903e-01 1.574941285666273671e-01
1.540887207255157709e-01 1.635553355825211941e-01
1.557494544095660849e-01 1.613853376133448092e-01
1.558606358871287012e-01 1.570202567961593021e-01
1.586000637090983489e-01 1.628422100260160654e-01
1.590823285110100627e-01 1.667124201156183205e-01
1.614120385334492369e-01 2.030114988829536671e-01
1.615159416664347924e-01 1.651766744739790738e-01
1.616637183454553983e-01 1.735681528713616251e-01
1.616669875552797508e-01 1.709043138307919929e-01
1.617524890848380525e-01 1.737048886707017736e-01
1.632911799207934778e-01 1.675403860830819436e-01
1.634533031155923632e-01 1.715148181278152995e-01
1.640469309454654356e-01 1.657345082329354513e-01
1.646900002705531940e-01 1.654969293469699121e-01
1.670730917461460685e-01 1.693527801448400649e-01
1.679513597582281414e-01 1.767013752115976499e-01
1.681367631252587147e-01 1.788393299775128398e-01
1.686101925534572998e-01 1.789432580720846100e-01
1.710503569972032789e-01 1.787198869816852831e-01
1.743973529400011935e-01 1.746437994320237108e-01
1.744391677157505482e-01 1.896119914338987023e-01
1.784218337645930297e-01 1.812359160216178988e-01
1.843179725859215023e-01 2.008695179724949154e-01
2.038655905249068812e-01 2.105958424912153237e-01
2.241630548046074645e-01 2.298368867874983901e-01
2.739309061177973015e-01 2.877287351930981063e-01
