4.683535333452511218e-02 5.419049641363598430e-02
5.485068438112705724e-02 5.771214884213337476e-02
5.655699228508845322e-02 6.169160796171983818e-02
5.734431329926685528e-02 5.865831928433577064e-02
5.778501314194284949e-02 6.298778423647537206e-02
5.932804539905168345e-02 6.804385870434126460e-02
5.983730781155729983e-02 6.034217038222026985e-02
6.110769513321614999e-02 8.649083949536644222e-02
6.120368848939600204e-02 6.493015695524173569e-02
6.140363034982369156e-02 9.024198421369651613e-02
6.158235206618499491e-02 6.316951366872487761e-02
6.223043134060449177e-02 8.680832497402704573e-02
6.300865964866905755e-02 8.023345163787876100e-02
6.357270306289475315e-02 6.801646538887334836e-02
6.438507608610860578e-02 8.168378302138794289e-02
6.446246514676200190e-02 6.534000329060804524e-02
6.592454161546106028e-02 6.796886861934506308e-02
6.660151745542262913e-02 7.813298627916159811e-02
6.757600318718973154e-02 7.325539268467871901e-02
6.767636378387409390e-02 8.939784173906252518e-02
6.785579352028478506e-02 7.899566284913520087e-02
6.819951657583848970e-02 7.220524029931059407e-02
6.865950797366233982e-02 8.415584594644100191e-02
6.887126774946372709e-02 7.876634418495151446e-02
6.890043367602184665e-02 7.219218357850409884e-02
7.003318514942985518e-02 8.453736898363416186e-02
7.019842502855216937e-02 8.477236626794566743e-02
7.041051129706941969e-02 7.230021267402997331e-02
7.089482749452065413e-02 7.927032153832147543e-02
7.135170106206131790e-02 9.773682636749274344e-02
7.203304164237227247e-02 1.125052615491132779e-01
7.236624076290637531e-02 7.665026665678303930e-02
7.238071809473417551e-02 7.299968881703922108e-02
7.250476564396210466e-02 7.487876980870568355e-02
7.256773341358208063e-02 1.021903390328553901e-01
7.290187498735108129e-02 7.489245642693535820e-02
7.320947287812838711e-02 1.418863054666803236e-01
7.337682620594836169e-02 1.219098873160018442e-01
7.478949303531183534e-02 1.218973341543314604e-01
7.533266038150952804e-02 9.010813087334350324e-02
7.544855118574185504e-02 8.331923311636885154e-02
7.594097061953790362e-02 7.767754950006611203e-02
7.598020229446290907e-02 7.647966425077715180e-02
7.634740157550840012e-02 9.439967150205472168e-02
7.660803999922941032e-02 1.165028123600667237e-01
7.668622218607905328e-02 1.076316294121607148e-01
7.685605679368548437e-02 8.949970564504054760e-02
7.707510530045413866e-02 9.899847009606269066e-02
7.722826818157531303e-02 8.415236048353594289e-02
7.723545365331933865e-02 8.442452647839532309e-02
7.789422376792487501e-02 1.201245669002305033e-01
7.801026709952747773e-02 8.242788626936599361e-02
7.817391658323193104e-02 1.080698780307274148e-01
7.820277753473955928e-02 8.987164077721120081e-02
7.855735799287680288e-02 8.037784119222599055e-02
7.883472110901841579e-02 9.594509157464009563e-02
7.902119624144640642e-02 1.049058677347262936e-01
7.907575611723687004e-02 1.049540978381434536e-01
7.921309416799077185e-02 1.339387160685372447e-01
7.940456962614773906e-02 9.250197430225975959e-02
7.950416627011443194e-02 8.467661776765554593e-02
7.952691414109942791e-02 1.012096177241778722e-01
7.962350393521865077e-02 1.104786645818576218e-01
7.966951147744488759e-02 9.458481326472573114e-02
7.971993089236312224e-02 8.714100220355418258e-02
8.039540143146463314e-02 8.690413896199578048e-02
8.073617377731794054e-02 1.097747949064771800e-01
8.078150607661145621e-02 8.945276225488070498e-02
8.080598123516166686e-02 1.065033973526439692e-01
8.095780947755074064e-02 9.843710533032512533e-02
8.117251711783476931e-02 8.378600489306810284e-02
8.117709429391199716e-02 1.000408923599423738e-01
8.147156641616959405e-02 9.664559412702267149e-02
8.163820521497100469e-02 1.285047918691549218e-01
8.185795491967429172e-02 9.948182119829079850e-02
8.225657753129421434e-02 1.133492703827802262e-01
8.236826455629807364e-02 1.182027096079838469e-01
8.257441899100825822e-02 1.020608262641749253e-01
8.268205114734750172e-02 8.908939758820021149e-02
8.269299155603697382e-02 9.777740392654660218e-02
8.368749523574646465e-02 9.527984590233122553e-02
8.412506475072062395e-02 9.481626107597784792e-02
8.430308832944877206e-02 1.178638959206130127e-01
8.452148466289088891e-02 9.465141344990572747e-02
8.457748430319560196e-02 8.747742548110992722e-02
8.544396084337954611e-02 1.029633587979857379e-01
8.551514922653026540e-02 1.178532625911806464e-01
8.609575680198586212e-02 1.111937832334709553e-01
8.640296292278606960e-02 9.176595230137257753e-02
8.651915947779893756e-02 9.662242301482761031e-02
8.670225770735125181e-02 8.829116215941806844e-02
8.670817966724535253e-02 8.674435675620492670e-02
8.672181419974388239e-02 1.071664534675682567e-01
8.700124186979277252e-02 9.875545183039444175e-02
8.703870497698977526e-02 8.772151345993761673e-02
8.802732012239417037e-02 9.105523403229125179e-02
8.819471888341237631e-02 1.085643632031356720e-01
8.824839780595737648e-02 9.380032712277443230e-02
8.841055730161911930e-02 1.032128869190397230e-01
8.844940152846540726e-02 1.268219853274354658e-01
8.867542593786258143e-02 8.929944662034773606e-02
8.887233263907756697e-02 1.232202177533474746e-01
8.902535484352475104e-02 1.219098873160018442e-01
8.913879749305729516e-02 1.053934426777282524e-01
8.949054345822145262e-02 9.108470016631707578e-02
8.959957902416589015e-02 1.281560254925609987e-01
8.975516154143020620e-02 1.022187340310931891e-01
9.091556333101125098e-02 9.979089845391794777e-02
9.104831603568604159e-02 9.260914802311547012e-02
9.132701428346870487e-02 9.168169166143964877e-02
9.153228559317401480e-02 9.208008564507683125e-02
9.164411745854583735e-02 9.897652526013198115e-02
9.189278297159617082e-02 9.200643731802179981e-02
9.205107127143059842e-02 1.358724720053818835e-01
9.220182364891983673e-02 9.809642858503982155e-02
9.261469868486484069e-02 9.597133048270714561e-02
9.265342978269117125e-02 1.267016257847301819e-01
9.338647322080953495e-02 1.032802235578689637e-01
9.352535327631915363e-02 1.051291017290054142e-01
9.379599604114813305e-02 9.670688242144058477e-02
9.386677127485830441e-02 1.121182183995302062e-01
9.406323232718846739e-02 1.222910592839243776e-01
9.434403400652964511e-02 9.709443539286019553e-02
9.442233648783737721e-02 1.012222812964549135e-01
9.447147166276759211e-02 1.020131685270099509e-01
9.542186879986011561e-02 1.450453866669649261e-01
9.551806494713754869e-02 1.144342734256811600e-01
9.566546794765642958e-02 9.573030932803482107e-02
9.571914882996720997e-02 1.140639567132568366e-01
9.577796518298897777e-02 1.136170719676021929e-01
9.595001851631958234e-02 1.441917887248752306e-01
9.598620871134898314e-02 9.905806618715502776e-02
9.623320120400939703e-02 1.165554126233164789e-01
9.648189144151020358e-02 1.212318387800317143e-01
9.661717543779169137e-02 9.666236565488638133e-02
9.678586319797717608e-02 1.200201700727724502e-01
9.690615392920526316e-02 1.601290615213321611e-01
9.710490061904915315e-02 1.031788606620888810e-01
9.727014926255098115e-02 1.077388505328513574e-01
9.727341048613988295e-02 1.224822711793434743e-01
9.727417087378159577e-02 1.012371210153607676e-01
9.769461407047025370e-02 1.111167925798874773e-01
9.782940085761514248e-02 1.045925215374659129e-01
9.787347920687905489e-02 1.036603304100767037e-01
9.787542805065990725e-02 9.868046094121780965e-02
9.796577154561461609e-02 1.119369156098220242e-01
9.858337655476444306e-02 1.234502846779328977e-01
9.942648758485560234e-02 1.001382574530902125e-01
9.965695741166379074e-02 1.043635510448918530e-01
9.979623889331498687e-02 1.345557525701444046e-01
1.004742305510164524e-01 1.107271955184763179e-01
1.005148810467458437e-01 1.070942394135670495e-01
1.011885033467180006e-01 1.344600689550382033e-01
1.014032335515206579e-01 1.341516568565387368e-01
1.014800535839697065e-01 1.246242625223983325e-01
1.017262251285908498e-01 1.081707992297355203e-01
1.026774676645684919e-01 1.205409647864299771e-01
1.028490789214085710e-01 1.234274498837277939e-01
1.030355635581716861e-01 1.225920672218556717e-01
1.032170655881191057e-01 1.383910507377246191e-01
1.032774423534675717e-01 1.192398234293797765e-01
1.035831325570741174e-01 1.540887207255157709e-01
1.036646353765351830e-01 1.059545462147910150e-01
1.038097602848011003e-01 1.291130140151875993e-01
1.042637274504462641e-01 1.137191750941667773e-01
1.042904892214862878e-01 1.133823875023941274e-01
1.044934576328531428e-01 1.051507069428837537e-01
1.047913684414066571e-01 1.070378903055974884e-01
1.054337123341779481e-01 1.070921796495256512e-01
1.055279653273080570e-01 1.250402327480434894e-01
1.061469933207896815e-01 1.127234289342831930e-01
1.066808386976374201e-01 1.582331476772176615e-01
1.067131753404657185e-01 1.204612493188863681e-01
1.067780806515533504e-01 1.078567038640218800e-01
1.068748328689934496e-01 1.122705834374178868e-01
1.073681255409613955e-01 1.156250153210032078e-01
1.077462193574089677e-01 1.156342008826021506e-01
1.082386534026159169e-01 1.126224807667385586e-01
1.086633739569578261e-01 1.110049463335857911e-01
1.110465989591490205e-01 1.114660546864906510e-01
1.111895918452824039e-01 1.341701539270586663e-01
1.118057356807911490e-01 1.432456517086093395e-01
1.118140967334544100e-01 1.165687460024617816e-01
1.119607522479521139e-01 1.121684737815730748e-01
1.119644312012157972e-01 1.277581542043919050e-01
1.120417048748697519e-01 1.192982463380800884e-01
1.130092936927718922e-01 1.287065844779264334e-01
1.130446016844547791e-01 1.437790954859160253e-01
1.131012438049447538e-01 1.258895710901396237e-01
1.131483687038384034e-01 1.150615173240203126e-01
1.131957111604173782e-01 1.323014794756489920e-01
1.136585460643888268e-01 1.141197173292148315e-01
1.154952185456744607e-01 1.231858036354204072e-01
1.158896244430308170e-01 1.209732511586391474e-01
1.162267893166273741e-01 1.186439367135349032e-01
1.170093842451276483e-01 1.211112301590328844e-01
1.174165258776692367e-01 1.200201700727724502e-01
1.178058106935084975e-01 1.411417440054340833e-01
1.183540311359405489e-01 1.212903516400125753e-01
1.189169917872656135e-01 1.214065368662972100e-01
1.193326068276600316e-01 1.373394029079878786e-01
1.196270338134938910e-01 1.369198235490672877e-01
1.205484826881547955e-01 1.393620222042283863e-01
1.207700486387732475e-01 1.360975018628946542e-01
1.211116598674503303e-01 1.225912820321762575e-01
1.220387047703287153e-01 1.321018095045823071e-01
1.245204431187267174e-01 1.374280653647166617e-01
1.246421868912934439e-01 1.441446055802323711e-01
1.261467590760257107e-01 1.529631026404658645e-01
1.263781504286586310e-01 1.440341697095813556e-01
1.267283314568043440e-01 1.288535349430187660e-01
1.270552145465531912e-01 1.323262232792366544e-01
1.270669025308022448e-01 1.285106936107444642e-01
1.273644785808712432e-01 1.347904106125369372e-01
1.280578964205280612e-01 1.328586083486031078e-01
1.302712829105369952e-01 1.435325325890509096e-01
1.303910410249420337e-01 1.369650423306670861e-01
1.325507739989049971e-01 1.331287671462548505e-01
1.339181758722348126e-01 1.352798497025385349e-01
1.363929424406270796e-01 1.584605466047080136e-01
1.364967709307565447e-01 1.408010304970279403e-01
1.370937630373393334e-01 1.546232354651059793e-01
1.375018525256725410e-01 1.379319731099512558e-01
1.375159474172679142e-01 1.420311588802509184e-01
1.397646718444938985e-01 1.425833549959151791e-01
1.439178581047229899e-01 1.535759451325063585e-01
1.461886365678264910e-01 1.638320718594019898e-01
1.976973389736788322e-01 2.020592731329322045e-01
