7.978030138816091799e-02 8.508075474631214552e-02
9.427016622377799859e-02 9.706983694661361350e-02
9.440526673144583603e-02 9.659805937144064214e-02
9.501562159880064251e-02 1.011909086712712152e-01
9.601182984469476545e-02 9.620119760577379442e-02
9.606206241764801701e-02 9.910182953373197767e-02
9.964228072788729185e-02 1.043352820479097193e-01
1.005311543167635852e-01 1.015754807198817888e-01
1.008071989773397653e-01 1.062032494159936141e-01
1.027867551890473546e-01 1.055969483301700818e-01
1.041995251952346768e-01 1.057781326024429952e-01
1.052192068171343975e-01 1.055167764351349069e-01
1.065207911026791743e-01 1.065779824465228481e-01
1.071050054997439438e-01 1.108180483453323623e-01
1.095127498746553685e-01 1.124249538990746283e-01
1.108155794577816294e-01 1.113800357297629884e-01
1.116941268200725423e-01 1.201305496521554023e-01
1.118917021198647943e-01 1.194511034635708235e-01
1.122565235112773785e-01 1.394962970633866206e-01
1.122565235112773785e-01 1.180314677551470431e-01
1.130622302125661449e-01 1.254672397742184198e-01
1.139313316232217765e-01 1.195348760492348089e-01
1.162700763326178360e-01 1.308209644801781590e-01
1.169373123343056264e-01 1.294650814146090512e-01
1.181293122224713471e-01 1.216192653006242380e-01
1.192385136752903557e-01 1.195430671788292598e-01
1.194267985560076295e-01 1.241532359809489200e-01
1.221234894492419648e-01 1.327244605138009625e-01
1.223382506734656122e-01 1.242362307609103933e-01
1.223965919827690041e-01 1.246469540137703919e-01
1.234343939453450695e-01 1.256109162327649909e-01
1.263793414713345886e-01 1.327763975313867861e-01
1.268729155044812651e-01 1.271147744899908394e-01
1.272130913678355402e-01 1.312112386330101244e-01
1.272552708669649757e-01 1.407408104074882593e-01
1.272883186933184141e-01 1.319325595823864217e-01
1.280945738566721670e-01 1.312947691633565561e-01
1.295483926583702039e-01 1.305679654590750083e-01
1.297540872604199536e-01 1.303135688218872712e-01
1.306155853102327347e-01 1.396578291559502083e-01
1.314918228693959246e-01 1.387652085545155733e-01
1.316779718616800654e-01 1.321288445814177148e-01
1.317759724914301378e-01 1.341849817986536519e-01
1.319367348092234660e-01 1.418231712577546766e-01
1.321533789308281248e-01 1.393236075558785259e-01
1.326980322615226304e-01 1.360499439125474053e-01
1.335159947675840508e-01 1.340396070980474086e-01
1.336221569201036796e-01 1.383938155109573909e-01
1.339983607241949093e-01 1.414701430750762712e-01
1.340595654410779158e-01 1.377543642690020886e-01
1.342449267363287346e-01 1.619599719682555394e-01
1.358052097180167672e-01 1.369350365157394056e-01
1.365851154415278768e-01 1.462586222422452564e-01
1.368212086749951151e-01 1.666581903351225524e-01
1.371540727465977438e-01 1.553259085498429615e-01
1.383324750743774312e-01 1.387218780565988574e-01
1.392215768949414678e-01 1.414836144429906239e-01
1.396027410800821933e-01 1.701146976852599690e-01
1.409529303141368317e-01 1.415894248667284028e-01
1.409697237454326790e-01 1.417324198282944869e-01
1.411984406108862389e-01 1.630863753079894729e-01
1.416112629213006069e-01 1.485406497382301405e-01
1.417673903273392044e-01 1.539908420091989638e-01
1.423169843927842293e-01 1.441114934512680301e-01
1.426653049752123481e-01 1.477254438780161439e-01
1.426838898145948720e-01 1.565695950542001502e-01
1.443746950745209701e-01 1.473442268909267716e-01
1.453806213881099485e-01 1.479594282733032173e-01
1.466023486134850062e-01 1.479948799937417236e-01
1.469617444401965234e-01 1.562722380113316656e-01
1.482592267967074440e-01 1.627445446631432258e-01
1.488570755823845071e-01 1.828472673308361718e-01
1.494965936163233922e-01 1.721941293930576988e-01
1.495594177897807409e-01 1.540388713993515180e-01
1.508108423477190485e-01 1.627795464570073458e-01
1.511299472679669964e-01 1.537708732240544440e-01
1.521377545655555608e-01 1.638776450891082648e-01
1.537848105211389871e-01 1.704794404589274892e-01
1.542051237989600088e-01 1.645904081486721515e-01
1.548932837620431990e-01 1.552920592192325311e-01
1.558245647871061568e-01 1.626785819620356621e-01
1.564414744187021533e-01 1.740134364518572951e-01
1.583161692774136542e-01 1.588152761510946698e-01
1.608246640853446818e-01 1.623619789845489880e-01
1.617876668431499076e-01 1.698376768160530237e-01
1.647776568835080946e-01 2.086524457340380168e-01
1.656320137458867359e-01 1.658274078968856868e-01
1.667467783540260706e-01 1.925737683633360897e-01
1.669144472248449418e-01 1.770073623824711673e-01
1.676396272540477128e-01 1.679709530565678954e-01
1.682178664854778738e-01 1.723150528738411069e-01
1.684425715287170555e-01 1.695362929100762139e-01
1.695984522640254233e-01 1.704529484444181064e-01
1.714412326378665641e-01 1.890541784088519139e-01
1.726455450945353631e-01 1.808904857248915254e-01
1.756448787869216988e-01 1.793012179481977830e-01
1.819701469515717651e-01 2.037333366040403049e-01
1.828624723327854917e-01 1.961904579063666609e-01
1.831857223188750050e-01 1.857879218517172193e-01
1.842109223847741839e-01 1.860468697582465802e-01
1.851604617633235972e-01 2.085976043454920159e-01
1.868025392874853863e-01 1.881333142787490198e-01
1.895264244651960750e-01 1.989294244893999863e-01
1.908852139966030759e-01 1.914675958854984428e-01
1.929129502036082133e-01 2.013971907547228157e-01
2.025183572502674278e-01 2.092845518432812080e-01
2.053584824011789045e-01 2.056120810945448185e-01
2.077729556101786113e-01 2.084807202493176859e-01
2.131478044499846014e-01 2.177391306504560531e-01
2.244158398696876888e-01 2.249617082885939645e-01
2.296797697410359329e-01 2.338776087441656326e-01
3.431505492160416004e-01 3.534111041898452821e-01
