2.554977469405160084e-03 2.765163928112211820e-03
2.809054467607870025e-03 3.403685593552880501e-03
2.927648377221364097e-03 2.963736877807815386e-03
3.958237514545004561e-03 4.076021322292976146e-03
3.964911023878997520e-03 4.034626096413294373e-03
4.326637440379662788e-03 4.862887948787779878e-03
4.525030125269900554e-03 4.587996720463535620e-03
4.741839573590917248e-03 5.291853210067458228e-03
4.804782871544945218e-03 5.866747198247753564e-03
4.859981742602700015e-03 5.777948556530750936e-03
4.979731470426118460e-03 5.617398781172334293e-03
5.036512161346347674e-03 5.081870118283923939e-03
5.233563086001170699e-03 5.512733937781596864e-03
5.389273597182332211e-03 5.640600631187627292e-03
6.011282527391110554e-03 6.022644584265580969e-03
6.049537324372338681e-03 7.985424050737353202e-03
6.099716635154097538e-03 7.646366910309189933e-03
6.110919489436473367e-03 6.646916472310491174e-03
6.339636736018611565e-03 6.404772600025305032e-03
6.351435090404184032e-03 6.525868422476524891e-03
6.391061454359607194e-03 6.642625025943208611e-03
6.614453484881223887e-03 6.735282048481372984e-03
6.765206434873763906e-03 7.200437763229598949e-03
6.853824027823716969e-03 8.020114179724466275e-03
7.000482667220898902e-03 9.018901908986298732e-03
7.188846082837071876e-03 7.630028211042792254e-03
7.229873212404013157e-03 8.423147804527826923e-03
7.401458840610363084e-03 8.484704732856715448e-03
7.516886071176194679e-03 8.380560246527115134e-03
7.536611146291747297e-03 8.320868422367616937e-03
7.588900953484811057e-03 7.823245156415418317e-03
7.643175465976805201e-03 7.953078231714413859e-03
8.013921074835719457e-03 8.276421703509437289e-03
8.183801323266423275e-03 8.657632737186612276e-03
8.224505012824168820e-03 9.005514189494735061e-03
8.831731215948790750e-03 1.282140661663441761e-02
8.909480812510441744e-03 1.212828790858423711e-02
8.912257424560305133e-03 9.300925575070173590e-03
9.020752139022031671e-03 1.019138807590381536e-02
9.145243902675735323e-03 1.207849258124355299e-02
9.177778477067410901e-03 9.666775075108437545e-03
9.371523900296050910e-03 1.007525134650078848e-02
9.378017401884920085e-03 1.246918832551165666e-02
9.440790346925569121e-03 1.013291350809126037e-02
9.502401275464337702e-03 1.064681116475910648e-02
9.567035249398624791e-03 1.000930333727464809e-02
9.573786668654913484e-03 1.378933976986621880e-02
9.574371932327539747e-03 1.207849258124355299e-02
9.808533858503738073e-03 9.996008788880796428e-03
9.944201196313760122e-03 1.195552219709361194e-02
9.989183845868493741e-03 1.008682893490546635e-02
1.018331383651089987e-02 1.094138720804270319e-02
1.037542550479115221e-02 1.129677711129425943e-02
1.045665044928543487e-02 1.312595425809140112e-02
1.050750100250988535e-02 1.209197105675078460e-02
1.054738846668552485e-02 1.097857190706881883e-02
1.059965352089387546e-02 1.166514612132505020e-02
1.070887699634305926e-02 1.117275406570258228e-02
1.075749476733864514e-02 1.237376140475904100e-02
1.078867389491933344e-02 1.353578723892814514e-02
1.082052639747115193e-02 1.270431875789695443e-02
1.082180370539362856e-02 1.619850144230014152e-02
1.111252671732368240e-02 1.194905171862488923e-02
1.115220112727628200e-02 1.308727978280645882e-02
1.118703632946923925e-02 1.123440712228079494e-02
1.119867641388423707e-02 1.287410694822291833e-02
1.125843154292764832e-02 1.172037729163904682e-02
1.126983689903498717e-02 1.293840740853826644e-02
1.137648873704621977e-02 1.353710353400102567e-02
1.142611374938027301e-02 1.186351881778031220e-02
1.147427244592886565e-02 1.355990040132664352e-02
1.149229338988483166e-02 1.168509389595239444e-02
1.153630911810275654e-02 1.302458862827943729e-02
1.161689554272436233e-02 1.290783360438792042e-02
1.164121630515047197e-02 1.195407006946432732e-02
1.165005006271734554e-02 1.189040913641819554e-02
1.174008560696047573e-02 1.196483883055912516e-02
1.186756288154716676e-02 1.459958618615796871e-02
1.188014714777268534e-02 1.333819966811481197e-02
1.198262991364636848e-02 1.451327779531218221e-02
1.199793405754865337e-02 1.489354145223290016e-02
1.205274226880753870e-02 1.289662970704214505e-02
1.222754685378074288e-02 1.295612142037465449e-02
1.228370922232291731e-02 1.413472443911474065e-02
1.229919094229179645e-02 1.321915838807276311e-02
1.237639983429686744e-02 1.477803736103303241e-02
1.253662228566993810e-02 1.270421724346534713e-02
1.260517667442675668e-02 1.273523345821104234e-02
1.265114889484958774e-02 1.413724128412692689e-02
1.272640321651606447e-02 1.502944174875471724e-02
1.286034156102587589e-02 1.625155619281534389e-02
1.290228753086827135e-02 1.413862885671562236e-02
1.303715952298090813e-02 1.375689010416695883e-02
1.320709047816935773e-02 1.584499746592362562e-02
1.329282824051056418e-02 1.365125019652222577e-02
1.333148212864110511e-02 1.494073559598037282e-02
1.375421885911579621e-02 1.380287146905830389e-02
1.381613022827630176e-02 1.537336521387318820e-02
1.381865657485114099e-02 1.535394881457813852e-02
1.390033394597366308e-02 1.720884425986480767e-02
1.424530521643095279e-02 1.573884256176532118e-02
1.433865431152382165e-02 1.513678811630702996e-02
1.438408366279527589e-02 1.662470646040195565e-02
1.449293307982172860e-02 1.474043048338430188e-02
1.461366998377331555e-02 1.902733692818036129e-02
1.462101708323397704e-02 1.491730217794090887e-02
1.462945272622534487e-02 1.671187047382742194e-02
1.471526962407327353e-02 1.549514429994409796e-02
1.506995958800819158e-02 1.518601183720107682e-02
1.522732440673260634e-02 1.913983700596036050e-02
1.524234534652951778e-02 1.812370018738271998e-02
1.543435255957306858e-02 1.598798636894467259e-02
1.544564971974303480e-02 1.830547855953964381e-02
1.547434603729072253e-02 2.021864397585626180e-02
1.551507204416789805e-02 2.078600935060446672e-02
1.555271155417703617e-02 2.021421605276084096e-02
1.557679661822457089e-02 1.709152470628557893e-02
1.558802902394755552e-02 1.799982462455537724e-02
1.568363402583899599e-02 1.821866035955040444e-02
1.572722860260200931e-02 1.649585821736793828e-02
1.588331608335353737e-02 2.122223141483764799e-02
1.599585339725803287e-02 1.805485273574307381e-02
1.601265073509279199e-02 1.723812935700087465e-02
1.606192229552495451e-02 1.883328346206004922e-02
1.607619807683646762e-02 1.643400228355704554e-02
1.631006207970400745e-02 1.880066461833809072e-02
1.633621444166407852e-02 1.640288850178747357e-02
1.638646275903885008e-02 1.746050685663280005e-02
1.645960338705574483e-02 2.264968618020872862e-02
1.650228189475988136e-02 2.188100158948108609e-02
1.668969292569426333e-02 1.689800006353696371e-02
1.683237638277988030e-02 1.831245195757727484e-02
1.685784207434481638e-02 1.825858367700668172e-02
1.692239637498529556e-02 1.839089554444729713e-02
1.693062424766953941e-02 1.702147457415570386e-02
1.693440345788703449e-02 2.652185171947490927e-02
1.700285237445086847e-02 1.723767438664950552e-02
1.701906457459346003e-02 1.723169958525062884e-02
1.715593317018184946e-02 2.156160280249557609e-02
1.720515143591319629e-02 1.738132945177802910e-02
1.731830360937873861e-02 2.261068114121212239e-02
1.735992561597089062e-02 2.134692421976442864e-02
1.737310542708291050e-02 1.778480718863089186e-02
1.748481002393695652e-02 1.791912288985433518e-02
1.750279065669611486e-02 1.866172254727196944e-02
1.752770413245601996e-02 1.786669451731693822e-02
1.791975838971947288e-02 1.813811478936070906e-02
1.806269973834130280e-02 2.185126794525392435e-02
1.815813137130948760e-02 2.000274638199326868e-02
1.819580865633242672e-02 2.242410393949110722e-02
1.825405768569078949e-02 1.837703551051672254e-02
1.838727420901997006e-02 1.929095863057201168e-02
1.840710612853380460e-02 1.995916001082536501e-02
1.841107381072475124e-02 2.275036415001893339e-02
1.878719558781639931e-02 2.396714095981506906e-02
1.939558417139848265e-02 2.423326314713289062e-02
1.949766545190941350e-02 2.838576087532414596e-02
1.965521194999799229e-02 2.224395070520787665e-02
1.978307271633716891e-02 2.663603094656514375e-02
1.984048353843068102e-02 2.169983094780695773e-02
1.998739493026031183e-02 2.008227509332178792e-02
2.013167399466268825e-02 2.101248296805794183e-02
2.067155757219669987e-02 2.417198334652383498e-02
2.162661048331055921e-02 2.392939546623059840e-02
2.178144694495557851e-02 2.670018026084604659e-02
2.207306534173346033e-02 2.355192527055503804e-02
2.221059416073389164e-02 2.350537368528551885e-02
2.232046214823849364e-02 2.285583205619795208e-02
2.260165743017553130e-02 2.342860582295955285e-02
2.284130061638952464e-02 2.463169173143521518e-02
2.292480728554986691e-02 2.409643501574561947e-02
2.480407031280932109e-02 2.543904804746729628e-02
2.662861313336152211e-02 2.759119174754912432e-02
2.679482981279249221e-02 2.706827651790715689e-02
2.778466516150976742e-02 3.051612003934391082e-02
