1.151392751258489009e-03 1.306259254866323945e-03
1.160069106717160183e-03 1.385794801482390527e-03
1.888513921575632947e-03 2.206094987596541462e-03
2.049284327427867113e-03 2.662117722480358828e-03
2.361418132685122549e-03 2.651303168584683359e-03
2.613107251997202115e-03 2.930329053823626292e-03
2.835892141085376902e-03 2.855330196707753492e-03
3.140270751385708988e-03 3.438526861561389848e-03
3.176676003232075003e-03 3.346889102888400951e-03
3.743435571105248414e-03 4.403904388386220906e-03
4.142202699621720142e-03 4.545477073253670515e-03
4.340831675931137307e-03 4.536568726521826578e-03
4.455716589918700017e-03 4.593411938673500408e-03
4.500238034744210268e-03 5.372663800644157488e-03
4.601442857836770227e-03 5.083407894834877060e-03
4.822197804210481484e-03 5.090372756075224256e-03
5.223314959194264549e-03 6.903106831509771626e-03
5.228169960526254413e-03 5.430443166230813912e-03
5.349039351087696986e-03 6.256351482692137402e-03
5.435964392249608389e-03 5.997027755246687498e-03
5.473097714236488213e-03 5.857333278434399826e-03
5.519298229164679159e-03 5.760423006486333798e-03
5.548624878100301069e-03 6.108418673892251037e-03
5.627346684870012349e-03 6.586883599544647409e-03
5.690043497193251511e-03 7.347372712734686825e-03
5.729316081842451142e-03 6.816441130199629196e-03
5.821438260888277955e-03 6.416190254509429591e-03
5.926930453081830259e-03 7.566180916679818465e-03
6.047925543383547362e-03 6.552716337985067981e-03
6.547121230754787170e-03 6.926059650662129245e-03
6.618426607624173369e-03 6.875911214669864525e-03
6.654355941818749544e-03 7.684736502950159122e-03
6.737695376982124479e-03 9.575669906051674854e-03
6.834667921927188236e-03 7.600650266355184030e-03
6.947064799316078794e-03 7.181937258544412658e-03
7.070495193233342079e-03 8.196959413873638675e-03
7.079478495533245673e-03 7.606431696340121285e-03
7.240892570390403821e-03 8.545055233838749764e-03
7.656329653941379258e-03 1.031875835104384756e-02
7.832801702824101348e-03 9.265578503725413820e-03
7.836134047202411926e-03 8.335260197179858097e-03
8.263093663829603266e-03 9.608315452380991259e-03
8.272108208242501606e-03 9.404498567218885427e-03
8.368808965890100690e-03 8.493661841695573922e-03
8.524430494434702757e-03 9.475592618630060068e-03
8.548080551851081760e-03 9.997965263447738601e-03
8.576235811353997637e-03 1.155954551308636426e-02
8.703118465206714435e-03 1.006698914417292895e-02
8.863973897498345425e-03 9.018006232430644462e-03
8.879337423298491044e-03 9.594109447708765864e-03
8.904855056470711502e-03 1.107633404450650803e-02
8.920002567368095006e-03 8.968412363061709427e-03
8.951741630459425156e-03 9.372630675775593320e-03
9.154844651173846271e-03 9.547625575553634822e-03
9.325971760386721210e-03 9.743955139563947529e-03
9.476989481799567155e-03 9.554436194100521598e-03
9.663441020467844478e-03 1.114627800470955991e-02
9.742711088280880255e-03 1.411295837380851723e-02
9.756258935882949554e-03 1.234615816953715459e-02
9.896679498185286666e-03 9.951908530744143708e-03
9.917498468699999237e-03 1.431633448786063904e-02
9.984833269385325061e-03 1.345670078799416497e-02
1.007950695117799424e-02 1.331224788372870581e-02
1.008155535092458699e-02 1.033258390036217132e-02
1.008220893292770780e-02 1.444243789503499298e-02
1.022337470078931755e-02 1.331224788372870581e-02
1.030498766242969946e-02 1.041858064818098652e-02
1.041218669886036577e-02 1.062948513687462203e-02
1.045871320971515292e-02 1.072129154274712066e-02
1.054824755981598368e-02 1.318590484161269623e-02
1.069081311927891874e-02 1.210702471916045089e-02
1.070486993507212964e-02 1.164253830111823540e-02
1.077311642383041446e-02 1.212000911107099198e-02
1.109394822406611913e-02 1.283974290049507208e-02
1.113777489173025693e-02 1.122980418009242483e-02
1.136662140787909024e-02 1.215609690634009664e-02
1.137142157508342841e-02 1.156613222875087048e-02
1.160948748510780629e-02 1.798584687645359698e-02
1.176862647426319547e-02 1.216324176482227841e-02
1.179043597377265641e-02 1.189041974436431774e-02
1.183066983605499632e-02 1.329628901997194530e-02
1.186864264254384668e-02 1.561859084510144186e-02
1.194358417371276133e-02 1.414397468827792090e-02
1.202294461916555111e-02 1.216673108268116060e-02
1.203197988687874399e-02 1.250618336675194536e-02
1.204306231033178132e-02 1.385955153090277781e-02
1.208344941049045371e-02 1.575071112603881884e-02
1.230414081913905160e-02 1.515713889972787089e-02
1.249035828014085150e-02 1.538381956492364429e-02
1.252632276648241345e-02 1.432030779955571417e-02
1.258370331333871078e-02 1.793205658936400035e-02
1.285316615488879544e-02 1.383057509388645190e-02
1.299587407600712868e-02 1.708042578724590366e-02
1.303039656342941562e-02 1.479457461110047188e-02
1.326979907913795366e-02 1.527460311670365140e-02
1.330499163147097486e-02 1.596406365250373216e-02
1.335561967124145218e-02 1.855185030852978326e-02
1.347722578417712841e-02 1.431061059502368102e-02
1.365550866931833709e-02 1.832143452558246052e-02
1.385423814059588352e-02 1.405214351544551744e-02
1.402122464645540884e-02 1.478357744848703484e-02
1.404026062221215738e-02 1.676316731318721470e-02
1.416448082328049946e-02 1.419748657891870686e-02
1.419546833203309821e-02 1.687446782863092840e-02
1.434731550305672933e-02 1.602988172892519034e-02
1.441707624826346450e-02 1.526349598322268228e-02
1.455628981980755868e-02 1.460080383732026942e-02
1.461077869508981865e-02 1.525766976190105935e-02
1.462851093398198112e-02 2.047984364147168584e-02
1.473919780974491597e-02 1.552810741241154695e-02
1.476220899149132716e-02 1.602988172892519034e-02
1.481517016055874762e-02 1.654659388467596623e-02
1.485475490550053172e-02 1.725211911640564533e-02
1.485891639990562403e-02 1.899722560832751983e-02
1.488164796993226430e-02 1.607433562236905075e-02
1.497578790700444459e-02 1.938338168390230445e-02
1.510834805458760415e-02 1.732208854428032505e-02
1.517380350809102371e-02 1.663836691870351076e-02
1.532089674992270778e-02 1.668784984656131523e-02
1.532526147994542343e-02 1.588734380343344646e-02
1.555884743274135208e-02 1.602148392273933936e-02
1.567557301734257696e-02 1.745986733928887175e-02
1.569478236531970591e-02 1.579186748419918879e-02
1.575475549361329483e-02 1.597724178205236004e-02
1.582249004172162771e-02 1.989939002270593033e-02
1.586067392418488015e-02 1.607433562236905075e-02
1.586622619524701364e-02 1.775408945014999088e-02
1.591601392042577001e-02 1.782936940246024338e-02
1.596090954363692943e-02 1.879186890451191305e-02
1.600577494897029163e-02 1.606827973748747168e-02
1.605033212268837384e-02 1.756579696109478866e-02
1.619745447484317868e-02 1.638242107036184253e-02
1.624644452868598266e-02 1.685210835453865644e-02
1.629491470702524453e-02 1.859802450965341442e-02
1.630497883800856307e-02 1.660404790880110754e-02
1.658753590256638669e-02 2.618039693958442923e-02
1.662847846857390746e-02 1.676790111013643642e-02
1.667684026857869928e-02 1.729914603508970680e-02
1.670480918902951875e-02 2.117645508134746377e-02
1.685226019521131324e-02 1.858933313977521526e-02
1.685803876995995224e-02 1.740790939796029238e-02
1.693876677147150914e-02 1.729248470861568035e-02
1.697413452224198760e-02 2.180697617398649063e-02
1.702216650288310151e-02 1.789805051534788458e-02
1.714075122178301824e-02 2.249067270936236027e-02
1.732150870471123316e-02 1.902591430695711738e-02
1.735335499723556288e-02 2.004262883241651055e-02
1.739298960864024343e-02 1.805275871764755111e-02
1.742490933196268535e-02 1.801225431189765538e-02
1.755838595729070084e-02 1.782112131676935954e-02
1.780270775958054871e-02 2.439689671448485794e-02
1.780690179158325379e-02 1.802282795605126414e-02
1.802734174092738076e-02 1.984081864124154909e-02
1.830874453491940571e-02 2.230289989625961616e-02
1.832062297147264013e-02 2.305355675472984395e-02
1.833274866834218308e-02 2.304330885378729279e-02
1.891125481088532304e-02 1.972884564449181588e-02
1.893368477613407638e-02 2.373841961837796707e-02
1.903299468092141053e-02 1.927593305279131156e-02
1.908394540421183214e-02 1.931924778728533187e-02
1.923738275597952282e-02 2.296827595258083346e-02
1.956331845140744582e-02 2.228493850811280944e-02
1.970025761738612019e-02 2.292654946634916160e-02
1.999699383582025092e-02 2.154616234386247040e-02
2.001033318026979035e-02 2.551103672439388251e-02
2.007073483348888882e-02 2.789313114322029830e-02
2.032516160984039477e-02 2.107707305660766126e-02
2.041742951810495213e-02 2.071746245466480479e-02
2.052916381373280988e-02 2.341652184605440973e-02
2.057382023089998624e-02 2.189991524811185988e-02
2.097590035264236888e-02 2.503142309876390387e-02
2.099772733961084020e-02 2.377362727570649786e-02
2.109047755870405161e-02 2.333647953470797606e-02
2.109814008095439383e-02 2.147236083711047752e-02
2.123437730245152782e-02 2.525415814852989202e-02
2.132411630117024559e-02 2.242147583718996293e-02
2.139358219530494362e-02 2.636981772738207150e-02
2.184497291639311833e-02 2.205822720941395115e-02
2.206705015005464010e-02 2.701891632560569564e-02
2.267981689763987410e-02 2.538259751361648595e-02
2.271566191288290279e-02 3.063450867573327269e-02
2.312717832855900810e-02 2.368111523163156373e-02
2.439000744727166589e-02 3.044131305322611211e-02
2.448274321353869840e-02 2.519238320627818772e-02
2.501229671422900563e-02 2.727410112566288486e-02
2.611775170491346942e-02 2.687744342757199256e-02
2.623336204359976928e-02 2.861815916777986357e-02
2.640166163705266050e-02 2.762914853381079339e-02
2.780603996073518352e-02 2.983818946822911974e-02
3.097550139593619259e-02 3.142057143926942769e-02
