3.228006487658547936e-03 3.539171199313908070e-03
4.554879215283073011e-03 4.709925687949482326e-03
6.328099142466779917e-03 6.562390068038386100e-03
6.434450302957990704e-03 6.968235489238047350e-03
6.540729953106755312e-03 6.792357000777063045e-03
6.846516478370806916e-03 6.870641774452372272e-03
8.645885236236985558e-03 8.732047747218221051e-03
8.705321848722559486e-03 9.126908243133766141e-03
1.003079734194476172e-02 1.044043030217788569e-02
1.042051770908352694e-02 1.085276459739759579e-02
1.104013620147248007e-02 1.214515881429584394e-02
1.112572774225175157e-02 1.146189548752016979e-02
1.126664737940549083e-02 1.162735149261535927e-02
1.133541165994500499e-02 1.142294327253388919e-02
1.169799353665442257e-02 1.276376296815183269e-02
1.172003347168760340e-02 1.178264182875292734e-02
1.177766439658404010e-02 1.203426117182683497e-02
1.217036893166659889e-02 1.253271917226481298e-02
1.226924354911191999e-02 1.240569841499066309e-02
1.242085397181845116e-02 1.243734435783599469e-02
1.257612543513150424e-02 1.345960996705843592e-02
1.274605870011597322e-02 1.294280341860109575e-02
1.322313346663148842e-02 1.332286442390909383e-02
1.347646145687308311e-02 1.420832202287614261e-02
1.353024236962753306e-02 1.405801871769374323e-02
1.373026395331791889e-02 1.383312857481174864e-02
1.442119366607821050e-02 1.456745611791228009e-02
1.514441708401236680e-02 1.521798702397070789e-02
1.515703477448365234e-02 1.576047656921136450e-02
1.517332268972190409e-02 1.574018027850107929e-02
1.519663529571892505e-02 1.637479700883825995e-02
1.575016142367616570e-02 1.618249223308861062e-02
1.591617131022637910e-02 1.628808138335153741e-02
1.638172201246906878e-02 1.797208950211034995e-02
1.643437329569753802e-02 1.806948613328760930e-02
1.691033257053594155e-02 1.741817240937660813e-02
1.703563960873446734e-02 1.735432661383531916e-02
1.728443003583852305e-02 1.853570207230152006e-02
1.730777855403636128e-02 1.747655539051497925e-02
1.746167234348256977e-02 2.010967702401868923e-02
1.756090565408544371e-02 1.796780915239609699e-02
1.765831910190647502e-02 1.879264566175187223e-02
1.780776049085905713e-02 1.800620078080161432e-02
1.894212020751305861e-02 1.934772492776442449e-02
1.923270917718421583e-02 1.949322532468583322e-02
2.023548418587223924e-02 2.170843836831325493e-02
2.030841431028282407e-02 2.031889525927400506e-02
2.030841431028282407e-02 2.030985922357263218e-02
2.100614107138271819e-02 2.293340642721517289e-02
2.197106978451376230e-02 2.380473913371074224e-02
2.290487455738811004e-02 2.413588481317465589e-02
2.389727648645070812e-02 2.503114562611475843e-02
2.490161439287692097e-02 2.676526457141952670e-02
2.572339395377049032e-02 2.663832548775238798e-02
2.584940099520468409e-02 2.719480399846656640e-02
2.596536000113849191e-02 2.607767172983952927e-02
2.605984143317618962e-02 2.774660365452978270e-02
2.627097512385870998e-02 2.678234225574093949e-02
2.747533521405699092e-02 2.757088853204765766e-02
2.787322098726449995e-02 2.897750657928816267e-02
2.883041048187850661e-02 2.976633120865802840e-02
3.039621843535863371e-02 3.097791947824874229e-02
3.051054054395000575e-02 3.202945157075152982e-02
3.061975472260017664e-02 3.374210920846343331e-02
3.230309231369337536e-02 3.337939183831108853e-02
3.252994856667799223e-02 3.278777381830207810e-02
3.474215113091858043e-02 3.500775525749525580e-02
3.649633486204616889e-02 3.853461015172039705e-02
