7.371537685394287109e-01 8.102127313613891602e-01
7.278079390525817871e-01 7.832303047180175781e-01
7.210695743560791016e-01 9.108315706253051758e-01
7.116225957870483398e-01 8.899500370025634766e-01
7.103056907653808594e-01 7.192150950431823730e-01
7.086163759231567383e-01 8.072656393051147461e-01
7.053456902503967285e-01 9.613022208213806152e-01
6.798672676086425781e-01 8.784784078598022461e-01
6.722448468208312988e-01 8.889797925949096680e-01
6.335874199867248535e-01 7.315488457679748535e-01
6.112369298934936523e-01 7.434419989585876465e-01
5.996023416519165039e-01 6.925069689750671387e-01
5.970398783683776855e-01 6.180883646011352539e-01
5.481087565422058105e-01 8.979369401931762695e-01
5.379757285118103027e-01 6.139749884605407715e-01
5.290639996528625488e-01 6.041148304939270020e-01
5.071439146995544434e-01 5.342337489128112793e-01
5.067059993743896484e-01 9.134411215782165527e-01
4.622110128402709961e-01 8.932535648345947266e-01
4.348400533199310303e-01 4.509544074535369873e-01
4.324206411838531494e-01 4.332766830921173096e-01
4.243608713150024414e-01 9.011987447738647461e-01
4.190514683723449707e-01 5.466850996017456055e-01
4.050353169441223145e-01 5.076689720153808594e-01
3.618954718112945557e-01 6.562346220016479492e-01
