2.902717590332031250e-01 2.975707650184631348e-01
2.902519702911376953e-01 2.913406193256378174e-01
2.850918769836425781e-01 2.875480949878692627e-01
2.815237343311309814e-01 2.941502034664154053e-01
2.805010676383972168e-01 2.849847972393035889e-01
2.729659378528594971e-01 2.805883586406707764e-01
2.649041414260864258e-01 2.792648077011108398e-01
2.643722295761108398e-01 2.788926064968109131e-01
2.643619477748870850e-01 2.797626256942749023e-01
2.640483081340789795e-01 2.802321016788482666e-01
2.624112367630004883e-01 2.691098451614379883e-01
2.617304325103759766e-01 2.744157910346984863e-01
2.568087875843048096e-01 2.932803630828857422e-01
2.548447549343109131e-01 2.649430930614471436e-01
2.521223425865173340e-01 2.567883133888244629e-01
2.430448383092880249e-01 2.890780866146087646e-01
2.110081613063812256e-01 2.969074845314025879e-01
1.575126796960830688e-01 1.598818600177764893e-01
1.540315300226211548e-01 1.562569886445999146e-01
