2.987243235111236572e-01 2.991500794887542725e-01
2.858747541904449463e-01 2.876240611076354980e-01
2.836996018886566162e-01 2.888526618480682373e-01
2.815501391887664795e-01 2.861385345458984375e-01
2.808497548103332520e-01 2.876099348068237305e-01
2.796444892883300781e-01 2.861734032630920410e-01
2.780466377735137939e-01 2.796047627925872803e-01
2.754835784435272217e-01 2.777993083000183105e-01
2.750391066074371338e-01 2.764440774917602539e-01
2.731165885925292969e-01 2.884121835231781006e-01
2.727822065353393555e-01 2.826986312866210938e-01
2.689930200576782227e-01 2.743858993053436279e-01
2.684171795845031738e-01 2.707494497299194336e-01
2.598689496517181396e-01 2.750571370124816895e-01
2.598336338996887207e-01 2.607652842998504639e-01
2.584215998649597168e-01 2.683582007884979248e-01
2.578881382942199707e-01 2.864872813224792480e-01
2.575109302997589111e-01 2.927418947219848633e-01
2.540303468704223633e-01 2.894107401371002197e-01
2.219243794679641724e-01 2.959096133708953857e-01
1.877837777137756348e-01 1.914104223251342773e-01
1.808315068483352661e-01 1.810102462768554688e-01
1.668229103088378906e-01 1.687764376401901245e-01
