9.210425019264221191e-01 9.343920350074768066e-01
9.155570864677429199e-01 9.169495701789855957e-01
9.104477167129516602e-01 9.125236272811889648e-01
9.102917313575744629e-01 9.120664000511169434e-01
9.090976715087890625e-01 9.092454910278320312e-01
9.082680940628051758e-01 9.211643338203430176e-01
9.080072641372680664e-01 9.327617883682250977e-01
9.056364297866821289e-01 9.074118137359619141e-01
9.054237008094787598e-01 9.067234396934509277e-01
9.024853110313415527e-01 9.144633412361145020e-01
8.995291590690612793e-01 9.059754014015197754e-01
8.994036912918090820e-01 9.092963337898254395e-01
8.990946412086486816e-01 9.222050905227661133e-01
8.988712430000305176e-01 9.056971669197082520e-01
8.972178101539611816e-01 9.035900831222534180e-01
8.969743847846984863e-01 9.139136075973510742e-01
8.966420888900756836e-01 9.232906103134155273e-01
8.959378600120544434e-01 9.122633934020996094e-01
8.954379558563232422e-01 9.040881395339965820e-01
8.947627544403076172e-01 9.062406420707702637e-01
8.947626948356628418e-01 9.033113121986389160e-01
8.932749032974243164e-01 9.041347503662109375e-01
8.927491903305053711e-01 9.084575176239013672e-01
8.922452926635742188e-01 9.029245376586914062e-01
8.887091875076293945e-01 9.088798165321350098e-01
8.882863521575927734e-01 9.062800407409667969e-01
8.881376385688781738e-01 8.991211056709289551e-01
8.860723376274108887e-01 9.125835299491882324e-01
8.859616518020629883e-01 9.121417403221130371e-01
8.858712911605834961e-01 8.893069624900817871e-01
8.853763341903686523e-01 9.004921317100524902e-01
8.849245905876159668e-01 8.930379748344421387e-01
8.828376531600952148e-01 8.993542790412902832e-01
8.827830553054809570e-01 8.870375156402587891e-01
8.815391063690185547e-01 9.184322357177734375e-01
8.809779286384582520e-01 8.848703503608703613e-01
8.804147839546203613e-01 8.816651701927185059e-01
8.801724314689636230e-01 8.965858221054077148e-01
8.795787692070007324e-01 8.957645297050476074e-01
8.792476654052734375e-01 8.945999741554260254e-01
8.786313533782958984e-01 9.128336906433105469e-01
8.778882026672363281e-01 9.053359031677246094e-01
8.778379559516906738e-01 9.226340651512145996e-01
8.770306706428527832e-01 8.960357904434204102e-01
8.768649101257324219e-01 8.853871226310729980e-01
8.761366605758666992e-01 9.060823917388916016e-01
8.756626248359680176e-01 9.035372138023376465e-01
8.732783794403076172e-01 8.846043944358825684e-01
8.731760382652282715e-01 8.829452991485595703e-01
8.724269866943359375e-01 8.971730470657348633e-01
8.724145293235778809e-01 8.970660567283630371e-01
8.719869256019592285e-01 9.034285545349121094e-01
8.718512654304504395e-01 8.996118903160095215e-01
8.710600137710571289e-01 8.943980932235717773e-01
8.709637522697448730e-01 8.972046971321105957e-01
8.693116903305053711e-01 8.927901983261108398e-01
8.671892881393432617e-01 8.918611407279968262e-01
8.661171197891235352e-01 9.132619500160217285e-01
8.659147024154663086e-01 9.080294370651245117e-01
8.655499219894409180e-01 8.930379748344421387e-01
8.647866249084472656e-01 8.869872689247131348e-01
8.643048405647277832e-01 9.133753180503845215e-01
8.641356229782104492e-01 9.112700223922729492e-01
8.635582327842712402e-01 9.087831974029541016e-01
8.606603145599365234e-01 9.032343626022338867e-01
8.606301546096801758e-01 9.008412957191467285e-01
8.569158911705017090e-01 9.179220199584960938e-01
8.040829896926879883e-01 9.236503243446350098e-01
5.381847023963928223e-01 5.447695255279541016e-01
4.085376560688018799e-01 4.163726568222045898e-01
3.993041217327117920e-01 4.049696624279022217e-01
