0.000000000000000000e+00 1.311117410659790039e-02
0.000000000000000000e+00 1.472179219126701355e-02
0.000000000000000000e+00 5.311218649148941040e-02
0.000000000000000000e+00 7.182414084672927856e-02
0.000000000000000000e+00 7.204914838075637817e-02
0.000000000000000000e+00 7.751660048961639404e-02
0.000000000000000000e+00 7.847925275564193726e-02
0.000000000000000000e+00 8.174775540828704834e-02
0.000000000000000000e+00 1.052386239171028137e-01
0.000000000000000000e+00 1.076036393642425537e-01
0.000000000000000000e+00 1.111921742558479309e-01
0.000000000000000000e+00 1.204278543591499329e-01
0.000000000000000000e+00 1.234894767403602600e-01
0.000000000000000000e+00 1.249771490693092346e-01
0.000000000000000000e+00 1.259508579969406128e-01
0.000000000000000000e+00 1.320900768041610718e-01
0.000000000000000000e+00 1.344519555568695068e-01
0.000000000000000000e+00 1.432698667049407959e-01
0.000000000000000000e+00 1.513635516166687012e-01
0.000000000000000000e+00 1.600881516933441162e-01
0.000000000000000000e+00 1.624281704425811768e-01
0.000000000000000000e+00 1.656394898891448975e-01
0.000000000000000000e+00 1.782421767711639404e-01
0.000000000000000000e+00 1.787260919809341431e-01
0.000000000000000000e+00 1.869791001081466675e-01
0.000000000000000000e+00 1.874678730964660645e-01
0.000000000000000000e+00 1.892475187778472900e-01
0.000000000000000000e+00 1.923737823963165283e-01
0.000000000000000000e+00 1.947582811117172241e-01
0.000000000000000000e+00 1.958321779966354370e-01
0.000000000000000000e+00 1.990561485290527344e-01
0.000000000000000000e+00 2.002453207969665527e-01
0.000000000000000000e+00 2.132340073585510254e-01
0.000000000000000000e+00 2.187863141298294067e-01
0.000000000000000000e+00 2.210330218076705933e-01
0.000000000000000000e+00 2.213822007179260254e-01
0.000000000000000000e+00 2.241087406873703003e-01
0.000000000000000000e+00 2.272113859653472900e-01
0.000000000000000000e+00 2.296416610479354858e-01
0.000000000000000000e+00 2.301982492208480835e-01
0.000000000000000000e+00 2.328787595033645630e-01
0.000000000000000000e+00 2.383967638015747070e-01
0.000000000000000000e+00 2.421981543302536011e-01
0.000000000000000000e+00 2.478461563587188721e-01
0.000000000000000000e+00 2.481082379817962646e-01
0.000000000000000000e+00 2.483518272638320923e-01
0.000000000000000000e+00 2.503235340118408203e-01
0.000000000000000000e+00 2.526780068874359131e-01
0.000000000000000000e+00 2.587119638919830322e-01
0.000000000000000000e+00 2.619651854038238525e-01
0.000000000000000000e+00 2.632057964801788330e-01
0.000000000000000000e+00 2.717642784118652344e-01
0.000000000000000000e+00 2.824168801307678223e-01
0.000000000000000000e+00 2.855719327926635742e-01
0.000000000000000000e+00 2.870669066905975342e-01
0.000000000000000000e+00 2.901751995086669922e-01
0.000000000000000000e+00 3.019168972969055176e-01
0.000000000000000000e+00 3.020735681056976318e-01
0.000000000000000000e+00 3.078516125679016113e-01
0.000000000000000000e+00 3.088347911834716797e-01
0.000000000000000000e+00 3.133605718612670898e-01
0.000000000000000000e+00 3.313843309879302979e-01
0.000000000000000000e+00 3.332923352718353271e-01
0.000000000000000000e+00 3.348250985145568848e-01
0.000000000000000000e+00 3.391083776950836182e-01
0.000000000000000000e+00 3.437936604022979736e-01
0.000000000000000000e+00 3.523794710636138916e-01
0.000000000000000000e+00 3.661496937274932861e-01
0.000000000000000000e+00 3.782848119735717773e-01
0.000000000000000000e+00 3.786745667457580566e-01
0.000000000000000000e+00 3.911312818527221680e-01
0.000000000000000000e+00 3.942509293556213379e-01
0.000000000000000000e+00 3.942542970180511475e-01
0.000000000000000000e+00 3.977748155593872070e-01
0.000000000000000000e+00 4.086500704288482666e-01
0.000000000000000000e+00 4.106824100017547607e-01
0.000000000000000000e+00 4.118129909038543701e-01
0.000000000000000000e+00 4.153203070163726807e-01
0.000000000000000000e+00 4.193707704544067383e-01
0.000000000000000000e+00 4.263782501220703125e-01
0.000000000000000000e+00 4.290148019790649414e-01
0.000000000000000000e+00 4.297851324081420898e-01
0.000000000000000000e+00 4.359287619590759277e-01
0.000000000000000000e+00 4.404358267784118652e-01
0.000000000000000000e+00 4.455173313617706299e-01
0.000000000000000000e+00 4.488525390625000000e-01
0.000000000000000000e+00 4.521155655384063721e-01
0.000000000000000000e+00 4.574046432971954346e-01
0.000000000000000000e+00 4.805708825588226318e-01
0.000000000000000000e+00 4.899787902832031250e-01
0.000000000000000000e+00 4.922187626361846924e-01
0.000000000000000000e+00 5.025323033332824707e-01
0.000000000000000000e+00 5.030252337455749512e-01
0.000000000000000000e+00 5.032625198364257812e-01
0.000000000000000000e+00 5.043014287948608398e-01
0.000000000000000000e+00 5.192820429801940918e-01
0.000000000000000000e+00 5.201736092567443848e-01
0.000000000000000000e+00 5.367571711540222168e-01
0.000000000000000000e+00 5.870823860168457031e-01
