0.000000000000000000e+00 5.052483174949884415e-03
0.000000000000000000e+00 5.577519536018371582e-03
0.000000000000000000e+00 6.837639492005109787e-03
0.000000000000000000e+00 7.354812230914831161e-03
0.000000000000000000e+00 8.689446374773979187e-03
0.000000000000000000e+00 1.086581777781248093e-02
0.000000000000000000e+00 1.163801643997430801e-02
0.000000000000000000e+00 1.178579218685626984e-02
0.000000000000000000e+00 1.210735552012920380e-02
0.000000000000000000e+00 1.236268505454063416e-02
0.000000000000000000e+00 1.315619144588708878e-02
0.000000000000000000e+00 1.375079527497291565e-02
0.000000000000000000e+00 1.437880564481019974e-02
0.000000000000000000e+00 1.441065780818462372e-02
0.000000000000000000e+00 1.482631638646125793e-02
0.000000000000000000e+00 1.525382138788700104e-02
0.000000000000000000e+00 1.597170159220695496e-02
0.000000000000000000e+00 1.629269681870937347e-02
0.000000000000000000e+00 1.632533408701419830e-02
0.000000000000000000e+00 1.637020334601402283e-02
0.000000000000000000e+00 1.678892411291599274e-02
0.000000000000000000e+00 1.698807068169116974e-02
0.000000000000000000e+00 1.724187098443508148e-02
0.000000000000000000e+00 1.727233082056045532e-02
0.000000000000000000e+00 1.833447627723217010e-02
0.000000000000000000e+00 1.846626214683055878e-02
0.000000000000000000e+00 1.887224242091178894e-02
0.000000000000000000e+00 1.901800557971000671e-02
0.000000000000000000e+00 1.903404854238033295e-02
0.000000000000000000e+00 1.925199665129184723e-02
0.000000000000000000e+00 1.925252936780452728e-02
0.000000000000000000e+00 1.989507675170898438e-02
0.000000000000000000e+00 2.058661729097366333e-02
0.000000000000000000e+00 2.069577947258949280e-02
0.000000000000000000e+00 2.082161232829093933e-02
0.000000000000000000e+00 2.112742885947227478e-02
0.000000000000000000e+00 2.118393406271934509e-02
0.000000000000000000e+00 2.123346365988254547e-02
0.000000000000000000e+00 2.124798297882080078e-02
0.000000000000000000e+00 2.133696898818016052e-02
0.000000000000000000e+00 2.157972007989883423e-02
0.000000000000000000e+00 2.173699997365474701e-02
0.000000000000000000e+00 2.188477665185928345e-02
0.000000000000000000e+00 2.196527644991874695e-02
0.000000000000000000e+00 2.200431190431118011e-02
0.000000000000000000e+00 2.273787558078765869e-02
0.000000000000000000e+00 2.278936468064785004e-02
0.000000000000000000e+00 2.300362847745418549e-02
0.000000000000000000e+00 2.324427291750907898e-02
0.000000000000000000e+00 2.341053448617458344e-02
0.000000000000000000e+00 2.372531779110431671e-02
0.000000000000000000e+00 2.376299165189266205e-02
0.000000000000000000e+00 2.378751151263713837e-02
0.000000000000000000e+00 2.431455999612808228e-02
0.000000000000000000e+00 2.432433143258094788e-02
0.000000000000000000e+00 2.448917739093303680e-02
0.000000000000000000e+00 2.488943748176097870e-02
0.000000000000000000e+00 2.518386021256446838e-02
0.000000000000000000e+00 2.537389658391475677e-02
0.000000000000000000e+00 2.542967163026332855e-02
0.000000000000000000e+00 2.545498311519622803e-02
0.000000000000000000e+00 2.566275000572204590e-02
0.000000000000000000e+00 2.596058882772922516e-02
0.000000000000000000e+00 2.597937919199466705e-02
0.000000000000000000e+00 2.598565071821212769e-02
0.000000000000000000e+00 2.601838670670986176e-02
0.000000000000000000e+00 2.606594748795032501e-02
0.000000000000000000e+00 2.611350826919078827e-02
0.000000000000000000e+00 2.617418020963668823e-02
0.000000000000000000e+00 2.626467868685722351e-02
0.000000000000000000e+00 2.626841329038143158e-02
0.000000000000000000e+00 2.626976184546947479e-02
0.000000000000000000e+00 2.646792493760585785e-02
0.000000000000000000e+00 2.648779191076755524e-02
0.000000000000000000e+00 2.670295536518096924e-02
0.000000000000000000e+00 2.704924903810024261e-02
0.000000000000000000e+00 2.713748253881931305e-02
0.000000000000000000e+00 2.718599140644073486e-02
0.000000000000000000e+00 2.721772342920303345e-02
0.000000000000000000e+00 2.722959034144878387e-02
0.000000000000000000e+00 2.730544656515121460e-02
0.000000000000000000e+00 2.756592072546482086e-02
0.000000000000000000e+00 2.762966230511665344e-02
0.000000000000000000e+00 2.765636518597602844e-02
0.000000000000000000e+00 2.766513638198375702e-02
0.000000000000000000e+00 2.772210724651813507e-02
0.000000000000000000e+00 2.794710732996463776e-02
0.000000000000000000e+00 2.808455936610698700e-02
0.000000000000000000e+00 2.811534516513347626e-02
0.000000000000000000e+00 2.820165269076824188e-02
0.000000000000000000e+00 2.847155556082725525e-02
0.000000000000000000e+00 2.848034165799617767e-02
0.000000000000000000e+00 2.860440872609615326e-02
0.000000000000000000e+00 2.865621075034141541e-02
0.000000000000000000e+00 2.874195016920566559e-02
0.000000000000000000e+00 2.885179035365581512e-02
0.000000000000000000e+00 2.902905084192752838e-02
0.000000000000000000e+00 2.926824428141117096e-02
0.000000000000000000e+00 2.938052639365196228e-02
0.000000000000000000e+00 2.941735833883285522e-02
0.000000000000000000e+00 2.957407757639884949e-02
0.000000000000000000e+00 3.011028841137886047e-02
0.000000000000000000e+00 3.021942824125289917e-02
0.000000000000000000e+00 3.025641478598117828e-02
0.000000000000000000e+00 3.049843944609165192e-02
0.000000000000000000e+00 3.054677322506904602e-02
0.000000000000000000e+00 3.115402348339557648e-02
0.000000000000000000e+00 3.125121071934700012e-02
0.000000000000000000e+00 3.145564347505569458e-02
0.000000000000000000e+00 3.152130916714668274e-02
0.000000000000000000e+00 3.152915835380554199e-02
0.000000000000000000e+00 3.164100646972656250e-02
0.000000000000000000e+00 3.189820051193237305e-02
0.000000000000000000e+00 3.194158896803855896e-02
0.000000000000000000e+00 3.205943852663040161e-02
0.000000000000000000e+00 3.206663206219673157e-02
0.000000000000000000e+00 3.212264925241470337e-02
0.000000000000000000e+00 3.229701891541481018e-02
0.000000000000000000e+00 3.232311829924583435e-02
0.000000000000000000e+00 3.241842612624168396e-02
0.000000000000000000e+00 3.244302049279212952e-02
0.000000000000000000e+00 3.250383958220481873e-02
0.000000000000000000e+00 3.258311748504638672e-02
0.000000000000000000e+00 3.261617198586463928e-02
0.000000000000000000e+00 3.264420479536056519e-02
0.000000000000000000e+00 3.264814242720603943e-02
0.000000000000000000e+00 3.265942633152008057e-02
0.000000000000000000e+00 3.277372568845748901e-02
0.000000000000000000e+00 3.282210230827331543e-02
0.000000000000000000e+00 3.308762609958648682e-02
0.000000000000000000e+00 3.360460698604583740e-02
0.000000000000000000e+00 3.360982611775398254e-02
0.000000000000000000e+00 3.374772518873214722e-02
0.000000000000000000e+00 3.391624614596366882e-02
0.000000000000000000e+00 3.394755348563194275e-02
0.000000000000000000e+00 3.410751372575759888e-02
0.000000000000000000e+00 3.416478261351585388e-02
0.000000000000000000e+00 3.418040648102760315e-02
0.000000000000000000e+00 3.451453149318695068e-02
0.000000000000000000e+00 3.451981395483016968e-02
0.000000000000000000e+00 3.452192991971969604e-02
0.000000000000000000e+00 3.459065034985542297e-02
0.000000000000000000e+00 3.473521396517753601e-02
0.000000000000000000e+00 3.479188308119773865e-02
0.000000000000000000e+00 3.488636389374732971e-02
0.000000000000000000e+00 3.520409390330314636e-02
0.000000000000000000e+00 3.538836166262626648e-02
0.000000000000000000e+00 3.556055575609207153e-02
0.000000000000000000e+00 3.557235375046730042e-02
0.000000000000000000e+00 3.562640771269798279e-02
0.000000000000000000e+00 3.574142232537269592e-02
0.000000000000000000e+00 3.585318848490715027e-02
0.000000000000000000e+00 3.587838634848594666e-02
0.000000000000000000e+00 3.596610948443412781e-02
0.000000000000000000e+00 3.608356788754463196e-02
0.000000000000000000e+00 3.624778985977172852e-02
0.000000000000000000e+00 3.625823557376861572e-02
0.000000000000000000e+00 3.635651618242263794e-02
0.000000000000000000e+00 3.637817129492759705e-02
0.000000000000000000e+00 3.653417527675628662e-02
0.000000000000000000e+00 3.660705685615539551e-02
0.000000000000000000e+00 3.671210259199142456e-02
0.000000000000000000e+00 3.674070537090301514e-02
0.000000000000000000e+00 3.683383762836456299e-02
0.000000000000000000e+00 3.691066429018974304e-02
0.000000000000000000e+00 3.695645928382873535e-02
0.000000000000000000e+00 3.708192706108093262e-02
0.000000000000000000e+00 3.712311387062072754e-02
0.000000000000000000e+00 3.712628781795501709e-02
0.000000000000000000e+00 3.719220310449600220e-02
0.000000000000000000e+00 3.721157461404800415e-02
0.000000000000000000e+00 3.722882270812988281e-02
0.000000000000000000e+00 3.739368170499801636e-02
0.000000000000000000e+00 3.745924308896064758e-02
0.000000000000000000e+00 3.748971596360206604e-02
0.000000000000000000e+00 3.751689568161964417e-02
0.000000000000000000e+00 3.757904842495918274e-02
0.000000000000000000e+00 3.763253614306449890e-02
0.000000000000000000e+00 3.769576177000999451e-02
0.000000000000000000e+00 3.785844519734382629e-02
0.000000000000000000e+00 3.788535296916961670e-02
0.000000000000000000e+00 3.789551928639411926e-02
0.000000000000000000e+00 3.793011978268623352e-02
0.000000000000000000e+00 3.793794661760330200e-02
0.000000000000000000e+00 3.799439966678619385e-02
0.000000000000000000e+00 3.809486329555511475e-02
0.000000000000000000e+00 3.821526840329170227e-02
0.000000000000000000e+00 3.823801875114440918e-02
0.000000000000000000e+00 3.826422244310379028e-02
0.000000000000000000e+00 3.829341754317283630e-02
0.000000000000000000e+00 3.840526193380355835e-02
0.000000000000000000e+00 3.861225396394729614e-02
0.000000000000000000e+00 3.899664059281349182e-02
0.000000000000000000e+00 3.915434703230857849e-02
0.000000000000000000e+00 3.919643163681030273e-02
0.000000000000000000e+00 3.939441964030265808e-02
0.000000000000000000e+00 3.940692916512489319e-02
0.000000000000000000e+00 3.952360153198242188e-02
0.000000000000000000e+00 3.953881189227104187e-02
0.000000000000000000e+00 3.978939726948738098e-02
0.000000000000000000e+00 4.018405452370643616e-02
0.000000000000000000e+00 4.022094234824180603e-02
0.000000000000000000e+00 4.027706757187843323e-02
0.000000000000000000e+00 4.063142463564872742e-02
0.000000000000000000e+00 4.095730185508728027e-02
0.000000000000000000e+00 4.098248109221458435e-02
0.000000000000000000e+00 4.114964976906776428e-02
0.000000000000000000e+00 4.121102020144462585e-02
0.000000000000000000e+00 4.129540175199508667e-02
0.000000000000000000e+00 4.132189974188804626e-02
0.000000000000000000e+00 4.139560461044311523e-02
0.000000000000000000e+00 4.164592549204826355e-02
0.000000000000000000e+00 4.196235164999961853e-02
0.000000000000000000e+00 4.204459115862846375e-02
0.000000000000000000e+00 4.222939908504486084e-02
0.000000000000000000e+00 4.225343465805053711e-02
0.000000000000000000e+00 4.225666448473930359e-02
0.000000000000000000e+00 4.258284345269203186e-02
0.000000000000000000e+00 4.278833791613578796e-02
0.000000000000000000e+00 4.291192442178726196e-02
0.000000000000000000e+00 4.322852939367294312e-02
0.000000000000000000e+00 4.322927817702293396e-02
0.000000000000000000e+00 4.326384887099266052e-02
0.000000000000000000e+00 4.343400150537490845e-02
0.000000000000000000e+00 4.359399899840354919e-02
0.000000000000000000e+00 4.382361471652984619e-02
0.000000000000000000e+00 4.387933015823364258e-02
0.000000000000000000e+00 4.399931803345680237e-02
0.000000000000000000e+00 4.431257769465446472e-02
0.000000000000000000e+00 4.449610039591789246e-02
0.000000000000000000e+00 4.464874044060707092e-02
0.000000000000000000e+00 4.469662904739379883e-02
0.000000000000000000e+00 4.486140236258506775e-02
0.000000000000000000e+00 4.497591778635978699e-02
0.000000000000000000e+00 4.510651156306266785e-02
0.000000000000000000e+00 4.542939364910125732e-02
0.000000000000000000e+00 4.545824602246284485e-02
0.000000000000000000e+00 4.596542194485664368e-02
0.000000000000000000e+00 4.602153599262237549e-02
0.000000000000000000e+00 4.610984772443771362e-02
0.000000000000000000e+00 4.628494754433631897e-02
0.000000000000000000e+00 4.651226103305816650e-02
0.000000000000000000e+00 4.669122770428657532e-02
0.000000000000000000e+00 4.687586799263954163e-02
0.000000000000000000e+00 4.706842452287673950e-02
0.000000000000000000e+00 4.719285666942596436e-02
0.000000000000000000e+00 4.724419862031936646e-02
0.000000000000000000e+00 4.762614890933036804e-02
0.000000000000000000e+00 4.766610637307167053e-02
0.000000000000000000e+00 4.770051315426826477e-02
0.000000000000000000e+00 4.775390774011611938e-02
0.000000000000000000e+00 4.789182916283607483e-02
0.000000000000000000e+00 4.792215302586555481e-02
0.000000000000000000e+00 4.794255271553993225e-02
0.000000000000000000e+00 4.800575599074363708e-02
0.000000000000000000e+00 4.808263853192329407e-02
0.000000000000000000e+00 4.808906838297843933e-02
0.000000000000000000e+00 4.809525609016418457e-02
0.000000000000000000e+00 4.812248796224594116e-02
0.000000000000000000e+00 4.814274981617927551e-02
0.000000000000000000e+00 4.816287755966186523e-02
0.000000000000000000e+00 4.816510528326034546e-02
0.000000000000000000e+00 4.817391186952590942e-02
0.000000000000000000e+00 4.818376153707504272e-02
0.000000000000000000e+00 4.819776117801666260e-02
0.000000000000000000e+00 4.827032983303070068e-02
0.000000000000000000e+00 4.831685498356819153e-02
0.000000000000000000e+00 4.836495965719223022e-02
0.000000000000000000e+00 4.840166121721267700e-02
0.000000000000000000e+00 4.846622794866561890e-02
0.000000000000000000e+00 4.869411513209342957e-02
0.000000000000000000e+00 4.872644320130348206e-02
0.000000000000000000e+00 4.873611032962799072e-02
0.000000000000000000e+00 4.890963435173034668e-02
0.000000000000000000e+00 4.909089207649230957e-02
0.000000000000000000e+00 4.911882430315017700e-02
0.000000000000000000e+00 4.938260093331336975e-02
0.000000000000000000e+00 4.949033632874488831e-02
0.000000000000000000e+00 4.950652644038200378e-02
0.000000000000000000e+00 4.954909533262252808e-02
0.000000000000000000e+00 4.961147159337997437e-02
0.000000000000000000e+00 4.965765029191970825e-02
0.000000000000000000e+00 4.967061057686805725e-02
0.000000000000000000e+00 4.973810166120529175e-02
0.000000000000000000e+00 4.995532706379890442e-02
0.000000000000000000e+00 4.996075853705406189e-02
0.000000000000000000e+00 5.018665641546249390e-02
0.000000000000000000e+00 5.019259080290794373e-02
0.000000000000000000e+00 5.019882693886756897e-02
0.000000000000000000e+00 5.028926581144332886e-02
0.000000000000000000e+00 5.038489028811454773e-02
0.000000000000000000e+00 5.039176717400550842e-02
0.000000000000000000e+00 5.095658451318740845e-02
0.000000000000000000e+00 5.104842036962509155e-02
0.000000000000000000e+00 5.110581219196319580e-02
0.000000000000000000e+00 5.114642903208732605e-02
0.000000000000000000e+00 5.133648216724395752e-02
0.000000000000000000e+00 5.144059658050537109e-02
0.000000000000000000e+00 5.148416757583618164e-02
0.000000000000000000e+00 5.148741975426673889e-02
0.000000000000000000e+00 5.150305479764938354e-02
0.000000000000000000e+00 5.165291577577590942e-02
0.000000000000000000e+00 5.177223309874534607e-02
0.000000000000000000e+00 5.182746052742004395e-02
0.000000000000000000e+00 5.199667811393737793e-02
0.000000000000000000e+00 5.210378021001815796e-02
0.000000000000000000e+00 5.217413604259490967e-02
0.000000000000000000e+00 5.219058692455291748e-02
0.000000000000000000e+00 5.234718322753906250e-02
0.000000000000000000e+00 5.239260196685791016e-02
0.000000000000000000e+00 5.250402539968490601e-02
0.000000000000000000e+00 5.269417911767959595e-02
0.000000000000000000e+00 5.274052172899246216e-02
0.000000000000000000e+00 5.280086770653724670e-02
0.000000000000000000e+00 5.290966108441352844e-02
0.000000000000000000e+00 5.298526212573051453e-02
0.000000000000000000e+00 5.301273986697196960e-02
0.000000000000000000e+00 5.310609564185142517e-02
0.000000000000000000e+00 5.313959717750549316e-02
0.000000000000000000e+00 5.320395156741142273e-02
0.000000000000000000e+00 5.326671153306961060e-02
0.000000000000000000e+00 5.333624407649040222e-02
0.000000000000000000e+00 5.335002392530441284e-02
0.000000000000000000e+00 5.347194522619247437e-02
0.000000000000000000e+00 5.354456976056098938e-02
0.000000000000000000e+00 5.356697365641593933e-02
0.000000000000000000e+00 5.364122986793518066e-02
0.000000000000000000e+00 5.365202948451042175e-02
0.000000000000000000e+00 5.381673946976661682e-02
0.000000000000000000e+00 5.382585898041725159e-02
0.000000000000000000e+00 5.386536568403244019e-02
0.000000000000000000e+00 5.401178821921348572e-02
0.000000000000000000e+00 5.416305363178253174e-02
0.000000000000000000e+00 5.445233732461929321e-02
0.000000000000000000e+00 5.484520271420478821e-02
0.000000000000000000e+00 5.493594706058502197e-02
0.000000000000000000e+00 5.498886853456497192e-02
0.000000000000000000e+00 5.510231852531433105e-02
0.000000000000000000e+00 5.513629317283630371e-02
0.000000000000000000e+00 5.517681688070297241e-02
0.000000000000000000e+00 5.523226037621498108e-02
0.000000000000000000e+00 5.557563155889511108e-02
0.000000000000000000e+00 5.560471862554550171e-02
0.000000000000000000e+00 5.612416565418243408e-02
0.000000000000000000e+00 5.636259913444519043e-02
0.000000000000000000e+00 5.637863278388977051e-02
0.000000000000000000e+00 5.644299834966659546e-02
0.000000000000000000e+00 5.648261308670043945e-02
0.000000000000000000e+00 5.649506300687789917e-02
0.000000000000000000e+00 5.662123113870620728e-02
0.000000000000000000e+00 5.672653764486312866e-02
0.000000000000000000e+00 5.686027929186820984e-02
0.000000000000000000e+00 5.699226632714271545e-02
0.000000000000000000e+00 5.717777833342552185e-02
0.000000000000000000e+00 5.756622552871704102e-02
0.000000000000000000e+00 5.765398591756820679e-02
0.000000000000000000e+00 5.767135694622993469e-02
0.000000000000000000e+00 5.776527151465415955e-02
0.000000000000000000e+00 5.784259364008903503e-02
0.000000000000000000e+00 5.787863954901695251e-02
0.000000000000000000e+00 5.797500908374786377e-02
0.000000000000000000e+00 5.812092497944831848e-02
0.000000000000000000e+00 5.842122435569763184e-02
0.000000000000000000e+00 5.859938263893127441e-02
0.000000000000000000e+00 5.878081917762756348e-02
0.000000000000000000e+00 5.881643295288085938e-02
0.000000000000000000e+00 5.912308767437934875e-02
0.000000000000000000e+00 5.914096534252166748e-02
0.000000000000000000e+00 5.946468189358711243e-02
0.000000000000000000e+00 5.979717522859573364e-02
0.000000000000000000e+00 6.039014458656311035e-02
0.000000000000000000e+00 6.049697101116180420e-02
0.000000000000000000e+00 6.067394465208053589e-02
0.000000000000000000e+00 6.072960048913955688e-02
0.000000000000000000e+00 6.167649105191230774e-02
0.000000000000000000e+00 6.174044311046600342e-02
0.000000000000000000e+00 6.204526871442794800e-02
0.000000000000000000e+00 6.238961964845657349e-02
0.000000000000000000e+00 6.260858476161956787e-02
0.000000000000000000e+00 6.274218857288360596e-02
0.000000000000000000e+00 6.281819194555282593e-02
0.000000000000000000e+00 6.290084123611450195e-02
0.000000000000000000e+00 6.300856173038482666e-02
0.000000000000000000e+00 6.325143575668334961e-02
0.000000000000000000e+00 6.340254843235015869e-02
0.000000000000000000e+00 6.358709186315536499e-02
0.000000000000000000e+00 6.361749023199081421e-02
0.000000000000000000e+00 6.404522806406021118e-02
0.000000000000000000e+00 6.408575177192687988e-02
0.000000000000000000e+00 6.434509903192520142e-02
0.000000000000000000e+00 6.459454447031021118e-02
0.000000000000000000e+00 6.490102410316467285e-02
0.000000000000000000e+00 6.506641209125518799e-02
0.000000000000000000e+00 6.516665965318679810e-02
0.000000000000000000e+00 6.538759917020797729e-02
0.000000000000000000e+00 6.548710167407989502e-02
0.000000000000000000e+00 6.556455045938491821e-02
0.000000000000000000e+00 6.579951196908950806e-02
0.000000000000000000e+00 6.584347784519195557e-02
0.000000000000000000e+00 6.613751500844955444e-02
0.000000000000000000e+00 6.624013930559158325e-02
0.000000000000000000e+00 6.641560047864913940e-02
0.000000000000000000e+00 6.651319563388824463e-02
0.000000000000000000e+00 6.663664430379867554e-02
0.000000000000000000e+00 6.687448173761367798e-02
0.000000000000000000e+00 6.763143092393875122e-02
0.000000000000000000e+00 6.775716692209243774e-02
0.000000000000000000e+00 6.781595200300216675e-02
0.000000000000000000e+00 6.782469898462295532e-02
0.000000000000000000e+00 6.798294186592102051e-02
0.000000000000000000e+00 6.800425052642822266e-02
0.000000000000000000e+00 6.842564046382904053e-02
0.000000000000000000e+00 6.861469894647598267e-02
0.000000000000000000e+00 6.874047219753265381e-02
0.000000000000000000e+00 6.887958943843841553e-02
0.000000000000000000e+00 6.890229135751724243e-02
0.000000000000000000e+00 6.917465478181838989e-02
0.000000000000000000e+00 6.921523809432983398e-02
0.000000000000000000e+00 6.933894753456115723e-02
0.000000000000000000e+00 6.959489732980728149e-02
0.000000000000000000e+00 6.980350613594055176e-02
0.000000000000000000e+00 6.985867768526077271e-02
0.000000000000000000e+00 7.009861618280410767e-02
0.000000000000000000e+00 7.014555484056472778e-02
0.000000000000000000e+00 7.050650566816329956e-02
0.000000000000000000e+00 7.064743340015411377e-02
0.000000000000000000e+00 7.066679000854492188e-02
0.000000000000000000e+00 7.104590535163879395e-02
0.000000000000000000e+00 7.107542455196380615e-02
0.000000000000000000e+00 7.118773460388183594e-02
0.000000000000000000e+00 7.136285305023193359e-02
0.000000000000000000e+00 7.148698717355728149e-02
0.000000000000000000e+00 7.163476198911666870e-02
0.000000000000000000e+00 7.163563370704650879e-02
0.000000000000000000e+00 7.169787585735321045e-02
0.000000000000000000e+00 7.185970991849899292e-02
0.000000000000000000e+00 7.220829278230667114e-02
0.000000000000000000e+00 7.221335172653198242e-02
0.000000000000000000e+00 7.234801352024078369e-02
0.000000000000000000e+00 7.258646935224533081e-02
0.000000000000000000e+00 7.275601476430892944e-02
0.000000000000000000e+00 7.311149686574935913e-02
0.000000000000000000e+00 7.321692258119583130e-02
0.000000000000000000e+00 7.323572784662246704e-02
0.000000000000000000e+00 7.327340543270111084e-02
0.000000000000000000e+00 7.393056154251098633e-02
0.000000000000000000e+00 7.401187717914581299e-02
0.000000000000000000e+00 7.409274578094482422e-02
0.000000000000000000e+00 7.410982996225357056e-02
0.000000000000000000e+00 7.429034262895584106e-02
0.000000000000000000e+00 7.450108975172042847e-02
0.000000000000000000e+00 7.477136701345443726e-02
0.000000000000000000e+00 7.485589385032653809e-02
0.000000000000000000e+00 7.504917681217193604e-02
0.000000000000000000e+00 7.525388151407241821e-02
0.000000000000000000e+00 7.529325783252716064e-02
0.000000000000000000e+00 7.581405341625213623e-02
0.000000000000000000e+00 7.615487277507781982e-02
0.000000000000000000e+00 7.643663883209228516e-02
0.000000000000000000e+00 7.687309384346008301e-02
0.000000000000000000e+00 7.694902271032333374e-02
0.000000000000000000e+00 7.698473334312438965e-02
0.000000000000000000e+00 7.708548754453659058e-02
0.000000000000000000e+00 7.717321068048477173e-02
0.000000000000000000e+00 7.775021344423294067e-02
0.000000000000000000e+00 7.802245765924453735e-02
0.000000000000000000e+00 7.825187593698501587e-02
0.000000000000000000e+00 7.833960652351379395e-02
0.000000000000000000e+00 7.899379730224609375e-02
0.000000000000000000e+00 7.909078150987625122e-02
0.000000000000000000e+00 7.998292893171310425e-02
0.000000000000000000e+00 8.003100752830505371e-02
0.000000000000000000e+00 8.045829832553863525e-02
0.000000000000000000e+00 8.055564761161804199e-02
0.000000000000000000e+00 8.071983605623245239e-02
0.000000000000000000e+00 8.076180517673492432e-02
0.000000000000000000e+00 8.303703367710113525e-02
0.000000000000000000e+00 8.324072510004043579e-02
0.000000000000000000e+00 8.419104665517807007e-02
0.000000000000000000e+00 8.445622771978378296e-02
0.000000000000000000e+00 8.533601462841033936e-02
0.000000000000000000e+00 8.625631779432296753e-02
0.000000000000000000e+00 8.674323558807373047e-02
0.000000000000000000e+00 8.692102879285812378e-02
0.000000000000000000e+00 8.713401854038238525e-02
0.000000000000000000e+00 8.803980797529220581e-02
0.000000000000000000e+00 8.856981992721557617e-02
0.000000000000000000e+00 8.864298462867736816e-02
0.000000000000000000e+00 9.180945158004760742e-02
0.000000000000000000e+00 9.324117004871368408e-02
0.000000000000000000e+00 9.470744431018829346e-02
0.000000000000000000e+00 9.487150609493255615e-02
0.000000000000000000e+00 9.641637653112411499e-02
0.000000000000000000e+00 9.828549623489379883e-02
0.000000000000000000e+00 1.002377048134803772e-01
0.000000000000000000e+00 1.037090569734573364e-01
0.000000000000000000e+00 1.039214357733726501e-01
0.000000000000000000e+00 1.086345240473747253e-01
0.000000000000000000e+00 1.208589598536491394e-01
