2.945922017097473145e-01 2.992333769798278809e-01
2.905970215797424316e-01 2.922144234180450439e-01
2.881478071212768555e-01 2.890213429927825928e-01
2.871682345867156982e-01 2.912565767765045166e-01
2.837570905685424805e-01 2.892353832721710205e-01
2.829346358776092529e-01 2.843168973922729492e-01
2.751589119434356689e-01 2.836549878120422363e-01
2.711119055747985840e-01 2.725524604320526123e-01
2.707502841949462891e-01 2.846825718879699707e-01
2.706394791603088379e-01 2.888182103633880615e-01
2.704056203365325928e-01 2.725524604320526123e-01
2.684618532657623291e-01 2.718874812126159668e-01
2.659533023834228516e-01 2.713027596473693848e-01
2.650261521339416504e-01 2.737188041210174561e-01
2.641672194004058838e-01 2.724542915821075439e-01
2.626817524433135986e-01 2.865168452262878418e-01
2.603095769882202148e-01 2.929119467735290527e-01
2.595186829566955566e-01 2.596492171287536621e-01
2.477405667304992676e-01 2.766830325126647949e-01
2.240828126668930054e-01 2.993224561214447021e-01
1.372521072626113892e-01 1.407650709152221680e-01
1.084748879075050354e-01 1.118507236242294312e-01
