2.921965122222900391e-01 2.937696278095245361e-01
2.898914217948913574e-01 2.907046675682067871e-01
2.872731387615203857e-01 2.887752056121826172e-01
2.862031161785125732e-01 2.894756495952606201e-01
2.847953438758850098e-01 2.903199493885040283e-01
2.780309915542602539e-01 2.796621918678283691e-01
2.775560617446899414e-01 2.892472743988037109e-01
2.720240354537963867e-01 2.753708362579345703e-01
2.692569196224212646e-01 2.708127796649932861e-01
2.677833139896392822e-01 2.705070078372955322e-01
2.677820324897766113e-01 2.768473327159881592e-01
2.675757706165313721e-01 2.728694081306457520e-01
2.670308351516723633e-01 2.755906581878662109e-01
2.660512924194335938e-01 2.875742316246032715e-01
2.653080821037292480e-01 2.826049625873565674e-01
2.619135975837707520e-01 2.654183804988861084e-01
2.613640725612640381e-01 2.945418059825897217e-01
2.612657248973846436e-01 2.704995572566986084e-01
2.610863149166107178e-01 2.791924774646759033e-01
2.596244812011718750e-01 2.854959070682525635e-01
2.568049132823944092e-01 2.582357227802276611e-01
2.555606961250305176e-01 2.786055207252502441e-01
2.546235620975494385e-01 2.680954337120056152e-01
2.540516853332519531e-01 2.871991097927093506e-01
1.626778692007064819e-01 1.644145697355270386e-01
1.237596571445465088e-01 1.253182739019393921e-01
