4.891750514507293701e-01 5.332396030426025391e-01
4.102923274040222168e-01 4.504410028457641602e-01
4.048932790756225586e-01 5.046730041503906250e-01
4.000621736049652100e-01 4.462121427059173584e-01
3.882356584072113037e-01 4.329319000244140625e-01
3.867343068122863770e-01 4.662622213363647461e-01
3.838603198528289795e-01 4.919403195381164551e-01
3.802770972251892090e-01 5.662030577659606934e-01
3.785806894302368164e-01 4.664019644260406494e-01
3.755832314491271973e-01 4.543193280696868896e-01
3.661158084869384766e-01 3.838747143745422363e-01
3.656553924083709717e-01 4.477264881134033203e-01
3.651485145092010498e-01 3.679452538490295410e-01
3.629499673843383789e-01 4.826000332832336426e-01
3.624988496303558350e-01 3.789595663547515869e-01
3.572197854518890381e-01 3.619563281536102295e-01
3.539507985115051270e-01 3.774497210979461670e-01
3.538655936717987061e-01 4.333576858043670654e-01
3.523434698581695557e-01 3.841578960418701172e-01
3.504995405673980713e-01 3.939882814884185791e-01
3.482634425163269043e-01 3.843488991260528564e-01
3.445347547531127930e-01 4.131562709808349609e-01
3.441460430622100830e-01 4.275615513324737549e-01
3.420996069908142090e-01 3.787267804145812988e-01
3.419871628284454346e-01 4.168344736099243164e-01
3.377952873706817627e-01 3.520859777927398682e-01
3.368032276630401611e-01 3.512661159038543701e-01
3.350099325180053711e-01 4.060924053192138672e-01
3.346864283084869385e-01 4.426981508731842041e-01
3.342468440532684326e-01 5.151458382606506348e-01
3.331803083419799805e-01 5.212215781211853027e-01
3.330898582935333252e-01 5.407502651214599609e-01
3.239435553550720215e-01 3.400949835777282715e-01
3.232406675815582275e-01 3.871335983276367188e-01
3.196785449981689453e-01 3.494523763656616211e-01
3.166843056678771973e-01 5.276968479156494141e-01
3.136838376522064209e-01 5.412348508834838867e-01
3.125989735126495361e-01 4.385475218296051025e-01
3.110938072204589844e-01 3.404552638530731201e-01
3.094563484191894531e-01 3.202709257602691650e-01
3.091249763965606689e-01 5.456043481826782227e-01
3.072450160980224609e-01 5.261912345886230469e-01
3.065876960754394531e-01 5.794214606285095215e-01
3.058770596981048584e-01 3.810995221138000488e-01
3.042160868644714355e-01 3.972727060317993164e-01
2.989120483398437500e-01 5.693743228912353516e-01
2.955647110939025879e-01 5.702670812606811523e-01
2.951290309429168701e-01 5.186353325843811035e-01
2.926096320152282715e-01 2.976936995983123779e-01
2.888954281806945801e-01 4.848234951496124268e-01
2.863202095031738281e-01 3.178515136241912842e-01
2.788809239864349365e-01 5.775232315063476562e-01
2.770680487155914307e-01 3.000241816043853760e-01
2.763115763664245605e-01 4.250045418739318848e-01
2.755658328533172607e-01 3.920811414718627930e-01
2.751788496971130371e-01 3.059485256671905518e-01
2.721993625164031982e-01 3.322395980358123779e-01
2.686668038368225098e-01 5.189711451530456543e-01
2.673341929912567139e-01 2.759211361408233643e-01
2.622157335281372070e-01 2.695056200027465820e-01
2.607612609863281250e-01 3.380187749862670898e-01
2.567111849784851074e-01 8.467056155204772949e-01
2.564826011657714844e-01 3.029786050319671631e-01
2.502155900001525879e-01 2.520474195480346680e-01
2.469431161880493164e-01 2.491544187068939209e-01
2.449382394552230835e-01 2.579632103443145752e-01
2.440328449010848999e-01 2.564392387866973877e-01
2.414104491472244263e-01 2.879113256931304932e-01
2.396134883165359497e-01 2.916825413703918457e-01
2.392777502536773682e-01 3.763012290000915527e-01
2.381415069103240967e-01 2.997498810291290283e-01
2.357014119625091553e-01 3.032360374927520752e-01
2.354135960340499878e-01 3.168101012706756592e-01
2.337683588266372681e-01 2.661109268665313721e-01
2.311875522136688232e-01 2.341585159301757812e-01
2.294461131095886230e-01 2.505660355091094971e-01
2.290506064891815186e-01 3.291649818420410156e-01
2.243120074272155762e-01 2.359336018562316895e-01
2.124105542898178101e-01 3.977155983448028564e-01
2.110539674758911133e-01 2.505612373352050781e-01
2.099874615669250488e-01 4.377539455890655518e-01
2.099253833293914795e-01 2.814242839813232422e-01
2.087192237377166748e-01 2.650404274463653564e-01
2.064243406057357788e-01 2.837651669979095459e-01
2.056760638952255249e-01 2.467436343431472778e-01
2.051644921302795410e-01 8.784669637680053711e-01
2.044542431831359863e-01 2.826766371726989746e-01
2.034781128168106079e-01 2.142867296934127808e-01
2.032976448535919189e-01 2.164316028356552124e-01
2.011968642473220825e-01 2.108700126409530640e-01
1.988838762044906616e-01 2.471937984228134155e-01
1.983523964881896973e-01 2.278240770101547241e-01
1.978659778833389282e-01 2.087589353322982788e-01
1.966639459133148193e-01 2.176361978054046631e-01
1.885991543531417847e-01 2.623028159141540527e-01
1.868552714586257935e-01 2.171168923377990723e-01
1.863559484481811523e-01 2.993490695953369141e-01
1.854201555252075195e-01 1.887773722410202026e-01
1.852851063013076782e-01 2.885254919528961182e-01
1.836021393537521362e-01 1.992375254631042480e-01
1.801403611898422241e-01 2.456887811422348022e-01
1.787065118551254272e-01 2.198272347450256348e-01
1.781368404626846313e-01 1.902723610401153564e-01
1.748454570770263672e-01 1.919203698635101318e-01
1.734529733657836914e-01 1.800717860460281372e-01
1.720573306083679199e-01 2.016238868236541748e-01
1.720570325851440430e-01 2.030969262123107910e-01
1.719634532928466797e-01 2.075409293174743652e-01
1.718762964010238647e-01 3.411643803119659424e-01
1.703905463218688965e-01 1.787605732679367065e-01
1.694000661373138428e-01 1.964154243469238281e-01
1.689772456884384155e-01 2.026160806417465210e-01
1.687923371791839600e-01 1.824937164783477783e-01
1.654620617628097534e-01 2.601326406002044678e-01
1.652781218290328979e-01 1.991531997919082642e-01
1.631765663623809814e-01 2.917265594005584717e-01
1.625702083110809326e-01 2.232344895601272583e-01
1.606641262769699097e-01 1.810594052076339722e-01
1.603013724088668823e-01 1.606129556894302368e-01
1.601328998804092407e-01 1.809319108724594116e-01
1.578252464532852173e-01 1.708794385194778442e-01
1.570063680410385132e-01 2.455945163965225220e-01
1.558602899312973022e-01 2.098406553268432617e-01
1.553803086280822754e-01 1.984072476625442505e-01
1.549078971147537231e-01 2.551231086254119873e-01
1.516108661890029907e-01 1.589735001325607300e-01
1.433519273996353149e-01 1.499361097812652588e-01
1.350718736648559570e-01 1.449976414442062378e-01
1.346311569213867188e-01 1.357591450214385986e-01
1.253926008939743042e-01 1.280712932348251343e-01
9.101186692714691162e-02 9.137883037328720093e-02
4.818538948893547058e-02 4.840375855565071106e-02
