0.000000000000000000e+00 8.415995980612933636e-04
0.000000000000000000e+00 9.925800841301679611e-04
0.000000000000000000e+00 1.171504030935466290e-03
0.000000000000000000e+00 1.188742811791598797e-03
0.000000000000000000e+00 1.188896247185766697e-03
0.000000000000000000e+00 1.310383202508091927e-03
0.000000000000000000e+00 1.396994921378791332e-03
0.000000000000000000e+00 1.458016689866781235e-03
0.000000000000000000e+00 1.467355294153094292e-03
0.000000000000000000e+00 1.514640869572758675e-03
0.000000000000000000e+00 1.569119398482143879e-03
0.000000000000000000e+00 1.720457221381366253e-03
0.000000000000000000e+00 1.731269527226686478e-03
0.000000000000000000e+00 1.759539474733173847e-03
0.000000000000000000e+00 1.804943196475505829e-03
0.000000000000000000e+00 1.837887335568666458e-03
0.000000000000000000e+00 1.875642105005681515e-03
0.000000000000000000e+00 1.901311567053198814e-03
0.000000000000000000e+00 1.957771368324756622e-03
0.000000000000000000e+00 2.096854383125901222e-03
0.000000000000000000e+00 2.131237182766199112e-03
0.000000000000000000e+00 2.204051241278648376e-03
0.000000000000000000e+00 2.257334534078836441e-03
0.000000000000000000e+00 2.268047537654638290e-03
0.000000000000000000e+00 2.268911805003881454e-03
0.000000000000000000e+00 2.309794770553708076e-03
0.000000000000000000e+00 2.322680782526731491e-03
0.000000000000000000e+00 2.325524808838963509e-03
0.000000000000000000e+00 2.346298890188336372e-03
0.000000000000000000e+00 2.353900345042347908e-03
0.000000000000000000e+00 2.475361106917262077e-03
0.000000000000000000e+00 2.517248503863811493e-03
0.000000000000000000e+00 2.595413941890001297e-03
0.000000000000000000e+00 2.603459404781460762e-03
0.000000000000000000e+00 2.626250730827450752e-03
0.000000000000000000e+00 2.633713884279131889e-03
0.000000000000000000e+00 2.654297044500708580e-03
0.000000000000000000e+00 2.658025594428181648e-03
0.000000000000000000e+00 2.665895503014326096e-03
0.000000000000000000e+00 2.711489563807845116e-03
0.000000000000000000e+00 2.741251839324831963e-03
0.000000000000000000e+00 2.748945495113730431e-03
0.000000000000000000e+00 2.759977243840694427e-03
0.000000000000000000e+00 2.794536994770169258e-03
0.000000000000000000e+00 2.796796616166830063e-03
0.000000000000000000e+00 2.814817940816283226e-03
0.000000000000000000e+00 2.823733491823077202e-03
0.000000000000000000e+00 2.831811318174004555e-03
0.000000000000000000e+00 2.838516607880592346e-03
0.000000000000000000e+00 2.906770212575793266e-03
0.000000000000000000e+00 2.909532515332102776e-03
0.000000000000000000e+00 2.925390843302011490e-03
0.000000000000000000e+00 2.960881218314170837e-03
0.000000000000000000e+00 2.973620779812335968e-03
0.000000000000000000e+00 2.974461996927857399e-03
0.000000000000000000e+00 2.990565495565533638e-03
0.000000000000000000e+00 2.992163412272930145e-03
0.000000000000000000e+00 3.005530452355742455e-03
0.000000000000000000e+00 3.029137849807739258e-03
0.000000000000000000e+00 3.053209744393825531e-03
0.000000000000000000e+00 3.091471269726753235e-03
0.000000000000000000e+00 3.101178677752614021e-03
0.000000000000000000e+00 3.103589871898293495e-03
0.000000000000000000e+00 3.110101213678717613e-03
0.000000000000000000e+00 3.146950621157884598e-03
0.000000000000000000e+00 3.187707159668207169e-03
0.000000000000000000e+00 3.192101139575242996e-03
0.000000000000000000e+00 3.195269731804728508e-03
0.000000000000000000e+00 3.218159778043627739e-03
0.000000000000000000e+00 3.243618411943316460e-03
0.000000000000000000e+00 3.252231981605291367e-03
0.000000000000000000e+00 3.321106778457760811e-03
0.000000000000000000e+00 3.323874436318874359e-03
0.000000000000000000e+00 3.325164550915360451e-03
0.000000000000000000e+00 3.353369189426302910e-03
0.000000000000000000e+00 3.357296343892812729e-03
0.000000000000000000e+00 3.363335970789194107e-03
0.000000000000000000e+00 3.366760676726698875e-03
0.000000000000000000e+00 3.368264297023415565e-03
0.000000000000000000e+00 3.383013652637600899e-03
0.000000000000000000e+00 3.404381917789578438e-03
0.000000000000000000e+00 3.405627096071839333e-03
0.000000000000000000e+00 3.414215985685586929e-03
0.000000000000000000e+00 3.436077153310179710e-03
0.000000000000000000e+00 3.549910616129636765e-03
0.000000000000000000e+00 3.554035443812608719e-03
0.000000000000000000e+00 3.554696450009942055e-03
0.000000000000000000e+00 3.562236903235316277e-03
0.000000000000000000e+00 3.566372441127896309e-03
0.000000000000000000e+00 3.568380139768123627e-03
0.000000000000000000e+00 3.578076371923089027e-03
0.000000000000000000e+00 3.584878752008080482e-03
0.000000000000000000e+00 3.596554975956678391e-03
0.000000000000000000e+00 3.644566517323255539e-03
0.000000000000000000e+00 3.645211225375533104e-03
0.000000000000000000e+00 3.657674649730324745e-03
0.000000000000000000e+00 3.662669099867343903e-03
0.000000000000000000e+00 3.668180899694561958e-03
0.000000000000000000e+00 3.680328838527202606e-03
0.000000000000000000e+00 3.685221308842301369e-03
0.000000000000000000e+00 3.723511472344398499e-03
0.000000000000000000e+00 3.733725287020206451e-03
0.000000000000000000e+00 3.750224597752094269e-03
0.000000000000000000e+00 3.772033844143152237e-03
0.000000000000000000e+00 3.772374242544174194e-03
0.000000000000000000e+00 3.774030366912484169e-03
0.000000000000000000e+00 3.856294555589556694e-03
0.000000000000000000e+00 3.897619666531682014e-03
0.000000000000000000e+00 3.914278931915760040e-03
0.000000000000000000e+00 3.949403762817382812e-03
0.000000000000000000e+00 3.955409862101078033e-03
0.000000000000000000e+00 3.964382689446210861e-03
0.000000000000000000e+00 3.976971842348575592e-03
0.000000000000000000e+00 3.988329321146011353e-03
0.000000000000000000e+00 3.990736790001392365e-03
0.000000000000000000e+00 3.995039034634828568e-03
0.000000000000000000e+00 3.998492844402790070e-03
0.000000000000000000e+00 4.006075207144021988e-03
0.000000000000000000e+00 4.033727571368217468e-03
0.000000000000000000e+00 4.039313644170761108e-03
0.000000000000000000e+00 4.046496469527482986e-03
0.000000000000000000e+00 4.058249294757843018e-03
0.000000000000000000e+00 4.074025899171829224e-03
0.000000000000000000e+00 4.082420840859413147e-03
0.000000000000000000e+00 4.083547741174697876e-03
0.000000000000000000e+00 4.085105378180742264e-03
0.000000000000000000e+00 4.135277587920427322e-03
0.000000000000000000e+00 4.181741271167993546e-03
0.000000000000000000e+00 4.210430663079023361e-03
0.000000000000000000e+00 4.260126035660505295e-03
0.000000000000000000e+00 4.267948213964700699e-03
0.000000000000000000e+00 4.272119607776403427e-03
0.000000000000000000e+00 4.281035624444484711e-03
0.000000000000000000e+00 4.306776914745569229e-03
0.000000000000000000e+00 4.309399984776973724e-03
0.000000000000000000e+00 4.309506155550479889e-03
0.000000000000000000e+00 4.326144233345985413e-03
0.000000000000000000e+00 4.345033783465623856e-03
0.000000000000000000e+00 4.373969044536352158e-03
0.000000000000000000e+00 4.377126228064298630e-03
0.000000000000000000e+00 4.397802986204624176e-03
0.000000000000000000e+00 4.399774130433797836e-03
0.000000000000000000e+00 4.407494328916072845e-03
0.000000000000000000e+00 4.416019190102815628e-03
0.000000000000000000e+00 4.417283926159143448e-03
0.000000000000000000e+00 4.494145512580871582e-03
0.000000000000000000e+00 4.525105468928813934e-03
0.000000000000000000e+00 4.537752363830804825e-03
0.000000000000000000e+00 4.542803857475519180e-03
0.000000000000000000e+00 4.551805555820465088e-03
0.000000000000000000e+00 4.552074242383241653e-03
0.000000000000000000e+00 4.568882286548614502e-03
0.000000000000000000e+00 4.571637138724327087e-03
0.000000000000000000e+00 4.572759848088026047e-03
0.000000000000000000e+00 4.573054611682891846e-03
0.000000000000000000e+00 4.580410663038492203e-03
0.000000000000000000e+00 4.582797642797231674e-03
0.000000000000000000e+00 4.586913157254457474e-03
0.000000000000000000e+00 4.599479027092456818e-03
0.000000000000000000e+00 4.612010437995195389e-03
0.000000000000000000e+00 4.620676394551992416e-03
0.000000000000000000e+00 4.630272276699542999e-03
0.000000000000000000e+00 4.635225981473922729e-03
0.000000000000000000e+00 4.655893892049789429e-03
0.000000000000000000e+00 4.660320468246936798e-03
0.000000000000000000e+00 4.692016635090112686e-03
0.000000000000000000e+00 4.706316627562046051e-03
0.000000000000000000e+00 4.708542488515377045e-03
0.000000000000000000e+00 4.716702271252870560e-03
0.000000000000000000e+00 4.719701129943132401e-03
0.000000000000000000e+00 4.769931081682443619e-03
0.000000000000000000e+00 4.778921138495206833e-03
0.000000000000000000e+00 4.789250437170267105e-03
0.000000000000000000e+00 4.792683292180299759e-03
0.000000000000000000e+00 4.805477336049079895e-03
0.000000000000000000e+00 4.809739999473094940e-03
0.000000000000000000e+00 4.831855185329914093e-03
0.000000000000000000e+00 4.834208637475967407e-03
0.000000000000000000e+00 4.842906259000301361e-03
0.000000000000000000e+00 4.850787576287984848e-03
0.000000000000000000e+00 4.862675443291664124e-03
0.000000000000000000e+00 4.877197556197643280e-03
0.000000000000000000e+00 4.878768697381019592e-03
0.000000000000000000e+00 4.880742635577917099e-03
0.000000000000000000e+00 4.891211632639169693e-03
0.000000000000000000e+00 4.892007913440465927e-03
0.000000000000000000e+00 4.895967431366443634e-03
0.000000000000000000e+00 4.914356395602226257e-03
0.000000000000000000e+00 4.916606936603784561e-03
0.000000000000000000e+00 4.934297874569892883e-03
0.000000000000000000e+00 4.946440923959016800e-03
0.000000000000000000e+00 4.952774848788976669e-03
0.000000000000000000e+00 4.964525345712900162e-03
0.000000000000000000e+00 5.001701880246400833e-03
0.000000000000000000e+00 5.006662104278802872e-03
0.000000000000000000e+00 5.010238848626613617e-03
0.000000000000000000e+00 5.041975062340497971e-03
0.000000000000000000e+00 5.051020067185163498e-03
0.000000000000000000e+00 5.053580272942781448e-03
0.000000000000000000e+00 5.063180346041917801e-03
0.000000000000000000e+00 5.075879860669374466e-03
0.000000000000000000e+00 5.081953480839729309e-03
0.000000000000000000e+00 5.099294241517782211e-03
0.000000000000000000e+00 5.125804804265499115e-03
0.000000000000000000e+00 5.139835178852081299e-03
0.000000000000000000e+00 5.163437686860561371e-03
0.000000000000000000e+00 5.191768985241651535e-03
0.000000000000000000e+00 5.198553204536437988e-03
0.000000000000000000e+00 5.230023059993982315e-03
0.000000000000000000e+00 5.233290139585733414e-03
0.000000000000000000e+00 5.245845764875411987e-03
0.000000000000000000e+00 5.258074495941400528e-03
0.000000000000000000e+00 5.261059384793043137e-03
0.000000000000000000e+00 5.294856615364551544e-03
0.000000000000000000e+00 5.298450123518705368e-03
0.000000000000000000e+00 5.324045196175575256e-03
0.000000000000000000e+00 5.339791532605886459e-03
0.000000000000000000e+00 5.356949288398027420e-03
0.000000000000000000e+00 5.377184599637985229e-03
0.000000000000000000e+00 5.378539673984050751e-03
0.000000000000000000e+00 5.388142541050910950e-03
0.000000000000000000e+00 5.389106459915637970e-03
0.000000000000000000e+00 5.391988903284072876e-03
0.000000000000000000e+00 5.401259753853082657e-03
0.000000000000000000e+00 5.430264398455619812e-03
0.000000000000000000e+00 5.433273967355489731e-03
0.000000000000000000e+00 5.441167857497930527e-03
0.000000000000000000e+00 5.474090576171875000e-03
0.000000000000000000e+00 5.488829221576452255e-03
0.000000000000000000e+00 5.489341448992490768e-03
0.000000000000000000e+00 5.490357521921396255e-03
0.000000000000000000e+00 5.519763566553592682e-03
0.000000000000000000e+00 5.548680201172828674e-03
0.000000000000000000e+00 5.557666532695293427e-03
0.000000000000000000e+00 5.564628634601831436e-03
0.000000000000000000e+00 5.565742030739784241e-03
0.000000000000000000e+00 5.566590931266546249e-03
0.000000000000000000e+00 5.567024927586317062e-03
0.000000000000000000e+00 5.585552658885717392e-03
0.000000000000000000e+00 5.592348519712686539e-03
0.000000000000000000e+00 5.602546501904726028e-03
0.000000000000000000e+00 5.606032442301511765e-03
0.000000000000000000e+00 5.631061270833015442e-03
0.000000000000000000e+00 5.632176529616117477e-03
0.000000000000000000e+00 5.641884636133909225e-03
0.000000000000000000e+00 5.645400844514369965e-03
0.000000000000000000e+00 5.662544164806604385e-03
0.000000000000000000e+00 5.663465242832899094e-03
0.000000000000000000e+00 5.670325830578804016e-03
0.000000000000000000e+00 5.670995451509952545e-03
0.000000000000000000e+00 5.672657862305641174e-03
0.000000000000000000e+00 5.673088133335113525e-03
0.000000000000000000e+00 5.686536431312561035e-03
0.000000000000000000e+00 5.704589188098907471e-03
0.000000000000000000e+00 5.712059792131185532e-03
0.000000000000000000e+00 5.716040730476379395e-03
0.000000000000000000e+00 5.729244090616703033e-03
0.000000000000000000e+00 5.735725164413452148e-03
0.000000000000000000e+00 5.740954540669918060e-03
0.000000000000000000e+00 5.746326874941587448e-03
0.000000000000000000e+00 5.752958357334136963e-03
0.000000000000000000e+00 5.786169320344924927e-03
0.000000000000000000e+00 5.794913507997989655e-03
0.000000000000000000e+00 5.817535798996686935e-03
0.000000000000000000e+00 5.819561891257762909e-03
0.000000000000000000e+00 5.835950374603271484e-03
0.000000000000000000e+00 5.838138516992330551e-03
0.000000000000000000e+00 5.843817256391048431e-03
0.000000000000000000e+00 5.848588887602090836e-03
0.000000000000000000e+00 5.871707573533058167e-03
0.000000000000000000e+00 5.872513633221387863e-03
0.000000000000000000e+00 5.889486987143754959e-03
0.000000000000000000e+00 5.907807033509016037e-03
0.000000000000000000e+00 5.909443832933902740e-03
0.000000000000000000e+00 5.916264839470386505e-03
0.000000000000000000e+00 5.931138992309570312e-03
0.000000000000000000e+00 5.935888271778821945e-03
0.000000000000000000e+00 5.956047680228948593e-03
0.000000000000000000e+00 5.968492012470960617e-03
0.000000000000000000e+00 5.969788413494825363e-03
0.000000000000000000e+00 5.982441827654838562e-03
0.000000000000000000e+00 5.988047923892736435e-03
0.000000000000000000e+00 6.006352603435516357e-03
0.000000000000000000e+00 6.018600892275571823e-03
0.000000000000000000e+00 6.031335797160863876e-03
0.000000000000000000e+00 6.034981925040483475e-03
0.000000000000000000e+00 6.046900060027837753e-03
0.000000000000000000e+00 6.056346464902162552e-03
0.000000000000000000e+00 6.080569699406623840e-03
0.000000000000000000e+00 6.092230789363384247e-03
0.000000000000000000e+00 6.116880569607019424e-03
0.000000000000000000e+00 6.118269171565771103e-03
0.000000000000000000e+00 6.119880825281143188e-03
0.000000000000000000e+00 6.160978227853775024e-03
0.000000000000000000e+00 6.163822952657938004e-03
0.000000000000000000e+00 6.171782501041889191e-03
0.000000000000000000e+00 6.172849796712398529e-03
0.000000000000000000e+00 6.174062378704547882e-03
0.000000000000000000e+00 6.178094539791345596e-03
0.000000000000000000e+00 6.188940256834030151e-03
0.000000000000000000e+00 6.198473740369081497e-03
0.000000000000000000e+00 6.202450487762689590e-03
0.000000000000000000e+00 6.205060984939336777e-03
0.000000000000000000e+00 6.219005677849054337e-03
0.000000000000000000e+00 6.255410145968198776e-03
0.000000000000000000e+00 6.262758746743202209e-03
0.000000000000000000e+00 6.263163406401872635e-03
0.000000000000000000e+00 6.274651736021041870e-03
0.000000000000000000e+00 6.282018497586250305e-03
0.000000000000000000e+00 6.285270210355520248e-03
0.000000000000000000e+00 6.286559160798788071e-03
0.000000000000000000e+00 6.331244017928838730e-03
0.000000000000000000e+00 6.339584942907094955e-03
0.000000000000000000e+00 6.346879061311483383e-03
0.000000000000000000e+00 6.348428782075643539e-03
0.000000000000000000e+00 6.356691475957632065e-03
0.000000000000000000e+00 6.363401655107736588e-03
0.000000000000000000e+00 6.373422220349311829e-03
0.000000000000000000e+00 6.375525146722793579e-03
0.000000000000000000e+00 6.386904977262020111e-03
0.000000000000000000e+00 6.388810928910970688e-03
0.000000000000000000e+00 6.407704204320907593e-03
0.000000000000000000e+00 6.427123676985502243e-03
0.000000000000000000e+00 6.431937217712402344e-03
0.000000000000000000e+00 6.433370988816022873e-03
0.000000000000000000e+00 6.450493354350328445e-03
0.000000000000000000e+00 6.452438887208700180e-03
0.000000000000000000e+00 6.470127496868371964e-03
0.000000000000000000e+00 6.473132874816656113e-03
0.000000000000000000e+00 6.479450501501560211e-03
0.000000000000000000e+00 6.493705790489912033e-03
0.000000000000000000e+00 6.495933048427104950e-03
0.000000000000000000e+00 6.512070074677467346e-03
0.000000000000000000e+00 6.514015607535839081e-03
0.000000000000000000e+00 6.515829823911190033e-03
0.000000000000000000e+00 6.523917894810438156e-03
0.000000000000000000e+00 6.528018508106470108e-03
0.000000000000000000e+00 6.533072795718908310e-03
0.000000000000000000e+00 6.540364585816860199e-03
0.000000000000000000e+00 6.560404319316148758e-03
0.000000000000000000e+00 6.569802761077880859e-03
0.000000000000000000e+00 6.576044019311666489e-03
0.000000000000000000e+00 6.577142048627138138e-03
0.000000000000000000e+00 6.609052419662475586e-03
0.000000000000000000e+00 6.639711093157529831e-03
0.000000000000000000e+00 6.642883643507957458e-03
0.000000000000000000e+00 6.660907529294490814e-03
0.000000000000000000e+00 6.685074418783187866e-03
0.000000000000000000e+00 6.727751344442367554e-03
0.000000000000000000e+00 6.729742512106895447e-03
0.000000000000000000e+00 6.738627329468727112e-03
0.000000000000000000e+00 6.771621759980916977e-03
0.000000000000000000e+00 6.793651729822158813e-03
0.000000000000000000e+00 6.793958600610494614e-03
0.000000000000000000e+00 6.796239875257015228e-03
0.000000000000000000e+00 6.804025266319513321e-03
0.000000000000000000e+00 6.860098335891962051e-03
0.000000000000000000e+00 6.893688347190618515e-03
0.000000000000000000e+00 6.894872523844242096e-03
0.000000000000000000e+00 6.906442344188690186e-03
0.000000000000000000e+00 6.920737214386463165e-03
0.000000000000000000e+00 6.928270217031240463e-03
0.000000000000000000e+00 6.948078982532024384e-03
0.000000000000000000e+00 6.952597759664058685e-03
0.000000000000000000e+00 6.954563781619071960e-03
0.000000000000000000e+00 6.955404765903949738e-03
0.000000000000000000e+00 7.030990906059741974e-03
0.000000000000000000e+00 7.050250656902790070e-03
0.000000000000000000e+00 7.062453310936689377e-03
0.000000000000000000e+00 7.111634127795696259e-03
0.000000000000000000e+00 7.125903386622667313e-03
0.000000000000000000e+00 7.128051947802305222e-03
0.000000000000000000e+00 7.167716976255178452e-03
0.000000000000000000e+00 7.169198244810104370e-03
0.000000000000000000e+00 7.243427913635969162e-03
0.000000000000000000e+00 7.248656824231147766e-03
0.000000000000000000e+00 7.271836511790752411e-03
0.000000000000000000e+00 7.289493922144174576e-03
0.000000000000000000e+00 7.342442870140075684e-03
0.000000000000000000e+00 7.372628897428512573e-03
0.000000000000000000e+00 7.406619377434253693e-03
0.000000000000000000e+00 7.407676428556442261e-03
0.000000000000000000e+00 7.429008372128009796e-03
0.000000000000000000e+00 7.447432260960340500e-03
0.000000000000000000e+00 7.451863493770360947e-03
0.000000000000000000e+00 7.470580283552408218e-03
0.000000000000000000e+00 7.471846416592597961e-03
0.000000000000000000e+00 7.480558473616838455e-03
0.000000000000000000e+00 7.517800200730562210e-03
0.000000000000000000e+00 7.576189469546079636e-03
0.000000000000000000e+00 7.583004422485828400e-03
0.000000000000000000e+00 7.618171162903308868e-03
0.000000000000000000e+00 7.681205403059720993e-03
0.000000000000000000e+00 7.792646065354347229e-03
0.000000000000000000e+00 7.908736355602741241e-03
0.000000000000000000e+00 7.924670353531837463e-03
0.000000000000000000e+00 7.937106303870677948e-03
0.000000000000000000e+00 7.958801463246345520e-03
0.000000000000000000e+00 7.959566079080104828e-03
0.000000000000000000e+00 7.960983552038669586e-03
0.000000000000000000e+00 7.980113849043846130e-03
0.000000000000000000e+00 7.984634488821029663e-03
0.000000000000000000e+00 7.996344938874244690e-03
0.000000000000000000e+00 8.123603649437427521e-03
0.000000000000000000e+00 8.139874786138534546e-03
0.000000000000000000e+00 8.155406452715396881e-03
0.000000000000000000e+00 8.165831677615642548e-03
0.000000000000000000e+00 8.170543238520622253e-03
0.000000000000000000e+00 8.183773607015609741e-03
0.000000000000000000e+00 8.195407688617706299e-03
0.000000000000000000e+00 8.242490701377391815e-03
0.000000000000000000e+00 8.248264901340007782e-03
0.000000000000000000e+00 8.283432573080062866e-03
0.000000000000000000e+00 8.299263194203376770e-03
0.000000000000000000e+00 8.311181329190731049e-03
0.000000000000000000e+00 8.338131941854953766e-03
0.000000000000000000e+00 8.367913775146007538e-03
0.000000000000000000e+00 8.401354774832725525e-03
0.000000000000000000e+00 8.413931354880332947e-03
0.000000000000000000e+00 8.420982398092746735e-03
0.000000000000000000e+00 8.427496068179607391e-03
0.000000000000000000e+00 8.475003764033317566e-03
0.000000000000000000e+00 8.487581275403499603e-03
0.000000000000000000e+00 8.489543572068214417e-03
0.000000000000000000e+00 8.536002598702907562e-03
0.000000000000000000e+00 8.556996472179889679e-03
0.000000000000000000e+00 8.633136749267578125e-03
0.000000000000000000e+00 8.635855279862880707e-03
0.000000000000000000e+00 8.759006857872009277e-03
0.000000000000000000e+00 8.767912164330482483e-03
0.000000000000000000e+00 8.847283199429512024e-03
0.000000000000000000e+00 8.873911574482917786e-03
0.000000000000000000e+00 8.881151676177978516e-03
0.000000000000000000e+00 8.974589407444000244e-03
0.000000000000000000e+00 8.980381302535533905e-03
0.000000000000000000e+00 9.006545878946781158e-03
0.000000000000000000e+00 9.015700779855251312e-03
0.000000000000000000e+00 9.088953956961631775e-03
0.000000000000000000e+00 9.090485982596874237e-03
0.000000000000000000e+00 9.115263819694519043e-03
0.000000000000000000e+00 9.165632538497447968e-03
0.000000000000000000e+00 9.243822656571865082e-03
0.000000000000000000e+00 9.375266730785369873e-03
0.000000000000000000e+00 9.379351511597633362e-03
0.000000000000000000e+00 9.407443925738334656e-03
0.000000000000000000e+00 9.438019245862960815e-03
0.000000000000000000e+00 9.508581832051277161e-03
0.000000000000000000e+00 9.669909253716468811e-03
0.000000000000000000e+00 9.682406671345233917e-03
0.000000000000000000e+00 9.758934378623962402e-03
0.000000000000000000e+00 9.773625992238521576e-03
0.000000000000000000e+00 9.807265363633632660e-03
0.000000000000000000e+00 9.845142252743244171e-03
0.000000000000000000e+00 9.874044917523860931e-03
0.000000000000000000e+00 9.950830601155757904e-03
0.000000000000000000e+00 9.967643767595291138e-03
0.000000000000000000e+00 1.000656560063362122e-02
0.000000000000000000e+00 1.002267841249704361e-02
0.000000000000000000e+00 1.010199822485446930e-02
0.000000000000000000e+00 1.010409183800220490e-02
0.000000000000000000e+00 1.011739205569028854e-02
0.000000000000000000e+00 1.014059688895940781e-02
0.000000000000000000e+00 1.022306550294160843e-02
0.000000000000000000e+00 1.024725474417209625e-02
0.000000000000000000e+00 1.033496577292680740e-02
0.000000000000000000e+00 1.037092786282300949e-02
0.000000000000000000e+00 1.046961639076471329e-02
0.000000000000000000e+00 1.048846263438463211e-02
0.000000000000000000e+00 1.058127451688051224e-02
0.000000000000000000e+00 1.065763458609580994e-02
0.000000000000000000e+00 1.066856831312179565e-02
0.000000000000000000e+00 1.077958755195140839e-02
0.000000000000000000e+00 1.081477012485265732e-02
0.000000000000000000e+00 1.083849463611841202e-02
0.000000000000000000e+00 1.097350753843784332e-02
0.000000000000000000e+00 1.101647689938545227e-02
0.000000000000000000e+00 1.105654053390026093e-02
0.000000000000000000e+00 1.106239203363656998e-02
0.000000000000000000e+00 1.114470139145851135e-02
0.000000000000000000e+00 1.114705577492713928e-02
0.000000000000000000e+00 1.124270725995302200e-02
0.000000000000000000e+00 1.131545659154653549e-02
0.000000000000000000e+00 1.143122743815183640e-02
0.000000000000000000e+00 1.144548412412405014e-02
0.000000000000000000e+00 1.166210230439901352e-02
0.000000000000000000e+00 1.178955379873514175e-02
0.000000000000000000e+00 1.193551812320947647e-02
0.000000000000000000e+00 1.193832140415906906e-02
0.000000000000000000e+00 1.207988336682319641e-02
0.000000000000000000e+00 1.215518452227115631e-02
0.000000000000000000e+00 1.226996537297964096e-02
0.000000000000000000e+00 1.248470786958932877e-02
0.000000000000000000e+00 1.264461129903793335e-02
0.000000000000000000e+00 1.312422659248113632e-02
0.000000000000000000e+00 1.331207156181335449e-02
0.000000000000000000e+00 1.358448527753353119e-02
0.000000000000000000e+00 1.394505519419908524e-02
0.000000000000000000e+00 3.497303724288940430e-01
0.000000000000000000e+00 6.015676259994506836e-01
