3.117932751774787903e-02 3.225363418459892273e-02
3.013374283909797668e-02 3.175026923418045044e-02
2.793672680854797363e-02 2.908737957477569580e-02
2.701705694198608398e-02 2.941680885851383209e-02
2.544387802481651306e-02 2.551496773958206177e-02
2.476994320750236511e-02 2.567134797573089600e-02
2.407251670956611633e-02 2.534383535385131836e-02
2.348558790981769562e-02 2.390019968152046204e-02
2.303202822804450989e-02 2.451374940574169159e-02
2.261256985366344452e-02 2.400612644851207733e-02
2.239776775240898132e-02 2.365448512136936188e-02
2.194406278431415558e-02 2.223098464310169220e-02
2.190401963889598846e-02 2.401864901185035706e-02
2.152255363762378693e-02 2.402909286320209503e-02
2.143186330795288086e-02 2.458679676055908203e-02
2.127086371183395386e-02 2.190227061510086060e-02
2.111682668328285217e-02 2.351927943527698517e-02
2.098575048148632050e-02 2.175651118159294128e-02
2.068080566823482513e-02 2.210503257811069489e-02
2.051515690982341766e-02 2.173648588359355927e-02
2.028359845280647278e-02 2.247347682714462280e-02
2.019994519650936127e-02 2.037183754146099091e-02
1.988259889185428619e-02 2.129697985947132111e-02
1.985721290111541748e-02 2.051946148276329041e-02
1.937414892017841339e-02 2.586124651134014130e-02
1.925367861986160278e-02 1.939944364130496979e-02
1.918789930641651154e-02 1.939679682254791260e-02
1.888535730540752411e-02 2.048339694738388062e-02
1.878306269645690918e-02 2.010469511151313782e-02
1.875137537717819214e-02 1.997480913996696472e-02
1.867366954684257507e-02 2.024466730654239655e-02
1.857233792543411255e-02 2.337447181344032288e-02
1.844118535518646240e-02 1.984369009733200073e-02
1.756597682833671570e-02 1.774334721267223358e-02
1.753220707178115845e-02 1.877371594309806824e-02
1.724357903003692627e-02 1.844377815723419189e-02
1.720224507153034210e-02 1.816944032907485962e-02
1.705617085099220276e-02 1.899780891835689545e-02
1.704065501689910889e-02 2.424681000411510468e-02
1.684068515896797180e-02 1.736040040850639343e-02
1.681746356189250946e-02 1.693643257021903992e-02
1.665974222123622894e-02 1.722296327352523804e-02
1.662812568247318268e-02 1.697241142392158508e-02
1.660637184977531433e-02 1.816944032907485962e-02
1.657259091734886169e-02 1.840176060795783997e-02
1.653419807553291321e-02 1.706068031489849091e-02
1.633154228329658508e-02 1.743718609213829041e-02
1.623598486185073853e-02 1.676887273788452148e-02
1.617959141731262207e-02 2.044787630438804626e-02
1.615885086357593536e-02 1.772713288664817810e-02
1.613977737724781036e-02 1.699947938323020935e-02
1.613902300596237183e-02 2.068062871694564819e-02
1.608720608055591583e-02 1.911266334354877472e-02
1.608621142804622650e-02 1.626342162489891052e-02
1.597969047725200653e-02 1.835254766047000885e-02
1.589793898165225983e-02 1.657570712268352509e-02
1.588690653443336487e-02 1.663280650973320007e-02
1.585188880562782288e-02 1.952381990849971771e-02
1.576687954366207123e-02 2.105168066918849945e-02
1.561203040182590485e-02 2.201105467975139618e-02
1.552341412752866745e-02 1.870860159397125244e-02
1.544445473700761795e-02 1.551186759024858475e-02
1.542510930448770523e-02 2.069476805627346039e-02
1.538220979273319244e-02 1.820211671292781830e-02
1.524330303072929382e-02 1.732304506003856659e-02
1.523162703961133957e-02 1.576605439186096191e-02
1.495125982910394669e-02 2.184199541807174683e-02
1.478351652622222900e-02 1.542454026639461517e-02
1.475981343537569046e-02 1.540430821478366852e-02
1.475812867283821106e-02 1.590585149824619293e-02
1.445984188467264175e-02 1.525141019374132156e-02
1.435176841914653778e-02 1.516675949096679688e-02
1.411987468600273132e-02 1.454846374690532684e-02
1.405572891235351562e-02 1.655780524015426636e-02
1.394706591963768005e-02 1.601532660424709320e-02
1.393499691039323807e-02 1.581645384430885315e-02
1.385520771145820618e-02 1.505149155855178833e-02
1.382187008857727051e-02 1.434736605733633041e-02
1.370200328528881073e-02 1.445540599524974823e-02
1.366887707263231277e-02 1.590585149824619293e-02
1.362215727567672729e-02 1.434430945664644241e-02
1.361773069947957993e-02 1.742177456617355347e-02
1.355542521923780441e-02 1.783214136958122253e-02
1.354362256824970245e-02 1.880131289362907410e-02
1.353853102773427963e-02 1.482602860778570175e-02
1.353757083415985107e-02 1.441727299243211746e-02
1.348832994699478149e-02 1.455169357359409332e-02
1.348057389259338379e-02 1.547482330352067947e-02
1.340608950704336166e-02 1.380176097154617310e-02
1.332347746938467026e-02 1.859935186803340912e-02
1.330156531184911728e-02 1.460425835102796555e-02
1.328214816749095917e-02 1.595962792634963989e-02
1.317712105810642242e-02 1.329712662845849991e-02
1.311263535171747208e-02 1.967147924005985260e-02
1.309440378099679947e-02 1.568227820098400116e-02
1.301908213645219803e-02 1.327148824930191040e-02
1.297228410840034485e-02 1.387164928019046783e-02
1.291375327855348587e-02 1.330433879047632217e-02
1.290639862418174744e-02 1.650218293070793152e-02
1.287680957466363907e-02 1.413126103579998016e-02
1.277150772511959076e-02 1.866487599909305573e-02
1.275014225393533707e-02 1.691839471459388733e-02
1.274268142879009247e-02 1.746827363967895508e-02
1.270107645541429520e-02 1.436193380504846573e-02
1.269642915576696396e-02 1.312522776424884796e-02
1.247053500264883041e-02 1.384558249264955521e-02
1.246395800262689590e-02 1.517383567988872528e-02
1.246155891567468643e-02 1.490506809204816818e-02
1.234222482889890671e-02 1.346633210778236389e-02
1.228354778140783310e-02 1.445433124899864197e-02
1.227471791207790375e-02 1.536210440099239349e-02
1.224072463810443878e-02 1.252971962094306946e-02
1.201349031180143356e-02 1.805104874074459076e-02
1.197205483913421631e-02 1.218951493501663208e-02
1.195268798619508743e-02 1.600582525134086609e-02
1.188591029495000839e-02 1.406877394765615463e-02
1.179705001413822174e-02 1.416858192533254623e-02
1.177018508315086365e-02 1.332119293510913849e-02
1.172319240868091583e-02 1.596872135996818542e-02
1.167048327624797821e-02 1.242519728839397430e-02
1.157867256551980972e-02 1.177089847624301910e-02
1.155648753046989441e-02 1.373281888663768768e-02
1.151080057024955750e-02 1.571128144860267639e-02
1.136749982833862305e-02 1.406914740800857544e-02
1.131759304553270340e-02 1.268612872809171677e-02
1.131263934075832367e-02 1.281781122088432312e-02
1.129658520221710205e-02 1.148846093565225601e-02
1.120095700025558472e-02 1.136591844260692596e-02
1.114779338240623474e-02 1.161067187786102295e-02
1.113902777433395386e-02 1.201230566948652267e-02
1.111459825187921524e-02 1.173437479883432388e-02
1.109373942017555237e-02 1.511996332556009293e-02
1.090216822922229767e-02 1.334517728537321091e-02
1.088528800755739212e-02 1.160027645528316498e-02
1.051471848040819168e-02 1.140493061393499374e-02
1.049574464559555054e-02 1.142140384763479233e-02
1.046516653150320053e-02 1.159660797566175461e-02
1.039478089660406113e-02 1.519821770489215851e-02
1.037168409675359726e-02 1.139242947101593018e-02
1.033527590334415436e-02 1.123782433569431305e-02
1.005047373473644257e-02 1.083838287740945816e-02
1.003502309322357178e-02 1.031148526817560196e-02
1.002794504165649414e-02 1.107226498425006866e-02
9.883896447718143463e-03 1.055663079023361206e-02
9.846813976764678955e-03 1.017422601580619812e-02
9.741083718836307526e-03 1.630643010139465332e-02
9.409881196916103363e-03 1.072327140718698502e-02
9.330946952104568481e-03 1.215131767094135284e-02
9.322687052190303802e-03 1.019920874387025833e-02
9.072108194231987000e-03 9.617358446121215820e-03
9.047258645296096802e-03 1.131451595574617386e-02
8.889098651707172394e-03 9.848953224718570709e-03
8.743406273424625397e-03 1.247307378798723221e-02
8.673435077071189880e-03 1.178143732249736786e-02
8.549436926841735840e-03 1.023222412914037704e-02
8.532676845788955688e-03 9.633211418986320496e-03
8.519376628100872040e-03 9.541980922222137451e-03
8.512267842888832092e-03 9.289951995015144348e-03
8.411978371441364288e-03 8.912819437682628632e-03
8.391453884541988373e-03 8.914465084671974182e-03
8.309498429298400879e-03 8.565880358219146729e-03
7.931340485811233521e-03 8.727506734430789948e-03
7.848667912185192108e-03 8.267082273960113525e-03
7.776941638439893723e-03 7.912405766546726227e-03
7.652849890291690826e-03 8.872381411492824554e-03
7.559936959296464920e-03 7.734449580311775208e-03
7.500670384615659714e-03 7.729258388280868530e-03
7.425994612276554108e-03 7.773437537252902985e-03
7.389963138848543167e-03 9.234865196049213409e-03
7.359256502240896225e-03 9.471334517002105713e-03
7.345958147197961807e-03 1.028175093233585358e-02
7.340056356042623520e-03 8.569738827645778656e-03
7.328019011765718460e-03 7.669060956686735153e-03
7.327456492930650711e-03 7.704013027250766754e-03
6.998294964432716370e-03 7.423886563628911972e-03
6.767186801880598068e-03 9.242120198905467987e-03
6.411714479327201843e-03 6.941264029592275620e-03
6.255546119064092636e-03 6.922698114067316055e-03
6.208392791450023651e-03 6.661758758127689362e-03
6.046043708920478821e-03 6.219069473445415497e-03
5.887397564947605133e-03 7.887203246355056763e-03
4.455782938748598099e-03 4.836852662265300751e-03
4.008480813354253769e-03 4.247896373271942139e-03
3.733487566933035851e-03 4.291465040296316147e-03
3.731650998815894127e-03 4.371590446680784225e-03
3.665718249976634979e-03 3.743160748854279518e-03
3.665428375825285912e-03 3.820589976385235786e-03
3.216988639906048775e-03 4.190366249531507492e-03
3.059394890442490578e-03 3.063730662688612938e-03
2.971354639157652855e-03 3.382411086931824684e-03
2.575626829639077187e-03 2.753317821770906448e-03
2.275081584230065346e-03 2.469251397997140884e-03
2.087100408971309662e-03 2.457481808960437775e-03
1.706550014205276966e-03 2.134800655767321587e-03
