0.000000000000000000e+00 4.473474535092080567e-02
0.000000000000000000e+00 4.125837333693389147e-02
0.000000000000000000e+00 3.030962605398230050e-02
0.000000000000000000e+00 2.761116773589580506e-02
0.000000000000000000e+00 3.329325959674080820e-02
0.000000000000000000e+00 3.266502880599041897e-02
0.000000000000000000e+00 2.734687312616632809e-02
0.000000000000000000e+00 2.682585110791117430e-02
0.000000000000000000e+00 3.435232163089459168e-02
0.000000000000000000e+00 2.243621246214949627e-02
0.000000000000000000e+00 3.303307789433167913e-02
0.000000000000000000e+00 1.050486138225102326e-02
0.000000000000000000e+00 2.339999965995061618e-02
0.000000000000000000e+00 3.648743011013613757e-02
0.000000000000000000e+00 2.830256510427391417e-02
0.000000000000000000e+00 2.554787853997486993e-02
0.000000000000000000e+00 2.060911167536362207e-02
0.000000000000000000e+00 8.140106014948491481e-03
0.000000000000000000e+00 2.189135570077555340e-02
0.000000000000000000e+00 1.970815527389328456e-02
0.000000000000000000e+00 2.190094743893437543e-02
0.000000000000000000e+00 1.785083584993189115e-02
0.000000000000000000e+00 3.107767087789055360e-02
0.000000000000000000e+00 1.838537397221699787e-02
0.000000000000000000e+00 1.401320801572767186e-02
0.000000000000000000e+00 2.182919520006611214e-02
0.000000000000000000e+00 1.441904044917557796e-02
0.000000000000000000e+00 2.164822163854247458e-02
0.000000000000000000e+00 1.815267317121984844e-02
0.000000000000000000e+00 3.747117285846369300e-02
0.000000000000000000e+00 2.260138530768850823e-02
0.000000000000000000e+00 1.610590433983943165e-02
0.000000000000000000e+00 1.091601411044326383e-03
0.000000000000000000e+00 1.188383632499905550e-02
0.000000000000000000e+00 3.359580687163293833e-02
0.000000000000000000e+00 2.290921724766747936e-02
0.000000000000000000e+00 2.908212277193211737e-02
0.000000000000000000e+00 2.603941106618910123e-02
0.000000000000000000e+00 1.204765936435736595e-02
0.000000000000000000e+00 3.746431281274392039e-02
0.000000000000000000e+00 2.430511146281498155e-02
0.000000000000000000e+00 1.371631803981951912e-02
0.000000000000000000e+00 1.320392146617418820e-02
0.000000000000000000e+00 2.783308138897390427e-02
0.000000000000000000e+00 3.022942589308818401e-02
0.000000000000000000e+00 5.796213984260661402e-03
0.000000000000000000e+00 2.104865783729708076e-02
0.000000000000000000e+00 1.768781405738563406e-02
0.000000000000000000e+00 1.624164612171100433e-02
0.000000000000000000e+00 1.651671363745059115e-02
0.000000000000000000e+00 1.631943769116657797e-02
0.000000000000000000e+00 2.032273068042733666e-02
0.000000000000000000e+00 2.419646252109461035e-02
0.000000000000000000e+00 1.719730068350163246e-02
0.000000000000000000e+00 2.250942539082505592e-02
0.000000000000000000e+00 2.180230616952562317e-02
0.000000000000000000e+00 6.176052189445466710e-03
0.000000000000000000e+00 1.641692989867450962e-03
0.000000000000000000e+00 7.313093743208561211e-03
0.000000000000000000e+00 1.815463448799073398e-02
0.000000000000000000e+00 1.549598453541428840e-02
0.000000000000000000e+00 2.615981466287677429e-02
0.000000000000000000e+00 2.643269580252993745e-02
0.000000000000000000e+00 1.756122934648730177e-02
0.000000000000000000e+00 2.179729812921421192e-02
0.000000000000000000e+00 2.571774230619451942e-02
0.000000000000000000e+00 1.553401570085238652e-02
0.000000000000000000e+00 2.560364712003937102e-02
0.000000000000000000e+00 9.503282108909149109e-03
0.000000000000000000e+00 2.728821528524952300e-02
0.000000000000000000e+00 8.264205304088133308e-03
0.000000000000000000e+00 8.199247526702715949e-03
0.000000000000000000e+00 2.829438173933306391e-02
0.000000000000000000e+00 2.178755197373816871e-02
0.000000000000000000e+00 1.898188172773385141e-02
0.000000000000000000e+00 2.160349174375450487e-02
0.000000000000000000e+00 1.867450089988717185e-02
0.000000000000000000e+00 1.123552595955268872e-02
0.000000000000000000e+00 1.347300240925091916e-02
0.000000000000000000e+00 1.837873584230101040e-02
0.000000000000000000e+00 2.098709691669141744e-02
0.000000000000000000e+00 1.849785517271068658e-02
0.000000000000000000e+00 3.864249762890568235e-02
0.000000000000000000e+00 2.151176667845580009e-02
0.000000000000000000e+00 2.182161100208637045e-02
0.000000000000000000e+00 2.545851677420599840e-02
0.000000000000000000e+00 1.258586339361873578e-02
0.000000000000000000e+00 1.562284530145807530e-02
0.000000000000000000e+00 1.756064525728827375e-02
0.000000000000000000e+00 2.210204096914158978e-02
0.000000000000000000e+00 1.255410062930023725e-02
0.000000000000000000e+00 1.577409288215588651e-02
0.000000000000000000e+00 2.994870334684613875e-02
0.000000000000000000e+00 2.521136524151826319e-02
0.000000000000000000e+00 1.077302059941878665e-02
0.000000000000000000e+00 1.552459101794364908e-02
0.000000000000000000e+00 2.748909665737475291e-02
0.000000000000000000e+00 2.181396714542684079e-02
0.000000000000000000e+00 1.058227066007070161e-03
0.000000000000000000e+00 1.664467967280226779e-02
0.000000000000000000e+00 1.980776664989424007e-02
0.000000000000000000e+00 2.790869661470204294e-02
0.000000000000000000e+00 1.925112032846813120e-02
0.000000000000000000e+00 1.913257702961378148e-02
0.000000000000000000e+00 6.748334421189165939e-03
0.000000000000000000e+00 2.088536731384940323e-02
0.000000000000000000e+00 2.161963554188200271e-02
0.000000000000000000e+00 2.478973861162811140e-02
0.000000000000000000e+00 3.058089709991527322e-02
0.000000000000000000e+00 1.838141477680962574e-02
0.000000000000000000e+00 9.842876523741791658e-03
0.000000000000000000e+00 2.905691484617036781e-03
0.000000000000000000e+00 2.637831601546638052e-02
0.000000000000000000e+00 1.875188644709990804e-02
0.000000000000000000e+00 2.489694286295232942e-02
0.000000000000000000e+00 1.539943582532561812e-02
0.000000000000000000e+00 7.803742337156522116e-03
0.000000000000000000e+00 1.134410603298141411e-02
0.000000000000000000e+00 1.473520374510003603e-02
0.000000000000000000e+00 1.625851772621175750e-02
0.000000000000000000e+00 1.195634071428444516e-02
0.000000000000000000e+00 2.276568956731246304e-02
0.000000000000000000e+00 7.973396715515796568e-03
0.000000000000000000e+00 1.445989861175687660e-02
0.000000000000000000e+00 1.209611905184863889e-02
0.000000000000000000e+00 2.134213449878075500e-02
0.000000000000000000e+00 1.451887761315765434e-02
0.000000000000000000e+00 1.880426225300886600e-02
0.000000000000000000e+00 1.572572766554867357e-02
0.000000000000000000e+00 1.486061578861396296e-02
0.000000000000000000e+00 1.179011134536792245e-02
0.000000000000000000e+00 1.001322812095544953e-02
0.000000000000000000e+00 1.258253879801096708e-02
0.000000000000000000e+00 1.329482355541662490e-02
0.000000000000000000e+00 2.211670601067048172e-02
0.000000000000000000e+00 1.940325333427592516e-02
0.000000000000000000e+00 2.197502525686785210e-02
0.000000000000000000e+00 1.487144982039241906e-02
0.000000000000000000e+00 7.595331474312016183e-03
0.000000000000000000e+00 1.890933482422026829e-02
0.000000000000000000e+00 1.694340116752755115e-02
0.000000000000000000e+00 1.616641049452753262e-02
0.000000000000000000e+00 1.482813989927464840e-02
0.000000000000000000e+00 5.858642951839870654e-03
0.000000000000000000e+00 9.439919757060247565e-03
0.000000000000000000e+00 1.867246830815437464e-02
0.000000000000000000e+00 2.126209402957629502e-02
0.000000000000000000e+00 1.292445660834196791e-02
0.000000000000000000e+00 1.591468948301204625e-02
0.000000000000000000e+00 1.463849946193450900e-02
0.000000000000000000e+00 3.272009442407068647e-03
0.000000000000000000e+00 1.027655983119860408e-02
0.000000000000000000e+00 2.077944119211763349e-02
0.000000000000000000e+00 1.933648769468597831e-02
0.000000000000000000e+00 2.733956183730546635e-02
0.000000000000000000e+00 1.759458485166379496e-02
0.000000000000000000e+00 4.494699776393135116e-03
0.000000000000000000e+00 2.249914718497224991e-02
0.000000000000000000e+00 8.293122664120572765e-03
0.000000000000000000e+00 1.758278132135755040e-02
0.000000000000000000e+00 8.512880826530552780e-03
0.000000000000000000e+00 1.166478402929898260e-02
0.000000000000000000e+00 1.387373402301467738e-02
0.000000000000000000e+00 7.618088238135626959e-03
0.000000000000000000e+00 8.364372554319245145e-03
0.000000000000000000e+00 3.705842902288325209e-03
0.000000000000000000e+00 2.097922525115548942e-02
0.000000000000000000e+00 1.093750762226322615e-02
0.000000000000000000e+00 1.809454413642325177e-02
0.000000000000000000e+00 2.150626139226971198e-02
0.000000000000000000e+00 1.458777625428313643e-02
0.000000000000000000e+00 2.710935748056713616e-03
0.000000000000000000e+00 3.259533689149288899e-02
0.000000000000000000e+00 1.104642924786373819e-02
0.000000000000000000e+00 1.750010944882489372e-02
0.000000000000000000e+00 1.620066859414380153e-02
0.000000000000000000e+00 1.425903570017284828e-02
0.000000000000000000e+00 1.495770952910300232e-02
0.000000000000000000e+00 3.895560346585724004e-02
0.000000000000000000e+00 2.004883366486449880e-02
0.000000000000000000e+00 1.457086144396134951e-02
0.000000000000000000e+00 1.144749367487432785e-02
0.000000000000000000e+00 9.873947659267892987e-03
0.000000000000000000e+00 1.744258157942416704e-02
0.000000000000000000e+00 1.346070281167655730e-02
0.000000000000000000e+00 4.975352596265063092e-03
0.000000000000000000e+00 3.433448746992100176e-02
0.000000000000000000e+00 7.539523368176752338e-03
0.000000000000000000e+00 5.812645048468374244e-03
0.000000000000000000e+00 6.855687861177157429e-03
0.000000000000000000e+00 1.853582327112377609e-02
0.000000000000000000e+00 1.479830877959007786e-02
0.000000000000000000e+00 3.245881262907950038e-02
0.000000000000000000e+00 1.772084156144766720e-02
0.000000000000000000e+00 1.386174853962959114e-02
0.000000000000000000e+00 9.326188763100097881e-03
0.000000000000000000e+00 1.158024713722231175e-02
0.000000000000000000e+00 1.638682057919126425e-02
0.000000000000000000e+00 2.205919449295697457e-02
0.000000000000000000e+00 1.874620226996763159e-02
0.000000000000000000e+00 1.405940452197863323e-02
0.000000000000000000e+00 2.470293597329423912e-03
0.000000000000000000e+00 8.994476205422876139e-03
0.000000000000000000e+00 1.422634732797705033e-02
0.000000000000000000e+00 1.840399522905191571e-02
0.000000000000000000e+00 2.165397495210499498e-02
0.000000000000000000e+00 1.744417258359202624e-02
0.000000000000000000e+00 1.721765577493298074e-02
0.000000000000000000e+00 1.075003423520036472e-02
0.000000000000000000e+00 6.315152244009612954e-03
0.000000000000000000e+00 6.513010944574932660e-03
0.000000000000000000e+00 4.704514912044534432e-03
0.000000000000000000e+00 2.419455099751862542e-02
0.000000000000000000e+00 2.883432559047023093e-03
0.000000000000000000e+00 1.585853192781747772e-02
0.000000000000000000e+00 1.012484282347633421e-02
0.000000000000000000e+00 7.909803920867607835e-03
0.000000000000000000e+00 5.979032248387303357e-03
0.000000000000000000e+00 8.670611382650180582e-03
0.000000000000000000e+00 9.855979204445456179e-03
0.000000000000000000e+00 1.582279992057233561e-02
0.000000000000000000e+00 1.134979460016028764e-02
0.000000000000000000e+00 1.406351508964242408e-02
0.000000000000000000e+00 1.660273155415102272e-02
0.000000000000000000e+00 2.819129215238850780e-02
0.000000000000000000e+00 5.577016436254658878e-03
0.000000000000000000e+00 4.089426010982128573e-03
0.000000000000000000e+00 8.446234207275915562e-03
0.000000000000000000e+00 1.942058559008898871e-02
0.000000000000000000e+00 9.458859264736206932e-03
0.000000000000000000e+00 1.396136884357408216e-02
0.000000000000000000e+00 1.855996974332478275e-02
0.000000000000000000e+00 3.638308554485037566e-03
0.000000000000000000e+00 9.302498875470816692e-03
0.000000000000000000e+00 1.841052157851984922e-02
0.000000000000000000e+00 1.479744638500929584e-02
0.000000000000000000e+00 1.452941603380950020e-02
0.000000000000000000e+00 2.855291804877454001e-02
0.000000000000000000e+00 1.357105660171959924e-02
0.000000000000000000e+00 1.325847776387346563e-02
0.000000000000000000e+00 1.575492428122557409e-02
0.000000000000000000e+00 1.041495982595795101e-02
0.000000000000000000e+00 1.455470330473529125e-02
0.000000000000000000e+00 1.182935291928627862e-02
0.000000000000000000e+00 1.166477350516717353e-02
0.000000000000000000e+00 2.110864765244490140e-02
0.000000000000000000e+00 2.058440667873063720e-02
0.000000000000000000e+00 1.158991873388511527e-02
0.000000000000000000e+00 1.623712073242596435e-02
0.000000000000000000e+00 1.028842386306020630e-02
0.000000000000000000e+00 1.472544238097524792e-02
0.000000000000000000e+00 2.529075572849034947e-02
0.000000000000000000e+00 1.102326971068702359e-02
0.000000000000000000e+00 2.358515785572189161e-02
0.000000000000000000e+00 7.110259910973827473e-03
0.000000000000000000e+00 1.690936349659141399e-02
0.000000000000000000e+00 1.500733323300729172e-02
0.000000000000000000e+00 3.600468994776090392e-02
0.000000000000000000e+00 1.595699542764748846e-02
0.000000000000000000e+00 1.301942921645200812e-02
0.000000000000000000e+00 9.904002336618093066e-03
0.000000000000000000e+00 9.984731731368948204e-03
0.000000000000000000e+00 1.224649902746035614e-02
0.000000000000000000e+00 1.113494770545141697e-02
0.000000000000000000e+00 6.272840623088857433e-03
0.000000000000000000e+00 2.314877685809434843e-02
0.000000000000000000e+00 2.475789341280925857e-02
0.000000000000000000e+00 1.540528533482215037e-02
0.000000000000000000e+00 1.042257790558855264e-02
0.000000000000000000e+00 1.515689125111316024e-02
0.000000000000000000e+00 1.320745411898533068e-02
0.000000000000000000e+00 9.337843518167425819e-03
0.000000000000000000e+00 1.099352319081462956e-02
0.000000000000000000e+00 6.154770605834363091e-03
0.000000000000000000e+00 1.317201057725183450e-02
0.000000000000000000e+00 2.015160452200395746e-02
0.000000000000000000e+00 4.529180078863637680e-03
0.000000000000000000e+00 6.681755319077655950e-03
0.000000000000000000e+00 1.278448881607203297e-02
0.000000000000000000e+00 1.010824535374531957e-02
0.000000000000000000e+00 9.218779613300269807e-03
0.000000000000000000e+00 4.255070828021667410e-03
0.000000000000000000e+00 2.906222502839954022e-02
0.000000000000000000e+00 1.005677255624611716e-02
0.000000000000000000e+00 4.244587360607762067e-02
0.000000000000000000e+00 2.008928360526821694e-02
0.000000000000000000e+00 3.192363972393134214e-02
0.000000000000000000e+00 1.270278638559830739e-02
0.000000000000000000e+00 2.159276719034895330e-03
0.000000000000000000e+00 1.622116776344860456e-02
0.000000000000000000e+00 1.881232569028558690e-02
0.000000000000000000e+00 9.903772707526506056e-03
0.000000000000000000e+00 1.380468785203347280e-02
0.000000000000000000e+00 1.929294005057596850e-02
0.000000000000000000e+00 9.008759145905879256e-03
0.000000000000000000e+00 1.985020179371749325e-03
0.000000000000000000e+00 5.257903162389681966e-03
0.000000000000000000e+00 8.672277636290536690e-03
0.000000000000000000e+00 3.057431191088418390e-02
0.000000000000000000e+00 2.070189024084574322e-02
0.000000000000000000e+00 2.675981260810042159e-02
0.000000000000000000e+00 4.024803911676919262e-03
0.000000000000000000e+00 2.361576964670047268e-02
0.000000000000000000e+00 2.901543882888180776e-04
0.000000000000000000e+00 1.141843832189230572e-02
0.000000000000000000e+00 2.089477874174415148e-02
0.000000000000000000e+00 1.066994769836851140e-02
0.000000000000000000e+00 8.377781827208594101e-03
0.000000000000000000e+00 3.671109712023973293e-02
0.000000000000000000e+00 1.116415330132817726e-02
0.000000000000000000e+00 2.454265189069487242e-03
0.000000000000000000e+00 6.495694231103588297e-03
0.000000000000000000e+00 1.372142685886439638e-02
0.000000000000000000e+00 4.075341551473315484e-03
0.000000000000000000e+00 8.441884370905695240e-03
0.000000000000000000e+00 1.459455315283857482e-02
0.000000000000000000e+00 5.341392624654202857e-03
0.000000000000000000e+00 2.168383606454310497e-02
0.000000000000000000e+00 2.414259240176006710e-02
0.000000000000000000e+00 4.938517773290065568e-03
0.000000000000000000e+00 1.032333694792560326e-02
0.000000000000000000e+00 8.836561274867784505e-03
0.000000000000000000e+00 6.374614865372996153e-03
0.000000000000000000e+00 1.677570295397819503e-02
0.000000000000000000e+00 2.768273943575300274e-03
0.000000000000000000e+00 9.788429153450206935e-03
0.000000000000000000e+00 8.979097398775464159e-03
0.000000000000000000e+00 1.550468529702163194e-02
0.000000000000000000e+00 2.300698791503013457e-02
0.000000000000000000e+00 1.078303440976556039e-02
0.000000000000000000e+00 1.750047005358458183e-02
0.000000000000000000e+00 8.745297265840813739e-03
0.000000000000000000e+00 7.672379266439122505e-03
0.000000000000000000e+00 2.433677754910181651e-02
0.000000000000000000e+00 1.973927479267547844e-02
0.000000000000000000e+00 3.870524663004341285e-03
0.000000000000000000e+00 1.589348955578122682e-02
0.000000000000000000e+00 1.319833491799446076e-02
0.000000000000000000e+00 2.719359424209126172e-02
0.000000000000000000e+00 1.128984268938497057e-02
0.000000000000000000e+00 1.235652239977469077e-02
0.000000000000000000e+00 7.778968499794500745e-03
0.000000000000000000e+00 2.664083025455160278e-02
0.000000000000000000e+00 5.374307577132987276e-03
0.000000000000000000e+00 2.405819498858646419e-02
0.000000000000000000e+00 2.394497572453059553e-02
0.000000000000000000e+00 9.009687414658752377e-03
0.000000000000000000e+00 9.048678833135368957e-03
0.000000000000000000e+00 6.336151839566039889e-03
0.000000000000000000e+00 6.062349344286877516e-03
0.000000000000000000e+00 3.452160922034865683e-03
0.000000000000000000e+00 2.026391168068989238e-02
0.000000000000000000e+00 5.568102462595749154e-03
0.000000000000000000e+00 1.629418458828246416e-02
0.000000000000000000e+00 1.981139564638830300e-02
0.000000000000000000e+00 1.080387106562131702e-02
0.000000000000000000e+00 2.301902129149515155e-02
0.000000000000000000e+00 1.388128826806925981e-02
0.000000000000000000e+00 1.704224162104490958e-02
0.000000000000000000e+00 9.838187823728776135e-03
0.000000000000000000e+00 1.608777397908081087e-03
0.000000000000000000e+00 9.461604757883794112e-03
0.000000000000000000e+00 3.568521240623209138e-03
0.000000000000000000e+00 4.627827027471651845e-03
0.000000000000000000e+00 4.798724433385667502e-03
0.000000000000000000e+00 1.501047355284934950e-02
0.000000000000000000e+00 1.345538476578657557e-02
0.000000000000000000e+00 1.451595974044556786e-02
0.000000000000000000e+00 8.578897519012695927e-03
0.000000000000000000e+00 9.826664892503316623e-03
0.000000000000000000e+00 1.786469956121651548e-02
0.000000000000000000e+00 1.272668169415554044e-02
0.000000000000000000e+00 5.912511370995522132e-03
0.000000000000000000e+00 1.820528870255699871e-02
0.000000000000000000e+00 8.545391715458868637e-03
0.000000000000000000e+00 1.569418161848917456e-02
0.000000000000000000e+00 8.603025520306740656e-03
0.000000000000000000e+00 1.528854791976238560e-02
0.000000000000000000e+00 4.249689596900232437e-03
0.000000000000000000e+00 7.178044675267730365e-03
0.000000000000000000e+00 1.868816429901339060e-02
0.000000000000000000e+00 1.538917783840507841e-02
0.000000000000000000e+00 8.951775612017280961e-03
0.000000000000000000e+00 1.626467050361223715e-02
0.000000000000000000e+00 1.063365531855678392e-02
0.000000000000000000e+00 2.173200013967437581e-03
0.000000000000000000e+00 9.631594046572884704e-03
0.000000000000000000e+00 1.462616850307276416e-02
0.000000000000000000e+00 9.551841289990386022e-03
0.000000000000000000e+00 8.256148404351956044e-03
0.000000000000000000e+00 3.089050158769335655e-03
0.000000000000000000e+00 1.070320025070110523e-02
0.000000000000000000e+00 3.679012589935239802e-02
0.000000000000000000e+00 8.823339069269341703e-04
0.000000000000000000e+00 1.570734899053761666e-02
0.000000000000000000e+00 2.006823427733329251e-02
0.000000000000000000e+00 3.195461148806268831e-02
0.000000000000000000e+00 6.834903978240403424e-03
0.000000000000000000e+00 2.014633949842128957e-02
0.000000000000000000e+00 6.598383142205838450e-03
0.000000000000000000e+00 2.061340965413585927e-02
0.000000000000000000e+00 1.581254022649606836e-02
0.000000000000000000e+00 1.423631961126916277e-02
0.000000000000000000e+00 1.925896772160274467e-02
0.000000000000000000e+00 1.672499822697036051e-02
0.000000000000000000e+00 1.606518497073756990e-02
0.000000000000000000e+00 6.635904282016463762e-03
0.000000000000000000e+00 1.633425691003396671e-02
0.000000000000000000e+00 1.242076310141743481e-02
0.000000000000000000e+00 3.627930592393596547e-03
0.000000000000000000e+00 1.190472609307266331e-02
0.000000000000000000e+00 6.446386840641827112e-03
0.000000000000000000e+00 8.967809428781808867e-03
0.000000000000000000e+00 9.949612835390157697e-04
0.000000000000000000e+00 1.562984438893823616e-02
0.000000000000000000e+00 8.153061625851753744e-03
0.000000000000000000e+00 4.588135000916316632e-03
0.000000000000000000e+00 2.346069993738850428e-03
0.000000000000000000e+00 1.121264819331523272e-03
0.000000000000000000e+00 9.559799885971928535e-03
0.000000000000000000e+00 4.070515523657275772e-03
0.000000000000000000e+00 5.927573856635676673e-03
0.000000000000000000e+00 1.528060618006337260e-02
0.000000000000000000e+00 3.676498996597378673e-03
0.000000000000000000e+00 1.420635939334137510e-02
0.000000000000000000e+00 5.450057243761820963e-03
0.000000000000000000e+00 4.763291693793826435e-03
0.000000000000000000e+00 3.178755323083719969e-02
0.000000000000000000e+00 3.373996450174376709e-03
0.000000000000000000e+00 2.217675981836547336e-02
0.000000000000000000e+00 1.153065448213720125e-02
0.000000000000000000e+00 1.523589127619535966e-02
0.000000000000000000e+00 1.312752405192891929e-02
0.000000000000000000e+00 3.032150876602648926e-03
0.000000000000000000e+00 2.295463526023911599e-02
0.000000000000000000e+00 1.748564709045531337e-02
0.000000000000000000e+00 9.813174288204214862e-03
0.000000000000000000e+00 1.228972250467622214e-02
0.000000000000000000e+00 1.311291509587559669e-02
0.000000000000000000e+00 1.090737349623754383e-02
0.000000000000000000e+00 1.183566838682369171e-02
0.000000000000000000e+00 8.152026348981810180e-03
0.000000000000000000e+00 2.566145425028701701e-02
0.000000000000000000e+00 1.504888391234275591e-02
0.000000000000000000e+00 1.249512663494541792e-02
0.000000000000000000e+00 1.598676389781754359e-02
0.000000000000000000e+00 2.390832407186058856e-02
0.000000000000000000e+00 1.215292979285057667e-02
0.000000000000000000e+00 2.190248605371800453e-02
0.000000000000000000e+00 2.123207632036098330e-02
0.000000000000000000e+00 1.962370932770535897e-02
0.000000000000000000e+00 1.801238389500906326e-02
0.000000000000000000e+00 1.628051410842221158e-02
0.000000000000000000e+00 1.429463301088203242e-02
0.000000000000000000e+00 1.123341578211659725e-02
0.000000000000000000e+00 3.782123102504570018e-03
0.000000000000000000e+00 1.606599543143681641e-02
0.000000000000000000e+00 1.660748417441027663e-02
0.000000000000000000e+00 1.894333408581367739e-03
0.000000000000000000e+00 2.028501765821512370e-02
0.000000000000000000e+00 1.391602764123205625e-02
0.000000000000000000e+00 1.733404758424647932e-02
0.000000000000000000e+00 6.078823253488922253e-03
0.000000000000000000e+00 8.917207957780419122e-03
0.000000000000000000e+00 1.237567549306199319e-02
0.000000000000000000e+00 1.393565852490310543e-02
0.000000000000000000e+00 2.946549869668463675e-02
0.000000000000000000e+00 1.304712749444403991e-02
0.000000000000000000e+00 8.058765420233062610e-03
0.000000000000000000e+00 1.615888510412088336e-02
0.000000000000000000e+00 5.824014460971616534e-03
0.000000000000000000e+00 1.643488560970846751e-02
0.000000000000000000e+00 1.327228568045043557e-02
0.000000000000000000e+00 8.783851695086433362e-03
0.000000000000000000e+00 6.923850741998997457e-03
0.000000000000000000e+00 5.180651293267527976e-03
0.000000000000000000e+00 4.772795412923708930e-03
0.000000000000000000e+00 3.211362591577811287e-02
0.000000000000000000e+00 8.543088709322570196e-03
0.000000000000000000e+00 1.749528357832871167e-02
0.000000000000000000e+00 7.642438839900957473e-03
0.000000000000000000e+00 2.016983469768317619e-02
0.000000000000000000e+00 1.003604718570747650e-02
0.000000000000000000e+00 6.731823436935463999e-03
0.000000000000000000e+00 2.609655572092858117e-02
0.000000000000000000e+00 6.982582788835304567e-03
0.000000000000000000e+00 2.582358889152037464e-03
0.000000000000000000e+00 8.402327221489168385e-03
0.000000000000000000e+00 9.169584039431513331e-03
0.000000000000000000e+00 9.923366097757475163e-03
0.000000000000000000e+00 2.234465255557938415e-02
0.000000000000000000e+00 1.245665501018048370e-02
0.000000000000000000e+00 7.237852533627972887e-03
0.000000000000000000e+00 1.388912270320228660e-02
0.000000000000000000e+00 1.068220079119200361e-02
0.000000000000000000e+00 2.012429005144864003e-02
0.000000000000000000e+00 7.577096261197137014e-03
0.000000000000000000e+00 1.218694504103366456e-03
0.000000000000000000e+00 1.675778969740417818e-02
