0.000000000000000000e+00 4.004466784187530465e-02
0.000000000000000000e+00 4.057814484084412004e-02
0.000000000000000000e+00 4.011208783251437454e-02
0.000000000000000000e+00 5.069709387908877263e-02
0.000000000000000000e+00 2.303616447741037299e-02
0.000000000000000000e+00 3.391351768387847881e-02
0.000000000000000000e+00 2.312510771982040012e-02
0.000000000000000000e+00 3.433206667180333654e-02
0.000000000000000000e+00 2.036587207147966608e-02
0.000000000000000000e+00 1.299222115032649776e-02
0.000000000000000000e+00 2.838345361520094520e-02
0.000000000000000000e+00 2.565613648174204162e-02
0.000000000000000000e+00 2.397091807281466133e-02
0.000000000000000000e+00 1.741795734725514952e-02
0.000000000000000000e+00 2.837819403670717097e-02
0.000000000000000000e+00 2.173774800927556414e-02
0.000000000000000000e+00 2.607048460589143912e-02
0.000000000000000000e+00 1.695318362817610156e-02
0.000000000000000000e+00 1.868836231872246859e-02
0.000000000000000000e+00 2.863910528493952834e-02
0.000000000000000000e+00 2.687070775705254280e-02
0.000000000000000000e+00 2.495303287302352152e-02
0.000000000000000000e+00 3.091532861483682268e-02
0.000000000000000000e+00 1.863198636988633305e-02
0.000000000000000000e+00 1.451381456865983265e-02
0.000000000000000000e+00 2.462808123472084651e-02
0.000000000000000000e+00 2.320787421888557966e-02
0.000000000000000000e+00 3.665160814849652976e-02
0.000000000000000000e+00 2.408796795693231296e-02
0.000000000000000000e+00 1.836593359664116798e-02
0.000000000000000000e+00 1.933754594055495102e-02
0.000000000000000000e+00 2.053214882445936196e-02
0.000000000000000000e+00 3.210811393079651688e-02
0.000000000000000000e+00 1.615540227069724166e-02
0.000000000000000000e+00 1.871877845309339802e-02
0.000000000000000000e+00 3.304056338306673307e-02
0.000000000000000000e+00 2.428331343814036855e-02
0.000000000000000000e+00 1.956760438505379326e-02
0.000000000000000000e+00 1.379257747025596642e-02
0.000000000000000000e+00 1.656288815498784678e-02
0.000000000000000000e+00 1.552882713115599084e-02
0.000000000000000000e+00 3.180937050852856995e-02
0.000000000000000000e+00 1.665816251658509828e-02
0.000000000000000000e+00 1.600148362483183248e-02
0.000000000000000000e+00 6.613349937768387386e-03
0.000000000000000000e+00 2.260104834413922958e-02
0.000000000000000000e+00 1.400826036296765574e-02
0.000000000000000000e+00 5.086591205826839629e-03
0.000000000000000000e+00 3.190677279999465377e-02
0.000000000000000000e+00 2.803814152710895971e-02
0.000000000000000000e+00 4.254078125383123701e-03
0.000000000000000000e+00 2.526321588954390240e-02
0.000000000000000000e+00 2.967520065603548862e-02
0.000000000000000000e+00 2.238206852295398022e-02
0.000000000000000000e+00 6.980366124352843128e-03
0.000000000000000000e+00 2.407872645180996612e-02
0.000000000000000000e+00 3.090108762380551141e-02
0.000000000000000000e+00 1.397451361970962307e-02
0.000000000000000000e+00 2.064082265688443191e-02
0.000000000000000000e+00 2.243241530886035465e-02
0.000000000000000000e+00 1.900726171176646620e-02
0.000000000000000000e+00 2.667142295811598951e-02
0.000000000000000000e+00 2.770317535764910827e-02
0.000000000000000000e+00 1.250942730028435819e-02
0.000000000000000000e+00 1.836474192805226391e-02
0.000000000000000000e+00 2.852731147085554083e-03
0.000000000000000000e+00 1.372461078591721319e-02
0.000000000000000000e+00 9.943585192517961219e-03
0.000000000000000000e+00 6.577911162853826432e-03
0.000000000000000000e+00 1.946373556524981160e-02
0.000000000000000000e+00 2.798591823883056842e-02
0.000000000000000000e+00 2.903246608828255471e-02
0.000000000000000000e+00 1.048125630458383167e-02
0.000000000000000000e+00 2.756576104441794961e-02
0.000000000000000000e+00 3.725883213111595704e-02
0.000000000000000000e+00 2.424467919220920330e-03
0.000000000000000000e+00 2.180754106775592213e-02
0.000000000000000000e+00 3.063803790933432303e-02
0.000000000000000000e+00 1.572219789858220543e-02
0.000000000000000000e+00 1.267929388381903652e-02
0.000000000000000000e+00 1.587849629502249491e-02
0.000000000000000000e+00 1.870869195257076831e-02
0.000000000000000000e+00 1.839128804817433474e-02
0.000000000000000000e+00 1.993277508711184184e-02
0.000000000000000000e+00 1.470368029129306628e-02
0.000000000000000000e+00 1.285636491369808454e-02
0.000000000000000000e+00 1.877380269144059144e-02
0.000000000000000000e+00 1.194865901080540208e-02
0.000000000000000000e+00 7.969194842096960496e-03
0.000000000000000000e+00 1.963675615351571924e-02
0.000000000000000000e+00 7.551271029496261361e-03
0.000000000000000000e+00 2.241179310740893174e-02
0.000000000000000000e+00 8.690130610584264476e-03
0.000000000000000000e+00 1.939346517540511960e-02
0.000000000000000000e+00 1.939982803932213326e-02
0.000000000000000000e+00 2.563398895078343107e-02
0.000000000000000000e+00 2.168894167557872121e-02
0.000000000000000000e+00 4.844211728370877851e-02
0.000000000000000000e+00 1.303199601022050381e-02
0.000000000000000000e+00 2.225944326252382588e-02
0.000000000000000000e+00 1.560200160209832682e-02
0.000000000000000000e+00 1.797968270356067183e-02
0.000000000000000000e+00 1.426298637466024387e-02
0.000000000000000000e+00 2.082254190610461839e-02
0.000000000000000000e+00 1.573251709306298929e-02
0.000000000000000000e+00 2.074695109271142493e-02
0.000000000000000000e+00 1.902503573781125223e-02
0.000000000000000000e+00 1.485154919812196363e-02
0.000000000000000000e+00 1.859564441460230186e-02
0.000000000000000000e+00 9.341921177438169618e-03
0.000000000000000000e+00 2.545421157175916174e-02
0.000000000000000000e+00 1.091388119929208051e-03
0.000000000000000000e+00 1.266081915569743782e-02
0.000000000000000000e+00 1.858216138362206232e-03
0.000000000000000000e+00 2.595827699424680529e-02
0.000000000000000000e+00 3.030884642352577735e-02
0.000000000000000000e+00 2.041778022456378419e-02
0.000000000000000000e+00 1.632743442035660894e-02
0.000000000000000000e+00 1.360429680156788335e-02
0.000000000000000000e+00 1.282367451913666960e-02
0.000000000000000000e+00 2.858158921849659681e-02
0.000000000000000000e+00 2.325307419749863061e-02
0.000000000000000000e+00 1.066407715978668312e-02
0.000000000000000000e+00 1.858451589508120644e-02
0.000000000000000000e+00 2.628607870687369244e-02
0.000000000000000000e+00 1.824758491877507063e-02
0.000000000000000000e+00 4.384799898838770763e-03
0.000000000000000000e+00 1.061841274877404866e-02
0.000000000000000000e+00 1.919174130036453707e-02
0.000000000000000000e+00 6.204335062932637458e-03
0.000000000000000000e+00 6.691025092361437693e-03
0.000000000000000000e+00 2.935083209493713485e-02
0.000000000000000000e+00 3.845358894312120301e-02
0.000000000000000000e+00 1.694037164257484671e-02
0.000000000000000000e+00 8.441980173104143836e-03
0.000000000000000000e+00 3.925599393030139786e-03
0.000000000000000000e+00 1.438667903845122428e-02
0.000000000000000000e+00 1.653626113349427815e-02
0.000000000000000000e+00 6.590192222698226104e-03
0.000000000000000000e+00 1.208029936954754802e-02
0.000000000000000000e+00 3.302370526656031591e-02
0.000000000000000000e+00 2.158815276582840004e-02
0.000000000000000000e+00 2.832832192192802877e-03
0.000000000000000000e+00 1.450925389446555691e-02
0.000000000000000000e+00 2.018019627840518179e-02
0.000000000000000000e+00 1.105135926725328913e-02
0.000000000000000000e+00 5.460365634556137680e-03
0.000000000000000000e+00 2.169117547609196103e-02
0.000000000000000000e+00 1.099604399492517225e-02
0.000000000000000000e+00 2.656715244433008327e-02
0.000000000000000000e+00 2.167865555955558396e-02
0.000000000000000000e+00 1.151385886209832336e-02
0.000000000000000000e+00 1.003668975834339991e-02
0.000000000000000000e+00 2.292935584860580911e-02
0.000000000000000000e+00 1.582257419461053846e-02
0.000000000000000000e+00 2.115421989213852119e-02
0.000000000000000000e+00 1.205408830811047910e-02
0.000000000000000000e+00 2.017783120357145854e-02
0.000000000000000000e+00 2.244263750544657834e-02
0.000000000000000000e+00 3.974900872207660918e-02
0.000000000000000000e+00 1.793840417767873091e-02
0.000000000000000000e+00 7.793667042475598342e-03
0.000000000000000000e+00 1.651364336059077745e-02
0.000000000000000000e+00 7.846592450305058322e-03
0.000000000000000000e+00 1.165212908064871059e-02
0.000000000000000000e+00 1.363600889809761171e-02
0.000000000000000000e+00 1.867203480890472500e-02
0.000000000000000000e+00 1.193821852220972035e-02
0.000000000000000000e+00 5.514224173985688565e-03
0.000000000000000000e+00 2.002908346029293879e-02
0.000000000000000000e+00 3.123981864660679494e-03
0.000000000000000000e+00 1.474639445080055608e-02
0.000000000000000000e+00 1.303604308874413073e-02
0.000000000000000000e+00 7.820786703551615981e-03
0.000000000000000000e+00 2.986519076990969135e-02
0.000000000000000000e+00 1.988888194188002251e-02
0.000000000000000000e+00 1.228171492773385068e-02
0.000000000000000000e+00 1.320288896027097675e-02
0.000000000000000000e+00 2.106802410164606426e-02
0.000000000000000000e+00 1.865470567171544081e-02
0.000000000000000000e+00 5.151679526162569397e-03
0.000000000000000000e+00 2.149682011650133617e-02
0.000000000000000000e+00 1.791212224037897621e-02
0.000000000000000000e+00 7.226708881011320411e-03
0.000000000000000000e+00 7.860939068102350963e-03
0.000000000000000000e+00 1.605178610902208494e-02
0.000000000000000000e+00 1.133264002610281235e-02
0.000000000000000000e+00 1.071704700310144309e-02
0.000000000000000000e+00 4.588256983009453109e-03
0.000000000000000000e+00 1.459336027652103837e-02
0.000000000000000000e+00 1.965217282849916411e-02
0.000000000000000000e+00 1.767223046724539226e-02
0.000000000000000000e+00 1.471792017408882214e-02
0.000000000000000000e+00 3.552867290049327442e-02
0.000000000000000000e+00 1.006843511887286005e-02
0.000000000000000000e+00 1.714661171088583888e-02
0.000000000000000000e+00 1.216566958046393435e-02
0.000000000000000000e+00 2.849581158679727333e-02
0.000000000000000000e+00 1.408403164178641427e-02
0.000000000000000000e+00 1.812489045942860394e-02
0.000000000000000000e+00 2.622054677364744554e-02
0.000000000000000000e+00 6.098221382347874739e-03
0.000000000000000000e+00 1.578480196683982109e-02
0.000000000000000000e+00 1.135731222787969043e-02
0.000000000000000000e+00 1.014114424495419185e-02
0.000000000000000000e+00 2.006927255076364561e-02
0.000000000000000000e+00 8.938540658586574192e-03
0.000000000000000000e+00 1.120771691446552365e-02
0.000000000000000000e+00 2.150522864230678191e-02
0.000000000000000000e+00 4.955010367278783918e-03
0.000000000000000000e+00 9.049476542818823618e-03
0.000000000000000000e+00 2.290760296902288884e-02
0.000000000000000000e+00 1.068644017415838060e-02
0.000000000000000000e+00 2.060048541648601406e-02
0.000000000000000000e+00 8.550028436906527765e-03
0.000000000000000000e+00 2.348985973613186215e-02
0.000000000000000000e+00 1.266013280265495047e-02
0.000000000000000000e+00 2.251560561182811004e-02
0.000000000000000000e+00 2.643278580213564641e-02
0.000000000000000000e+00 1.440946076559567086e-02
0.000000000000000000e+00 2.002775528498418681e-02
0.000000000000000000e+00 6.968993337649770706e-03
0.000000000000000000e+00 1.334801402622836503e-02
0.000000000000000000e+00 2.022227658020788951e-02
0.000000000000000000e+00 1.114298140679438436e-02
0.000000000000000000e+00 6.395794252786681129e-03
0.000000000000000000e+00 9.929660621365512738e-03
0.000000000000000000e+00 1.899399018887891477e-02
0.000000000000000000e+00 1.690531678849171646e-02
0.000000000000000000e+00 1.141329957527160988e-02
0.000000000000000000e+00 1.032925535025471485e-02
0.000000000000000000e+00 1.223017596453604763e-02
0.000000000000000000e+00 9.006591161875972251e-03
0.000000000000000000e+00 1.158297418032321231e-02
0.000000000000000000e+00 1.348288539013473702e-02
0.000000000000000000e+00 2.188065397391777273e-02
0.000000000000000000e+00 1.159821670082786076e-02
0.000000000000000000e+00 1.351762166221083701e-02
0.000000000000000000e+00 7.793178533693513425e-03
0.000000000000000000e+00 2.805674447242915634e-02
0.000000000000000000e+00 1.807651118199334397e-02
0.000000000000000000e+00 1.137716379774537413e-02
0.000000000000000000e+00 1.282021443006420118e-02
0.000000000000000000e+00 8.151454532202090375e-03
0.000000000000000000e+00 2.287062039071383057e-02
0.000000000000000000e+00 1.721652846623632910e-02
0.000000000000000000e+00 2.986324409455572843e-02
0.000000000000000000e+00 1.086993233786942049e-02
0.000000000000000000e+00 4.308361467619787645e-03
0.000000000000000000e+00 2.394195980388165099e-02
0.000000000000000000e+00 4.039443752754490885e-03
0.000000000000000000e+00 1.383351877054955596e-02
0.000000000000000000e+00 1.571112868398786763e-02
0.000000000000000000e+00 1.510651536367215581e-02
0.000000000000000000e+00 1.030454837150664507e-02
0.000000000000000000e+00 2.013673232295164206e-02
0.000000000000000000e+00 6.275107017151768975e-03
0.000000000000000000e+00 1.929816968910120362e-02
0.000000000000000000e+00 2.262611444536378330e-02
0.000000000000000000e+00 2.234164568220108407e-02
0.000000000000000000e+00 1.137421689907298396e-02
0.000000000000000000e+00 1.328236838737809587e-02
0.000000000000000000e+00 4.848231169022002712e-03
0.000000000000000000e+00 5.176488318907978940e-03
0.000000000000000000e+00 1.513621180357974973e-02
0.000000000000000000e+00 8.003598193532465016e-03
0.000000000000000000e+00 1.335190405298620694e-02
0.000000000000000000e+00 1.122437505535734889e-02
0.000000000000000000e+00 1.201361029981732990e-02
0.000000000000000000e+00 1.664838862671837172e-02
0.000000000000000000e+00 1.252577769285230860e-02
0.000000000000000000e+00 1.284684800871479550e-02
0.000000000000000000e+00 2.092861550048710426e-02
0.000000000000000000e+00 1.365824056865850254e-02
0.000000000000000000e+00 1.797001922500547286e-02
0.000000000000000000e+00 3.826286358223458632e-03
0.000000000000000000e+00 1.449076264684446939e-02
0.000000000000000000e+00 5.894772984072820139e-03
0.000000000000000000e+00 2.437026722551013935e-02
0.000000000000000000e+00 2.891744687833704835e-03
0.000000000000000000e+00 1.396722402503682708e-02
0.000000000000000000e+00 1.915491858981040185e-02
0.000000000000000000e+00 3.393393542955603498e-02
0.000000000000000000e+00 2.560695779758342949e-03
0.000000000000000000e+00 8.230604284951818089e-03
0.000000000000000000e+00 1.051873123825738769e-02
0.000000000000000000e+00 3.685901494390685183e-03
0.000000000000000000e+00 6.423007787747147569e-03
0.000000000000000000e+00 1.894151967419736501e-02
0.000000000000000000e+00 1.425834661875600463e-02
0.000000000000000000e+00 8.756535172778079357e-03
0.000000000000000000e+00 1.130406958081481630e-02
0.000000000000000000e+00 1.069008473108063947e-02
0.000000000000000000e+00 3.385279234540881921e-02
0.000000000000000000e+00 9.713997666569839512e-03
0.000000000000000000e+00 5.280130743329159576e-03
0.000000000000000000e+00 1.483162817178348622e-02
0.000000000000000000e+00 5.726483138612835713e-03
0.000000000000000000e+00 1.190672953524769817e-02
0.000000000000000000e+00 1.453360957453406210e-02
0.000000000000000000e+00 2.666452299322788055e-03
0.000000000000000000e+00 2.906161418570718871e-03
0.000000000000000000e+00 1.290912522198308168e-02
0.000000000000000000e+00 3.146796786840037885e-02
0.000000000000000000e+00 9.955452115393286991e-03
0.000000000000000000e+00 1.441513096869814249e-02
0.000000000000000000e+00 1.723430152344842745e-02
0.000000000000000000e+00 1.630943927755027639e-02
0.000000000000000000e+00 1.171683136882141485e-02
0.000000000000000000e+00 1.985633643916002652e-02
0.000000000000000000e+00 9.990446286759616101e-03
0.000000000000000000e+00 1.196499615494426953e-02
0.000000000000000000e+00 1.675747744406068732e-02
0.000000000000000000e+00 1.258998102036596942e-02
0.000000000000000000e+00 1.683809459925258989e-02
0.000000000000000000e+00 1.916278183558015350e-03
0.000000000000000000e+00 5.654278570601022590e-03
0.000000000000000000e+00 5.832452094699673573e-03
0.000000000000000000e+00 5.799263826111786431e-03
0.000000000000000000e+00 1.209497343551813736e-02
0.000000000000000000e+00 2.101924000978737037e-02
0.000000000000000000e+00 8.464543480576085591e-03
0.000000000000000000e+00 1.337481923662757997e-02
0.000000000000000000e+00 1.251305341586410498e-02
0.000000000000000000e+00 1.913730735761852474e-03
0.000000000000000000e+00 5.095807569971050333e-03
0.000000000000000000e+00 1.028860484290395130e-02
0.000000000000000000e+00 1.317204762904356473e-02
0.000000000000000000e+00 1.940859582672355491e-02
0.000000000000000000e+00 2.464086322026671008e-02
0.000000000000000000e+00 5.993530983867911138e-03
0.000000000000000000e+00 9.903296009827790292e-03
0.000000000000000000e+00 1.428315258675548483e-02
0.000000000000000000e+00 1.091430432789023200e-02
0.000000000000000000e+00 1.253920891893510990e-02
0.000000000000000000e+00 3.288991838007335189e-02
0.000000000000000000e+00 3.750822571378297984e-03
0.000000000000000000e+00 1.666152087422292927e-02
0.000000000000000000e+00 2.620101777629829307e-02
0.000000000000000000e+00 1.675955708604448882e-02
0.000000000000000000e+00 1.216644566988508286e-02
0.000000000000000000e+00 8.041967352892941123e-03
0.000000000000000000e+00 2.370460188036258020e-02
0.000000000000000000e+00 2.787591149424183384e-03
0.000000000000000000e+00 2.216433553548924872e-03
0.000000000000000000e+00 1.667081308633602821e-02
0.000000000000000000e+00 6.189819497896494917e-03
0.000000000000000000e+00 2.445571147397414963e-02
0.000000000000000000e+00 6.778529511642488077e-03
0.000000000000000000e+00 1.590371628622057332e-02
0.000000000000000000e+00 1.503256679361087388e-02
0.000000000000000000e+00 1.096081434008419099e-02
0.000000000000000000e+00 3.651704975708891694e-03
0.000000000000000000e+00 1.003494583877570685e-02
0.000000000000000000e+00 1.932137494718956169e-02
0.000000000000000000e+00 7.839094970810844484e-03
0.000000000000000000e+00 1.343400941783398465e-02
0.000000000000000000e+00 2.312168965899916856e-02
0.000000000000000000e+00 2.050798519813158000e-02
0.000000000000000000e+00 3.453835109811930100e-03
0.000000000000000000e+00 7.950216470147755329e-03
0.000000000000000000e+00 1.493099114933041892e-02
0.000000000000000000e+00 4.683868508246728443e-03
0.000000000000000000e+00 1.069167398044265117e-02
0.000000000000000000e+00 1.511935887454960055e-02
0.000000000000000000e+00 1.456416613729665833e-02
0.000000000000000000e+00 1.954673214905639639e-02
0.000000000000000000e+00 7.641637925895511906e-03
0.000000000000000000e+00 9.620691280695734676e-03
0.000000000000000000e+00 1.061013104366099503e-02
0.000000000000000000e+00 5.317518385701189981e-03
0.000000000000000000e+00 1.378105236583577510e-02
0.000000000000000000e+00 5.085265812931609453e-03
0.000000000000000000e+00 2.712889092206715105e-02
0.000000000000000000e+00 7.196937892721960196e-03
0.000000000000000000e+00 3.198696830324179036e-02
0.000000000000000000e+00 1.891665889237544029e-02
0.000000000000000000e+00 3.209022418681147654e-03
0.000000000000000000e+00 1.970765521840707555e-03
0.000000000000000000e+00 2.836203718125665171e-02
0.000000000000000000e+00 1.600803904948948364e-02
0.000000000000000000e+00 4.744176545350077719e-03
0.000000000000000000e+00 1.638029593349941623e-02
0.000000000000000000e+00 1.113752819894568875e-02
0.000000000000000000e+00 6.075876749976636369e-03
0.000000000000000000e+00 2.108499751476492975e-02
0.000000000000000000e+00 4.846437022302391151e-03
0.000000000000000000e+00 1.030715673673994644e-02
0.000000000000000000e+00 2.180005754123722633e-02
0.000000000000000000e+00 8.531725365096748392e-03
0.000000000000000000e+00 1.082600467910622803e-02
0.000000000000000000e+00 1.581296368935470806e-02
0.000000000000000000e+00 6.394843877543396338e-03
0.000000000000000000e+00 1.829916326109469818e-02
0.000000000000000000e+00 1.524795047056301360e-03
0.000000000000000000e+00 1.775717298321408469e-02
0.000000000000000000e+00 1.319693988168710828e-02
0.000000000000000000e+00 2.262018338749172824e-02
0.000000000000000000e+00 8.816648775217842890e-03
0.000000000000000000e+00 4.022047649868435923e-03
0.000000000000000000e+00 1.408410643533450704e-02
0.000000000000000000e+00 5.700570767411878258e-03
0.000000000000000000e+00 4.055163667587252489e-03
0.000000000000000000e+00 1.031319644782066787e-02
0.000000000000000000e+00 1.301781516614692116e-02
0.000000000000000000e+00 3.382816291546626025e-02
0.000000000000000000e+00 4.122378009043300290e-03
0.000000000000000000e+00 5.602852112652875055e-03
0.000000000000000000e+00 7.579409008707658352e-03
0.000000000000000000e+00 6.762835666680133001e-03
0.000000000000000000e+00 1.205320881865705115e-02
0.000000000000000000e+00 8.778493636335576306e-03
0.000000000000000000e+00 7.736710916911629897e-03
0.000000000000000000e+00 2.522280324935308529e-02
0.000000000000000000e+00 8.943987091268187917e-03
0.000000000000000000e+00 2.606394454829464094e-02
0.000000000000000000e+00 7.334542440747470957e-03
0.000000000000000000e+00 2.421164267469868431e-02
0.000000000000000000e+00 8.961463898589889371e-03
0.000000000000000000e+00 8.763074559785607662e-03
0.000000000000000000e+00 2.637711276511707503e-02
0.000000000000000000e+00 1.020955928202044172e-02
0.000000000000000000e+00 2.081864036766459952e-02
0.000000000000000000e+00 1.025286223942829117e-02
0.000000000000000000e+00 2.917412825560098538e-02
0.000000000000000000e+00 6.657460237462824171e-03
0.000000000000000000e+00 5.063212591360573452e-03
0.000000000000000000e+00 1.292833219031854462e-02
0.000000000000000000e+00 8.598417011116434722e-03
0.000000000000000000e+00 1.805485807082680624e-02
0.000000000000000000e+00 4.632154341474174764e-03
0.000000000000000000e+00 1.682872066431376212e-02
0.000000000000000000e+00 1.661641893605373191e-02
0.000000000000000000e+00 3.208354110242767239e-03
0.000000000000000000e+00 4.134210652058684099e-03
0.000000000000000000e+00 1.102651437384279121e-02
0.000000000000000000e+00 2.657211660310935739e-02
0.000000000000000000e+00 1.451709549157858756e-02
0.000000000000000000e+00 1.205026420407602321e-02
0.000000000000000000e+00 1.404753372879800942e-03
0.000000000000000000e+00 5.878619895934944148e-03
0.000000000000000000e+00 2.397763062855509664e-03
0.000000000000000000e+00 2.394423157909351951e-02
0.000000000000000000e+00 1.230460455849655653e-02
0.000000000000000000e+00 2.057353713768101180e-02
0.000000000000000000e+00 1.556134965070159019e-02
0.000000000000000000e+00 7.783999384178915022e-03
0.000000000000000000e+00 1.727870752144434335e-02
0.000000000000000000e+00 8.117082495441917817e-03
0.000000000000000000e+00 1.484191775859326073e-02
0.000000000000000000e+00 7.130151055894116095e-03
0.000000000000000000e+00 2.389372004158438201e-03
0.000000000000000000e+00 1.060335342794878344e-02
0.000000000000000000e+00 8.837268038413833432e-03
0.000000000000000000e+00 1.557294901359066765e-02
0.000000000000000000e+00 2.373912594463388828e-03
0.000000000000000000e+00 1.455753863767603705e-02
0.000000000000000000e+00 5.986380274887449088e-03
0.000000000000000000e+00 6.500396130305652852e-03
0.000000000000000000e+00 1.542262998381570271e-02
0.000000000000000000e+00 1.588387928567682253e-02
0.000000000000000000e+00 5.036319014960406217e-03
0.000000000000000000e+00 8.117351023273667796e-03
0.000000000000000000e+00 1.284414995902752148e-02
0.000000000000000000e+00 1.244908884651508597e-02
0.000000000000000000e+00 3.994014825555524707e-03
0.000000000000000000e+00 1.077525089924872073e-02
0.000000000000000000e+00 8.433428124387434138e-03
0.000000000000000000e+00 1.363475268369001951e-02
0.000000000000000000e+00 2.067419907164931916e-02
0.000000000000000000e+00 8.558266628464051770e-03
0.000000000000000000e+00 5.630903189506712876e-03
0.000000000000000000e+00 1.245778347731911831e-02
0.000000000000000000e+00 1.470364237826833446e-02
0.000000000000000000e+00 2.501316133873509890e-03
0.000000000000000000e+00 4.643478288231048766e-03
0.000000000000000000e+00 6.068800243828460089e-03
0.000000000000000000e+00 1.442704101887640721e-02
0.000000000000000000e+00 9.631340158648521790e-03
0.000000000000000000e+00 9.977739190364390276e-03
0.000000000000000000e+00 1.834992215375151961e-02
0.000000000000000000e+00 6.352916420771561809e-03
0.000000000000000000e+00 6.195011909163296998e-03
0.000000000000000000e+00 2.549659613129321226e-02
0.000000000000000000e+00 5.796450662137699571e-03
0.000000000000000000e+00 5.227253628189166765e-03
0.000000000000000000e+00 1.474581035161467643e-02
0.000000000000000000e+00 2.310822022358782063e-02
0.000000000000000000e+00 9.243917258045637741e-03
0.000000000000000000e+00 7.423851251955220117e-03
0.000000000000000000e+00 4.712074543851913280e-03
0.000000000000000000e+00 3.811522746334688322e-02
0.000000000000000000e+00 2.042343929678499051e-02
0.000000000000000000e+00 2.587995583564982674e-02
0.000000000000000000e+00 1.758881943479181226e-02
0.000000000000000000e+00 1.523468845258153662e-03
0.000000000000000000e+00 1.735018742071403955e-02
0.000000000000000000e+00 4.602641317042785452e-03
0.000000000000000000e+00 2.876800545973745571e-02
