3.938580088090084391e-03 3.941277586419310655e-03
4.111053917826664426e-03 4.111237989225125650e-03
4.215437216054788473e-03 4.483332069924948239e-03
4.528770659680944090e-03 4.531946548535376214e-03
5.902330475102230030e-03 5.966169997758294721e-03
6.214874334321152799e-03 6.361118745418876605e-03
7.245375994902370637e-03 7.305347776109032305e-03
8.826174437295790723e-03 8.832948855500292323e-03
8.909051603306510081e-03 8.909303948230201317e-03
9.606531613642371042e-03 9.864282176142522701e-03
9.629888167215038333e-03 1.116709351154987137e-02
1.011582282321100978e-02 1.103125889909058362e-02
1.038963328762924215e-02 1.042316471973029138e-02
1.121990296317315616e-02 1.122688701394415449e-02
1.163290494887633982e-02 1.169978370231912305e-02
1.177613639291888101e-02 1.194026017600186701e-02
1.194522133559342524e-02 1.253538689641313375e-02
1.235862009349442125e-02 1.330680321733544724e-02
1.270161941822385912e-02 1.414373157359105106e-02
1.277356593366091309e-02 1.301739680900566333e-02
1.287331393693916248e-02 1.310118377045753693e-02
1.288329891282715550e-02 1.319339450318114844e-02
1.337665271960800963e-02 1.337868454964898264e-02
1.353561617407773345e-02 1.428251094078055068e-02
1.366473286225086160e-02 1.366631680002314796e-02
1.389617234939917630e-02 1.426834183002045203e-02
1.412906252238243197e-02 1.418040179178861777e-02
1.416642204512695569e-02 1.420920153364131806e-02
1.476669394052556976e-02 1.630694311764210175e-02
1.477935007899252445e-02 1.515488977948888268e-02
1.481550926485497924e-02 1.612087283499356871e-02
1.548530574690668363e-02 1.624103058302906258e-02
1.554047623005702303e-02 1.599008909923805427e-02
1.566789524893585916e-02 1.569255255279933259e-02
1.567681790984177398e-02 1.662070266052173909e-02
1.584800215049632713e-02 1.585017041079913452e-02
1.587858170599133062e-02 2.016967774603753774e-02
1.595072915410044104e-02 1.717729328299236538e-02
1.597823212078124458e-02 1.830579905371825661e-02
1.611926740734104593e-02 1.688232795814614828e-02
1.612311924193569890e-02 1.903407546439547793e-02
1.616206756685054091e-02 1.618792177687288295e-02
1.621065249735767488e-02 1.631895369206320945e-02
1.627005229696688871e-02 1.704213079208471288e-02
1.628345924008717249e-02 1.876052114373325322e-02
1.630987914636776448e-02 1.757844216315984642e-02
1.658961192468420137e-02 1.755475067497450428e-02
1.663725908264699488e-02 2.354721433539648176e-02
1.686398131377189399e-02 1.696931948738686705e-02
1.705815072735385185e-02 1.720906577832399115e-02
1.723498005565145610e-02 1.854298545051877301e-02
1.724000599058024552e-02 2.113017524098474709e-02
1.724193931569494714e-02 1.773895732473913800e-02
1.727295124189133849e-02 1.849505632444833556e-02
1.728294558667451200e-02 1.847443717593741375e-02
1.750275956548485654e-02 1.947258667730876122e-02
1.793722607967625920e-02 1.833072322198588469e-02
1.810603909697740613e-02 1.961463754374006760e-02
1.822756326907579855e-02 2.138321329646435121e-02
1.828659750203796841e-02 1.861506332407341854e-02
1.832128609644427183e-02 1.845946098783919284e-02
1.840176561286272633e-02 1.847630157104713372e-02
1.841085780638065592e-02 1.851870247784969184e-02
1.901750171903685005e-02 1.977915978923591722e-02
1.927127706701467144e-02 1.952179566592480292e-02
1.931468645171081217e-02 1.931793894735066297e-02
1.965775644146438780e-02 2.013968486517001000e-02
1.966076158449798009e-02 1.980788890622289800e-02
1.968129442591818462e-02 2.004859467340965734e-02
1.969815006702863372e-02 1.971583854831156918e-02
1.970299535182224587e-02 2.888301370841201560e-02
1.982892510803312136e-02 2.331155254361519033e-02
1.990862199125766757e-02 1.997797502650803733e-02
2.036439905511285703e-02 2.113547985367079593e-02
2.039475775015949302e-02 2.146263285357116399e-02
2.056895319096027977e-02 2.070471754754934363e-02
2.074200080465182089e-02 2.077180616640487282e-02
2.074303653366443498e-02 2.334719493307445964e-02
2.076930551931263982e-02 2.086644497559459951e-02
2.078539264716814522e-02 2.108256712019825063e-02
2.080856157573330104e-02 2.278011659055976038e-02
2.083743057554283268e-02 2.086962318789635160e-02
2.087870013707413680e-02 2.088916739000909115e-02
2.091521500959896487e-02 2.161827211380840802e-02
2.095047104848592537e-02 2.101332344269714672e-02
2.112366377603198606e-02 2.225669379563261288e-02
2.133794159386724620e-02 2.194198256477984318e-02
2.134488141201833916e-02 2.135668523000627469e-02
2.171336798513122737e-02 2.224324850093362810e-02
2.173800331430930655e-02 2.328291490241213638e-02
2.175855375521623322e-02 2.178593183248756990e-02
2.185493119993407729e-02 2.185748440688552174e-02
2.190158727591707058e-02 2.357330088722732475e-02
2.190937570602203080e-02 2.316419522665975200e-02
2.192049951279232550e-02 2.200782606201873159e-02
2.194604578678285844e-02 2.271010842475127897e-02
2.207095449721084568e-02 2.221656055908211025e-02
2.207879207120068757e-02 2.311564252540423969e-02
2.214732135834697815e-02 2.234209141950630612e-02
2.216503399458988680e-02 2.226081120081263229e-02
2.224496637105129529e-02 2.307425836764754809e-02
2.225757202384183106e-02 2.242069257291633838e-02
2.238045532248448405e-02 2.374758287258125697e-02
2.239598511985695442e-02 2.327749052325067333e-02
2.252238143179354293e-02 2.304866370190439273e-02
2.254994850747820551e-02 2.255775590460174992e-02
2.260834786010945327e-02 2.710922186804306036e-02
2.272645117735694331e-02 2.321336629896731882e-02
2.272989946620167581e-02 2.283811634784127173e-02
2.284103057503122577e-02 2.369716996274661217e-02
2.311487257402981138e-02 2.342947669563630320e-02
2.312041069889343020e-02 2.924597317138242017e-02
2.327672979440855924e-02 2.687883052002956047e-02
2.327887454357558186e-02 2.393215412454197111e-02
2.335341961045798650e-02 3.421190960257741026e-02
2.335619091796760360e-02 2.492330351909714803e-02
2.351657462350291786e-02 2.515921768911582451e-02
2.351832307319993987e-02 2.354943826359072109e-02
2.393232279467688225e-02 2.427090530179714170e-02
2.395049880173357945e-02 2.570989202733261689e-02
2.399313902392206238e-02 2.518801402464363945e-02
2.410239904218669862e-02 2.454464528799239417e-02
2.417174967328136748e-02 2.427881664109117488e-02
2.428341977533569895e-02 2.468882502752978159e-02
2.430064989411915080e-02 2.463320403154219476e-02
2.437491969166679165e-02 2.549876475626753139e-02
2.443636405537481099e-02 2.455611255085092537e-02
2.451624403086478943e-02 2.733452693683677617e-02
2.454699170280428416e-02 2.575908762128201884e-02
2.487610068922190346e-02 2.573791128122876817e-02
2.490589333282252141e-02 2.787159584319365280e-02
2.532519286584830262e-02 2.706020490026979364e-02
2.532523010520796453e-02 2.554308644503077916e-02
2.533386602717550146e-02 2.670095313633492548e-02
2.534105226623724338e-02 2.575762203753683907e-02
2.539220581665100132e-02 2.600407884259909111e-02
2.548456394836899966e-02 2.686725122412044267e-02
2.558838174853849193e-02 2.570602793840675790e-02
2.564113090112005514e-02 2.600793578542794429e-02
2.565948824762056754e-02 2.849305207952274738e-02
2.565955227220912196e-02 2.580479462072890126e-02
2.570943585461968328e-02 2.704971376784572057e-02
2.576710075747406375e-02 2.588387513987017510e-02
2.585522332863416511e-02 2.640508352785071386e-02
2.593581113622976317e-02 2.869403730182901527e-02
2.593887798654640614e-02 2.822343872918067764e-02
2.600613614335097606e-02 2.627878361478443517e-02
2.611133026025955900e-02 2.655494857040831616e-02
2.612620551231557495e-02 2.757818103608541266e-02
2.613261746698188059e-02 2.640344656745814353e-02
2.619109896524538655e-02 2.663967673309662262e-02
2.638787137561128884e-02 2.666083125648334093e-02
2.641755974418189684e-02 2.648087079964165161e-02
2.642173507049651315e-02 2.643350342426991836e-02
2.643026854461788880e-02 2.804986615619376941e-02
2.646138699229222749e-02 2.646905815316420718e-02
2.654933446211957954e-02 2.738943091450452352e-02
2.655224635268027544e-02 2.658802503729965419e-02
2.660349025861380445e-02 2.660528627058785997e-02
2.674943731550296147e-02 3.597841163567751244e-02
2.682864025825478296e-02 2.874210014031545676e-02
2.686524720433553989e-02 2.690668321793499018e-02
2.687395172945021213e-02 2.762573197851161955e-02
2.718443151054699553e-02 2.985071235405341653e-02
2.719862343876354449e-02 2.738730829139487954e-02
2.724893914303398029e-02 2.725205705776712062e-02
2.725889704896223079e-02 2.800380731695115144e-02
2.727315848508916896e-02 3.410902274873418849e-02
2.729370380697181478e-02 2.785102404015159586e-02
2.742764014991297752e-02 3.640443963499232632e-02
2.743262131178990371e-02 2.905543397038666195e-02
2.757249549143094003e-02 3.415042858741215021e-02
2.758311274405176108e-02 2.888890636939654699e-02
2.766744840572677930e-02 2.780605079021983631e-02
2.768909249145785900e-02 3.057545783201020759e-02
2.771095452867890219e-02 4.221226159537935785e-02
2.781810181392474143e-02 2.819709246918839299e-02
2.786538014425513771e-02 2.833536076854707708e-02
2.796517549552617055e-02 2.838302719910476210e-02
2.799760123217737151e-02 2.838291492551544073e-02
2.801515537452063664e-02 2.816498378213812964e-02
2.808487025135342208e-02 2.831694822988600410e-02
2.823991465952225069e-02 2.844548768679830766e-02
2.825216373266641046e-02 2.872602019945444743e-02
2.829468885115360779e-02 2.931022744230143973e-02
2.831285668161197949e-02 2.863562920737875925e-02
2.836424811465175846e-02 3.171265214360783485e-02
2.837653905724311920e-02 2.854383269947181195e-02
2.839316152473746885e-02 3.188686101318960464e-02
2.872720975750480202e-02 2.986507609419862541e-02
2.874941562610018944e-02 2.918357717726049322e-02
2.875277997005223560e-02 2.894689053683469765e-02
2.884473094886904482e-02 2.884672964253193195e-02
2.884855176503453578e-02 2.885203273341436017e-02
2.886588393644062833e-02 3.116990733388916995e-02
2.889097208465054786e-02 2.915600375516791756e-02
2.900037775011144250e-02 2.947167918435863662e-02
2.902216698847523077e-02 3.057691751175990041e-02
2.903522092181280365e-02 2.903523567846020420e-02
2.903905101038237527e-02 3.228287939410786483e-02
2.948282914183440392e-02 2.989652340533940217e-02
2.951063751023523529e-02 3.011568484363687931e-02
2.958956733446704845e-02 3.048234321001397351e-02
2.959832772871054743e-02 3.038798345881436533e-02
2.967145798375490570e-02 3.168484979621062625e-02
2.968484834508417283e-02 3.004638278857349465e-02
2.978286422880916176e-02 3.027530478426831637e-02
2.980829284872952775e-02 3.118285332613989977e-02
2.991778174892388217e-02 3.264286269385657802e-02
3.001011494006249752e-02 3.379242842966102833e-02
3.002641156746981010e-02 4.482892174705658400e-02
3.003140711927808348e-02 3.003387951353430826e-02
3.008034086297214221e-02 3.288911934966599893e-02
3.024533910392270680e-02 3.025864717295365797e-02
3.046949763582985915e-02 3.105862500045496535e-02
3.062415643655773401e-02 3.264961111518747960e-02
3.109030563602453029e-02 3.119905379146679925e-02
3.136725296140661923e-02 3.143521665286838629e-02
3.138956815826667024e-02 3.582736130305026051e-02
3.139154279699744171e-02 3.140489381427234022e-02
3.139310601644024895e-02 3.595367131404410971e-02
3.161141959465411239e-02 3.254343237129027344e-02
3.167495051226816571e-02 3.377738996217847373e-02
3.168761300537495385e-02 3.466147882100826388e-02
3.170622656855138360e-02 3.268819159410827485e-02
3.171228548277148229e-02 3.986467609970711923e-02
3.194839941200638966e-02 3.952364064851018183e-02
3.201068527397449986e-02 3.700478685577018867e-02
3.202281570525455923e-02 3.358161947912793183e-02
3.209312283928907744e-02 3.784216344663612897e-02
3.211138505134895904e-02 3.266246786121657780e-02
3.214445788339582305e-02 3.337810313770615128e-02
3.217999181575233875e-02 3.952428075026231946e-02
3.223974684005030678e-02 3.227298695797857497e-02
3.237506271218348886e-02 3.489483905682166237e-02
3.262122513852756811e-02 3.451812625241874877e-02
3.267498451730291298e-02 3.548310169318359686e-02
3.275270020508445207e-02 3.438319650854988058e-02
3.279679691955860593e-02 3.366038626267391781e-02
3.291458092986106893e-02 3.428925878623080570e-02
3.296126533931265090e-02 3.398535274122373162e-02
3.312043584753208286e-02 3.415320473094133474e-02
3.321968305944826561e-02 3.514770841757968584e-02
3.327193467217379880e-02 3.330637643313686530e-02
3.346698370517610377e-02 3.741048189916470340e-02
3.347122802742638625e-02 3.355438261795012228e-02
3.350127072609915269e-02 3.407424486214129938e-02
3.355897305337377651e-02 3.378127185923428949e-02
3.359843141630006885e-02 3.364141225261002566e-02
3.381509010914025143e-02 3.899854704651299631e-02
3.390413774469339808e-02 3.446260292539344433e-02
3.394022091602698354e-02 3.533587989269405816e-02
3.410604638755428825e-02 3.416791307523484728e-02
3.432884318515679739e-02 3.452487535900506527e-02
3.437998651922882787e-02 3.987586009499857753e-02
3.443460849401954599e-02 3.508353987017230613e-02
3.460450313138919987e-02 3.460620508211656454e-02
3.503669944089839866e-02 3.532844128405356054e-02
3.505700960180570952e-02 3.637599571480761018e-02
3.510826217967847468e-02 3.518217982485127848e-02
3.515252548681177536e-02 3.529772348757244382e-02
3.518772693060626816e-02 4.179921616462731887e-02
3.532436237709617177e-02 3.553715627771841801e-02
3.536366801180425984e-02 4.709055805499533232e-02
3.560180681620802451e-02 3.667735498864813093e-02
3.602880649056310058e-02 3.848048328666958673e-02
3.607779524421813461e-02 3.695413653896713335e-02
3.648712678663777048e-02 3.745708713881538976e-02
3.651208260735622213e-02 3.867931417608527073e-02
3.705276196197943711e-02 3.824140845459481075e-02
3.729441666672811406e-02 3.730563712041842783e-02
3.732508644254455693e-02 3.760387391431992132e-02
3.765491196891805614e-02 4.416472384959335001e-02
3.772830194979481799e-02 3.819502726020862493e-02
3.784956555476198803e-02 3.785007539429694617e-02
3.794423398135771119e-02 4.353688216514874088e-02
3.805428216589520907e-02 3.890583020658290592e-02
3.845000387530797537e-02 3.902800707681004094e-02
3.862771194450007051e-02 4.150033513449494227e-02
3.869520534256639527e-02 3.871106964438829345e-02
3.904482664309943951e-02 4.076443175741831237e-02
3.941085790375928322e-02 3.941831465122568046e-02
3.948730110083090161e-02 3.948731788463560877e-02
3.971157010672302090e-02 5.493860109377248641e-02
4.020077721649088776e-02 4.916817258715129590e-02
4.052561357362314404e-02 4.636545115774456938e-02
4.054662117321437137e-02 4.057444690825337541e-02
4.058674460347953122e-02 4.129551946064213830e-02
4.074859383305929478e-02 4.808396022983750517e-02
4.079402031185695721e-02 5.145582003541355337e-02
4.087754311927436351e-02 4.485455856259112223e-02
4.089252048192075495e-02 9.055483479564760962e-01
4.112000615770953355e-02 4.116638965198888417e-02
4.146261888216407759e-02 6.330228879103327877e-02
4.162919151307828414e-02 4.163352431907903911e-02
4.165865430805826969e-02 4.208725411556082235e-02
4.167913617771656920e-02 4.761822401724851578e-02
4.215067499681839774e-02 4.474710006850560196e-02
4.216229596949955943e-02 4.334946967411421048e-02
4.239716050311392870e-02 4.467444355510900161e-02
4.245420364060519675e-02 4.563476031651476222e-02
4.299210705293337459e-02 4.426413873734053733e-02
4.326859680969460248e-02 4.714977911898343005e-02
4.359978254376173368e-02 4.362037325526363363e-02
4.365862999217760831e-02 4.367149997138696643e-02
4.401397753941051205e-02 4.596687486578352605e-02
4.405060266896798638e-02 4.640627242049317341e-02
4.445912044658333062e-02 4.740948766523049585e-02
4.451648004876842396e-02 4.832018215228420233e-02
4.478478934858856619e-02 4.516954514336790627e-02
4.480913003601800365e-02 4.862999495394523808e-02
4.611014050614654913e-02 4.626703794221249944e-02
4.638386128983592455e-02 4.640137521832259776e-02
4.699607430634950012e-02 4.860389097699360783e-02
4.707476903316663158e-02 4.707581132068593133e-02
4.709165173281206623e-02 4.720420459019510073e-02
4.741832849351494683e-02 6.524926262636272789e-02
4.857663456925161161e-02 4.862860928065700777e-02
4.909628196655781845e-02 4.909998838797744597e-02
4.915549532908034674e-02 4.933622843212837061e-02
5.032026808847307742e-02 5.037151237010590449e-02
5.232052965420264101e-02 5.275863355816307054e-02
5.280555672401842510e-02 5.283999967213603294e-02
5.281747637710192816e-02 5.412983185675160347e-02
5.378162395647512195e-02 5.415726521799140575e-02
5.531130992901706761e-02 5.531369383368890669e-02
6.149098970953424670e-02 6.149487806410582763e-02
6.303160143607212940e-02 6.327913974818097365e-02
