0.000000000000000000e+00 6.312019905372370232e-01
0.000000000000000000e+00 3.287235708616983998e-01
0.000000000000000000e+00 4.276018928454101142e-01
0.000000000000000000e+00 4.454832063930505015e-01
0.000000000000000000e+00 4.220192989549931828e-01
0.000000000000000000e+00 3.523362751130214021e-01
0.000000000000000000e+00 2.927890558114165653e-01
0.000000000000000000e+00 1.960512084541338740e-01
0.000000000000000000e+00 4.866892098768372255e-01
0.000000000000000000e+00 5.756554431100157077e-01
0.000000000000000000e+00 2.400539171775572800e-01
0.000000000000000000e+00 3.940268286220259819e-01
0.000000000000000000e+00 9.201173038452659103e-02
0.000000000000000000e+00 4.220067462579809581e-01
0.000000000000000000e+00 3.298411564647880101e-01
0.000000000000000000e+00 1.603789021947931714e-01
0.000000000000000000e+00 4.146287014992838804e-01
0.000000000000000000e+00 1.795911863957056487e-01
0.000000000000000000e+00 4.014589344149581129e-01
0.000000000000000000e+00 5.241691910617578554e-01
0.000000000000000000e+00 2.574649764967723575e-01
0.000000000000000000e+00 2.231132592717393337e-01
0.000000000000000000e+00 1.241731608126760006e-01
0.000000000000000000e+00 1.641892358652103923e-01
0.000000000000000000e+00 6.309828175713220189e-01
0.000000000000000000e+00 4.060026588458031105e-01
0.000000000000000000e+00 4.515796998846243748e-01
0.000000000000000000e+00 1.838087004151405246e-01
0.000000000000000000e+00 2.399942544619500240e-01
0.000000000000000000e+00 3.815810600977878053e-01
0.000000000000000000e+00 3.374644708931315296e-01
0.000000000000000000e+00 2.606966335048182537e-01
0.000000000000000000e+00 3.301357071084121686e-01
0.000000000000000000e+00 2.606457147978403222e-01
0.000000000000000000e+00 3.081838744619658788e-01
0.000000000000000000e+00 3.048087514827694244e-01
0.000000000000000000e+00 2.147502770570225983e-01
0.000000000000000000e+00 3.169520334888798474e-01
0.000000000000000000e+00 1.010749810688125749e-01
0.000000000000000000e+00 4.285926670398037541e-01
0.000000000000000000e+00 2.693179491841359852e-01
0.000000000000000000e+00 4.391720331086386708e-01
0.000000000000000000e+00 2.176970212797735837e-01
0.000000000000000000e+00 4.109481721824540523e-01
0.000000000000000000e+00 1.403052752457804864e-01
0.000000000000000000e+00 1.681440371119923352e-02
0.000000000000000000e+00 2.110987059783629716e-01
0.000000000000000000e+00 7.569626268660376023e-02
0.000000000000000000e+00 2.908254284890890440e-01
0.000000000000000000e+00 4.292934495226207181e-01
0.000000000000000000e+00 1.951540532966948294e-01
0.000000000000000000e+00 5.115245446722129774e-01
0.000000000000000000e+00 1.890335712633098297e-01
0.000000000000000000e+00 3.021295458863763050e-01
0.000000000000000000e+00 3.931028814116770964e-01
0.000000000000000000e+00 3.507921424662948651e-01
0.000000000000000000e+00 2.374448546905728319e-01
0.000000000000000000e+00 2.453905413547303183e-01
0.000000000000000000e+00 1.498781599962915878e-01
0.000000000000000000e+00 1.577080542346120107e-01
0.000000000000000000e+00 2.781584412137625417e-01
0.000000000000000000e+00 1.973505071274056222e-01
0.000000000000000000e+00 9.252143893691137932e-02
0.000000000000000000e+00 1.258185062280407496e-01
0.000000000000000000e+00 2.870239842911994632e-01
0.000000000000000000e+00 6.713948768927413546e-02
0.000000000000000000e+00 3.010840367944783158e-01
0.000000000000000000e+00 4.847730001829744784e-01
0.000000000000000000e+00 2.794353814365327371e-01
0.000000000000000000e+00 3.225809085205901816e-01
0.000000000000000000e+00 4.629190796926821450e-01
0.000000000000000000e+00 3.484099060589279095e-01
0.000000000000000000e+00 1.544523345744758247e-01
0.000000000000000000e+00 2.924467697691798262e-01
0.000000000000000000e+00 3.329888337418421967e-02
0.000000000000000000e+00 3.103559583731929084e-01
0.000000000000000000e+00 2.156635585102306407e-01
0.000000000000000000e+00 1.999672853414858897e-01
0.000000000000000000e+00 3.784515463955238079e-01
0.000000000000000000e+00 1.718654035790963819e-01
0.000000000000000000e+00 2.205126027121425136e-01
0.000000000000000000e+00 4.837955282143407421e-01
0.000000000000000000e+00 3.957078287793480142e-01
0.000000000000000000e+00 1.535409839555315070e-01
0.000000000000000000e+00 2.699251978909888994e-01
0.000000000000000000e+00 2.106225119058482143e-01
0.000000000000000000e+00 2.504343201399369390e-01
0.000000000000000000e+00 1.681365425026195015e-01
0.000000000000000000e+00 3.366340427464167839e-01
0.000000000000000000e+00 8.952085853680839811e-02
0.000000000000000000e+00 4.948359160361223696e-01
0.000000000000000000e+00 9.505090617086020544e-02
0.000000000000000000e+00 1.460336321041171836e-01
0.000000000000000000e+00 1.317728869026934535e-01
0.000000000000000000e+00 2.200852015274500084e-01
0.000000000000000000e+00 1.635091952259956349e-01
0.000000000000000000e+00 7.358478698700182674e-02
0.000000000000000000e+00 1.194236952547290398e-01
0.000000000000000000e+00 2.557362021299142696e-01
