2.735527530835057952e-01 2.924373674365195463e-01
2.887103275025087457e-01 3.499636723815617856e-01
3.587722454399852601e-01 4.293855010722654741e-01
4.034050782556227732e-01 5.268365288497375287e-01
4.206602345078883087e-01 6.496746917752661554e-01
4.263860191157652912e-01 5.320915237193947211e-01
4.431316085376918457e-01 5.256296797640307439e-01
4.531162950248283083e-01 5.783975391660858278e-01
4.631107531781347153e-01 9.257290434197773532e-01
4.682742501266177748e-01 9.178030996819634968e-01
4.867818153551383142e-01 5.044153656529758445e-01
4.950292844469664777e-01 4.998657452268551182e-01
5.162612724699888744e-01 9.333088454679837609e-01
5.338771455891732076e-01 5.789320101462674950e-01
5.492830870858220749e-01 6.371026360183468240e-01
5.518110903918200805e-01 7.530093880730589495e-01
5.699763054706608045e-01 6.563938691730507591e-01
5.706379370349675684e-01 6.164744862966536898e-01
6.087134341057133247e-01 7.385068047223340981e-01
6.681310226595604806e-01 8.910671404554073582e-01
6.989826872996978135e-01 8.634845239268240658e-01
7.744959009497399682e-01 9.153821637512858933e-01
8.065991178902164327e-01 8.976353503660706723e-01
8.531615129921810148e-01 8.655275328871594454e-01
