4.256815166257042760e-02 4.852613679585954937e-02
4.347623399260250321e-02 4.924691245309676529e-02
4.381411256471086368e-02 4.637344199783764026e-02
4.590544293470950887e-02 5.922445002497849637e-02
4.876499432490802310e-02 4.963105317927167526e-02
5.000058020721218077e-02 5.723375191977270182e-02
5.195549120778016061e-02 8.174851510682409894e-02
5.256846325587732210e-02 5.564528027652733411e-02
5.338026409625037938e-02 5.436994787014287622e-02
5.348386677968475916e-02 5.858218742335725288e-02
5.413075769098354278e-02 5.680089129921490204e-02
5.432914736189026900e-02 5.637413148815917374e-02
5.574858087924378092e-02 6.866001443298554163e-02
5.583420655440341634e-02 6.355975008758278644e-02
5.663111407590297464e-02 6.357412950272084418e-02
5.751118787381826608e-02 6.966893484253704194e-02
5.872702863945619689e-02 9.165961560530637431e-02
6.038538325993678124e-02 7.171521978803045705e-02
6.080629087454177822e-02 6.389934428550876622e-02
6.105805957080986945e-02 7.977812449343377188e-02
6.122629415502315459e-02 7.054565405049498250e-02
6.147811958791325054e-02 6.347533152081269447e-02
6.157237037603108254e-02 7.590414973714076918e-02
6.211957432454400657e-02 9.572273499699859856e-02
6.291156286257607033e-02 7.394957162308360421e-02
6.295894931114807969e-02 7.195408295426770906e-02
6.333401077411722480e-02 6.922842846039313491e-02
6.340951296440759666e-02 9.775095573540884542e-02
6.371479716805292237e-02 6.850328760403312511e-02
6.449305860901255461e-02 1.102080092572647052e-01
6.499665283898437007e-02 6.569514916608243382e-02
6.698754391406677722e-02 7.392769701338322563e-02
6.766712558116427800e-02 9.049896740708122944e-02
6.786898463748028409e-02 7.070778518040420069e-02
6.875053043817450082e-02 6.961637365776329744e-02
6.977462929445885087e-02 7.743358641270566001e-02
7.081343581278305710e-02 7.979242664359784132e-02
7.106836281450863713e-02 8.157929124492487027e-02
7.169445959868626927e-02 9.530135532773932605e-02
7.173367163028092353e-02 2.756150856420692685e-01
7.242831560551042658e-02 2.557680364993429878e-01
7.305233623694366851e-02 7.388452157448774371e-02
7.384282006072434568e-02 1.217835953653649550e-01
7.402122399723862212e-02 1.129661933882818575e-01
7.404492632791868922e-02 9.547813793501945534e-02
7.688765820281966146e-02 9.160185003565377015e-02
7.811021327396384939e-02 8.829229120666701180e-02
7.821672193379877736e-02 1.163745257789379761e-01
7.894316240841718624e-02 7.951918697320893570e-02
8.012864892976927222e-02 8.073157104673471529e-02
8.031459189345020733e-02 8.219285965210303135e-02
8.047701753652572454e-02 8.292334936320308603e-02
8.145353797276141949e-02 1.003556147738581400e-01
8.198168444472503369e-02 1.934120748134074974e-01
8.208276784880577659e-02 9.471253215342026466e-02
8.347591279014160426e-02 9.168871222979996238e-02
8.397847269908456647e-02 1.094351567787876234e-01
8.400293200616995581e-02 1.193181614200096302e-01
8.404951532992864516e-02 9.102298918715057141e-02
8.477906404587036426e-02 8.760122580133880565e-02
8.478994333592597410e-02 9.178175401651303411e-02
8.524042115532559638e-02 1.121258801679602540e-01
8.530773496228721831e-02 1.189696851110358805e-01
8.588032906696835278e-02 8.911404380850854179e-02
8.622263942204390352e-02 9.994865795869163627e-02
8.629555064805202735e-02 8.716264933262798942e-02
8.677188014344658362e-02 1.136341572301703406e-01
8.783829217230053332e-02 9.859328281615929723e-02
8.798328109082098614e-02 1.067724533305139528e-01
8.887257080054661307e-02 9.499304860539875550e-02
8.912230452578626116e-02 9.492119686790100042e-02
9.127089395738233191e-02 9.443747275795277840e-02
9.155144656956555604e-02 1.360961720189257096e-01
9.167137524364535328e-02 1.266696353587143109e-01
9.223356001386978642e-02 1.651079820973783696e-01
9.296803761853922321e-02 1.747561925918654779e-01
9.342612092723695527e-02 1.906523518200980982e-01
9.385430945617577458e-02 1.023794297697069450e-01
9.393154216468489748e-02 9.772311051089344058e-02
9.409606845901351269e-02 1.238249223038237756e-01
9.415502278065067399e-02 1.813038380036700592e-01
9.453847759362456193e-02 1.503308295735402422e-01
9.572677627097819775e-02 1.726590053009046111e-01
9.583180363268825608e-02 9.815418311073272062e-02
9.586191088279702455e-02 1.296474969780698483e-01
9.613812213247899252e-02 1.218403568183895752e-01
9.639592354552607711e-02 9.927074213395289948e-02
9.687542771762458482e-02 9.946038785672600691e-02
9.755799630812266032e-02 1.272282892329011650e-01
9.879397822581305333e-02 1.274196754789627128e-01
9.912130420571708955e-02 1.194086741476692443e-01
9.925200767700068094e-02 1.712695215311029195e-01
9.933068364766683978e-02 1.354054282662806030e-01
9.999914173800172890e-02 1.037146627031608898e-01
1.004409592979783467e-01 1.784493530666012295e-01
1.008937264936203421e-01 1.475390696670006163e-01
1.010226574336766797e-01 1.075339755787573098e-01
1.013175339063888403e-01 1.554549555847290765e-01
1.014515531493129646e-01 1.233488865425987624e-01
1.016229661942400497e-01 1.093775053606204500e-01
1.016288111464305477e-01 1.094319443307761319e-01
1.025384455641558668e-01 1.293180512562656093e-01
1.026467606463043886e-01 1.315784482771864272e-01
1.031796235940039136e-01 1.118243433136437842e-01
1.044146825785043226e-01 1.568912412348197616e-01
1.045355041507855381e-01 1.170236095955884958e-01
1.053862691272478003e-01 1.215449975983103337e-01
1.055049555117657661e-01 1.538474330721421313e-01
1.064842357051096200e-01 1.257668424481264702e-01
1.067193678622092717e-01 1.556019585923524851e-01
1.067918109835558210e-01 1.594950785296502527e-01
1.068777973690071131e-01 1.195501650189750020e-01
1.081183782100213625e-01 1.322808598210775954e-01
1.098942435657755123e-01 1.353558102958732634e-01
1.116098363161235479e-01 1.527425418232239152e-01
1.120812744961116186e-01 1.514656274784906831e-01
1.122687080021324141e-01 1.508254875563860842e-01
1.125649244793238274e-01 1.239958752591776153e-01
1.126637207020955295e-01 1.577868743633703552e-01
1.127824894324762073e-01 1.443688041356933904e-01
1.131095312293267513e-01 1.136164288314958498e-01
1.134095481536606942e-01 1.300791977002703215e-01
1.137760298830297057e-01 1.760346303797584167e-01
1.141515559163375076e-01 1.284853141124348008e-01
1.144286398418718487e-01 1.735769499084760525e-01
1.160085030855305954e-01 1.483706912158319069e-01
1.160252987873766489e-01 1.160674690555550947e-01
1.192980778831507493e-01 1.305175567689230431e-01
1.213619635677044561e-01 1.222657039259099354e-01
1.221059634964897084e-01 1.310640119546154503e-01
1.231945105016593878e-01 1.245410672732147894e-01
1.244551010233644756e-01 1.385485606145691606e-01
1.282681794602393011e-01 1.675636953016451103e-01
1.285427063544237469e-01 1.314337588296350667e-01
1.307803208786594562e-01 1.384480404289208655e-01
1.316529428221365483e-01 1.578515407431255180e-01
1.320257409095861589e-01 1.336497051127873981e-01
1.328183040165481776e-01 1.481239255988232861e-01
1.330265390001112713e-01 1.384807021062050836e-01
1.343411718304093061e-01 1.355204148241531403e-01
1.350753608449670462e-01 1.608371155778810235e-01
1.354202669670823422e-01 1.429211266107051070e-01
1.361499159086279054e-01 1.390735174439567401e-01
1.364821810498250410e-01 1.402848549799300959e-01
1.379229148712510233e-01 1.493578218789102796e-01
