2.754062262596913002e-01 2.873802717161275111e-01
3.362174675997528506e-01 3.541473111107843463e-01
3.635356315475940514e-01 3.666346504018328512e-01
3.872259946954652587e-01 3.890029303847643005e-01
4.512085598666634723e-01 4.555267995468152420e-01
4.771936754968665872e-01 4.828333847500711484e-01
7.160831431964559401e-01 9.834147028837199045e-01
7.323408583902992763e-01 7.355714781293960502e-01
8.687718998873568133e-01 9.811421704429742485e-01
8.689904764760228995e-01 9.710227542866555206e-01
8.744243940733206211e-01 9.781983349443021947e-01
8.805151610752581792e-01 9.609815623091411130e-01
8.816272861660557902e-01 9.537495697069386935e-01
8.822713090994181995e-01 9.622964022434619125e-01
8.900276796015780256e-01 9.751944378085599663e-01
8.903965965457091292e-01 9.667281480994148746e-01
8.925825463172857299e-01 9.601688920010669204e-01
8.958088769887693203e-01 9.743524358978463695e-01
9.002770641934859652e-01 9.656060808889714853e-01
9.063059124723060744e-01 9.553445551278862968e-01
9.098992935242571356e-01 9.442637672320450815e-01
9.107033928310007687e-01 9.729750928855400716e-01
9.147809637994694931e-01 9.607069236998218020e-01
9.174994571931064380e-01 9.562266455882219018e-01
9.285845980736199268e-01 9.730999423780050117e-01
9.312739992007912360e-01 9.817316721094516696e-01
9.325591410623417232e-01 9.667485337779097021e-01
9.342372521309039168e-01 9.620465420036924398e-01
9.399798047357222908e-01 9.653522276893556908e-01
9.441413606720611140e-01 9.481271572544731630e-01
9.447713289397365877e-01 9.505151317316088422e-01
9.472668741572323192e-01 9.695471939002824335e-01
9.477682843738810536e-01 9.632790001252421463e-01
9.480169020346381759e-01 9.491395648469035384e-01
9.481411097069574190e-01 9.513925952759300086e-01
9.529838401697690031e-01 9.623798161723594591e-01
9.534608265226804935e-01 9.629551410156441671e-01
9.562114938551091736e-01 9.594899262732599077e-01
9.578499360068213342e-01 9.649404166105758351e-01
9.583569430405067813e-01 9.602683417753159478e-01
9.635306911246664940e-01 9.656541449060224158e-01
9.992126642047529650e-01 1.002337011123815458e+00
9.993330232379622480e-01 1.003099802813925745e+00
1.029441076825049484e+00 1.045981362460795872e+00
1.557932343997595614e+00 1.565129908499925726e+00
1.804418071952869518e+00 1.819278186074954728e+00
