2.444376660972086366e-03 2.467179166474567538e-03
3.143963046957610596e-03 3.408860650265760177e-03
5.173094962928946258e-03 5.204678970162349670e-03
5.302800106307166070e-03 5.677483105303340362e-03
5.525824015928626834e-03 5.702744558703702268e-03
6.744335964509014930e-03 7.297411737623236104e-03
7.987526869503738108e-03 8.291544653056840894e-03
8.538784482361286982e-03 8.827594914893941228e-03
8.816722109502522428e-03 9.221983546050844735e-03
1.019603148890816172e-02 1.043568496635403214e-02
1.093413568794201172e-02 1.159070471887492515e-02
1.159403913280303115e-02 1.240812201083939421e-02
1.169225466271840534e-02 1.199184422742545671e-02
1.169225466271840534e-02 1.177470136169240719e-02
1.236254695934218412e-02 1.313620794268122345e-02
1.258797318153161496e-02 1.308262716703895677e-02
1.300035695996350042e-02 1.362178709188747658e-02
1.328701617874432708e-02 1.474980304566033892e-02
1.357628739490733885e-02 1.395812922799179352e-02
1.375659030640232101e-02 1.394714457383051942e-02
1.435409954071687269e-02 1.503646677683182463e-02
1.443946073160246556e-02 1.450522853867912930e-02
1.472867482616596613e-02 1.506339883450927460e-02
1.473967834788758070e-02 1.747031595471921703e-02
1.517519211051149459e-02 1.658171522492112374e-02
1.539774249242760809e-02 1.567873118564287738e-02
1.557390289422104848e-02 1.575532235904153477e-02
1.599602550857526229e-02 1.718888113772253090e-02
1.609074969692012025e-02 1.621366057098863611e-02
1.624509044796140778e-02 1.858810289838749158e-02
1.746064043498302132e-02 1.835968304427235478e-02
1.770130590088937056e-02 1.789228135175846557e-02
1.813509337423154649e-02 1.877427812983148425e-02
1.943303803852798606e-02 2.019871114668540801e-02
1.955804295154262365e-02 2.045090685423855276e-02
1.994844513242837597e-02 2.082739452573989514e-02
2.094661175694169375e-02 2.127302911802292709e-02
2.119493021974367883e-02 2.160791631142263899e-02
2.131679744798641030e-02 2.143192601779412426e-02
2.134749978541851043e-02 2.141499295874400161e-02
2.161716208144864176e-02 2.261370351292836534e-02
2.207406849886463934e-02 2.307669014152077466e-02
2.214313648353988598e-02 2.243534862816065970e-02
2.222064719743742714e-02 2.310862398703836598e-02
2.227526892432762223e-02 2.358293845373117884e-02
2.231426982540786128e-02 2.446825945919513592e-02
2.237484401312613350e-02 2.281477878217208488e-02
2.266686285049287347e-02 2.587594933053040044e-02
2.273043335253325040e-02 2.356227407214409042e-02
2.284642711896291492e-02 2.430079978903172677e-02
2.294123345395764069e-02 2.455321406524881012e-02
2.294123345395764069e-02 2.308480912355921968e-02
2.336185301101840334e-02 2.463659245560037916e-02
2.382901292118254008e-02 2.408988661682771870e-02
2.416484903311204996e-02 2.437240409846822345e-02
2.419721005501229011e-02 2.741668485287216891e-02
2.516757476443977001e-02 2.671558956806691434e-02
2.517108034452440399e-02 2.519821521205974427e-02
2.527397075792364375e-02 2.557466868984456521e-02
2.594910745183151221e-02 2.734341160122566450e-02
2.845159358722262888e-02 2.886163077936910668e-02
2.929359894730052330e-02 2.943461968761983821e-02
2.934912756026590228e-02 3.090839473853636624e-02
2.941729580495814830e-02 2.972822209443445191e-02
3.682530566420162688e-02 3.715074482860938887e-02
3.682530566420162688e-02 3.918465014554654152e-02
3.750644518655973231e-02 3.869832488150531241e-02
3.811324163730004516e-02 3.927608429551392166e-02
