3.388223913890354988e-03 4.137054964376358536e-03
3.564963043419507559e-03 3.749477077434836079e-03
5.181905436400500477e-03 5.202301114821608272e-03
6.769205221185241490e-03 6.909931284171357685e-03
7.984796757271697340e-03 8.094139450649505754e-03
8.985470326845520009e-03 9.399216561649662710e-03
9.712803388762127413e-03 1.153296478213881003e-02
9.829579115215640595e-03 1.325362928778634451e-02
1.048009711202011265e-02 1.071377623392351028e-02
1.099008027424467314e-02 1.200596945424146564e-02
1.121277436813929683e-02 1.167106498046991195e-02
1.123996534214071960e-02 1.219270586776117528e-02
1.186309409798852466e-02 1.243203958224776973e-02
1.244596137267306446e-02 1.253827418633997326e-02
1.252177021806422791e-02 1.468215433342123268e-02
1.275046733263457237e-02 1.297582035853182651e-02
1.349677585193157642e-02 1.407954644341831429e-02
1.362512856328261523e-02 1.437081980524343265e-02
1.403562365681149463e-02 1.626355671645898088e-02
1.414056342185840941e-02 1.871731436231059351e-02
1.428408702950530011e-02 2.000843712053862813e-02
1.450041585073344810e-02 1.491950881906616184e-02
1.470339456163152758e-02 1.535106685305441358e-02
1.476454524867215103e-02 2.041476318214870828e-02
1.552355838327471559e-02 1.627684760096168026e-02
1.632408237142171301e-02 1.711792572810285837e-02
1.692862813999625876e-02 1.934849922411252185e-02
1.709501035323808191e-02 2.140424412700425022e-02
1.711600040824712288e-02 2.321843391973863954e-02
1.718697236483620119e-02 1.769469209556055744e-02
1.725580609419992417e-02 1.731860694162967035e-02
1.762947334480433753e-02 1.961684978742047822e-02
1.772180051948513829e-02 2.351315116801974692e-02
1.818233231033361194e-02 1.918405709045969618e-02
1.854291144569539945e-02 2.054041668527630329e-02
1.879196825828453182e-02 2.726542887362360876e-02
1.896308594545615886e-02 2.383201903285563777e-02
1.953211908548248624e-02 1.967230603009660628e-02
1.992539872085509478e-02 2.427101336301805065e-02
2.010558422834807929e-02 2.600219117523499754e-02
2.018590162481410238e-02 2.098180924398732744e-02
2.019373151633547733e-02 2.121281995587593477e-02
2.020875992883615357e-02 2.042828155304089038e-02
2.054925487405570572e-02 2.077516559380204048e-02
2.086575492098506623e-02 2.418458062414349796e-02
2.099092934905768051e-02 2.284357907790170172e-02
2.143424788696591740e-02 2.607283936560289214e-02
2.148131223605320717e-02 3.350393293627609848e-02
2.150518174625211734e-02 2.179162093692411234e-02
2.153794543568280165e-02 2.349544112657034334e-02
2.154654450003255436e-02 2.391212590521013884e-02
2.163394646830268248e-02 2.333607488118271539e-02
2.165425940647398156e-02 2.404163081482288758e-02
2.170127210936338355e-02 2.277180178782794301e-02
2.170657911433058335e-02 2.739727914863999622e-02
2.203455696482456774e-02 3.234057568138998251e-02
2.215292763458654238e-02 2.489567068566124128e-02
2.222735628721821469e-02 3.093104483503040028e-02
2.240420872535228355e-02 2.444661583194841434e-02
2.270868332279079790e-02 2.539397517200358070e-02
2.279760124883964054e-02 2.313205448556805710e-02
2.297547625828777126e-02 2.631227254062322440e-02
2.299855567376267798e-02 2.351315116801974692e-02
2.314221404333807741e-02 3.209570076570410213e-02
2.316519858660216410e-02 2.863702843260961320e-02
2.337607995506896935e-02 3.382065614042505802e-02
2.344927733606535711e-02 2.543539398625641046e-02
2.350563584551499177e-02 3.487564804821422643e-02
2.351091093457871248e-02 3.066119265582081463e-02
2.366464517152593733e-02 2.826539219904717834e-02
2.384168933841270335e-02 3.758190951246570544e-02
2.410016764742554593e-02 3.323256091885196106e-02
2.413344059434157154e-02 2.477506087262386011e-02
2.416181862018729545e-02 2.524265963077350697e-02
2.442148856233734497e-02 2.695617629516069633e-02
2.445265739813725150e-02 2.658829476854778981e-02
2.445865858760369604e-02 2.526211770055028158e-02
2.453719639292753149e-02 2.729527047445791388e-02
2.459389201537087039e-02 2.757837703717415379e-02
2.485100757055428919e-02 3.053468156228199629e-02
2.501719707051251046e-02 3.336667455183738029e-02
2.508811801135145403e-02 2.736834631544330168e-02
2.524589400473339212e-02 2.639520674650880361e-02
2.526257369945830375e-02 2.985129763538385203e-02
2.529590956300605681e-02 3.147871358524228363e-02
2.552419442799788024e-02 2.710493233021673415e-02
2.560437546822452032e-02 2.702241539295871520e-02
2.600957625910885543e-02 2.873172492001229913e-02
2.613709823295659249e-02 2.706349499292419469e-02
2.634601143955827077e-02 2.730348911257872088e-02
2.650013089014104789e-02 3.022717603606651232e-02
2.698844224322042087e-02 3.169355234606316407e-02
2.701784890267177469e-02 3.298360948220646627e-02
2.723233776152206645e-02 2.987455154110846972e-02
2.726258974362083878e-02 3.711061888975560746e-02
2.754132310061720851e-02 2.869637954871494950e-02
2.795548858848193041e-02 3.037330139011651386e-02
2.808702797036015386e-02 3.449514095636806166e-02
2.831153203560141801e-02 3.312555377368674864e-02
2.851553215615714593e-02 3.010212047388321002e-02
2.885108195999322445e-02 2.895773941127443088e-02
2.907833714826619717e-02 3.730802126184550038e-02
2.915687174206481325e-02 3.211434089673374792e-02
2.939559246026559811e-02 3.178874716717185883e-02
2.946935713303092466e-02 3.180100202152077310e-02
2.951765016439439338e-02 3.155971064062991494e-02
2.961425271034674039e-02 3.318172872542042573e-02
2.993851025287114567e-02 3.219439377699426924e-02
2.995439198925242338e-02 3.185275924499582356e-02
3.012484502902967529e-02 3.222063286652223496e-02
3.016344262733844372e-02 3.136336680058374876e-02
3.042891756490704452e-02 3.754460526228187156e-02
3.059335400656536252e-02 3.803592548147632230e-02
3.070332667061708570e-02 3.497595132138990592e-02
3.088531374770918034e-02 3.660764819885575089e-02
3.137306815492244688e-02 4.089764006042156952e-02
3.162839344915507195e-02 3.295105244050852700e-02
3.170228647489904683e-02 3.555686242628858240e-02
3.171953424229340818e-02 3.225941778604562993e-02
3.281664597968501212e-02 3.758190951246570544e-02
3.308196104212721145e-02 3.848644711474968894e-02
3.309345385621689090e-02 3.757018084376274880e-02
3.323145903234062809e-02 4.508897263589762422e-02
3.340418661849278020e-02 4.795177938302356418e-02
3.351001336791790963e-02 3.395590237459496230e-02
3.385242707987378558e-02 3.730070473326082409e-02
3.448333857849616990e-02 4.435108845300782254e-02
3.470557478651387084e-02 3.549420644793038759e-02
3.479014205597688592e-02 4.527049828217614286e-02
3.486203497961513215e-02 4.610741638463828479e-02
3.528143622170799160e-02 4.325099187017659996e-02
3.534559289659127551e-02 3.939074099905737897e-02
3.539859536390637523e-02 4.121199549996662492e-02
3.561601544697889227e-02 3.926295452767725180e-02
3.577081760023999302e-02 3.935001028784391314e-02
3.632363414966771620e-02 4.183356420278763754e-02
3.644481027712570542e-02 4.232490475719963285e-02
3.648714294493527605e-02 3.836345471922630868e-02
3.648754705364436884e-02 3.944101318137545331e-02
3.652853456608626953e-02 3.786214276882008539e-02
3.656876881500640414e-02 5.245181901969488830e-02
3.690069609994698491e-02 3.759525262389577793e-02
3.737360671583057903e-02 3.848200241268372873e-02
3.743836298861090428e-02 4.401230464389643132e-02
3.779448305892220417e-02 4.504099202776421645e-02
3.782841211287654021e-02 4.180789494594099737e-02
3.784306747386464304e-02 3.903695391536910614e-02
3.809807490487377574e-02 4.392404604173691385e-02
3.811470605379580628e-02 4.013181955978478016e-02
3.818110378207240085e-02 3.888156765256916420e-02
3.845153113623211993e-02 3.867304195821465174e-02
3.845199726219322711e-02 4.559592151356761658e-02
3.872984497886850647e-02 4.290782432860277412e-02
3.923687724063119886e-02 4.458453783189880032e-02
3.930266238247866195e-02 4.991576049998648623e-02
3.935930938717612654e-02 5.010318443077458467e-02
3.953747961199606531e-02 4.718266417493477416e-02
3.989477286174961806e-02 4.129163467211041660e-02
3.996501130059480766e-02 4.045513431676986404e-02
4.091815168255900914e-02 4.216253831749384312e-02
4.130019982947715634e-02 4.799275665693129161e-02
4.236499825345160786e-02 4.724539219966742559e-02
4.416940836717628271e-02 4.848513807076512000e-02
4.489514001150929356e-02 4.547277712011234263e-02
4.575955721462047349e-02 4.895393662461057505e-02
4.579239667785915679e-02 5.277671745275879650e-02
4.651637745882460095e-02 5.214322497446589183e-02
4.777357305404646842e-02 5.094001656588595384e-02
4.824717598978265493e-02 5.709583598539572785e-02
4.855167112285476566e-02 4.924172448561755372e-02
4.868493744366546999e-02 4.972562520284429244e-02
5.038705201831166630e-02 5.321288102301551665e-02
5.152387080177488199e-02 5.576337770979150621e-02
5.292744345420290902e-02 6.050608633244428103e-02
5.643647049016448092e-02 6.067449738106293899e-02
5.848568291747936743e-02 6.277034396434857944e-02
6.043278135419228453e-02 6.281132474731644655e-02
6.093616052185040627e-02 6.301624447629931847e-02
