0.000000000000000000e+00 1.832274431374020240e-02
0.000000000000000000e+00 2.872479368303959557e-02
0.000000000000000000e+00 1.998201512287896969e-02
0.000000000000000000e+00 3.370796130144971398e-02
0.000000000000000000e+00 1.501981126278498571e-02
0.000000000000000000e+00 1.106950298217686604e-02
0.000000000000000000e+00 1.149068902517561691e-02
0.000000000000000000e+00 1.157370108372915603e-02
0.000000000000000000e+00 3.360430714103974925e-02
0.000000000000000000e+00 8.746389712965041419e-03
0.000000000000000000e+00 2.443210148910541710e-02
0.000000000000000000e+00 1.911916917593123322e-02
0.000000000000000000e+00 1.334221381848175667e-02
0.000000000000000000e+00 2.484017921170474791e-03
0.000000000000000000e+00 1.833195229031035420e-02
0.000000000000000000e+00 7.778445141061175044e-03
0.000000000000000000e+00 2.448218338380539830e-02
0.000000000000000000e+00 3.793640541229943014e-02
0.000000000000000000e+00 1.457205945369408583e-02
0.000000000000000000e+00 3.823582500124765669e-03
0.000000000000000000e+00 1.566736841843870479e-02
0.000000000000000000e+00 2.336444566239822759e-02
0.000000000000000000e+00 1.597247480684481011e-02
0.000000000000000000e+00 1.498785465038603854e-02
0.000000000000000000e+00 5.844650143166394383e-03
0.000000000000000000e+00 2.822106533483889276e-02
0.000000000000000000e+00 2.671684417409661561e-02
0.000000000000000000e+00 4.975287317450777583e-03
0.000000000000000000e+00 1.576613186060312269e-02
0.000000000000000000e+00 1.950087380890334204e-02
0.000000000000000000e+00 5.985977230241338112e-03
0.000000000000000000e+00 1.861694123192558781e-02
0.000000000000000000e+00 3.132094149433591566e-03
0.000000000000000000e+00 2.265568826325425542e-02
0.000000000000000000e+00 1.861573460907324506e-02
0.000000000000000000e+00 1.166997913192994486e-02
0.000000000000000000e+00 1.616264403948126580e-02
0.000000000000000000e+00 1.162096121111545061e-02
0.000000000000000000e+00 3.738070760765127565e-02
0.000000000000000000e+00 1.689369839876352433e-02
0.000000000000000000e+00 1.130579871656525910e-02
0.000000000000000000e+00 9.137794454584444170e-03
0.000000000000000000e+00 8.657031983637078834e-03
0.000000000000000000e+00 1.717144683175893249e-02
0.000000000000000000e+00 4.133362898499012839e-03
0.000000000000000000e+00 3.283062015183279420e-02
0.000000000000000000e+00 3.464256410788387440e-03
0.000000000000000000e+00 2.937830641756788985e-02
0.000000000000000000e+00 1.370280665849564136e-02
0.000000000000000000e+00 1.630571301052252675e-02
0.000000000000000000e+00 2.576811889604864111e-02
0.000000000000000000e+00 3.345485657469036284e-02
0.000000000000000000e+00 1.794162053402408030e-02
0.000000000000000000e+00 1.812227566483292848e-02
0.000000000000000000e+00 2.540330880655227927e-03
0.000000000000000000e+00 2.405316308495565603e-02
0.000000000000000000e+00 1.926951201389650800e-02
0.000000000000000000e+00 1.040746213818383864e-02
0.000000000000000000e+00 2.575131568989457928e-02
0.000000000000000000e+00 8.056636762745183686e-03
0.000000000000000000e+00 1.170417867300219995e-02
0.000000000000000000e+00 2.216170611798115239e-02
0.000000000000000000e+00 6.934866445681279676e-03
0.000000000000000000e+00 3.111090060694357562e-02
0.000000000000000000e+00 2.151645431168355826e-02
0.000000000000000000e+00 1.669276776910856575e-02
0.000000000000000000e+00 1.403086828604188999e-02
0.000000000000000000e+00 5.630193143312591311e-03
0.000000000000000000e+00 3.671783143779775577e-02
0.000000000000000000e+00 2.426281566214079713e-02
0.000000000000000000e+00 2.546397477277144439e-02
0.000000000000000000e+00 8.085232447395396260e-03
0.000000000000000000e+00 9.245619948091046703e-03
0.000000000000000000e+00 1.260492952139364783e-02
0.000000000000000000e+00 2.111427966085459643e-02
0.000000000000000000e+00 4.538684513910995651e-03
0.000000000000000000e+00 1.523462227861232740e-02
0.000000000000000000e+00 1.434649315190076116e-02
0.000000000000000000e+00 2.290605216918453757e-02
0.000000000000000000e+00 5.542570468442176677e-03
0.000000000000000000e+00 1.456573719287158897e-02
0.000000000000000000e+00 1.164689596742198539e-02
0.000000000000000000e+00 1.278829105020723098e-02
0.000000000000000000e+00 1.588644731364398377e-02
0.000000000000000000e+00 7.970379987083707832e-03
0.000000000000000000e+00 1.602948928623404781e-02
0.000000000000000000e+00 8.632481240188992835e-03
0.000000000000000000e+00 1.254611363065253303e-02
0.000000000000000000e+00 1.987744199402107989e-02
0.000000000000000000e+00 2.704517243402501658e-02
0.000000000000000000e+00 1.991757263498636354e-03
0.000000000000000000e+00 2.015755566062259543e-02
0.000000000000000000e+00 2.219234639439496629e-02
0.000000000000000000e+00 2.380061821187687884e-03
0.000000000000000000e+00 1.713082933424126333e-02
0.000000000000000000e+00 1.770440295056977323e-02
0.000000000000000000e+00 6.802542464351551098e-03
0.000000000000000000e+00 7.563712528654153652e-03
0.000000000000000000e+00 5.551595531259496778e-03
0.000000000000000000e+00 3.220958479407345920e-02
0.000000000000000000e+00 1.929922092390226260e-02
0.000000000000000000e+00 8.733596907633955561e-03
0.000000000000000000e+00 2.484074039896408403e-03
0.000000000000000000e+00 2.533516132139193230e-03
0.000000000000000000e+00 3.155316830422728869e-03
0.000000000000000000e+00 1.473237236748347126e-02
0.000000000000000000e+00 1.710443152098328756e-02
0.000000000000000000e+00 3.185663211766450592e-02
0.000000000000000000e+00 3.706977212963499888e-03
0.000000000000000000e+00 1.214910916989632786e-02
0.000000000000000000e+00 1.208800637020099496e-02
0.000000000000000000e+00 1.245921904160254660e-02
0.000000000000000000e+00 6.976822546353174219e-03
0.000000000000000000e+00 2.941394239353958828e-02
0.000000000000000000e+00 1.936933666978131463e-02
0.000000000000000000e+00 8.989523704815689450e-03
0.000000000000000000e+00 9.076351467923409952e-03
0.000000000000000000e+00 3.160758610015516456e-03
0.000000000000000000e+00 1.770419372153112653e-02
0.000000000000000000e+00 7.998688098325877280e-03
0.000000000000000000e+00 1.037983800043537110e-02
0.000000000000000000e+00 1.825299938240899575e-02
0.000000000000000000e+00 3.816564295649173266e-02
0.000000000000000000e+00 2.283530732785686232e-02
0.000000000000000000e+00 1.444261287653360142e-02
0.000000000000000000e+00 2.793974677705090767e-02
0.000000000000000000e+00 2.820245821754048185e-02
0.000000000000000000e+00 1.963037859704653762e-02
0.000000000000000000e+00 1.882202384109615129e-02
0.000000000000000000e+00 2.298127016449593579e-02
0.000000000000000000e+00 4.856221058539296649e-03
0.000000000000000000e+00 1.683689644018470863e-02
0.000000000000000000e+00 7.330286090364317685e-03
0.000000000000000000e+00 3.303211242539962067e-02
0.000000000000000000e+00 4.497964825083792390e-02
0.000000000000000000e+00 1.693066198517510432e-02
0.000000000000000000e+00 2.162514137404259254e-02
0.000000000000000000e+00 9.344774130094581077e-03
0.000000000000000000e+00 1.317736412129497277e-02
0.000000000000000000e+00 1.696537358319559138e-02
0.000000000000000000e+00 1.585769792237458342e-02
0.000000000000000000e+00 2.525360997200239502e-02
0.000000000000000000e+00 8.614018919113765327e-03
0.000000000000000000e+00 3.204735970865408429e-02
0.000000000000000000e+00 1.789931595195517686e-02
0.000000000000000000e+00 9.672254684437201280e-03
0.000000000000000000e+00 1.434125407812342212e-02
0.000000000000000000e+00 1.408013599586945691e-02
0.000000000000000000e+00 1.534421567646474319e-02
0.000000000000000000e+00 5.067312315670416921e-03
0.000000000000000000e+00 4.140806213096743724e-03
0.000000000000000000e+00 4.523549458074882686e-03
0.000000000000000000e+00 2.260307330637222924e-03
0.000000000000000000e+00 1.065113189648874727e-02
0.000000000000000000e+00 7.988003691313326493e-03
0.000000000000000000e+00 5.138226820717853999e-02
0.000000000000000000e+00 6.818320075819841453e-01
0.000000000000000000e+00 2.530354050238693697e-02
0.000000000000000000e+00 4.017581001933057810e-02
0.000000000000000000e+00 6.039878430809602489e-02
0.000000000000000000e+00 1.409125422896136126e-02
0.000000000000000000e+00 2.902409903060709437e-02
0.000000000000000000e+00 4.111959138979329187e-02
0.000000000000000000e+00 2.191438337759480520e-02
0.000000000000000000e+00 9.431916685947398099e-03
0.000000000000000000e+00 4.093811089435616529e-02
0.000000000000000000e+00 3.236804291242007751e-03
0.000000000000000000e+00 3.843957030513196066e-02
0.000000000000000000e+00 4.717101167244189958e-02
0.000000000000000000e+00 3.466370598761407684e-02
0.000000000000000000e+00 1.748498450297512191e-02
0.000000000000000000e+00 4.817907802655781863e-02
0.000000000000000000e+00 1.858610713868644182e-02
0.000000000000000000e+00 2.665892893872850652e-02
0.000000000000000000e+00 2.540211401272271866e-02
0.000000000000000000e+00 3.711956049030817190e-02
0.000000000000000000e+00 2.364811657422391869e-02
0.000000000000000000e+00 1.436763020609998186e-02
0.000000000000000000e+00 3.710475689142039152e-02
0.000000000000000000e+00 5.213693029864790475e-03
0.000000000000000000e+00 3.044866912213997721e-03
0.000000000000000000e+00 4.207888083444261823e-02
0.000000000000000000e+00 2.297392733281402102e-02
0.000000000000000000e+00 1.673952343005985152e-02
0.000000000000000000e+00 2.520689883850712673e-02
0.000000000000000000e+00 2.009654676546823379e-03
0.000000000000000000e+00 1.982875811834389039e-03
0.000000000000000000e+00 2.883523173912513199e-02
0.000000000000000000e+00 3.949063783513331871e-02
0.000000000000000000e+00 9.925336532664103678e-03
0.000000000000000000e+00 1.483326984927744834e-02
0.000000000000000000e+00 3.808000520184396526e-02
0.000000000000000000e+00 2.468996514032351791e-02
0.000000000000000000e+00 2.969971183138512064e-02
0.000000000000000000e+00 2.169230023653153511e-02
0.000000000000000000e+00 3.408709085198404105e-03
0.000000000000000000e+00 1.991911448101984020e-02
0.000000000000000000e+00 1.678102799790474886e-02
0.000000000000000000e+00 1.414029060106412709e-02
0.000000000000000000e+00 3.063292245424666278e-03
0.000000000000000000e+00 6.628395767616796982e-03
0.000000000000000000e+00 9.440081720906611656e-03
0.000000000000000000e+00 1.699355883028507916e-02
0.000000000000000000e+00 2.723324468175867749e-02
0.000000000000000000e+00 2.739498432168518613e-02
0.000000000000000000e+00 2.176750558270983127e-02
0.000000000000000000e+00 7.626101796659287002e-01
0.000000000000000000e+00 2.277533648823003992e-02
0.000000000000000000e+00 2.417527885324025419e-02
0.000000000000000000e+00 1.197559897025910099e-02
0.000000000000000000e+00 3.115309342241790250e-02
0.000000000000000000e+00 1.421831709765067862e-02
0.000000000000000000e+00 8.251621787561259913e-03
0.000000000000000000e+00 6.120079895994268854e-03
0.000000000000000000e+00 1.492508202068729313e-02
0.000000000000000000e+00 5.755364979065268755e-03
0.000000000000000000e+00 2.411222969665050356e-02
0.000000000000000000e+00 1.713816686300503531e-02
0.000000000000000000e+00 2.594560015143913476e-02
0.000000000000000000e+00 1.492964349677013136e-02
0.000000000000000000e+00 2.144732042762231145e-02
0.000000000000000000e+00 2.311044139394544464e-02
0.000000000000000000e+00 7.689201809157095169e-03
0.000000000000000000e+00 1.611160314748291342e-02
0.000000000000000000e+00 1.384835107887913593e-02
0.000000000000000000e+00 2.249655387409476084e-02
0.000000000000000000e+00 2.303979129373695880e-02
0.000000000000000000e+00 1.335403439480884955e-02
0.000000000000000000e+00 1.324581171068957633e-02
0.000000000000000000e+00 2.979676527932118707e-02
0.000000000000000000e+00 1.495884662710816881e-02
0.000000000000000000e+00 4.968762689909090625e-03
0.000000000000000000e+00 8.022593262611128762e-03
0.000000000000000000e+00 8.857648475282267619e-03
0.000000000000000000e+00 3.243329473183204775e-02
0.000000000000000000e+00 2.924436001237958743e-02
0.000000000000000000e+00 2.697577196025863211e-02
0.000000000000000000e+00 1.095659883052143950e-02
0.000000000000000000e+00 2.489402971316578492e-02
0.000000000000000000e+00 1.360001811808744625e-02
0.000000000000000000e+00 5.603337635701331754e-03
0.000000000000000000e+00 9.857152782099965621e-03
0.000000000000000000e+00 1.389239217967769974e-02
0.000000000000000000e+00 1.952204626178208682e-02
0.000000000000000000e+00 2.237435504151892227e-02
0.000000000000000000e+00 8.931642288019816384e-03
0.000000000000000000e+00 1.552897687186471573e-02
0.000000000000000000e+00 2.727338751503031664e-02
0.000000000000000000e+00 2.925181614454786666e-02
0.000000000000000000e+00 1.365900718878408811e-02
0.000000000000000000e+00 1.090516084584197340e-02
0.000000000000000000e+00 2.939917544598799268e-02
0.000000000000000000e+00 1.943034709174486230e-02
0.000000000000000000e+00 1.092119870610692295e-02
0.000000000000000000e+00 8.952741126866146232e-03
0.000000000000000000e+00 9.932645852098133735e-03
0.000000000000000000e+00 1.968654229873801481e-02
0.000000000000000000e+00 1.262748927506640063e-02
0.000000000000000000e+00 1.516507100717186252e-02
0.000000000000000000e+00 6.875880118526447350e-03
0.000000000000000000e+00 3.287562221696706082e-03
0.000000000000000000e+00 2.053293957730450633e-02
0.000000000000000000e+00 1.186542889365281225e-02
0.000000000000000000e+00 4.186444887712910227e-03
0.000000000000000000e+00 9.045991463776872563e-03
0.000000000000000000e+00 4.112292911541779589e-03
0.000000000000000000e+00 2.068118092389124169e-02
0.000000000000000000e+00 1.899473229748847511e-02
0.000000000000000000e+00 7.552142193169181575e-03
0.000000000000000000e+00 1.018985673705776959e-02
0.000000000000000000e+00 4.798975363366314931e-03
0.000000000000000000e+00 1.164935878646949745e-02
0.000000000000000000e+00 2.650970946232787326e-02
0.000000000000000000e+00 2.467626068882526960e-02
0.000000000000000000e+00 7.811289459613972655e-03
0.000000000000000000e+00 6.288637731212957070e-03
0.000000000000000000e+00 2.577149614452583365e-03
0.000000000000000000e+00 4.184941240212454276e-03
0.000000000000000000e+00 2.374809825453606457e-02
0.000000000000000000e+00 2.293125549727099283e-02
0.000000000000000000e+00 1.955880485876023214e-02
0.000000000000000000e+00 2.045671659748436212e-03
0.000000000000000000e+00 6.159100102757850657e-03
0.000000000000000000e+00 2.247066460840058469e-02
0.000000000000000000e+00 4.450603262967498495e-03
0.000000000000000000e+00 3.702895097944103320e-02
0.000000000000000000e+00 7.497657022006538538e-03
0.000000000000000000e+00 8.487605829831566806e-03
0.000000000000000000e+00 1.799313076597033184e-02
0.000000000000000000e+00 1.795360557895998507e-02
0.000000000000000000e+00 3.835500071531476856e-03
0.000000000000000000e+00 2.221088331844920521e-02
0.000000000000000000e+00 1.720177900094372117e-02
0.000000000000000000e+00 1.917909280752488454e-04
0.000000000000000000e+00 1.267384366528077379e-02
0.000000000000000000e+00 1.365073140521788631e-02
0.000000000000000000e+00 1.851366561096849661e-02
0.000000000000000000e+00 2.594227406475503594e-03
0.000000000000000000e+00 1.560796538082661299e-02
0.000000000000000000e+00 2.267827536052546486e-02
0.000000000000000000e+00 8.516624642232272988e-03
0.000000000000000000e+00 4.221478953354117734e-03
0.000000000000000000e+00 6.659637786515396583e-03
0.000000000000000000e+00 1.181662828567914790e-02
0.000000000000000000e+00 1.560280259525580887e-02
0.000000000000000000e+00 1.811383135146090936e-02
0.000000000000000000e+00 1.844412925796967695e-02
0.000000000000000000e+00 1.537809963313688071e-02
0.000000000000000000e+00 2.039774337551224920e-02
0.000000000000000000e+00 1.363840393372401857e-02
0.000000000000000000e+00 1.769746461405566004e-02
0.000000000000000000e+00 2.948816796275953965e-03
0.000000000000000000e+00 8.468096867023239271e-03
0.000000000000000000e+00 7.642603619002966489e-03
0.000000000000000000e+00 7.732134643517870817e-03
0.000000000000000000e+00 3.099780016813049113e-02
0.000000000000000000e+00 8.036333440790154048e-03
0.000000000000000000e+00 1.967639438101796701e-02
0.000000000000000000e+00 1.903227887663637777e-02
0.000000000000000000e+00 5.943938836632188180e-03
0.000000000000000000e+00 3.408993623223793845e-02
0.000000000000000000e+00 5.048246271157398775e-03
0.000000000000000000e+00 1.304355905294387122e-02
0.000000000000000000e+00 1.739697305497674151e-02
0.000000000000000000e+00 1.648299422229052014e-02
0.000000000000000000e+00 1.590533745118792239e-02
0.000000000000000000e+00 4.421602768687273727e-03
0.000000000000000000e+00 1.044862552447534815e-02
0.000000000000000000e+00 1.054736037042199081e-03
0.000000000000000000e+00 5.149977540967395906e-03
0.000000000000000000e+00 1.157407948010129653e-02
0.000000000000000000e+00 3.260189982014988132e-03
0.000000000000000000e+00 1.445772307421614063e-02
0.000000000000000000e+00 1.383824122379475816e-02
0.000000000000000000e+00 1.009655963787933243e-02
0.000000000000000000e+00 2.421568058595567965e-02
0.000000000000000000e+00 7.173612686359395751e-03
0.000000000000000000e+00 5.914307436000392632e-03
0.000000000000000000e+00 6.571541045933985969e-03
0.000000000000000000e+00 2.143953451808587249e-02
0.000000000000000000e+00 3.741457090794921697e-02
0.000000000000000000e+00 5.575516979561498734e-03
0.000000000000000000e+00 1.627248662700785109e-02
0.000000000000000000e+00 1.498867373521316822e-03
0.000000000000000000e+00 2.632689974022370608e-02
0.000000000000000000e+00 5.693478199230746564e-03
0.000000000000000000e+00 1.996505072923863630e-02
0.000000000000000000e+00 1.223438017634950574e-02
0.000000000000000000e+00 1.077801423226432478e-02
0.000000000000000000e+00 3.550042662748572470e-02
0.000000000000000000e+00 1.813169018161337256e-02
0.000000000000000000e+00 1.061086502323728246e-02
0.000000000000000000e+00 1.051166234902693210e-02
0.000000000000000000e+00 1.266856957130576937e-02
0.000000000000000000e+00 1.146510212110217128e-02
0.000000000000000000e+00 8.468745538432794623e-03
0.000000000000000000e+00 9.876705451757169379e-03
0.000000000000000000e+00 2.119090539943903340e-02
0.000000000000000000e+00 1.453938646525587339e-02
0.000000000000000000e+00 1.619858696384920971e-02
0.000000000000000000e+00 1.202338832383978082e-02
0.000000000000000000e+00 1.986374785457882194e-02
0.000000000000000000e+00 1.564819594549013773e-02
0.000000000000000000e+00 2.096840285932431366e-02
0.000000000000000000e+00 3.154037592408980017e-02
0.000000000000000000e+00 2.396672482585049738e-02
0.000000000000000000e+00 1.021213789614502758e-02
0.000000000000000000e+00 9.614960543116828073e-03
0.000000000000000000e+00 6.121819074337158523e-03
0.000000000000000000e+00 8.067345500253821078e-03
0.000000000000000000e+00 1.437766048892565734e-02
0.000000000000000000e+00 1.638097048503570118e-03
0.000000000000000000e+00 1.217221980118017230e-02
0.000000000000000000e+00 1.775743539300023849e-02
0.000000000000000000e+00 1.698297818661124309e-02
0.000000000000000000e+00 2.749989266617116138e-02
0.000000000000000000e+00 9.921257151447265485e-03
0.000000000000000000e+00 1.533547705157285029e-02
0.000000000000000000e+00 2.077963777209207788e-02
0.000000000000000000e+00 3.282339034345097689e-02
0.000000000000000000e+00 8.541887964139224798e-03
0.000000000000000000e+00 3.152086910395572594e-02
0.000000000000000000e+00 1.304373323626487752e-02
0.000000000000000000e+00 1.964681839395383822e-02
0.000000000000000000e+00 7.223532836124530246e-03
0.000000000000000000e+00 9.909948748294181847e-03
0.000000000000000000e+00 2.181153024843994481e-02
0.000000000000000000e+00 6.304272935890437718e-03
0.000000000000000000e+00 1.172135516293935920e-02
0.000000000000000000e+00 8.994220849070675566e-03
0.000000000000000000e+00 1.713304146401880765e-02
0.000000000000000000e+00 2.431440070597338035e-02
0.000000000000000000e+00 1.629846633348073321e-03
0.000000000000000000e+00 5.723134029770788646e-03
0.000000000000000000e+00 4.771764139632508200e-03
0.000000000000000000e+00 9.388620979335002281e-03
0.000000000000000000e+00 1.413116290595151092e-02
0.000000000000000000e+00 5.522453556581080787e-03
0.000000000000000000e+00 1.019986594680854022e-02
0.000000000000000000e+00 2.185764973836889797e-03
0.000000000000000000e+00 4.081613289486221881e-03
0.000000000000000000e+00 1.691016935145732425e-02
0.000000000000000000e+00 6.809890935938618141e-03
0.000000000000000000e+00 2.293677787061943266e-02
0.000000000000000000e+00 2.640480334356408096e-02
0.000000000000000000e+00 1.758053873340983606e-02
0.000000000000000000e+00 1.841271653146668574e-02
0.000000000000000000e+00 7.068016456340787956e-03
0.000000000000000000e+00 1.166105123979171466e-02
0.000000000000000000e+00 1.804994090262655032e-02
0.000000000000000000e+00 1.478805823205446438e-03
0.000000000000000000e+00 7.873963067111390546e-03
0.000000000000000000e+00 7.788949736778886905e-03
0.000000000000000000e+00 7.011496980758625229e-03
0.000000000000000000e+00 3.173891028665223706e-03
0.000000000000000000e+00 1.641780986653708710e-02
0.000000000000000000e+00 2.011249213464962743e-02
0.000000000000000000e+00 6.653603768483743776e-03
0.000000000000000000e+00 8.199284384855950319e-03
0.000000000000000000e+00 5.000590767784588581e-03
0.000000000000000000e+00 5.060217249382196851e-03
0.000000000000000000e+00 3.501621893738717656e-02
0.000000000000000000e+00 7.747748013433424993e-03
0.000000000000000000e+00 9.347161396324818114e-03
0.000000000000000000e+00 1.079377517206967473e-02
0.000000000000000000e+00 5.177468987368269784e-03
0.000000000000000000e+00 1.557294027079597284e-02
0.000000000000000000e+00 2.216943264250261295e-02
0.000000000000000000e+00 8.691113719913882291e-03
0.000000000000000000e+00 2.513935103784354155e-02
0.000000000000000000e+00 1.427775278262279762e-02
0.000000000000000000e+00 5.948803926895317347e-03
0.000000000000000000e+00 1.360555624106950592e-02
0.000000000000000000e+00 1.186886183352518429e-02
0.000000000000000000e+00 1.421216269856886462e-02
0.000000000000000000e+00 4.878458553006781440e-03
0.000000000000000000e+00 7.902831232994865507e-03
0.000000000000000000e+00 2.993742021729412645e-02
0.000000000000000000e+00 1.008629706695913890e-02
0.000000000000000000e+00 6.008031993456194528e-03
0.000000000000000000e+00 1.857928377638594364e-02
0.000000000000000000e+00 1.557880798480998363e-02
0.000000000000000000e+00 2.990455343190250026e-03
0.000000000000000000e+00 1.845340079099230118e-02
0.000000000000000000e+00 1.016859153088658929e-02
0.000000000000000000e+00 1.518124029902287106e-02
0.000000000000000000e+00 2.743658279390024518e-02
0.000000000000000000e+00 9.192829648482604222e-04
0.000000000000000000e+00 7.238096635360281167e-03
0.000000000000000000e+00 1.557731409221599882e-03
0.000000000000000000e+00 7.376807000623903689e-03
0.000000000000000000e+00 1.297635927426654331e-02
0.000000000000000000e+00 8.080432962521715348e-03
0.000000000000000000e+00 1.063249795126644526e-02
0.000000000000000000e+00 1.719387385548309249e-02
0.000000000000000000e+00 2.119710782495433724e-02
0.000000000000000000e+00 6.212730284280062673e-03
0.000000000000000000e+00 2.119095559672263748e-02
0.000000000000000000e+00 2.428019979759101638e-02
0.000000000000000000e+00 1.213827881191471662e-02
0.000000000000000000e+00 1.802615279885374372e-02
0.000000000000000000e+00 1.055142733754794136e-02
0.000000000000000000e+00 1.258627185854514080e-02
0.000000000000000000e+00 2.261106164212879632e-02
0.000000000000000000e+00 4.940761774144921889e-03
0.000000000000000000e+00 9.925933452003347576e-03
0.000000000000000000e+00 1.148730440594722575e-02
0.000000000000000000e+00 1.256663200131321462e-02
0.000000000000000000e+00 1.043029729289684550e-02
0.000000000000000000e+00 9.886479595598306885e-03
0.000000000000000000e+00 2.075973724915449944e-02
0.000000000000000000e+00 2.407054749976665284e-02
0.000000000000000000e+00 1.773293254714238681e-02
0.000000000000000000e+00 6.016249591513006534e-03
0.000000000000000000e+00 3.052088257229352772e-02
0.000000000000000000e+00 2.497509535426800653e-02
0.000000000000000000e+00 1.949463702409255997e-03
0.000000000000000000e+00 3.136427909524112066e-03
0.000000000000000000e+00 1.077610764059500417e-02
0.000000000000000000e+00 9.432884789286324553e-03
0.000000000000000000e+00 7.648309038460582646e-03
0.000000000000000000e+00 2.423973742358137562e-02
0.000000000000000000e+00 1.318435493851389650e-03
0.000000000000000000e+00 2.336781849418464660e-02
0.000000000000000000e+00 1.020829702837790058e-02
0.000000000000000000e+00 6.031463759041926463e-03
0.000000000000000000e+00 6.555679335488460817e-03
0.000000000000000000e+00 8.080158661711241835e-03
0.000000000000000000e+00 7.149120361280233288e-03
0.000000000000000000e+00 2.374981708863407610e-03
0.000000000000000000e+00 1.304709113072618533e-02
0.000000000000000000e+00 6.144567879441186625e-03
0.000000000000000000e+00 4.748950765602252648e-03
0.000000000000000000e+00 2.523378015303242086e-02
0.000000000000000000e+00 1.112740704019286528e-02
0.000000000000000000e+00 6.790974928905625131e-03
0.000000000000000000e+00 9.206030569931097571e-03
0.000000000000000000e+00 8.258806138201025757e-03
0.000000000000000000e+00 2.098457826127816950e-02
