6.107223470383006149e-03 6.403433263868069797e-03
9.393092953789147076e-03 9.653629067470630154e-03
9.945480671535118777e-03 1.021770960040575653e-02
1.164288768153360666e-02 1.199983495250654675e-02
1.174141025085916924e-02 1.181968803041309572e-02
1.180114205903874149e-02 1.209744600755363608e-02
1.408453933239971721e-02 1.526521491603623042e-02
1.537254520215057367e-02 1.568707061301829672e-02
1.678752668038940160e-02 1.714173538530311056e-02
1.762446189346410230e-02 1.799810237344875302e-02
1.775008661368730756e-02 1.881598436471962690e-02
1.947572322287036486e-02 2.013879283039295837e-02
1.954740124379032024e-02 1.998681998938102791e-02
1.992996122262846032e-02 2.082671463764088071e-02
2.061036925950061535e-02 2.276743641075920643e-02
2.077733897122951631e-02 2.086629797804213579e-02
2.078627394739477122e-02 2.079457346920323205e-02
2.128977788486496187e-02 2.186117331102722244e-02
2.166510161569281528e-02 2.201835019716310085e-02
2.300652808576653108e-02 2.334396255485870347e-02
2.407082199431360633e-02 2.572553058549301164e-02
2.410994224671379402e-02 2.465618213430041672e-02
2.538355790921317454e-02 2.557719397204217746e-02
2.538853864373833563e-02 2.621676518830536040e-02
2.577436842352493623e-02 2.725475448326551003e-02
2.624074980645903568e-02 2.691424362274926971e-02
2.700442953662319026e-02 2.729382092481158831e-02
2.771811582447460814e-02 2.784482304635988933e-02
2.778553325921344005e-02 2.780007579362853143e-02
2.905189424926851380e-02 2.978650721753958383e-02
2.963042377092988192e-02 3.200681363595456186e-02
3.040423606689768993e-02 3.052332223137793274e-02
3.177187329992627041e-02 3.198242086724629313e-02
3.273017295551512024e-02 3.545154793713821417e-02
3.315176833152658903e-02 3.333177471788378865e-02
3.322491051576472593e-02 3.611419022109659677e-02
3.361548806520687355e-02 3.603511555688947154e-02
3.392693802050125718e-02 3.492741938097528726e-02
3.406485290327444793e-02 3.499622735235102117e-02
3.439258302994301769e-02 3.471919545286930586e-02
3.459360183522953297e-02 3.515156373823315195e-02
3.607523574733798033e-02 3.768655722093538357e-02
3.620199313981783962e-02 4.082356766676794452e-02
3.644600330938261440e-02 3.920047589990971471e-02
3.652737121234125167e-02 3.823165876650308492e-02
3.745161323904984407e-02 3.975314332165184872e-02
3.764798069279053777e-02 3.870639127037687338e-02
3.764798069279053777e-02 3.817358666657112015e-02
3.786179133352307602e-02 3.816328899875283398e-02
3.795692102453300520e-02 3.924549524476527579e-02
3.909353526329369805e-02 4.575051466207073064e-02
3.962337408502952796e-02 4.081085361870974426e-02
3.972826466283838759e-02 4.242410230642157387e-02
3.979072062387217779e-02 4.184831089554574141e-02
4.006702309255563699e-02 4.345043694337705209e-02
4.009839094083376271e-02 4.015933804313483180e-02
4.057165234069505522e-02 4.190113029493333641e-02
4.093072043524279696e-02 4.420152969681939020e-02
4.180208843624024645e-02 4.261860722807145341e-02
4.239627429862755786e-02 4.398938364038689625e-02
4.397242027960508726e-02 4.571816641774100604e-02
4.398708487943164824e-02 4.523406796965008525e-02
4.545816015496449702e-02 4.991675829008351134e-02
4.577766800215384707e-02 5.241799242656833974e-02
4.621490442584074571e-02 4.658527904631941385e-02
4.684422149521699080e-02 4.771279472009666567e-02
4.733392596073644071e-02 5.263379656031026699e-02
4.744321074385418613e-02 5.145995936057005948e-02
4.744321074385418613e-02 5.052477844644930050e-02
4.785983342613270991e-02 4.821562242820737892e-02
4.840651381058594382e-02 4.974688381477239407e-02
4.872366890149746471e-02 5.176196737175583346e-02
4.892437035313581400e-02 4.982245436859428223e-02
4.944142515918700104e-02 5.506106088656642639e-02
4.970916400234846877e-02 5.196089704016242095e-02
5.046710089441727720e-02 5.220416307538088690e-02
5.114042737029592112e-02 5.269520210444077202e-02
5.640415486455149785e-02 5.755470200004435960e-02
5.668781581170944522e-02 5.932265405586722995e-02
5.783784094341867105e-02 5.939416387477758352e-02
6.108266135942972547e-02 6.409348162437064622e-02
6.452861872377209373e-02 6.607734585955749029e-02
6.658808265388557746e-02 6.679825228190859610e-02
7.032860016548989068e-02 7.319872378914416000e-02
