1.959080136385739704e-03 1.978175425490771074e-03
2.878755214591135862e-03 3.203639739396181747e-03
2.886851164621503669e-03 3.135927860963488162e-03
2.995316242161411187e-03 3.204971803197322489e-03
3.261875231666747435e-03 3.530025281318943404e-03
3.692634049991204946e-03 4.648998324869312547e-03
3.801717244699678085e-03 4.167363293324821347e-03
4.676395835264111206e-03 6.112170281070405768e-03
4.689996227400371198e-03 5.670522668042980198e-03
5.196421385676478280e-03 7.104063747220472000e-03
6.546232753888772508e-03 6.884041522627368931e-03
6.923081065738822572e-03 8.508271113576167111e-03
7.169158485143155811e-03 7.997558169278337972e-03
7.487990474945845597e-03 8.699008918871271867e-03
8.081005949866071694e-03 1.197531606186171341e-02
9.282217416765700668e-03 1.106711191620974449e-02
9.299819498568309001e-03 1.037955523665929670e-02
9.895727063122186293e-03 1.181020134884065535e-02
1.090273061324742616e-02 1.162994435686725767e-02
1.099876186072437992e-02 1.110055488037354696e-02
1.186547247459211578e-02 1.217130325550877870e-02
1.205851775357964957e-02 1.226172611605330295e-02
1.215260099195558663e-02 1.228758385396474043e-02
1.254621264595740665e-02 1.489915596305139284e-02
1.276547197191170262e-02 1.403870252638731234e-02
1.292530620270664933e-02 1.504457273415030737e-02
1.346061595655688448e-02 1.410365709665089423e-02
1.347451323308666848e-02 1.376246812124180471e-02
1.355777719814965990e-02 1.555927364121577165e-02
1.396299553930616805e-02 1.566881168394195986e-02
1.410072241232781555e-02 1.567644520590991478e-02
1.419017037823690208e-02 1.818300508592774270e-02
1.450559872551560048e-02 1.660111542719020297e-02
1.462413196131573216e-02 1.521975861358152750e-02
1.484707874256976749e-02 1.666380849202154374e-02
1.504858906708235466e-02 1.618148782609141190e-02
1.510484158752208386e-02 2.048629461765881510e-02
1.521324997766699758e-02 1.891495855257745856e-02
1.527113322547514647e-02 1.668453212124237223e-02
1.535965422225954793e-02 1.805175636956818028e-02
1.536098920702380112e-02 1.961714871685570766e-02
1.572965133872788329e-02 1.684417955442427464e-02
1.622423713647966337e-02 2.505923505760436140e-02
1.631787998012624794e-02 2.214824743018267358e-02
1.637233379004386646e-02 1.707121585310684975e-02
1.651030016677235493e-02 1.682943020341731363e-02
1.654021479139488812e-02 2.010697494409410466e-02
1.655037353403879599e-02 1.907021227328304161e-02
1.657913966318465618e-02 1.881036653046528478e-02
1.673853186154550254e-02 1.807684766721301406e-02
1.676035924022857559e-02 1.677431835777652008e-02
1.687430154073842406e-02 1.845301645216841646e-02
1.770393983974521274e-02 2.033750609907304663e-02
1.860942609370996870e-02 1.998447363555970469e-02
1.865908220500235581e-02 1.894773075680076385e-02
1.868920443697896089e-02 2.034045891316316190e-02
1.876633207666703052e-02 2.315035407075412971e-02
1.911705921819701129e-02 2.072746457674291484e-02
1.916940050303842652e-02 2.090044230606794007e-02
1.924986994582609731e-02 3.650376736481141665e-02
1.932585023112435782e-02 2.320341151991670708e-02
1.934303196512277695e-02 3.066579856829431197e-02
1.939000512151491801e-02 2.077544703676216173e-02
1.968474060542237114e-02 2.979504985547475060e-02
1.990625579803806389e-02 3.332332805647756496e-02
1.995431071206485441e-02 2.003387926374672334e-02
2.004671145100904786e-02 2.019194672311705116e-02
2.006618975724885900e-02 2.542580723345643640e-02
2.039961337609325770e-02 2.808967291342994582e-02
2.048352266515744702e-02 2.416131520769998139e-02
2.055378173056653449e-02 2.296874379925130730e-02
2.073195971347411085e-02 2.550263732276922268e-02
2.086014212631664977e-02 2.238230016767188413e-02
2.099118369638704878e-02 2.305156911222548677e-02
2.114594186995515102e-02 2.154950169860722284e-02
2.119303697765974673e-02 2.657465860136764418e-02
2.121199152253284634e-02 2.307054169892885920e-02
2.121709582810790348e-02 2.168419129457416217e-02
2.127524945592273314e-02 3.043699107885348629e-02
2.141611763648947411e-02 2.297811326456585673e-02
2.148873592457250029e-02 2.636875996439432338e-02
2.154293196026920570e-02 3.004619761329384645e-02
2.188201586335427468e-02 2.657319422236878101e-02
2.217927944134627169e-02 2.733886950867145393e-02
2.223141727308342724e-02 2.531731645426117672e-02
2.224501343520603538e-02 2.780775414296155629e-02
2.225974362159847605e-02 2.887880380768896582e-02
2.244893944072365657e-02 2.528329721196725596e-02
2.253899055842947807e-02 2.539034957406026763e-02
2.268818547606097843e-02 3.151212853805215874e-02
2.276663912566579198e-02 2.419656594460042193e-02
2.296997712504854350e-02 2.564234203399483325e-02
2.298880914874627465e-02 2.603933885564758272e-02
2.299312081488484247e-02 3.182858239116158339e-02
2.315617770826275401e-02 3.506474341770483838e-02
2.316109598532010289e-02 2.899024405542022231e-02
2.318168813955012383e-02 2.487706024765901774e-02
2.321447697235951360e-02 2.592406972105020663e-02
2.331292051364701468e-02 2.400995732133374277e-02
2.331755708672875183e-02 3.274306001055855841e-02
2.348155583043509340e-02 2.908382459657660526e-02
2.350946825529373618e-02 2.467974057572272853e-02
2.351672901557222070e-02 2.644818288092478167e-02
2.360561717407872601e-02 2.757162637745204023e-02
2.362117177488129785e-02 2.620508368377801045e-02
2.408046887880290962e-02 2.560866885216244587e-02
2.412123138181208534e-02 2.903393769912256811e-02
2.413968817691712621e-02 2.568775179015179641e-02
2.417676238622593413e-02 2.734981250298426994e-02
2.422478358518429659e-02 2.548513815741108857e-02
2.426700097917372512e-02 2.480969051040598713e-02
2.438398863491299251e-02 3.006681247493714348e-02
2.439088281446419662e-02 3.247850572130450697e-02
2.446567344876402969e-02 2.595869980395124760e-02
2.460083739557572535e-02 2.468887451673635464e-02
2.478417964250831731e-02 2.503527237913047432e-02
2.492124851312293651e-02 2.929447645956457028e-02
2.509238540662761877e-02 2.685854670601601699e-02
2.516571541588058861e-02 2.981606523697542810e-02
2.544727649655946500e-02 2.906912962627247396e-02
2.549431226934112393e-02 2.678090715972803251e-02
2.562212738039617785e-02 2.587050729495046081e-02
2.589064425529339492e-02 3.386311821951427242e-02
2.596382672447345580e-02 2.989881859159546074e-02
2.607029258238147129e-02 3.121747680313938580e-02
2.610415842101856260e-02 2.670926980564619982e-02
2.623760532783021501e-02 2.834029977430986558e-02
2.626055898825725710e-02 3.176059709243903018e-02
2.691657602272005262e-02 3.540214319456069791e-02
2.725635280772613356e-02 3.765750068135539919e-02
2.734289414604125154e-02 3.528961773177523298e-02
2.745942490145219378e-02 3.289869188670357242e-02
2.757456341760702173e-02 3.100861341915443770e-02
2.783448071933165846e-02 3.595319530774804262e-02
2.800897737611337396e-02 2.805381349270788527e-02
2.804356896780621847e-02 2.891079108019881799e-02
2.816576363913205275e-02 3.444475570332575926e-02
2.827009636718195301e-02 3.059382545551451657e-02
2.857709995769555644e-02 3.663564739126951020e-02
3.020197657344095982e-02 3.658143624981916725e-02
3.023721412216926613e-02 3.197728040477273992e-02
3.038036369145095603e-02 3.490281121212553822e-02
3.040522361728025674e-02 3.446938987623986150e-02
3.040614846098715213e-02 3.357900941125221972e-02
3.046312460275705722e-02 3.156541156765349521e-02
3.051638631409845509e-02 3.104847375843788546e-02
3.077656565870245595e-02 3.102809189065247955e-02
3.113186945563296837e-02 3.829740449949261411e-02
3.120302447421318889e-02 3.357900941125221972e-02
3.184164823884067658e-02 3.391323343854948935e-02
3.185654666217194175e-02 3.272171864848851669e-02
3.196097259523533740e-02 3.244881833839068780e-02
3.204111019055345955e-02 3.215920644573858761e-02
3.270343230621376024e-02 3.343526526147294620e-02
3.287636719401065138e-02 3.484891985172561962e-02
3.302693816886385914e-02 3.492192785659743726e-02
3.386915644090690569e-02 3.432704860920649664e-02
3.390100669194192479e-02 3.997249779798683900e-02
3.399484642342940482e-02 4.213481129104219847e-02
3.403866958635577006e-02 3.723593595700816494e-02
3.426134701842190738e-02 3.497387909753577745e-02
3.470003124371892622e-02 4.102305894370457395e-02
3.500153172627511189e-02 3.505552894985308060e-02
3.522180833539383105e-02 3.810433065277200881e-02
3.526726840204150171e-02 3.782567213677994616e-02
3.554144600921574360e-02 3.782567213677994616e-02
3.556588554840505595e-02 4.112096716244648120e-02
3.630953687496706050e-02 3.912650054845126513e-02
3.638304775202823305e-02 4.349333150733367820e-02
3.682609538822204792e-02 5.570029491998910315e-02
3.689930648600690810e-02 4.960743998156457585e-02
3.728816213858402590e-02 4.532094531720976677e-02
3.784257833385660380e-02 4.093605293637349318e-02
3.791001772963729227e-02 4.407382112716649175e-02
3.793304911895803433e-02 4.692149801619011767e-02
3.831364784232439008e-02 3.893313034755557095e-02
3.852705713193486925e-02 4.530633270806318225e-02
3.945610694682552544e-02 4.779705865046325608e-02
4.004306027574713184e-02 4.201354653945743589e-02
4.021385911126199031e-02 4.463347773744645586e-02
4.139149542869113158e-02 4.157102229685492867e-02
4.196722233141538666e-02 4.663139480551525134e-02
4.286081013946972662e-02 5.796962723211697421e-02
4.290712052792802073e-02 5.248630613986270121e-02
4.392006741313139728e-02 5.198513798378961298e-02
4.437591029256934827e-02 4.833496458956233754e-02
4.577328283446557150e-02 5.004273252077680312e-02
4.644473309785930593e-02 4.867602861966710548e-02
4.649140809583016121e-02 5.191700332616316221e-02
4.715148428398457242e-02 4.801118531444724391e-02
4.941279977336523327e-02 5.063040146061280333e-02
5.076484924224906187e-02 5.292283415696723281e-02
5.287383235207179788e-02 5.553024813137322907e-02
5.724083351953803550e-02 5.755243087448919798e-02
6.455224253662444900e-02 6.540831501022735528e-02
7.746139755582681641e-02 8.069498142092632054e-02
