4.726842418313026428e-02 4.877338558435440063e-02
4.234230518341064453e-02 4.444014281034469604e-02
3.912011161446571350e-02 3.956063836812973022e-02
3.765030205249786377e-02 4.196102917194366455e-02
3.496501594781875610e-02 3.829009085893630981e-02
3.430852293968200684e-02 3.736214339733123779e-02
3.392577171325683594e-02 4.113239794969558716e-02
3.329622745513916016e-02 3.533107042312622070e-02
3.256922960281372070e-02 3.412948921322822571e-02
3.226593136787414551e-02 3.672159463167190552e-02
3.211334347724914551e-02 3.362346813082695007e-02
3.010580316185951233e-02 3.562890365719795227e-02
3.010059706866741180e-02 3.565159812569618225e-02
3.002672083675861359e-02 3.116491995751857758e-02
2.976664900779724121e-02 3.016238845884799957e-02
2.938796207308769226e-02 3.004017099738121033e-02
2.841781824827194214e-02 3.074140474200248718e-02
2.823928184807300568e-02 2.842533402144908905e-02
2.805669605731964111e-02 2.808845415711402893e-02
2.778984420001506805e-02 3.041145950555801392e-02
2.741883322596549988e-02 2.846793085336685181e-02
2.690182253718376160e-02 2.831969596445560455e-02
2.672073245048522949e-02 2.683730982244014740e-02
2.624973095953464508e-02 2.853975258767604828e-02
2.600376680493354797e-02 2.782163396477699280e-02
2.597435563802719116e-02 2.877964824438095093e-02
2.545119076967239380e-02 2.741946280002593994e-02
2.527440898120403290e-02 2.565203793346881866e-02
2.487469278275966644e-02 2.693785354495048523e-02
2.486788108944892883e-02 2.753915823996067047e-02
2.468663454055786133e-02 2.602380700409412384e-02
2.467271685600280762e-02 2.734979800879955292e-02
2.463593892753124237e-02 2.783635631203651428e-02
2.458876743912696838e-02 2.804341167211532593e-02
2.434652857482433319e-02 2.636677771806716919e-02
2.366846427321434021e-02 2.602624893188476562e-02
2.333918213844299316e-02 2.852237410843372345e-02
2.332516573369503021e-02 2.426704950630664825e-02
2.319533936679363251e-02 3.144983947277069092e-02
2.310733869671821594e-02 2.330073155462741852e-02
2.284736745059490204e-02 3.329126909375190735e-02
2.277953922748565674e-02 2.693785354495048523e-02
2.271307259798049927e-02 2.498085051774978638e-02
2.259587869048118591e-02 2.366918139159679413e-02
2.246276661753654480e-02 2.470632083714008331e-02
2.183427661657333374e-02 2.426475472748279572e-02
2.183007076382637024e-02 2.329444885253906250e-02
2.141526900231838226e-02 2.376975305378437042e-02
2.138346433639526367e-02 2.529096417129039764e-02
2.114006690680980682e-02 2.282328158617019653e-02
2.100960351526737213e-02 2.380679175257682800e-02
2.070557326078414917e-02 2.095194160938262939e-02
2.056927047669887543e-02 2.504487708210945129e-02
2.043072320520877838e-02 2.336000464856624603e-02
2.026043646037578583e-02 2.656230702996253967e-02
2.013451792299747467e-02 2.158753387629985809e-02
1.980162039399147034e-02 2.111255936324596405e-02
1.968154124915599823e-02 1.994394324719905853e-02
1.965568959712982178e-02 2.085036598145961761e-02
1.947379484772682190e-02 2.031235024333000183e-02
1.926362514495849609e-02 2.880616672337055206e-02
1.897525414824485779e-02 1.997341401875019073e-02
1.893547363579273224e-02 2.042971551418304443e-02
1.875433325767517090e-02 2.108083479106426239e-02
1.865186728537082672e-02 2.106479741632938385e-02
1.838302798569202423e-02 2.011466212570667267e-02
1.828452758491039276e-02 2.174323610961437225e-02
1.795982941985130310e-02 2.066029980778694153e-02
1.767222024500370026e-02 1.945460960268974304e-02
1.762501150369644165e-02 2.763669006526470184e-02
1.757812313735485077e-02 1.771630346775054932e-02
1.757740788161754608e-02 2.091197483241558075e-02
1.753679476678371429e-02 1.895308494567871094e-02
1.748866029083728790e-02 1.820369251072406769e-02
1.735211163759231567e-02 1.881706342101097107e-02
1.732974685728549957e-02 2.212638780474662781e-02
1.731947623193264008e-02 2.219883911311626434e-02
1.711701601743698120e-02 1.789180189371109009e-02
1.703490503132343292e-02 1.852838322520256042e-02
1.683627627789974213e-02 1.965573802590370178e-02
1.680673472583293915e-02 1.786350645124912262e-02
1.670947298407554626e-02 1.870829612016677856e-02
1.656930334866046906e-02 1.868474297225475311e-02
1.647867448627948761e-02 2.142122387886047363e-02
1.641395874321460724e-02 1.912954822182655334e-02
1.613417454063892365e-02 1.655834354460239410e-02
1.603019982576370239e-02 2.048261836171150208e-02
1.599886454641819000e-02 2.133161760866641998e-02
1.596231199800968170e-02 1.708131469786167145e-02
1.578687876462936401e-02 1.809618249535560608e-02
1.568867824971675873e-02 1.760272122919559479e-02
1.541847456246614456e-02 2.428495511412620544e-02
1.516004558652639389e-02 1.702432893216609955e-02
1.503144204616546631e-02 1.565654017031192780e-02
1.487172022461891174e-02 1.826879009604454041e-02
1.438484247773885727e-02 1.488183066248893738e-02
1.423287484794855118e-02 1.469113398343324661e-02
1.420357916504144669e-02 1.691208034753799438e-02
1.367462147027254105e-02 1.440980192273855209e-02
1.347962953150272369e-02 1.768330298364162445e-02
1.328605599701404572e-02 1.397827174514532089e-02
1.270023547112941742e-02 1.312113832682371140e-02
1.228840835392475128e-02 1.403045002371072769e-02
1.220881566405296326e-02 1.304263062775135040e-02
1.208612509071826935e-02 1.411254703998565674e-02
1.207167189568281174e-02 1.468519493937492371e-02
1.201969757676124573e-02 1.412774901837110519e-02
1.177522446960210800e-02 2.028494328260421753e-02
1.162865199148654938e-02 1.329264417290687561e-02
1.158975809812545776e-02 1.270761713385581970e-02
1.130857691168785095e-02 1.276623830199241638e-02
1.104449108242988586e-02 1.241558976471424103e-02
1.081701926887035370e-02 1.082399580627679825e-02
1.038447394967079163e-02 1.354940701276063919e-02
1.025665923953056335e-02 1.064653974026441574e-02
1.011873409152030945e-02 1.063495315611362457e-02
9.670861996710300446e-03 1.097411755472421646e-02
9.532036259770393372e-03 1.029775664210319519e-02
8.860855363309383392e-03 9.819324128329753876e-03
8.842389099299907684e-03 1.028073579072952271e-02
8.678046986460685730e-03 9.534296579658985138e-03
8.191582746803760529e-03 9.199159219861030579e-03
7.981599308550357819e-03 8.271885104477405548e-03
7.858696393668651581e-03 9.063173085451126099e-03
7.791495881974697113e-03 9.372945874929428101e-03
7.725659292191267014e-03 9.412664920091629028e-03
7.208259776234626770e-03 7.999362424015998840e-03
7.083799224346876144e-03 7.541673257946968079e-03
6.869156844913959503e-03 8.422695100307464600e-03
6.705661769956350327e-03 7.530413102358579636e-03
6.004802882671356201e-03 6.216152571141719818e-03
5.743078421801328659e-03 5.769800860434770584e-03
5.730014760047197342e-03 6.994862575083971024e-03
5.451028235256671906e-03 6.532536819577217102e-03
5.362153518944978714e-03 5.793905351310968399e-03
5.332175642251968384e-03 5.999856628477573395e-03
4.709888249635696411e-03 4.869989585131406784e-03
4.619139246642589569e-03 4.693776369094848633e-03
3.805598011240363121e-03 3.916207700967788696e-03
3.581474767997860909e-03 4.073913674801588058e-03
2.661863341927528381e-03 2.736898604780435562e-03
