5.973868517879209368e-03 6.372542967300406577e-03
1.092993587526005020e-02 1.206788579484965700e-02
1.253764025526108924e-02 1.325547862146512698e-02
1.279641303930783257e-02 1.364163354694707293e-02
1.307048199109451039e-02 1.361287836725379348e-02
1.338438129191028315e-02 1.413886577799327096e-02
1.351735162949260771e-02 1.379175730491528744e-02
1.379188609411598383e-02 1.462770333901699908e-02
1.610466281337481764e-02 1.612822049626394527e-02
1.621168217348211565e-02 1.638628521690526502e-02
1.621990202009930895e-02 1.712507959552515141e-02
1.742002493391668974e-02 1.816801133374893601e-02
1.795665309691731742e-02 1.858645621639636730e-02
1.804413982530518601e-02 1.854372432266611359e-02
1.841316305712088416e-02 1.963866654383706473e-02
1.856836943385374583e-02 1.861318724448100467e-02
1.892302824074886328e-02 1.965719009297552458e-02
1.916704769044928758e-02 2.178760633830973889e-02
1.928365802274183138e-02 1.989185517776038623e-02
1.930775882062948576e-02 2.055331034422399478e-02
1.983634373382939936e-02 2.046379159057899744e-02
1.984802923189349713e-02 2.287203794518048033e-02
1.990196855835383444e-02 2.113065842457459084e-02
1.990196855835383444e-02 2.216844168273007093e-02
1.992082023015144879e-02 2.003772698498666738e-02
2.049580131921037093e-02 2.191021151085264726e-02
2.118337215656572112e-02 2.202603861836141194e-02
2.299894942349000465e-02 2.356200646942439858e-02
2.395333479751095979e-02 2.599904229852612048e-02
2.510911023109013707e-02 2.584595328473943479e-02
2.524415912679887908e-02 2.525275552045871258e-02
2.524815904681583512e-02 2.607108054367096583e-02
2.526441634374277864e-02 2.569541815066153298e-02
2.548173654467783891e-02 2.569705738847273546e-02
2.583144397578524334e-02 2.645864710180283880e-02
2.685920936909730675e-02 2.715499280832377182e-02
2.699444002495008516e-02 2.761763507880853757e-02
2.782751048120209875e-02 2.810587584134298031e-02
2.805490340776326322e-02 2.805953959467389139e-02
2.855949307395885470e-02 2.951656324231087536e-02
2.874911952112911562e-02 3.025424264826041473e-02
2.874911952112911562e-02 3.097078302833322985e-02
2.907318905934486164e-02 2.962785554836706858e-02
2.932983918038505403e-02 2.982483490853684444e-02
3.121980696393099677e-02 3.419661200694894265e-02
3.144083153135465714e-02 3.223365629580176445e-02
3.153673246545536657e-02 3.344951886041898359e-02
3.170032715096155612e-02 3.300162892756946381e-02
3.202341048328653794e-02 3.357149549608044736e-02
3.239147831427505175e-02 3.368312765859116098e-02
3.245591656521682605e-02 3.431264939055241048e-02
3.266723832678726513e-02 3.488790276843824201e-02
3.290767884200038879e-02 3.361511499405488851e-02
3.346839208936615295e-02 4.063480892268447886e-02
3.355663620577372525e-02 3.430788188654654292e-02
3.494376885218446194e-02 3.575297088444476246e-02
3.749373034974458341e-02 3.944256177531298840e-02
3.750956652939015784e-02 3.806692540610553260e-02
3.760585687902878033e-02 4.011362151964394107e-02
3.771278478506262521e-02 3.791954460167469565e-02
3.793507836363388397e-02 4.013158065715100725e-02
3.938276829702040682e-02 3.969048862368215747e-02
