4.848700385798492170e-03 4.881418833060431617e-03
7.102437176247772092e-03 7.160579905844074479e-03
7.611000689740276756e-03 7.943109758893562855e-03
9.301802557730160306e-03 9.841948976508011274e-03
9.710479446398183334e-03 1.022477330169909056e-02
1.068483851412587934e-02 1.100587659721733065e-02
1.116953570358220765e-02 1.170568976706492376e-02
1.143010797048622622e-02 1.162435073642148139e-02
1.177110106835094379e-02 1.189714980133782345e-02
1.233625633193617156e-02 1.327736084088796537e-02
1.286779886317515435e-02 1.296426431134063695e-02
1.288977553842901233e-02 1.300373284161231852e-02
1.299168829082028576e-02 1.317807477492556091e-02
1.301475214094705707e-02 1.417023600899915137e-02
1.395532423692954528e-02 1.583930991445889336e-02
1.432596140818171576e-02 1.443852390372282919e-02
1.491975000900394414e-02 1.548029276741584755e-02
1.506148528488801715e-02 1.557736643945569627e-02
1.510995749550536789e-02 1.518102562206997790e-02
1.515625814442116484e-02 1.590395839232944600e-02
1.522571297115778502e-02 1.564205641477948647e-02
1.545034375166125760e-02 1.572854353162995988e-02
1.585010669060841343e-02 1.636433852573569714e-02
1.608652016103991056e-02 1.702665926306722727e-02
1.633130342146643307e-02 1.969681021904906570e-02
1.633837630515203379e-02 1.664608406324629211e-02
1.682699398824258341e-02 1.795921067363373189e-02
1.745498404715048121e-02 1.834899449832170029e-02
1.762985405126261257e-02 1.885711644064513859e-02
1.779350510740830907e-02 1.836906037192913635e-02
1.779454072864887493e-02 1.788291188093137085e-02
1.810371909606322063e-02 1.966074586253433940e-02
1.810371909606322063e-02 1.930004980918029883e-02
1.813126453084308240e-02 2.003183065932372803e-02
1.815326033239482093e-02 1.922599213139947888e-02
1.833626081093820206e-02 1.859133322791760995e-02
1.891946047206528522e-02 2.086440095491599173e-02
1.906641047523422242e-02 1.935194803889171700e-02
1.964900594381070384e-02 2.037224004929355514e-02
1.964900594381070384e-02 1.971824914666575959e-02
2.034148501931697453e-02 2.048124493005220453e-02
2.097433471221033657e-02 2.170446317651753346e-02
2.101270826282928064e-02 2.349504034807829364e-02
2.113668960507350883e-02 2.130878286009255107e-02
2.185454361288365413e-02 2.193036092955279875e-02
2.201121570304644115e-02 2.265101547069012927e-02
2.201126259856564168e-02 2.297492228692401758e-02
2.222440956267834195e-02 2.249284277683927247e-02
2.229944808433145798e-02 2.251432756226587339e-02
2.284978479009456762e-02 2.339226707870764241e-02
2.298788410384546704e-02 2.348537501525556001e-02
2.318313508554034272e-02 2.409946084899320870e-02
2.360237928491784945e-02 2.659853511305673712e-02
2.382803198428159325e-02 2.408339018607924542e-02
2.412978051729993551e-02 2.424228662267806714e-02
2.456131221720548805e-02 2.537221119053546456e-02
2.536955850283276540e-02 2.788831349894924788e-02
2.560291748621461999e-02 2.724373478038250376e-02
2.565647292083870004e-02 2.715397648776473466e-02
2.609290103329012928e-02 2.643614728866031452e-02
2.661783888276514007e-02 2.736039425043315654e-02
2.669585412149802842e-02 2.757151509007477533e-02
2.699303748356578561e-02 2.730037013476762503e-02
2.713070399706505112e-02 2.726556911229600574e-02
2.713691603728436361e-02 2.729011119418580170e-02
2.724520494805376947e-02 2.728228652889358105e-02
2.769951336606625569e-02 2.948846995837551763e-02
2.782214120964858831e-02 2.801725462769991126e-02
2.828950898743748041e-02 2.944013525872421835e-02
2.835660260379590028e-02 3.121280295092058663e-02
2.836290346494997616e-02 3.002262492409138450e-02
2.841043009208717510e-02 2.962213314187889246e-02
2.910067927112829078e-02 3.011162929557672022e-02
2.925329323595838790e-02 3.090040637509941859e-02
3.011697193324342284e-02 3.076313431222473666e-02
3.074667541174440008e-02 3.336136271285091576e-02
3.213105655507281916e-02 3.308459761763775375e-02
3.679229526147247825e-02 3.705736948115269380e-02
3.731956879114639580e-02 3.923085289841812123e-02
3.961574195635340218e-02 4.148611264285347738e-02
5.380630323510535856e-02 5.476599639875841946e-02
5.431553907296740591e-02 5.791700392459686597e-02
5.551163495872096093e-02 5.599677798904683507e-02
