9.384581438183730098e-03 9.553180762801852591e-03
1.184913763296700090e-02 1.241967810714355094e-02
1.206010288839865982e-02 1.368846629849616511e-02
1.237820255301313836e-02 1.277347413078273354e-02
1.298714566441528349e-02 1.334490702358768002e-02
1.317298211268619519e-02 1.380032997220588184e-02
1.332319972125690921e-02 1.380327607836718748e-02
1.342139255256106882e-02 1.396763543968955468e-02
1.345501236609143204e-02 1.393442452540284530e-02
1.372084706589091208e-02 1.374910093712443902e-02
1.430223727952202942e-02 1.488233879797604998e-02
1.475814863066027272e-02 1.484247158851044988e-02
1.499483329559730439e-02 1.636850902659462564e-02
1.527643567957681636e-02 1.529598971375121727e-02
1.531726921546159442e-02 1.605608644109357899e-02
1.535246983923774407e-02 1.546291500337138546e-02
1.536140076476148406e-02 1.607258644999378164e-02
1.555858712628172338e-02 1.632243329367786058e-02
1.591134290468918661e-02 1.689105744936766559e-02
1.596207080711799231e-02 1.714430750296782116e-02
1.655964922826183919e-02 1.717882782951305615e-02
1.669390246927732191e-02 1.869743361088138656e-02
1.694640163545018882e-02 1.708085879169665006e-02
1.694743598165548981e-02 1.839541947031366267e-02
1.701085169829631705e-02 1.756596651202314147e-02
1.721590717780628957e-02 1.796346925732257571e-02
1.750292273140052410e-02 1.820187614150615280e-02
1.778130498744491875e-02 1.883946933106861107e-02
1.792333184266245785e-02 1.907675673619247877e-02
1.805731807176310863e-02 1.810614625954543033e-02
1.812314601222148741e-02 1.855515386630812030e-02
1.822678114811507322e-02 2.154170558651695086e-02
1.827236776220886663e-02 1.828918979848639936e-02
1.832941187495550420e-02 1.925812970971845645e-02
1.835358357545633853e-02 1.889354324456405873e-02
1.836760664692245124e-02 1.932591240995383541e-02
1.850495977978978621e-02 1.907282440399049595e-02
1.856915555265491180e-02 1.891571379929713609e-02
1.866853728628791592e-02 1.892385013045179074e-02
1.869869215776640003e-02 1.958617085485303902e-02
1.891666967659781304e-02 2.091884988399931797e-02
1.897284184165244289e-02 2.075014913063160174e-02
1.904649519174714603e-02 1.941781910073702572e-02
1.930181656450035560e-02 2.309167731400173229e-02
1.936256677152150760e-02 1.960417674264923818e-02
1.947360595266608985e-02 2.119237217476241733e-02
1.993113210378166800e-02 2.059740044758519642e-02
2.070134907499468491e-02 2.082957925329914639e-02
2.074307381580007756e-02 2.256602713121647064e-02
2.090506414495325524e-02 2.156189974183821828e-02
2.106639951768055075e-02 2.191746143856358395e-02
2.122216400141687179e-02 2.237707209031554803e-02
2.141434745395671621e-02 2.308369580187450906e-02
2.177388773850609874e-02 2.328071938849451614e-02
2.182888748136413079e-02 2.202142642567779529e-02
2.199903524124724452e-02 2.325527545033688817e-02
2.207225617042839205e-02 2.256616452190519234e-02
2.228732942037308512e-02 2.275842605378705294e-02
2.430528647542560747e-02 2.485409234506383985e-02
2.442245193939820633e-02 2.511195361766509551e-02
2.462215097655220605e-02 2.681212536302812754e-02
2.465205719719027952e-02 2.497480173856779159e-02
2.486570871100259733e-02 2.693545058224884950e-02
2.501756060974179990e-02 2.667184430049801547e-02
2.523785411186619393e-02 2.616012345122374280e-02
2.542976343308318496e-02 2.829411361314621356e-02
2.775034036058930328e-02 2.828179676892903296e-02
2.912142408650414752e-02 3.017593999525025258e-02
3.309675889695377904e-02 3.367523634906092328e-02
3.309675889695377904e-02 3.601507942485089597e-02
3.370098336914545412e-02 3.614574371099708167e-02
3.787405493235804221e-02 3.952002723716949162e-02
5.559675884038691590e-02 5.599448589143340982e-02
