5.177617488544080000e-03 5.433616506549462585e-03
7.751761295257028270e-03 7.819292721013934577e-03
8.232980389973198684e-03 8.703184710441732447e-03
8.261828355123148476e-03 8.522445664924223341e-03
8.358935736783305870e-03 8.760289965046404864e-03
8.876338042227227901e-03 9.207766430447799841e-03
8.933321790945816798e-03 9.016437650583622107e-03
1.011554597849845250e-02 1.059832134257003219e-02
1.047149132059111559e-02 1.126825092599249151e-02
1.052564491911161214e-02 1.061615057887314341e-02
1.099157725046760389e-02 1.141810917289085882e-02
1.238817679444941845e-02 1.298807101970067025e-02
1.255962843604891202e-02 1.345514794406272446e-02
1.271353189494280056e-02 1.328619270176982503e-02
1.290418637571498495e-02 1.389732399496288427e-02
1.393682092475690901e-02 1.436060936567989249e-02
1.435622367292577715e-02 1.444592878596532778e-02
1.436500550765333617e-02 1.505936632997552718e-02
1.534682290137703159e-02 1.542140601860754814e-02
1.557355100163729071e-02 1.575040985866383789e-02
1.750890195803614727e-02 1.827168661955022935e-02
1.750890195803614727e-02 1.801424888620634449e-02
1.752841743839653535e-02 1.814157680530076311e-02
1.763480121144860024e-02 1.841462381934984641e-02
1.764402575732720510e-02 1.807079455447498789e-02
1.802040377285134623e-02 1.887783772978089691e-02
1.933377385801348519e-02 2.228681604555027979e-02
1.943953625168243216e-02 1.952643079797916278e-02
1.948906759566807964e-02 2.281792483248685707e-02
1.992863668913182409e-02 2.162271891867034723e-02
1.993288730935359118e-02 2.051038548748597423e-02
2.062841714775910315e-02 2.214449240732838803e-02
2.074641164746048386e-02 2.197958301577002463e-02
2.096625222446850748e-02 2.216963464850427862e-02
2.141166401201611766e-02 2.357475696360273112e-02
2.175856046640163577e-02 2.394399516992675586e-02
2.177688562441420714e-02 2.211865690414457908e-02
2.191904556054440761e-02 2.202870102085532564e-02
2.200190706261592397e-02 2.325154474226002674e-02
2.202902289341434824e-02 2.292495282424815428e-02
2.245393867981145680e-02 2.387879632890234013e-02
2.316336132186861893e-02 2.323338141210485805e-02
2.364908586749117983e-02 2.418762307850539153e-02
2.422252580568975272e-02 2.529756311005290290e-02
2.451926177388864120e-02 2.626396959191384939e-02
2.562042222531221020e-02 2.846335227437710169e-02
2.601202492192364324e-02 2.683586417151434533e-02
2.607561244105423975e-02 2.716602247874238749e-02
2.626662927011920792e-02 2.645679462768467730e-02
2.649060286315960480e-02 2.778149368592924481e-02
2.671105394755947382e-02 2.798701210667016437e-02
2.710625921667594862e-02 2.771027524586573351e-02
2.793041025089616075e-02 2.860392486527052816e-02
2.850168728488695555e-02 2.897000374197559319e-02
2.890219820744546753e-02 3.100060099212435458e-02
2.923206107683458746e-02 3.035879827594634151e-02
2.936854497797157862e-02 3.001693323523407439e-02
3.379254480903361169e-02 3.671047369321602666e-02
3.460952916207153673e-02 3.514576724183496315e-02
3.466212852427996705e-02 3.759748395680258259e-02
3.712528721463399795e-02 3.765462147613259786e-02
4.160090529947403637e-02 4.334041186318478983e-02
