5.280399445298615546e-03 5.443093907109794807e-03
5.781592282507757967e-03 5.859835786285202616e-03
7.989671235820814538e-03 8.481218329732474401e-03
8.742854920581482128e-03 8.949363454656649244e-03
9.598265509325404690e-03 9.943773837484811903e-03
1.187786206794422608e-02 1.268300717092601428e-02
1.234378856585345921e-02 1.286421428765701334e-02
1.256586133993570914e-02 1.307913356134138283e-02
1.263281049267337211e-02 1.310119047430395242e-02
1.352397760605810774e-02 1.403047150377288547e-02
1.365851707812938860e-02 1.399631973144148563e-02
1.393003228393286698e-02 1.410566350764499294e-02
1.401513832278392796e-02 1.409241099359528557e-02
1.432201220987362050e-02 1.473146334942725816e-02
1.435950560566808844e-02 1.478684428412791081e-02
1.550021805437643702e-02 1.590339706514798043e-02
1.580648618195180932e-02 1.664755618433583217e-02
1.594355147400554687e-02 1.616168118865772205e-02
1.608379199909671514e-02 1.703183435612380323e-02
1.619018815925529070e-02 1.657876065736055282e-02
1.642951283847780136e-02 1.695845755534639357e-02
1.697177049901722745e-02 1.819249487049547781e-02
1.702983664739677119e-02 1.896503889584518279e-02
1.710563731482087416e-02 1.781066110389848550e-02
1.723780283280394038e-02 1.752518166979372474e-02
1.755184178828287853e-02 1.799031995570394074e-02
1.816372271295004295e-02 1.842470945741068317e-02
1.869902348333721959e-02 2.026914354549576996e-02
1.893868329536849485e-02 2.201071157668793229e-02
1.898903511534678207e-02 2.019931196941114268e-02
1.922225197569469093e-02 1.985140001891622444e-02
1.928292086347842618e-02 1.970574905361064874e-02
2.027736541833878234e-02 2.031689830168777189e-02
2.033161174138481062e-02 2.337913663834428543e-02
2.042584900657617650e-02 2.098923852726442343e-02
2.063108709837635849e-02 2.154301065236492729e-02
2.077642884988821839e-02 2.128184720785826836e-02
2.206285119084666277e-02 2.383927444541684981e-02
2.210139981992418137e-02 2.211614486116349892e-02
2.217258618760269487e-02 2.258106220178913992e-02
2.230448693749007699e-02 2.439736353710481379e-02
2.230638418569822617e-02 2.479459120222026955e-02
2.257732839413624862e-02 2.408425045818378060e-02
2.266303474622983344e-02 2.309108692219608364e-02
2.299195317266333749e-02 2.521512971519538834e-02
2.300504780334066551e-02 2.311398728497967778e-02
2.309650401449474255e-02 2.429897432845487884e-02
2.325775598414456941e-02 2.341746853833166428e-02
2.358023421210208442e-02 2.395833795809309413e-02
2.359082312690256172e-02 2.761817972747391756e-02
2.380875808994888446e-02 2.734499969245898776e-02
2.386140383945802024e-02 2.396235712047944597e-02
2.388731929608037263e-02 2.583704868989410500e-02
2.445167738705195104e-02 2.538012920176264953e-02
2.448287249102162888e-02 2.496458510688194521e-02
2.460214020455472883e-02 2.591381125733854818e-02
2.466046732518458948e-02 2.679917307040737690e-02
2.488830394594797671e-02 2.527028956847627780e-02
2.504414961837114761e-02 2.594868985848910667e-02
2.547258368717796387e-02 2.583628270639090271e-02
2.564859377116828626e-02 2.585496958187027267e-02
2.600343645864740608e-02 2.654613933238767279e-02
2.633064742606447059e-02 2.756754057976784286e-02
2.677628632650608936e-02 2.711046654848218301e-02
2.722560724353010816e-02 2.816694382513494632e-02
2.759177529055535996e-02 2.978878553247656449e-02
2.785256900214755707e-02 2.987557248814178348e-02
2.793633232834047755e-02 2.911252779977182431e-02
2.804850766114933697e-02 3.052263252039226493e-02
2.837828368143737942e-02 2.888985451601176757e-02
2.844455815195888471e-02 3.023686968302926464e-02
2.882626995621407825e-02 2.973291138016385948e-02
2.936913342971852678e-02 2.963567394460563109e-02
2.940813189881411396e-02 3.068596875327931142e-02
2.942560272127309889e-02 2.958845685870826331e-02
3.050029893511315565e-02 3.158586186913378557e-02
3.078086816298337969e-02 3.320766001322558725e-02
3.156131895014113731e-02 3.157706610248096207e-02
3.193727755400189994e-02 3.288469854396585540e-02
3.621935560017646577e-02 3.748193091829459672e-02
3.839207036173079152e-02 3.957575082232803187e-02
4.297113261418609997e-02 4.335373775029857657e-02
