2.168979276473749843e-03 2.470329672991221619e-03
3.495290360933780982e-03 3.921563822879913820e-03
3.669710935972328360e-03 3.787835479909869903e-03
3.688181916517463497e-03 4.292371255422206509e-03
4.049295965325644571e-03 4.292371255422206509e-03
4.741843722592404241e-03 5.814528303530827440e-03
5.016842433974009162e-03 5.739274384345714915e-03
5.308947182369737859e-03 5.495909312622249479e-03
5.361521770184505750e-03 6.989924078837340959e-03
5.384344865586363112e-03 5.847042621456802029e-03
5.693998757261687846e-03 6.129309202929157305e-03
5.951769191840461902e-03 6.940477507733704490e-03
6.147123836556201044e-03 6.792050820829325514e-03
6.228397233247811790e-03 8.012118652600392493e-03
6.327142921361551299e-03 8.230793017267992728e-03
6.435332352136873685e-03 6.773987894233867921e-03
6.513087346583213387e-03 7.038964049452772591e-03
6.629697592460549738e-03 6.753115312093452283e-03
6.652568180668091795e-03 8.513204311053110263e-03
6.788103574129394392e-03 8.482782302210589362e-03
6.896544698672448133e-03 7.891783887680236045e-03
6.926113055099681996e-03 8.154348643491042201e-03
6.930737003575663385e-03 7.297188183428212314e-03
7.007715233701060538e-03 9.603743143187421644e-03
7.039534632767301299e-03 7.138938057427217550e-03
7.132616895553317744e-03 7.767039967096360346e-03
7.154175815673514439e-03 8.167763228659431426e-03
7.160143206877371026e-03 1.041603249897278191e-02
7.275900211092268741e-03 7.365944916284483321e-03
7.309396140029559251e-03 7.579658244127065320e-03
7.325693656341702650e-03 7.949719999859106156e-03
7.328313510901189771e-03 9.459601839062173681e-03
7.381909092262524744e-03 8.335400189748274138e-03
7.487863698433652043e-03 8.471887581426133795e-03
7.557260151951134507e-03 8.137600496760363789e-03
7.624274180686931891e-03 9.165876471126330541e-03
7.634652621456489152e-03 7.740658174935710970e-03
8.039864701720312798e-03 1.027137729136928974e-02
8.158862402430638525e-03 1.011072923508546731e-02
8.223042995527025251e-03 9.856699355553966493e-03
8.294019422769463232e-03 1.032115168471930793e-02
8.327303401184581524e-03 8.828103615130434775e-03
8.446694223022426298e-03 9.960618111461962132e-03
8.540088776935475523e-03 8.645364337443929570e-03
8.649731710538179422e-03 1.349893603543480571e-02
8.784990827905164029e-03 9.831717970022139236e-03
8.867743367791685108e-03 9.283920873861895365e-03
9.150580855475662703e-03 1.008418410648884850e-02
9.238570079912425403e-03 9.850805658528369660e-03
9.422564581022455435e-03 1.375711110813739903e-02
9.518138398444968631e-03 1.406130355993922935e-02
9.656198534183688120e-03 1.073553017125072201e-02
9.859472025930592076e-03 1.014658078875293676e-02
9.888485480631852703e-03 1.296482475549817770e-02
9.898875548893456416e-03 1.296733918452138215e-02
9.914764916701183234e-03 1.245266785396490633e-02
9.924470143155896332e-03 1.221243035929467195e-02
9.972774594335551482e-03 1.110516988849061075e-02
1.000296408327027570e-02 1.212862355067615208e-02
1.006669258003054131e-02 1.358111184971657302e-02
1.021814628871126930e-02 1.192347755963342297e-02
1.039076701950444361e-02 1.120851360014621552e-02
1.044143319487937996e-02 1.147987226805197852e-02
1.048119389593339841e-02 1.215878429465065518e-02
1.065546554924672214e-02 1.146246000983974951e-02
1.094888638145215774e-02 1.213971803655239552e-02
1.103559472288703422e-02 1.282521864410654001e-02
1.114059421744289895e-02 1.153111391614355767e-02
1.121953519761428181e-02 1.512015407492587477e-02
1.127637863545745238e-02 1.265033133904138948e-02
1.147070341004391252e-02 1.184473334618724692e-02
1.149648191648456295e-02 1.365528139267550845e-02
1.159976596433062029e-02 1.239199056018999018e-02
1.163891341821030913e-02 1.429870360329585886e-02
1.180296027334955776e-02 1.403758115686694168e-02
1.180632774509048598e-02 1.376908324907273953e-02
1.198342854488082011e-02 1.225079509855770202e-02
1.206856887654110880e-02 1.905466584861243567e-02
1.232688471799418296e-02 1.697841446285545952e-02
1.250745083632824432e-02 1.459918353106526116e-02
1.256541838025372095e-02 1.475619810384785728e-02
1.269038856880942527e-02 1.423921448857280031e-02
1.286318335067171588e-02 1.694164670726807861e-02
1.295664379799263410e-02 1.513964385422706879e-02
1.298056619971405326e-02 1.428825447931814097e-02
1.300011021019484986e-02 1.437089657471052502e-02
1.312116168436503784e-02 1.365310647331950157e-02
1.325550508049648350e-02 1.692054149652653938e-02
1.339766208575525301e-02 1.470332513287866613e-02
1.345672568190620089e-02 1.474250114652867621e-02
1.347365020788243717e-02 1.526567699190281742e-02
1.380724067207230246e-02 1.400793139365670743e-02
1.388218095111925024e-02 1.404614828697286349e-02
1.392229906434767905e-02 1.422738395377523037e-02
1.395410253020922843e-02 1.398532353066346545e-02
1.400826330454780708e-02 1.654812698762514120e-02
1.412873446157797593e-02 1.897221106003835894e-02
1.434275530847207818e-02 1.829487952131864797e-02
1.437194512639056697e-02 1.581657870732889812e-02
1.449645668980013326e-02 1.990582007890245170e-02
1.456146670088138452e-02 1.519701765239802119e-02
1.474269695555083595e-02 2.001130023086991269e-02
1.478969446030092144e-02 1.492963900260225324e-02
1.490092142424774557e-02 1.794307974012736631e-02
1.495664719939075737e-02 1.768750461566342969e-02
1.500295121544586302e-02 1.753408915640842364e-02
1.514599809786695318e-02 1.789772065990369310e-02
1.515251407075931048e-02 1.528037800807397796e-02
1.515255460759460868e-02 1.622955663291636430e-02
1.525503636851900657e-02 2.347001417665053186e-02
1.534512170752067896e-02 1.899935887449137953e-02
1.535998191264444437e-02 1.971308028607364829e-02
1.559444616007183912e-02 1.772426401431580201e-02
1.593767069495318628e-02 1.716955720067541227e-02
1.634945413660904290e-02 1.818033957538692583e-02
1.645518704991525902e-02 1.691892308843249981e-02
1.648192630653033675e-02 1.717073900789882826e-02
1.648934997470943159e-02 1.739788771852866789e-02
1.685759882629751447e-02 1.969915696463687624e-02
1.693950134274717356e-02 2.541396964848859422e-02
1.709952753627460784e-02 2.109206911803117659e-02
1.712885956675997898e-02 1.853166170269455668e-02
1.713000563666950554e-02 1.920938229891295396e-02
1.715737077990941301e-02 1.753827072226314676e-02
1.720023702532862478e-02 2.172595802783366600e-02
1.723820884011819168e-02 1.925260800281933596e-02
1.735539790574030378e-02 1.872420582629957114e-02
1.750677721280671437e-02 1.935148185237500762e-02
1.772554588216695634e-02 2.035547428681370660e-02
1.773050070517710741e-02 2.038607667720266151e-02
1.811247253556289710e-02 1.919591133795394214e-02
1.831126148778378440e-02 2.235239681864910691e-02
1.840972037233227707e-02 2.389946544191651201e-02
1.853323605309939795e-02 1.876837830373054641e-02
1.888231478289309137e-02 2.157368856171151122e-02
1.932715733282706558e-02 2.504918242737013551e-02
1.988486298978928840e-02 2.288637632088004817e-02
2.034663118067141230e-02 2.122912119380400767e-02
2.060699481045701054e-02 2.664767204686150498e-02
2.122592888905000183e-02 2.501518341411108556e-02
2.124957671609127227e-02 2.442095523033449567e-02
2.162776843009040634e-02 2.166549535826358189e-02
2.171413560323097111e-02 2.593833658170339659e-02
2.188709073630627777e-02 2.469169489993933500e-02
2.198253278516032819e-02 2.444459131407904912e-02
2.258462574160132949e-02 2.486243571572638311e-02
2.322203902712566964e-02 2.594288902571746658e-02
2.323449721055868139e-02 2.595049920682068745e-02
2.334303646069225274e-02 2.625514593415627027e-02
2.363609349927765085e-02 2.592019950526877267e-02
2.367599353610768190e-02 2.608209777770684537e-02
2.423455258878756680e-02 2.521415029330171392e-02
2.432508943618793065e-02 2.732747651163353747e-02
2.497110183637598485e-02 2.807820468595026778e-02
2.503302360590892173e-02 3.077930122133694379e-02
2.518698423595223945e-02 2.670447039524048369e-02
2.544564610169308336e-02 2.601078656649517123e-02
2.653163918477446925e-02 2.822801109211938581e-02
2.672175674898866204e-02 2.734912287863008190e-02
2.864603283707872067e-02 2.916637802498698098e-02
2.897910215970185555e-02 3.087248641815434555e-02
3.197867957949701578e-02 3.657376009945307455e-02
3.232819076523522211e-02 3.432514387297767172e-02
3.371681110531715014e-02 3.484198099831048445e-02
3.768527582978930396e-02 4.089014657977804723e-02
3.831506322439728884e-02 3.924832923138468072e-02
