6.483727651018761362e-03 6.823828074222168874e-03
6.655307265584352316e-03 6.837869083354192364e-03
1.042214625074312263e-02 1.063334090140551601e-02
1.047851785620636245e-02 1.179758828740659106e-02
1.058080340606305098e-02 1.094518444197533670e-02
1.065086187051409415e-02 1.086386357212006971e-02
1.109553095892352147e-02 1.167559726911061163e-02
1.156444717254796056e-02 1.168941980050140945e-02
1.166692595830635774e-02 1.185769005234531617e-02
1.213338155247906981e-02 1.290858859780242077e-02
1.219988887892167403e-02 1.243044102027645974e-02
1.226258083439428839e-02 1.262046375137383832e-02
1.256776477026734506e-02 1.309493996096183083e-02
1.276098722302158005e-02 1.463496653789278859e-02
1.278592022146106399e-02 1.295207026199627839e-02
1.338764457133524710e-02 1.379607767856906413e-02
1.424074022320144864e-02 1.568284869238345536e-02
1.432202221988741926e-02 1.461989579106620293e-02
1.447751720218406167e-02 1.511850503716395851e-02
1.461686912550227112e-02 1.468317400900523775e-02
1.500571947061326086e-02 1.520068456681636718e-02
1.505327521115451365e-02 1.616814978719926382e-02
1.506294983313771763e-02 1.649021170548728779e-02
1.511594443155865261e-02 1.524391186237387084e-02
1.584408163684464244e-02 1.665107987861937783e-02
1.623344774765520318e-02 1.716918638147524323e-02
1.647763363125839126e-02 1.669580202897206697e-02
1.689683660573755575e-02 1.742528266958051630e-02
1.729811872324905561e-02 1.742098649339605607e-02
1.789073572795373684e-02 1.793483250850208890e-02
1.832263131385034743e-02 1.840724346554716007e-02
1.869603131610397817e-02 1.922387060692912902e-02
1.873033966055364860e-02 1.906851931787894791e-02
1.899075792098972593e-02 1.992473574366655092e-02
1.917288497791095822e-02 2.246487038894732710e-02
1.926325803240742929e-02 1.946264478574081386e-02
1.957177698679154684e-02 2.036298744211991266e-02
1.972996961011617284e-02 2.101157945785261244e-02
2.048398773442769785e-02 2.212949005043479342e-02
2.048398773442769785e-02 2.206263449871008475e-02
2.115942887142311865e-02 2.138164654436354450e-02
2.139330964183311368e-02 2.441574816093492611e-02
2.140925903098883643e-02 2.185996097655249631e-02
2.216220131410879396e-02 2.264068869500342196e-02
2.220267494119588722e-02 2.299031071386364519e-02
2.252404102965889152e-02 2.296837207594090019e-02
2.272612732947960901e-02 2.354351735156913483e-02
2.274584151405497495e-02 2.388541909642789493e-02
2.332337712824597217e-02 2.386141968525426135e-02
2.341055532315881871e-02 2.497883566764087099e-02
2.435615476407300417e-02 2.514185707709282874e-02
2.496326813671836953e-02 2.599043674230034490e-02
2.501460543368962466e-02 2.623597847546282197e-02
2.540864725396798501e-02 2.614432508624271040e-02
2.551322530583105888e-02 2.552897443779987563e-02
2.575006394420481515e-02 2.665843767862471209e-02
2.604999511777326970e-02 2.721731065930112214e-02
2.614126525787089511e-02 2.758699962088233953e-02
2.642428290303727723e-02 2.822585931515491503e-02
2.679771893788292572e-02 2.750970151688984094e-02
2.699561499155351055e-02 2.735486630085013846e-02
2.721525816254695418e-02 2.768604103386953022e-02
2.733970829729779131e-02 2.813576840692537384e-02
2.809007889215664813e-02 2.932560838748474175e-02
2.848480799881308173e-02 2.866960085201065642e-02
2.915505998324166570e-02 2.971200920204253304e-02
3.030158859730814822e-02 3.142046217469975089e-02
3.049961984353820321e-02 3.188165047801783808e-02
3.306751700732149524e-02 3.365444370549242753e-02
3.383217199944656833e-02 3.536863058195485743e-02
3.900822071326862789e-02 3.930534303730211232e-02
4.333508493150017848e-02 4.362470567877704125e-02
