1.488157465608227203e-01 1.707388467642992902e-01
1.638486650314556481e-01 1.764246453356629607e-01
1.641369615305493246e-01 1.688050134996797458e-01
1.750890707447024242e-01 1.791663982974605884e-01
1.752442748811742779e-01 1.788001074196169382e-01
1.762544985129212705e-01 1.806021204801761537e-01
1.765001188156803402e-01 1.783451637353328512e-01
1.774500184356684884e-01 1.783925415392675629e-01
1.794815071684267571e-01 1.906857294602682107e-01
1.799442782642524941e-01 1.803634980660968889e-01
1.842351645751550415e-01 1.992061028216317864e-01
1.847252906806874095e-01 2.028079843086905143e-01
1.853870303011930787e-01 1.949984339923602483e-01
1.907522449141284826e-01 1.977086144851818161e-01
1.924389439704268234e-01 1.950595342471274918e-01
1.930819582607441187e-01 1.955632531070076174e-01
1.930819582607441187e-01 2.056150796447008267e-01
1.973387998099975504e-01 2.018088964344777192e-01
1.977593359872809597e-01 2.143259740131496505e-01
1.984408373775703172e-01 1.986877835481345445e-01
1.986334550782625497e-01 2.028436275265420030e-01
1.986337574633630365e-01 2.081287670859357231e-01
1.989098463488093160e-01 2.188296138737663432e-01
1.992498198331285053e-01 2.024507954007293831e-01
2.000532635202125209e-01 2.147841577653388234e-01
2.020031453368851537e-01 2.119316546418315017e-01
2.033574745616987811e-01 2.055834986527909913e-01
2.037449886527817333e-01 2.432344945882437270e-01
2.057421388075289792e-01 2.117563513673045017e-01
2.064979104417682121e-01 2.129890520609004079e-01
2.067883125093154528e-01 2.147254094321534024e-01
2.077875846364012069e-01 2.156177363990330886e-01
2.081276958850944159e-01 2.159737885056469409e-01
2.101826369261188265e-01 2.202318442360698680e-01
2.107486585236603982e-01 2.225471421034856401e-01
2.115400800786205182e-01 2.245477947818716180e-01
2.139275922548160569e-01 2.144183173038804735e-01
2.152199133200569103e-01 2.174550777685767267e-01
2.164370904890020042e-01 2.234009548338748985e-01
2.171352559643177360e-01 2.227835697622300160e-01
2.179259074560442599e-01 2.523958879748140482e-01
2.179816866761566940e-01 2.208503172676106741e-01
2.181225000898309174e-01 2.298506305374518888e-01
2.184480332022172844e-01 2.394094264556373974e-01
2.200891816510334442e-01 2.210327311284948637e-01
2.204116915805094667e-01 2.525668563430267799e-01
2.213540671784467728e-01 2.254410712619882851e-01
2.219919753073496815e-01 2.278046600918240960e-01
2.220711157937272084e-01 2.922542665407919515e-01
2.220992144531730994e-01 2.326389568680607700e-01
2.236215660868632882e-01 2.368650760906250985e-01
2.246127460775709517e-01 2.362461814037880303e-01
2.252418688329050067e-01 2.295343592559914991e-01
2.257658148446457513e-01 2.422655703802371330e-01
2.274935989096061317e-01 2.369209418378955545e-01
2.308207727594443481e-01 2.315966237863801569e-01
2.321477231481738901e-01 2.490731064206320733e-01
2.322964061330364816e-01 2.402781751183722392e-01
2.346310145724416207e-01 2.621867482280835215e-01
2.347833485494155992e-01 2.375354283510675568e-01
2.357991950433140083e-01 2.514602766896163466e-01
2.357991950433140083e-01 2.486148188959576844e-01
2.371037780061582279e-01 2.513086009387620612e-01
2.398894206103246995e-01 2.442606888043203084e-01
2.417008614417660850e-01 2.457619931165059279e-01
2.418394803151726613e-01 2.930897061275484772e-01
2.422352700341492138e-01 2.530782506462587178e-01
2.426574897786524243e-01 2.659214648295995520e-01
2.484991291742023323e-01 2.535561358013810329e-01
2.515664197289901871e-01 2.515689131743870099e-01
2.518136581910993543e-01 2.771223894340940630e-01
2.522563889366998824e-01 2.543625445629530413e-01
2.532616175784277446e-01 3.189419985295870452e-01
2.536618323265860120e-01 2.626811044292973740e-01
2.548622860084650554e-01 2.766921801326278074e-01
2.575259214184334455e-01 2.972511541648611422e-01
2.583413500537906637e-01 2.652167258991333654e-01
2.584157796216919878e-01 2.595974787389823679e-01
2.585784394488863658e-01 2.706724239452839020e-01
2.590165065162759461e-01 2.623509017852444503e-01
2.598403450470216924e-01 2.836081202506062215e-01
2.598403450470216924e-01 2.734027439869735621e-01
2.610877025707254995e-01 2.782902945388900928e-01
2.625889315997262385e-01 2.629425638654397934e-01
2.641463008101224696e-01 2.690513930749602323e-01
2.641698534517737396e-01 2.944194380697803259e-01
2.653080463597627947e-01 2.909776502547053445e-01
2.665762567423828333e-01 2.877085491055063615e-01
2.665762567423828333e-01 2.714856517795219970e-01
2.700250111784594509e-01 2.720619284671607074e-01
2.729607037189804575e-01 2.811616975249479622e-01
2.739473385531275840e-01 2.769259514547696144e-01
2.762162676501394576e-01 2.838771826665923426e-01
2.919633982984073395e-01 3.034965589525470131e-01
2.953101005832226567e-01 2.975747589385172032e-01
3.050192853865126841e-01 3.106326439136410378e-01
3.141267130746849823e-01 3.719156356356653204e-01
3.163710897286755586e-01 3.305616086050353619e-01
3.176346135895689038e-01 3.233823953423924924e-01
3.486954323432981950e-01 3.553467177046411574e-01
3.847017258539623952e-01 3.993460571742964982e-01
6.184153296453649418e-01 6.633616923261577147e-01
