4.732473210601403218e-02 4.936256435525976372e-02
5.166797629942504466e-02 5.659706501045080190e-02
5.223923180903124186e-02 5.310112273892427653e-02
5.603464463796578587e-02 7.249734989551823161e-02
5.780814896702460293e-02 6.126277112715044354e-02
5.913014114476929095e-02 5.973721658317247135e-02
5.914064974311625950e-02 6.358718772427920940e-02
5.918953538867368497e-02 6.374153558574781331e-02
5.921498287006993211e-02 8.241820289452093939e-02
6.010601305695127683e-02 7.248999153678398200e-02
6.082655552028072565e-02 6.607674473087575551e-02
6.100761101336177328e-02 7.264773176394946630e-02
6.103896914253410105e-02 6.839617742872036721e-02
6.309828932533995127e-02 6.905313467332026278e-02
6.420135252244542345e-02 6.630604322225343294e-02
6.629262555441139959e-02 6.661380357196428070e-02
6.643390044380344250e-02 7.928616114111110280e-02
6.680154519693684567e-02 6.691756548803631799e-02
6.963713491624960727e-02 7.160795971636819968e-02
6.977608890937155028e-02 7.127038160580774495e-02
7.009618055739552656e-02 7.533482675472438772e-02
7.068457355430936284e-02 1.018202516233041033e-01
7.108808956783994881e-02 1.051470302595173129e-01
7.110149643519934892e-02 8.542084964847297679e-02
7.150281547876148613e-02 8.019587601697224233e-02
7.161264784064123867e-02 7.794143553101179345e-02
7.233197797436824450e-02 8.166115299029061414e-02
7.255174082566880067e-02 8.474439060271073132e-02
7.284020670123825258e-02 1.129536360225555508e-01
7.297017091960825153e-02 9.420870338304777880e-02
7.367741653576612149e-02 8.212744767320759309e-02
7.378336836922608222e-02 7.412223075093066216e-02
7.378706041152011119e-02 7.569226488817452914e-02
7.396496736431751318e-02 1.033006296636357069e-01
7.405168949596985239e-02 9.389855000347580027e-02
7.431006973379081226e-02 7.631581389262645509e-02
7.444186213115908113e-02 7.799481614150839681e-02
7.540755735518892000e-02 8.685126876642321192e-02
7.558154823237819842e-02 7.625092386135080835e-02
7.572108776439803735e-02 8.979798406284349166e-02
7.576380428864679106e-02 1.284269627239225109e-01
7.601800636297229019e-02 8.641041781569126778e-02
7.646340712376815951e-02 1.187946301894365481e-01
7.651769841604250111e-02 1.367229152198559117e-01
7.716897561392514759e-02 8.227279107161447613e-02
7.721851402845329726e-02 8.017953557155978184e-02
7.743601070564683220e-02 1.162533636933696796e-01
7.776443950329292587e-02 1.443351135894178905e-01
7.794096786849473435e-02 1.525373675568020559e-01
7.806300962495187068e-02 8.062743677637027040e-02
7.852297155368971604e-02 9.007590068894143209e-02
7.852965584887444672e-02 9.520114404831410415e-02
7.870184791353967979e-02 9.625755374050297408e-02
7.897013263110271020e-02 1.458309735870323698e-01
7.897181763626982820e-02 1.395709220437147680e-01
7.904260042343992654e-02 1.188370436202601105e-01
7.923676636449765442e-02 9.190920660170973089e-02
7.943446959120498141e-02 8.874173447031522000e-02
7.947593108462804035e-02 1.200892083357610191e-01
7.948150811894276468e-02 1.090798753915428881e-01
7.959471960880915020e-02 8.226192022388299774e-02
7.960671844095895677e-02 8.083788651529506819e-02
7.963460308729580772e-02 9.178359446247132125e-02
7.974468158279914010e-02 8.449791129020346736e-02
7.992865401999921238e-02 9.784026503953782705e-02
8.017962557969515736e-02 1.006256466034414349e-01
8.033141119503660332e-02 8.157424212008036746e-02
8.056421284380527181e-02 8.261390390967746078e-02
8.056780466833905752e-02 1.096019123267107931e-01
8.071317266863309303e-02 9.051463787501926039e-02
8.072964595363041340e-02 1.138688129955010009e-01
8.074683028459361811e-02 8.913885110872310502e-02
8.089292808374652644e-02 8.912678282360438076e-02
8.102149505651184969e-02 1.307469933894695457e-01
8.115756466285285742e-02 1.145170896822956808e-01
8.116856390576711322e-02 1.050337671135764817e-01
8.125288496236149349e-02 1.072325174354433752e-01
8.127435295673859916e-02 9.483341577961040825e-02
8.133926914366397531e-02 1.086467462299622183e-01
8.164473336715728780e-02 1.251007810369400008e-01
8.178635446983222035e-02 1.305712651343361730e-01
8.184210682533950287e-02 1.109178454445941403e-01
8.187767825708607006e-02 1.122018348401584709e-01
8.262422718802053812e-02 1.027448437000580694e-01
8.266687625160701325e-02 1.096979789610390416e-01
8.273424500404361059e-02 9.330369053058028272e-02
8.321146295221114320e-02 1.257207636799734241e-01
8.340972168427725209e-02 1.406828319799617033e-01
8.344634689058054444e-02 1.119120671570248277e-01
8.347162454168909063e-02 1.015758569765381758e-01
8.356049388475583761e-02 1.287183693950910701e-01
8.362240816341819094e-02 9.356121533611150287e-02
8.365772623732656288e-02 9.320067202262381778e-02
8.369922114929381762e-02 1.283251482512112740e-01
8.371733301708828012e-02 9.188820939138554744e-02
8.374916226516637696e-02 9.391273808899805453e-02
8.406006736093525611e-02 9.205854973942587116e-02
8.425564318665897112e-02 1.310118192120231784e-01
8.451143735198322904e-02 1.277534183200909612e-01
8.457387098251957502e-02 1.036819536674976061e-01
8.458415735455021567e-02 9.040454685391086098e-02
8.458723095780140699e-02 1.252018464429500155e-01
8.462338959597144605e-02 1.317201795792542207e-01
8.474125266775113519e-02 1.256256770323382899e-01
8.503756371051847396e-02 9.661555079867954754e-02
8.507118922805449734e-02 9.187474975291741452e-02
8.519970651909000714e-02 1.149449178217514661e-01
8.534484078739527912e-02 8.873944146074908002e-02
8.548388349984285817e-02 1.061952654099670851e-01
8.584698247518406100e-02 8.818376314848522246e-02
8.613858202411391052e-02 1.249212915011195385e-01
8.617264338948565916e-02 8.642953203595039879e-02
8.651186244205089082e-02 9.890574395839817068e-02
8.670808390779206898e-02 9.406459124801852534e-02
8.687007695170988197e-02 1.188275888583892465e-01
8.710225781667643719e-02 1.084987615242852393e-01
8.729028629414783969e-02 1.074894178521803995e-01
8.743392332991616056e-02 1.194671572306079121e-01
8.757351777294229700e-02 8.867984790479527257e-02
8.762577494772925968e-02 1.034263223185815650e-01
8.771121576133708575e-02 1.067930714542168202e-01
8.781313139380583777e-02 1.051025857821864112e-01
8.869631226855277661e-02 9.210241765487267585e-02
8.887095402615394213e-02 9.986512034586819686e-02
8.888071662086911850e-02 1.250547847688226744e-01
8.906061657509160845e-02 1.098238746655521847e-01
8.922244791939624997e-02 9.170211147894918868e-02
8.928606217213595764e-02 9.326617859703499602e-02
8.958658483653202109e-02 9.503637687735760897e-02
8.962893988671763457e-02 1.287107792492423741e-01
8.964927432021135845e-02 9.126888381893828728e-02
8.993886594136223100e-02 9.682410230837015797e-02
9.050255150290323347e-02 1.136829033620652685e-01
9.067795419963421699e-02 1.004326697655328615e-01
9.102618244501614608e-02 1.225547994319106798e-01
9.114228247398335758e-02 9.817145223615653116e-02
9.154450228074050011e-02 1.029059474866760304e-01
9.158828765604386246e-02 9.730176138785272266e-02
9.190380480086780823e-02 1.197912654040792779e-01
9.200904310426674670e-02 1.047483740067573915e-01
9.207382562311298979e-02 1.089842327351317891e-01
9.225299072580248061e-02 1.004019130584918179e-01
9.227331230905191917e-02 1.003828820621406742e-01
9.235316320157067882e-02 1.000670761300498229e-01
9.252204000956242014e-02 1.083480897630771100e-01
9.258498715706756088e-02 1.027153801706895409e-01
9.259034742943331175e-02 9.294561984489166373e-02
9.275392902746466828e-02 1.016090926005285278e-01
9.283399673781524142e-02 1.114505132939714732e-01
9.293556121365460776e-02 1.169794759555009556e-01
9.339705363301392671e-02 1.083561708976807647e-01
9.351844659907987412e-02 9.563453986955212927e-02
9.371159886242362569e-02 9.932245977779051438e-02
9.400207429838032536e-02 1.054265003072310664e-01
9.410923067352523763e-02 9.496806139947031045e-02
9.413630957702491531e-02 1.064433235039295295e-01
9.426813437244345451e-02 1.246349452801307350e-01
9.429925839523176090e-02 1.056224782567768000e-01
9.437176990414671007e-02 9.942539080312859379e-02
9.505734585763961353e-02 1.039557658087650188e-01
9.517184459311657518e-02 1.438420989735551825e-01
9.519707982947056557e-02 1.064929802380257945e-01
9.564654465870843503e-02 1.325887390758297146e-01
9.578025135637263654e-02 1.010642946383335239e-01
9.581074264776776039e-02 1.205920712981150555e-01
9.607198265516579683e-02 1.046202487446255408e-01
9.609592756386799162e-02 1.017752201982481397e-01
9.644289661552574167e-02 1.098571707614995202e-01
9.700314148347628784e-02 1.045260264696264152e-01
9.729591530725736903e-02 9.844547888273441627e-02
9.746107940127038405e-02 1.110067134144363116e-01
9.770490093438938262e-02 1.182325861767648534e-01
9.812438772728078462e-02 1.215098187295270832e-01
9.828054685632518772e-02 1.004193104553762622e-01
9.849611073318058352e-02 1.084441912340759900e-01
9.883737024926086967e-02 1.024749854098885304e-01
9.900792846212730369e-02 1.036006435318295033e-01
9.921877699660000549e-02 9.957444267187870457e-02
1.000002419434067175e-01 1.069178436288846096e-01
1.000509903690323665e-01 1.024828346620320074e-01
1.002787175456699709e-01 1.233817354234592878e-01
1.009449376731284820e-01 1.256134464894199387e-01
1.009606977806556671e-01 1.082160795775745227e-01
1.016510793457676282e-01 1.353483639718858211e-01
1.019849909862200199e-01 1.024828346620320074e-01
1.022201831546210721e-01 1.023982907370005330e-01
1.022335880260400454e-01 1.118184023506428870e-01
1.022644851329003041e-01 1.173681876825262704e-01
1.025755899694447276e-01 1.156308756362545709e-01
1.028863345107950966e-01 1.128518729806221726e-01
1.034454850662165082e-01 1.135415509729796046e-01
1.034810197410201416e-01 1.074153645862589018e-01
1.038936020205155769e-01 1.221201770827099881e-01
1.041602104719172306e-01 1.163961209218826870e-01
1.042062297546152705e-01 1.111401272652764449e-01
1.049162072841438864e-01 1.085449208039810376e-01
1.054052520420130784e-01 1.274199055071368603e-01
1.059798364563745848e-01 1.167318199536089424e-01
1.070753805691890825e-01 1.200497203262392981e-01
1.070805156504144734e-01 1.405980529076058527e-01
1.075231579173764884e-01 1.131470267585469591e-01
1.087428125662618511e-01 1.242112001618039668e-01
1.099414857729698741e-01 1.143011957549881635e-01
1.099453200368274153e-01 1.105417241086402297e-01
1.100675357342392330e-01 1.169636517883686361e-01
1.110259330456437321e-01 1.123104361091007003e-01
1.117085581905704061e-01 1.238278393219721246e-01
1.117248884519880248e-01 1.309097780451976001e-01
1.120359748481363910e-01 1.154444935375301545e-01
1.120807752018461723e-01 1.267740915498303256e-01
1.127907906720432979e-01 1.146375260950013714e-01
1.129184894330714506e-01 1.354712731961018601e-01
1.141697642844147625e-01 1.143933288932562492e-01
1.142224742274361160e-01 1.243412908274671297e-01
1.162413921079308021e-01 1.301708776361300279e-01
1.162791392424019354e-01 1.170207472311406843e-01
1.193936813772675243e-01 1.331391766735722237e-01
1.198945409120019123e-01 1.351989905312404594e-01
1.213307459207443040e-01 1.236481274553956483e-01
1.238323301073773614e-01 1.294954460615975467e-01
1.242964702439521146e-01 1.252127218732853320e-01
1.267110463588263236e-01 1.348617951695859074e-01
1.288411253816966473e-01 1.305531269905291225e-01
1.320419266388641322e-01 1.561379659199303438e-01
1.367129193190737280e-01 1.426603966153078551e-01
1.371958592888651574e-01 1.396373625882559588e-01
1.379103929730903511e-01 1.656642990825750728e-01
1.389121872182927098e-01 1.395702992044694224e-01
1.472761192745394576e-01 1.545822581847546007e-01
1.533288052529885870e-01 1.582539526252878526e-01
