3.888550684306408406e-02 3.903120677080799961e-02
4.274165603378876632e-02 4.477592530535521448e-02
5.299032940008305270e-02 6.912633956670262425e-02
5.979434091596753237e-02 6.325466006179968070e-02
6.106114795029937009e-02 7.225581073190895376e-02
6.406747813214172527e-02 7.059174479486568510e-02
6.409994774649635518e-02 7.121338579424374426e-02
6.460297796900625611e-02 6.718711753231897121e-02
6.500837711320882339e-02 7.714936944485065173e-02
6.517953881449145559e-02 6.651790717749139770e-02
6.720274814160057120e-02 8.349760312254500549e-02
6.922487236464894278e-02 7.052930795430620292e-02
6.962001397987896412e-02 7.254671073239239709e-02
7.007150220582226974e-02 7.557128847810461181e-02
7.031691736984294061e-02 8.816049536133338527e-02
7.034525681606490499e-02 1.036850106976051483e-01
7.068232222069222026e-02 9.123557620841095395e-02
7.097408054001189126e-02 9.554578744929229095e-02
7.121897588576646398e-02 9.272158113059625340e-02
7.171424078694864368e-02 9.483399183158047752e-02
7.192792440646038343e-02 8.541313731145278032e-02
7.201028835953049434e-02 7.547411205381697463e-02
7.201391706266083159e-02 7.562913123696940465e-02
7.257834143503290314e-02 7.272327221707504397e-02
7.261343811697085204e-02 7.801082435651561509e-02
7.285328337888120898e-02 7.502869466473915949e-02
7.323298373218858903e-02 1.470450096128590733e-01
7.329528421159123286e-02 7.426990847379495719e-02
7.377290112773478292e-02 1.047580550177243386e-01
7.377456155972667018e-02 1.114270665724854947e-01
7.447712488556905430e-02 8.061136267233849628e-02
7.460618287330461618e-02 1.205446596291155636e-01
7.484636673536551599e-02 7.504040238855017031e-02
7.496494007641060775e-02 8.906855298233233575e-02
7.503875632409238994e-02 7.744379513605244292e-02
7.521287561441575287e-02 9.233652827496820203e-02
7.541720925735279080e-02 9.404275855163865550e-02
7.549645888478992428e-02 1.036215968071801802e-01
7.565811491343696349e-02 8.907347164122184080e-02
7.682088058335917458e-02 8.741523816678399561e-02
7.742864603356501563e-02 1.208117036881762862e-01
7.750799017707962757e-02 9.742949560870163561e-02
7.753646459090957066e-02 8.107809704045793042e-02
7.771007391829572175e-02 9.435613165828896087e-02
7.785171171516666599e-02 8.441280749402776951e-02
7.794972770153892061e-02 8.428958423390250920e-02
7.812465257662885854e-02 1.330767006765234128e-01
7.828136808451383044e-02 8.473396781599588923e-02
7.844089327999824446e-02 9.634683311922873084e-02
7.849029901140659737e-02 8.067986250816078231e-02
7.862182741607327829e-02 9.723620127613573361e-02
7.918542307429157767e-02 1.345651406007509210e-01
7.944113260710906899e-02 8.757736717827500905e-02
7.949729760584765825e-02 8.960769854252481625e-02
7.951651575267701388e-02 1.175992355553855534e-01
7.961132786535470018e-02 9.611668465850776999e-02
7.974064708417014091e-02 8.480766951451690350e-02
8.002660087505475417e-02 8.647082175176182273e-02
8.002862474237328050e-02 1.000014151385617139e-01
8.012491725948986399e-02 9.037223765412963350e-02
8.013962200310893735e-02 1.491385447047344770e-01
8.020309314284113089e-02 1.040793714511769885e-01
8.022251614831206468e-02 9.133475036375682254e-02
8.027406315953848626e-02 8.671852398669603612e-02
8.039665049737294844e-02 1.353460747479070525e-01
8.046732821746059583e-02 1.139403621522227100e-01
8.071868819667524231e-02 9.430855306798342774e-02
8.085220537913730132e-02 1.033413059679329643e-01
8.096736121010138232e-02 8.409220074476206341e-02
8.111574885116090705e-02 1.030166099111873013e-01
8.120197809288468016e-02 8.612168004069839511e-02
8.132184192988491100e-02 1.003507535737627188e-01
8.171159047737652781e-02 9.162298262454157682e-02
8.174952352690185997e-02 1.135656112756828068e-01
8.177326180472543893e-02 1.334078243582221268e-01
8.184611232420084537e-02 8.906871428796940549e-02
8.203182868815499240e-02 1.279682838586721216e-01
8.220491909400158559e-02 1.145980732421330028e-01
8.225762796136440458e-02 8.692956782064967247e-02
8.252694948261601882e-02 1.012607513983199148e-01
8.261799078780743266e-02 1.126240347793538848e-01
8.265160374073758642e-02 1.058668477287137838e-01
8.270812773648353322e-02 1.136124965103803425e-01
8.272870912406964095e-02 9.193828121136514431e-02
8.282455949331721246e-02 9.763540355936840831e-02
8.343121948044013303e-02 8.387769574732485689e-02
8.390078194496430886e-02 9.031768349034959009e-02
8.416635908107701625e-02 1.188014213584954459e-01
8.421890084124153408e-02 1.347025799489574849e-01
8.428983612886188637e-02 1.108047996551668468e-01
8.433232675581650573e-02 1.425899798053477108e-01
8.440749052633267357e-02 1.327379252191234760e-01
8.453143930192213995e-02 1.167859576152815021e-01
8.480693557792783055e-02 8.879406355881300228e-02
8.505424773167323538e-02 1.003945543880267466e-01
8.523854975854421034e-02 8.592517466009584604e-02
8.538443466044642882e-02 1.153516953047843407e-01
8.590282447807712218e-02 8.716620971159398656e-02
8.609227646790248989e-02 1.079242870480403432e-01
8.722092594611435823e-02 1.033618230528568355e-01
8.726331557866190414e-02 1.237534782766940983e-01
8.759371880985222791e-02 9.477500370687322317e-02
8.772325456492809093e-02 9.113448637461973867e-02
8.799373601830780267e-02 9.174032877914133077e-02
8.808219419590637700e-02 9.915838263737933311e-02
8.848510335635553781e-02 9.289750236103186398e-02
8.858762994274313463e-02 1.143546766730777209e-01
8.904598738398722402e-02 1.171576623938721251e-01
8.905461238826820058e-02 8.953820924726560437e-02
8.936744072662715366e-02 1.027565100569151763e-01
8.938850171402780431e-02 9.263076924632877851e-02
8.946772176053269243e-02 1.084539038212656570e-01
8.984785492574488830e-02 1.210425688388321042e-01
8.986583134826225949e-02 9.534082252497140531e-02
9.069054456342667825e-02 1.418260387768144892e-01
9.073594092607860373e-02 1.081798533228647552e-01
9.073856985382118545e-02 9.267382395766247949e-02
9.087983245479080985e-02 1.155390347116474481e-01
9.105816515529167876e-02 1.057494539328780458e-01
9.113924476785051354e-02 9.171853214762201723e-02
9.124488308009408299e-02 1.045612427238979125e-01
9.130988526408488626e-02 1.158543491340841974e-01
9.167847495291560345e-02 1.082063878013746483e-01
9.168684934367578310e-02 9.733862008242676056e-02
9.186813962853000726e-02 9.590524357199044225e-02
9.250901649778328628e-02 9.676184719580405158e-02
9.313816247443151841e-02 1.142757591112112392e-01
9.319221603558365541e-02 1.020157286366915467e-01
9.335514233646076410e-02 1.220507639103667885e-01
9.347951502344664654e-02 1.400346319299435038e-01
9.365196844582338032e-02 1.304894838090980003e-01
9.367271062994389497e-02 1.139931393401788923e-01
9.409288005564173107e-02 1.110233000409758808e-01
9.414789863710965045e-02 1.017689651194427225e-01
9.417009381955938896e-02 1.052227244260580258e-01
9.447474540919907626e-02 1.028771222507728206e-01
9.459854410007831338e-02 1.080189743790063439e-01
9.469238028932230877e-02 1.343207272982685774e-01
9.499688257203718622e-02 9.512135208944599851e-02
9.526111653061307416e-02 1.196668270716018112e-01
9.567133248703961479e-02 9.600054512665007200e-02
9.606624012142377100e-02 1.014355154954951488e-01
9.626033319348591133e-02 1.254282672038687652e-01
9.649522222918593961e-02 1.218916751703999213e-01
9.651169229643827285e-02 9.788920928838322488e-02
9.656534622754434083e-02 1.045478449333857585e-01
9.674560492459467753e-02 1.004042549866775436e-01
9.685301957460434874e-02 1.123247960903667603e-01
9.716009876689296609e-02 1.042649283823307571e-01
9.744994692864732133e-02 1.107714795731877255e-01
9.749795779807315932e-02 1.379455433185212132e-01
9.752644418658047709e-02 1.346449126850425004e-01
9.756327122601422819e-02 1.194717325045184658e-01
9.803194597614346695e-02 1.171599502002132753e-01
9.810600732752666753e-02 1.263197144042138564e-01
9.870524854700807316e-02 9.926182277366338291e-02
9.895122146591707468e-02 1.028284733470423845e-01
9.902548853456177858e-02 1.033131437749499199e-01
9.933816511545325023e-02 1.083655307598579837e-01
9.946537057733083331e-02 1.563408013587951340e-01
1.010216445408809588e-01 1.091173329544860293e-01
1.010336400537952123e-01 1.131271512613660768e-01
1.012565027144746582e-01 1.180411043193956427e-01
1.013818644989535750e-01 1.075416494088903691e-01
1.014214188183504978e-01 1.442103048827513001e-01
1.014883120099881325e-01 1.167056259619160263e-01
1.015093924760366723e-01 1.031786150561777859e-01
1.016696587872176483e-01 1.141327736500605400e-01
1.018480314002380982e-01 1.032855774225656664e-01
1.019072363986405494e-01 1.358907588938174926e-01
1.020557590940897041e-01 1.192025202998080041e-01
1.023162420968967284e-01 1.215751282268507649e-01
1.025862004030701213e-01 1.029272563919292199e-01
1.028876966577969287e-01 1.035088370148672249e-01
1.028888613112015765e-01 1.262727468191489621e-01
1.029238748790099606e-01 1.462404105527106701e-01
1.029435097869769861e-01 1.200873993297049691e-01
1.033547980727468202e-01 1.087509306893868904e-01
1.034189591362078137e-01 1.101736237951607272e-01
1.034514875273329776e-01 1.649606691237129885e-01
1.035837920476286034e-01 1.055282949951617671e-01
1.038949959518205152e-01 1.051024094561855693e-01
1.041323943999253321e-01 1.064900754812094924e-01
1.045454715749841446e-01 1.048342560399150719e-01
1.049812579542801771e-01 1.490069569355906565e-01
1.049857888477242762e-01 1.110513557446719674e-01
1.051759130092898287e-01 1.247729337545769313e-01
1.052803476829897167e-01 1.297024017854727651e-01
1.053194035008329227e-01 1.218585176770296125e-01
1.057117454682009183e-01 1.442348349218902925e-01
1.058797443515939879e-01 1.308300736476153692e-01
1.058800035984801130e-01 1.073241972427244340e-01
1.068835377152688032e-01 1.308197518149323835e-01
1.069566491510023365e-01 1.298584854916710329e-01
1.079909154504085644e-01 1.141200900915592814e-01
1.083568303087573681e-01 1.294709950233215723e-01
1.085037965005833660e-01 1.168906443580371296e-01
1.085463857172455499e-01 1.143185227904982143e-01
1.086048566404433230e-01 1.110595717769511381e-01
1.093794997872828134e-01 1.178532855100779403e-01
1.094718256936096784e-01 1.170499085191312322e-01
1.098011873300688557e-01 1.331548876141035176e-01
1.103806713378544524e-01 1.641125256774035590e-01
1.104303881695149897e-01 1.158619997085980208e-01
1.109322973965387316e-01 1.199334987982924594e-01
1.110413097333488447e-01 1.189735433356225169e-01
1.110521041082777882e-01 1.506972799370787652e-01
1.113159487629254846e-01 1.162790941657836641e-01
1.125197939441742456e-01 1.144823805476890555e-01
1.127124091145520479e-01 1.275188725622732056e-01
1.127792910534423931e-01 1.224492087385694317e-01
1.132634548085986320e-01 1.192896494013276215e-01
1.142623890107899443e-01 1.221425460364893578e-01
1.145350692586397240e-01 1.542007457492098332e-01
1.146598978411688813e-01 1.351628852329234964e-01
1.149763860576951402e-01 1.253836916137899271e-01
1.149934959063182160e-01 1.214691660840087895e-01
1.150061092928883200e-01 1.197190563217135212e-01
1.160419015104018209e-01 1.556310053416627148e-01
1.163284080060895537e-01 1.190475211200735656e-01
1.168707391684149777e-01 1.314576820665523949e-01
1.170636183475258912e-01 1.189833623981214061e-01
1.187789711077033017e-01 1.284172384898916996e-01
1.190525242383957266e-01 1.191141564855058010e-01
1.190580591880740502e-01 1.380196836449052444e-01
1.208281627269402192e-01 1.491814542122810727e-01
1.212204106442766050e-01 1.563761814918698534e-01
1.215939850583961368e-01 1.223447387737582465e-01
1.228881513622056831e-01 1.436559739952153469e-01
1.255025299534979766e-01 1.410344090209849910e-01
1.266208894535607865e-01 1.386092457705187242e-01
1.277505124579032258e-01 1.446175182577082718e-01
1.298199265599326857e-01 1.367419139455109400e-01
1.298474938017367131e-01 1.402239636667861611e-01
1.330287470692620988e-01 1.338976042610455219e-01
1.354568932014137139e-01 1.376819099097537913e-01
