0.000000000000000000e+00 1.260383917764634487e-01
0.000000000000000000e+00 1.263502828230429753e-01
0.000000000000000000e+00 1.239336429772952552e-01
0.000000000000000000e+00 1.406367335447993028e-01
0.000000000000000000e+00 1.179934325947982338e-01
0.000000000000000000e+00 1.173432246325086664e-01
0.000000000000000000e+00 1.122042161056942683e-01
0.000000000000000000e+00 1.197251839434911730e-01
0.000000000000000000e+00 1.296470508199011884e-01
0.000000000000000000e+00 1.230311817958332776e-01
0.000000000000000000e+00 1.044154609653597243e-01
0.000000000000000000e+00 1.009058051508466003e-01
0.000000000000000000e+00 1.193847816973449133e-01
0.000000000000000000e+00 1.059272231488671834e-01
0.000000000000000000e+00 1.141586099631120288e-01
0.000000000000000000e+00 1.091553499880806855e-01
0.000000000000000000e+00 1.488783038845228890e-01
0.000000000000000000e+00 1.111680866483902852e-01
0.000000000000000000e+00 1.112771785630967264e-01
0.000000000000000000e+00 1.146856117594536595e-01
0.000000000000000000e+00 1.214264042737419336e-01
0.000000000000000000e+00 1.106431879230065363e-01
0.000000000000000000e+00 1.111519486398988565e-01
0.000000000000000000e+00 1.360001416427897569e-01
0.000000000000000000e+00 1.143702900448720500e-01
0.000000000000000000e+00 1.061181803474138680e-01
0.000000000000000000e+00 1.106022028470280139e-01
0.000000000000000000e+00 1.083629144302767772e-01
0.000000000000000000e+00 1.178506973669621871e-01
0.000000000000000000e+00 8.009166979898968419e-02
0.000000000000000000e+00 1.068476541180037320e-01
0.000000000000000000e+00 8.711842815758255587e-02
0.000000000000000000e+00 9.517676791603518760e-02
0.000000000000000000e+00 8.163386708591333085e-02
0.000000000000000000e+00 1.246777706769786054e-01
0.000000000000000000e+00 9.499230059808022597e-02
0.000000000000000000e+00 1.211876066436545496e-01
0.000000000000000000e+00 9.978949906295259131e-02
0.000000000000000000e+00 1.345381725697010200e-01
0.000000000000000000e+00 9.424772135614006840e-02
0.000000000000000000e+00 8.844317664493885067e-02
0.000000000000000000e+00 1.042622808361370335e-01
0.000000000000000000e+00 8.867725834055346923e-02
0.000000000000000000e+00 1.149546252544606101e-01
0.000000000000000000e+00 8.499030744652641411e-02
0.000000000000000000e+00 8.128049537663301072e-02
0.000000000000000000e+00 1.205700676578242841e-01
0.000000000000000000e+00 6.341009693015939308e-02
0.000000000000000000e+00 8.713078720253253362e-02
0.000000000000000000e+00 7.386946370272801099e-02
0.000000000000000000e+00 9.427450282271160331e-02
0.000000000000000000e+00 1.229345754875844077e-01
0.000000000000000000e+00 1.042081415704109448e-01
0.000000000000000000e+00 9.877423542179510074e-02
0.000000000000000000e+00 1.129165239997458325e-01
0.000000000000000000e+00 1.057158830000696909e-01
0.000000000000000000e+00 9.489156288949879281e-02
0.000000000000000000e+00 6.654666513787683979e-02
0.000000000000000000e+00 1.237071366014920182e-01
0.000000000000000000e+00 7.929444210814119709e-02
0.000000000000000000e+00 1.085621678444297217e-01
0.000000000000000000e+00 1.215925143600525837e-01
0.000000000000000000e+00 7.647922987554811591e-02
0.000000000000000000e+00 1.261646906057773965e-01
0.000000000000000000e+00 9.984854716211430392e-02
0.000000000000000000e+00 3.678775985658128134e-02
0.000000000000000000e+00 1.061808360232534831e-01
0.000000000000000000e+00 8.900579369667289964e-02
0.000000000000000000e+00 6.726828116886027220e-02
0.000000000000000000e+00 1.053670996353515410e-01
0.000000000000000000e+00 4.742975372043884558e-02
0.000000000000000000e+00 1.206352754482404310e-01
0.000000000000000000e+00 6.400483506020365754e-02
0.000000000000000000e+00 4.550528777125811830e-02
0.000000000000000000e+00 9.798689686577910507e-02
0.000000000000000000e+00 1.065205929056902145e-01
0.000000000000000000e+00 1.348421301645350567e-01
0.000000000000000000e+00 1.038381043186209080e-01
0.000000000000000000e+00 7.725190692515739033e-02
0.000000000000000000e+00 9.442490711756941490e-02
0.000000000000000000e+00 1.155059321392922778e-01
0.000000000000000000e+00 1.321150279817147055e-01
0.000000000000000000e+00 9.551420060371448861e-02
0.000000000000000000e+00 1.305142851205799703e-01
0.000000000000000000e+00 1.089076998887608810e-01
0.000000000000000000e+00 1.232434415778097814e-01
0.000000000000000000e+00 1.034354603496259184e-01
0.000000000000000000e+00 1.134668917097298169e-01
0.000000000000000000e+00 7.166998150731908324e-02
0.000000000000000000e+00 1.006305064206297062e-01
0.000000000000000000e+00 1.108623022084242321e-01
0.000000000000000000e+00 6.443128008344269075e-03
0.000000000000000000e+00 1.190245094668578862e-01
0.000000000000000000e+00 1.283987043941032247e-01
0.000000000000000000e+00 1.051224378052738884e-01
0.000000000000000000e+00 1.034401370236675971e-01
0.000000000000000000e+00 9.193885419712329032e-02
0.000000000000000000e+00 8.168232255456703284e-02
0.000000000000000000e+00 9.559150064974204775e-02
0.000000000000000000e+00 1.149396955035596607e-01
0.000000000000000000e+00 1.094225116906099166e-01
0.000000000000000000e+00 1.162800137307775927e-01
0.000000000000000000e+00 7.453894321792838007e-02
0.000000000000000000e+00 8.540286406127055308e-02
0.000000000000000000e+00 6.329387486688894948e-02
0.000000000000000000e+00 1.302980033321533559e-01
0.000000000000000000e+00 1.096840826640407829e-01
0.000000000000000000e+00 1.055498763942093743e-01
0.000000000000000000e+00 1.085039463170448942e-01
0.000000000000000000e+00 5.109512844349684002e-02
0.000000000000000000e+00 9.830326181620432924e-02
0.000000000000000000e+00 7.708601200110376528e-02
0.000000000000000000e+00 1.023828922956542681e-01
0.000000000000000000e+00 6.797333294462604147e-02
0.000000000000000000e+00 9.151334784438380776e-02
0.000000000000000000e+00 6.845299950503040687e-02
0.000000000000000000e+00 8.892065527769012212e-02
0.000000000000000000e+00 7.549345812164015568e-02
0.000000000000000000e+00 5.006166193527511465e-02
0.000000000000000000e+00 6.329740543623062210e-02
0.000000000000000000e+00 9.558293663270873985e-02
0.000000000000000000e+00 7.898699268626299674e-02
0.000000000000000000e+00 1.007349593875651733e-01
0.000000000000000000e+00 8.127432575325971298e-02
0.000000000000000000e+00 1.168127460261191436e-01
0.000000000000000000e+00 7.064459729399921728e-02
0.000000000000000000e+00 7.173668207165991018e-02
0.000000000000000000e+00 3.483643665077297558e-02
0.000000000000000000e+00 1.191727254551668697e-01
0.000000000000000000e+00 5.499989769800212036e-02
0.000000000000000000e+00 6.932312411666792518e-02
0.000000000000000000e+00 1.121598466981700709e-01
0.000000000000000000e+00 1.363244626196535303e-01
0.000000000000000000e+00 1.294759820196243472e-01
0.000000000000000000e+00 8.141748765555104073e-02
0.000000000000000000e+00 9.812648295944895183e-02
0.000000000000000000e+00 7.586950548733099875e-02
0.000000000000000000e+00 1.056768462577889478e-01
0.000000000000000000e+00 9.415262556574904851e-02
0.000000000000000000e+00 3.584516294296958422e-02
0.000000000000000000e+00 1.171152763709799732e-01
0.000000000000000000e+00 1.152209102822468328e-01
0.000000000000000000e+00 3.789821602614764501e-02
0.000000000000000000e+00 5.715704569248663408e-02
0.000000000000000000e+00 9.126792300606577368e-02
0.000000000000000000e+00 5.149953279402992579e-02
0.000000000000000000e+00 6.015578963097962389e-02
0.000000000000000000e+00 7.704340586929450674e-02
0.000000000000000000e+00 8.757045801879710656e-02
0.000000000000000000e+00 8.930667824611833450e-02
0.000000000000000000e+00 7.277337778316136929e-02
0.000000000000000000e+00 9.756550751944491340e-02
0.000000000000000000e+00 1.346185647057071832e-01
0.000000000000000000e+00 1.224531924925750248e-01
0.000000000000000000e+00 6.757689288744689327e-02
0.000000000000000000e+00 6.777767261535648513e-02
0.000000000000000000e+00 1.371719408636350168e-01
0.000000000000000000e+00 7.492764421032348243e-02
0.000000000000000000e+00 9.757083472766654719e-02
0.000000000000000000e+00 3.768522755105732647e-02
0.000000000000000000e+00 8.865855240149453365e-02
0.000000000000000000e+00 8.064635498852576467e-02
0.000000000000000000e+00 1.172050533384256105e-01
0.000000000000000000e+00 4.604308417262809733e-02
0.000000000000000000e+00 1.231595063951879954e-01
0.000000000000000000e+00 1.271458639065647656e-01
0.000000000000000000e+00 7.560625353854105724e-02
0.000000000000000000e+00 1.100367870914344126e-01
0.000000000000000000e+00 6.915242645797126109e-02
0.000000000000000000e+00 7.316309671810571069e-02
0.000000000000000000e+00 7.699964555869494298e-02
0.000000000000000000e+00 7.258436101158970144e-02
0.000000000000000000e+00 1.103673931028740091e-01
0.000000000000000000e+00 1.227668199965062656e-01
0.000000000000000000e+00 6.461817795158859845e-02
0.000000000000000000e+00 5.860662998873689133e-02
0.000000000000000000e+00 9.859790484425125234e-02
0.000000000000000000e+00 1.192151405428559657e-01
0.000000000000000000e+00 9.318839157460299949e-02
0.000000000000000000e+00 8.260924001690274354e-02
0.000000000000000000e+00 8.003822420350237277e-02
0.000000000000000000e+00 1.144283557744998903e-01
0.000000000000000000e+00 1.099942208232784630e-01
0.000000000000000000e+00 1.045417998689106148e-01
0.000000000000000000e+00 7.418581717876769621e-02
0.000000000000000000e+00 6.669875014486176257e-02
0.000000000000000000e+00 5.894701553268722610e-02
0.000000000000000000e+00 6.350058033952421521e-02
0.000000000000000000e+00 1.652280438886064295e-01
0.000000000000000000e+00 9.568739471871305635e-02
0.000000000000000000e+00 2.695030563429479803e-02
0.000000000000000000e+00 8.203624994140645832e-02
0.000000000000000000e+00 1.458536903207979796e-01
0.000000000000000000e+00 1.317722662400180877e-01
0.000000000000000000e+00 1.063620361529428182e-01
0.000000000000000000e+00 1.323283651256076943e-01
0.000000000000000000e+00 1.129796718110339659e-01
0.000000000000000000e+00 9.694772319295108520e-02
0.000000000000000000e+00 7.367449354288886643e-02
0.000000000000000000e+00 8.197342945363554623e-02
0.000000000000000000e+00 1.099281508015269443e-01
0.000000000000000000e+00 1.176595529441496757e-01
0.000000000000000000e+00 1.070633319275040435e-01
0.000000000000000000e+00 7.765784118451408979e-02
0.000000000000000000e+00 8.481436798746370964e-02
0.000000000000000000e+00 5.227601296866394437e-02
0.000000000000000000e+00 1.146928257902003478e-01
0.000000000000000000e+00 7.911939219537830748e-02
0.000000000000000000e+00 6.205959523021880447e-02
0.000000000000000000e+00 1.206264078745168250e-01
0.000000000000000000e+00 2.302609850603160729e-02
0.000000000000000000e+00 1.083388885680398456e-01
0.000000000000000000e+00 8.751813701667691958e-02
0.000000000000000000e+00 8.536819371037054904e-02
0.000000000000000000e+00 1.373731318152195402e-01
0.000000000000000000e+00 7.450537289362914317e-02
0.000000000000000000e+00 9.294017115458035050e-02
0.000000000000000000e+00 1.223992513451705594e-01
0.000000000000000000e+00 9.908141515960304513e-02
0.000000000000000000e+00 6.001760699971547819e-02
0.000000000000000000e+00 9.323153827995535325e-02
0.000000000000000000e+00 8.430916806878969993e-02
0.000000000000000000e+00 1.007418556091019129e-01
0.000000000000000000e+00 9.113482211466404637e-02
0.000000000000000000e+00 6.127535481839543885e-02
0.000000000000000000e+00 3.123205004231027759e-02
0.000000000000000000e+00 2.279794500803224849e-02
0.000000000000000000e+00 9.289644234959457125e-02
0.000000000000000000e+00 7.075499144470279167e-02
0.000000000000000000e+00 1.305514546421333577e-01
0.000000000000000000e+00 6.162671853622483931e-02
0.000000000000000000e+00 1.346409978196113667e-02
0.000000000000000000e+00 1.013252323032701602e-01
0.000000000000000000e+00 9.264751255957029419e-02
0.000000000000000000e+00 5.856244069293563281e-02
0.000000000000000000e+00 9.845693256895564349e-02
0.000000000000000000e+00 8.455246773033504859e-02
0.000000000000000000e+00 7.375457069167101753e-02
0.000000000000000000e+00 1.578013147856253962e-01
0.000000000000000000e+00 1.066531686552352615e-01
0.000000000000000000e+00 9.283769416080804582e-02
0.000000000000000000e+00 1.115323675733033010e-01
0.000000000000000000e+00 6.131168366624977634e-02
0.000000000000000000e+00 1.105315025763932563e-01
0.000000000000000000e+00 8.022474899238947466e-02
0.000000000000000000e+00 2.297561362765390344e-02
0.000000000000000000e+00 7.361485318077534701e-02
0.000000000000000000e+00 7.368324586868445214e-02
0.000000000000000000e+00 4.756716205673493930e-02
0.000000000000000000e+00 7.554019940084701068e-02
0.000000000000000000e+00 5.937376339317966545e-02
0.000000000000000000e+00 9.611687584601813494e-02
0.000000000000000000e+00 1.072156309769478205e-01
0.000000000000000000e+00 1.064444278897982710e-01
0.000000000000000000e+00 1.223254171610910768e-01
0.000000000000000000e+00 5.939168915130399462e-02
0.000000000000000000e+00 7.126317014945676709e-02
0.000000000000000000e+00 1.418031219467300319e-01
0.000000000000000000e+00 5.032430360049468948e-02
0.000000000000000000e+00 6.736079075223608270e-02
0.000000000000000000e+00 7.405179332819414317e-02
0.000000000000000000e+00 1.005861364363655058e-01
0.000000000000000000e+00 8.111916990983704390e-02
0.000000000000000000e+00 5.115625533014720588e-02
0.000000000000000000e+00 7.895435794556387998e-02
0.000000000000000000e+00 9.030349801301185142e-02
0.000000000000000000e+00 1.188537964218869536e-01
0.000000000000000000e+00 9.907630209148143852e-02
0.000000000000000000e+00 1.083976622113019678e-01
0.000000000000000000e+00 8.522505318622745907e-02
0.000000000000000000e+00 6.651635262778633761e-02
0.000000000000000000e+00 1.112873673082283299e-01
0.000000000000000000e+00 7.116698986484384926e-02
0.000000000000000000e+00 1.734032189479997321e-01
0.000000000000000000e+00 7.223304771163981119e-02
0.000000000000000000e+00 8.334941638410629794e-02
0.000000000000000000e+00 1.320062515787018831e-01
0.000000000000000000e+00 1.001632554892231408e-01
0.000000000000000000e+00 1.026245108241957832e-01
0.000000000000000000e+00 6.393307871066353232e-02
0.000000000000000000e+00 1.179477184016404362e-01
0.000000000000000000e+00 7.821993073306399147e-02
0.000000000000000000e+00 4.791472428669354966e-02
0.000000000000000000e+00 6.269310022565270646e-02
0.000000000000000000e+00 6.212408650270784261e-02
0.000000000000000000e+00 1.152970041204514628e-01
0.000000000000000000e+00 7.623949968095584950e-02
0.000000000000000000e+00 7.336737023255283929e-02
0.000000000000000000e+00 1.175160252183020532e-01
0.000000000000000000e+00 6.648079933171673062e-02
0.000000000000000000e+00 1.089528661778583346e-01
0.000000000000000000e+00 8.586537230158625134e-02
0.000000000000000000e+00 6.930220632750692944e-02
0.000000000000000000e+00 9.633191777156470403e-02
0.000000000000000000e+00 5.830557601717377414e-02
0.000000000000000000e+00 3.893143294084697170e-02
0.000000000000000000e+00 7.283634994649608452e-02
0.000000000000000000e+00 7.921371680794807302e-02
0.000000000000000000e+00 8.746516269665223497e-02
0.000000000000000000e+00 8.073649088010934061e-02
0.000000000000000000e+00 1.135253616872139437e-01
0.000000000000000000e+00 1.123111902065648815e-01
0.000000000000000000e+00 1.167832235133170332e-01
0.000000000000000000e+00 4.370469203449171836e-02
0.000000000000000000e+00 9.313231318507692036e-02
0.000000000000000000e+00 3.567329621630935949e-02
0.000000000000000000e+00 6.530111161444464296e-02
0.000000000000000000e+00 1.077145649033251357e-01
0.000000000000000000e+00 1.037973585419605244e-01
0.000000000000000000e+00 7.750578498690272045e-02
0.000000000000000000e+00 8.319252368669668996e-02
0.000000000000000000e+00 8.472119882351256126e-02
0.000000000000000000e+00 4.102777648553516954e-02
0.000000000000000000e+00 1.120363987437494047e-01
0.000000000000000000e+00 6.646392549153462559e-02
0.000000000000000000e+00 9.886551448636382577e-02
0.000000000000000000e+00 8.487057537589744183e-02
0.000000000000000000e+00 1.040871028992024355e-01
0.000000000000000000e+00 1.393201864628660080e-01
0.000000000000000000e+00 1.263606376548209453e-01
0.000000000000000000e+00 7.613769828322991540e-02
0.000000000000000000e+00 1.062415080906047998e-01
0.000000000000000000e+00 5.680182176205139655e-02
0.000000000000000000e+00 1.039873878520360811e-01
0.000000000000000000e+00 7.187995467839490560e-02
0.000000000000000000e+00 7.648333238377859333e-02
0.000000000000000000e+00 1.036432502525485300e-01
0.000000000000000000e+00 5.585445004926480050e-02
0.000000000000000000e+00 8.923503008747923904e-02
0.000000000000000000e+00 9.317473364634638877e-02
0.000000000000000000e+00 6.004310293821109312e-02
0.000000000000000000e+00 6.614196745590603110e-02
0.000000000000000000e+00 9.112961626569009155e-02
0.000000000000000000e+00 9.386820570678168496e-02
0.000000000000000000e+00 6.375661333933078934e-02
0.000000000000000000e+00 1.115059592987309722e-01
0.000000000000000000e+00 7.091151379190407944e-02
0.000000000000000000e+00 2.548513159152966667e-02
0.000000000000000000e+00 5.670417367247415630e-02
0.000000000000000000e+00 5.971823344206707296e-02
0.000000000000000000e+00 7.469304645190580350e-02
0.000000000000000000e+00 9.173415489235431375e-02
0.000000000000000000e+00 8.233873757158770290e-02
0.000000000000000000e+00 1.224846228619768940e-01
0.000000000000000000e+00 6.954667884911172604e-02
0.000000000000000000e+00 1.040448921771219698e-01
0.000000000000000000e+00 6.999129256779203223e-02
0.000000000000000000e+00 5.316887603761833586e-02
0.000000000000000000e+00 4.686335461717688888e-02
0.000000000000000000e+00 8.816752735913856165e-02
0.000000000000000000e+00 1.141814895656591139e-01
0.000000000000000000e+00 7.297268793759301153e-02
0.000000000000000000e+00 1.211139268996111046e-01
0.000000000000000000e+00 9.451867447957414126e-02
0.000000000000000000e+00 8.526631981005446115e-02
0.000000000000000000e+00 7.900749347028369896e-03
0.000000000000000000e+00 6.688618312562130686e-02
0.000000000000000000e+00 8.917052956851503898e-02
0.000000000000000000e+00 8.908214119764933103e-02
0.000000000000000000e+00 6.017517636924489544e-02
0.000000000000000000e+00 1.171068444907057832e-01
0.000000000000000000e+00 7.577766702727516124e-02
0.000000000000000000e+00 6.242679252711507559e-02
0.000000000000000000e+00 1.523721557183232989e-01
0.000000000000000000e+00 6.991742000389548906e-02
0.000000000000000000e+00 3.847373583353373011e-02
0.000000000000000000e+00 1.553373635585493517e-01
0.000000000000000000e+00 8.338637380787182474e-02
0.000000000000000000e+00 8.874429259190259878e-02
0.000000000000000000e+00 9.264154138727935528e-02
0.000000000000000000e+00 9.971527844102727467e-02
0.000000000000000000e+00 5.811257225124140391e-02
0.000000000000000000e+00 6.731312182689110080e-02
0.000000000000000000e+00 6.537848492404206568e-02
0.000000000000000000e+00 1.345850310101764924e-01
0.000000000000000000e+00 6.001549778962600445e-02
0.000000000000000000e+00 8.218658743550913415e-02
0.000000000000000000e+00 3.543145123290272758e-02
0.000000000000000000e+00 3.841402839340098130e-02
0.000000000000000000e+00 1.594430919096385402e-01
0.000000000000000000e+00 1.171967376214417961e-01
0.000000000000000000e+00 5.222481855828767228e-02
0.000000000000000000e+00 4.983252628784142629e-02
0.000000000000000000e+00 9.749181684930573188e-02
0.000000000000000000e+00 9.872809238838878287e-02
0.000000000000000000e+00 7.009746087800808323e-02
0.000000000000000000e+00 7.140549782670110868e-02
0.000000000000000000e+00 7.350977543670518533e-02
0.000000000000000000e+00 1.118863580125960405e-01
0.000000000000000000e+00 4.867206894671160383e-02
0.000000000000000000e+00 6.532284430076275294e-02
0.000000000000000000e+00 7.380217182425251321e-02
0.000000000000000000e+00 8.081274225322480909e-02
0.000000000000000000e+00 6.957795797445269492e-02
0.000000000000000000e+00 6.924759312064203420e-02
0.000000000000000000e+00 6.188051949742259111e-02
0.000000000000000000e+00 7.054779776481773235e-02
0.000000000000000000e+00 4.932029274738118640e-02
0.000000000000000000e+00 8.334189614063833296e-02
0.000000000000000000e+00 4.042362377076026692e-02
0.000000000000000000e+00 6.810677434958739562e-02
0.000000000000000000e+00 8.983402951506203049e-02
0.000000000000000000e+00 1.132121537642161863e-01
0.000000000000000000e+00 5.881105484526229915e-02
0.000000000000000000e+00 6.503249119072804230e-02
0.000000000000000000e+00 1.008432260598780966e-01
0.000000000000000000e+00 9.972525579875478330e-02
0.000000000000000000e+00 8.871469397702910764e-02
0.000000000000000000e+00 1.207723594531971145e-01
0.000000000000000000e+00 6.545544332770064644e-02
0.000000000000000000e+00 9.388445648481096029e-02
0.000000000000000000e+00 5.672314843128044987e-02
0.000000000000000000e+00 4.792770848762644559e-02
0.000000000000000000e+00 7.154921446995010648e-02
0.000000000000000000e+00 9.643076351271798186e-02
0.000000000000000000e+00 7.501130407738676453e-02
0.000000000000000000e+00 5.713691926324404591e-02
0.000000000000000000e+00 9.242352057720994163e-02
0.000000000000000000e+00 3.528859466503718456e-02
0.000000000000000000e+00 7.486527063027172135e-02
0.000000000000000000e+00 1.179983518189879205e-01
0.000000000000000000e+00 9.087235260363582534e-02
0.000000000000000000e+00 1.003518464880892025e-01
0.000000000000000000e+00 2.442211444142403445e-02
0.000000000000000000e+00 8.847267594906178811e-02
0.000000000000000000e+00 7.605410679729565637e-02
0.000000000000000000e+00 6.918025994246054799e-02
0.000000000000000000e+00 5.885428146197362737e-02
0.000000000000000000e+00 9.830524112333435816e-02
0.000000000000000000e+00 9.514841345229463343e-02
0.000000000000000000e+00 1.066503492327316449e-01
0.000000000000000000e+00 9.125436666890755777e-02
0.000000000000000000e+00 7.250805886866629191e-02
0.000000000000000000e+00 8.001630421783524627e-02
0.000000000000000000e+00 5.187403824338144426e-02
0.000000000000000000e+00 1.376286935210204732e-01
0.000000000000000000e+00 4.606529593016283480e-02
0.000000000000000000e+00 5.106799139931654519e-02
0.000000000000000000e+00 5.061056604647107271e-02
0.000000000000000000e+00 8.445938199900485110e-02
0.000000000000000000e+00 4.560074738561901986e-02
0.000000000000000000e+00 4.916471049879959920e-02
0.000000000000000000e+00 7.825745112748828947e-02
0.000000000000000000e+00 5.885008947703460752e-02
0.000000000000000000e+00 7.438912516379392326e-02
0.000000000000000000e+00 9.355420982680037745e-02
0.000000000000000000e+00 1.133889077410401153e-01
0.000000000000000000e+00 4.259060107853719634e-02
0.000000000000000000e+00 6.087568237824977913e-02
0.000000000000000000e+00 9.375564451848630854e-02
0.000000000000000000e+00 9.012560633992208747e-02
0.000000000000000000e+00 8.878671070948350452e-02
0.000000000000000000e+00 4.214492648839712058e-02
0.000000000000000000e+00 1.081593203196502817e-01
0.000000000000000000e+00 8.448089092844245085e-02
0.000000000000000000e+00 7.916407703972173915e-02
0.000000000000000000e+00 5.283033640534792741e-02
0.000000000000000000e+00 6.624574091357683658e-02
0.000000000000000000e+00 1.036023033204175048e-01
0.000000000000000000e+00 7.513013313769369150e-02
0.000000000000000000e+00 5.579918376479105907e-02
0.000000000000000000e+00 8.878561385959311825e-02
0.000000000000000000e+00 9.721551865426435179e-02
0.000000000000000000e+00 6.788488133131133362e-02
0.000000000000000000e+00 4.740924488840096013e-02
0.000000000000000000e+00 7.592364398234879852e-02
0.000000000000000000e+00 6.492330406383665931e-02
0.000000000000000000e+00 1.171541374952428799e-01
0.000000000000000000e+00 8.293533458326192431e-02
0.000000000000000000e+00 6.900658838717721455e-02
0.000000000000000000e+00 4.858990227427099906e-02
0.000000000000000000e+00 5.900147765524897669e-02
0.000000000000000000e+00 1.023550309662760310e-01
0.000000000000000000e+00 1.023018042065674121e-01
0.000000000000000000e+00 6.487685080694595430e-02
0.000000000000000000e+00 7.278556724074425333e-02
0.000000000000000000e+00 1.046731393484593153e-01
0.000000000000000000e+00 1.057389332061932502e-01
0.000000000000000000e+00 5.048654596636663328e-02
0.000000000000000000e+00 5.361876818604525280e-02
0.000000000000000000e+00 6.798724978737957780e-02
0.000000000000000000e+00 1.230554815620683307e-01
0.000000000000000000e+00 1.009159883195007018e-01
0.000000000000000000e+00 1.131121969383640652e-01
0.000000000000000000e+00 6.142536890682700340e-02
0.000000000000000000e+00 5.651830953640449989e-02
0.000000000000000000e+00 2.757929318776098510e-02
0.000000000000000000e+00 7.216273998663383371e-02
0.000000000000000000e+00 7.896957608096287495e-02
0.000000000000000000e+00 1.023792181261674039e-01
0.000000000000000000e+00 1.135922186488665941e-01
0.000000000000000000e+00 5.879838454007559057e-02
0.000000000000000000e+00 7.811682821448029390e-02
0.000000000000000000e+00 8.898546755733427460e-02
0.000000000000000000e+00 8.712991734501193686e-02
0.000000000000000000e+00 6.364489766920489178e-02
0.000000000000000000e+00 6.707847321203223856e-02
0.000000000000000000e+00 5.625752005558503493e-02
0.000000000000000000e+00 6.944535014176959897e-02
