6.573571865848135132e-02 7.042030688510539371e-02
7.616821594783443339e-02 7.827889651368928614e-02
9.653816132959276708e-02 1.004690123073023328e-01
9.757476073247967063e-02 1.075626765383958100e-01
9.812125253554897231e-02 1.013505324426842158e-01
1.018099817964048109e-01 1.030119337618562447e-01
1.043255633892500728e-01 1.138891879945917313e-01
1.071232073337915480e-01 1.086345972253753150e-01
1.096751773573676481e-01 1.154549120237707421e-01
1.097720150818214946e-01 1.155998235209789726e-01
1.109999539215894282e-01 1.168048773369150389e-01
1.131227636950734722e-01 1.310271321914971143e-01
1.145857558511902685e-01 1.167350942365520117e-01
1.158307868021494769e-01 1.171118338348029614e-01
1.195834174188972338e-01 1.266336590119472305e-01
1.200413470144138794e-01 1.205299783353947357e-01
1.211698985519797656e-01 1.237201578485979808e-01
1.216480392480275563e-01 1.250910150054498071e-01
1.226907163154306868e-01 1.305604498387762658e-01
1.228267112575976427e-01 1.437412478699847673e-01
1.228267112575976427e-01 1.229394160292023308e-01
1.231401177794532037e-01 1.300619647844455939e-01
1.251781429888153274e-01 1.376565536022913705e-01
1.259575199106517385e-01 1.275421835618743560e-01
1.260797269612512761e-01 1.261458814484765212e-01
1.266772969131863824e-01 1.299700139015989575e-01
1.268050478065182729e-01 1.331612530729499588e-01
1.268210516090023388e-01 1.324312945606055669e-01
1.271514072539886853e-01 1.337652351153738872e-01
1.273279408325358464e-01 1.341218568351668361e-01
1.274800477262403864e-01 1.332363806374995130e-01
1.274909292529965432e-01 1.306863906099721695e-01
1.281140706118348294e-01 1.298932856084343834e-01
1.289135000298146372e-01 1.393980995160292169e-01
1.294432270947035446e-01 1.414588223147048573e-01
1.294888795077211441e-01 1.332391845237820838e-01
1.300574665387287943e-01 1.382732547091208852e-01
1.309552395363443034e-01 1.439301842913972285e-01
1.319842305350368006e-01 1.380424050530320579e-01
1.320229855730687407e-01 1.325259378095868801e-01
1.327432016261843317e-01 1.427777226310103231e-01
1.330867360261635823e-01 1.474903335308880847e-01
1.333488460229758366e-01 1.436054269232567848e-01
1.350099305548360662e-01 1.369919135415339217e-01
1.350728701567401602e-01 1.554301753249148210e-01
1.366617732410305430e-01 1.495649088206022215e-01
1.366977644224470489e-01 1.389048537587991849e-01
1.371922428366531554e-01 1.680061463885570150e-01
1.396468512990065025e-01 1.398584038526172746e-01
1.396505547596103014e-01 1.457056841745730524e-01
1.396505547596103014e-01 1.433342203746722221e-01
1.403753549834238779e-01 1.450999950854746645e-01
1.412800114439753674e-01 1.500978040769161692e-01
1.417025639929095082e-01 1.427224686920072760e-01
1.418675860405265166e-01 1.711400319399470071e-01
1.424742455002751262e-01 1.478745536926112103e-01
1.431229660705164997e-01 1.457059919849492680e-01
1.431385181056701594e-01 1.440760344504628809e-01
1.438577501370597866e-01 1.559461400397270381e-01
1.439927887845315890e-01 1.455209314717685054e-01
1.450892816634936910e-01 1.452556807114994408e-01
1.458752661721891553e-01 1.819584509883599432e-01
1.464168711207730900e-01 1.534888142603161032e-01
1.465234788347070660e-01 1.509721179588587314e-01
1.466812800961138641e-01 1.472399068126113986e-01
1.469531216237161819e-01 1.588227463458204147e-01
1.472156086907640549e-01 1.734305767288530087e-01
1.472804477986776328e-01 1.503471751976410697e-01
1.482938462898844845e-01 1.733445026160735647e-01
1.483886307135380278e-01 1.739992664534158739e-01
1.490230382642018792e-01 1.526765619406250385e-01
1.509157980932545884e-01 1.670749159224169667e-01
1.511516412030532996e-01 1.717035159098801167e-01
1.535971442164784095e-01 1.598780652452977125e-01
1.541051042455297282e-01 1.541261200032846834e-01
1.550447950812880726e-01 1.714734566921202463e-01
1.557385909250603995e-01 1.790844226414697593e-01
1.574408297976685189e-01 1.712738623340240851e-01
1.595885983711587963e-01 1.699354593938476876e-01
1.598194771702916295e-01 1.760331615016812179e-01
1.609783468642186077e-01 1.687043036643904037e-01
1.617764723637011570e-01 1.661385054822121787e-01
1.623097230837973470e-01 1.639265458785328089e-01
1.626299799792899625e-01 1.788814675064411275e-01
1.629436288483382678e-01 1.735685700564908451e-01
1.648652766842511608e-01 1.732464679721218426e-01
1.651621733698314110e-01 1.735479164393941010e-01
1.667053570301105236e-01 1.699767662232924692e-01
1.679568109941366183e-01 1.764097267999843455e-01
1.713801197778695440e-01 1.781103796515403070e-01
1.721083071600231218e-01 1.779140711983553669e-01
1.728183796780470849e-01 1.847492529431725150e-01
1.749022771564177348e-01 1.768265584498247001e-01
1.791831197664356112e-01 1.813018341294310998e-01
1.884570960489434510e-01 1.924561998946120456e-01
1.905273703327387547e-01 1.955518671818881893e-01
2.179633821229183255e-01 2.368609336885069971e-01
2.232808842363621649e-01 2.311986454318983863e-01
