7.309298030820245151e-02 8.788894809959491017e-02
7.383057358600940423e-02 7.458325690174334721e-02
8.123264419043355056e-02 9.184685277401564985e-02
8.615858480021804100e-02 9.375591893588940129e-02
9.094235230239917922e-02 9.951476731992457692e-02
9.491805355526054810e-02 1.170330382008201858e-01
9.657837851413725305e-02 1.228662143964515674e-01
9.985868105262679650e-02 1.383639523400675697e-01
1.002685766910695192e-01 1.099680149008348540e-01
1.033647639209084035e-01 1.227744757077716825e-01
1.071355356432349692e-01 1.380479355460687840e-01
1.073762405527959457e-01 1.217628129059048214e-01
1.081996444434031174e-01 1.142213433238224718e-01
1.083289303893000821e-01 1.676712062899022304e-01
1.086151594768712675e-01 1.270647231392310339e-01
1.099753637433524694e-01 1.579674100933193270e-01
1.101018817424495450e-01 1.277412255912002415e-01
1.102022652446174589e-01 1.241707598276968749e-01
1.103106267540895219e-01 1.172115618002160242e-01
1.105645067941765092e-01 1.301981578216071522e-01
1.111563487817554541e-01 1.112299511848306860e-01
1.113780600507045526e-01 1.685969931907973229e-01
1.116271006261194271e-01 1.139819590164500573e-01
1.130308754317320141e-01 1.253180857419027572e-01
1.131812642446790168e-01 1.498291180817148682e-01
1.140614422775442505e-01 1.566251939686522376e-01
1.146808712308362288e-01 1.630951579157974007e-01
1.148406065720051633e-01 1.458850680887097684e-01
1.151483045595012161e-01 1.185379113069442991e-01
1.166746938651857662e-01 1.805093119500451038e-01
1.170915805084585537e-01 1.859408586301692645e-01
1.175838935340512842e-01 1.359710705827956723e-01
1.180372946512470433e-01 1.204910134402810834e-01
1.185683871396230465e-01 1.441362138008625282e-01
1.185988290327578965e-01 1.504224425019340117e-01
1.189525927605183664e-01 1.775841841659073217e-01
1.189596565607071305e-01 1.242852338006790597e-01
1.196914978161498916e-01 1.646997880783329649e-01
1.199223121891250243e-01 1.466781409080778198e-01
1.199914511850893734e-01 1.428800195750923596e-01
1.206451860591832709e-01 1.552162334501835661e-01
1.206953306444430302e-01 1.481343315198744848e-01
1.208247025504941424e-01 1.570357917932841962e-01
1.208639455951128205e-01 1.857901272707921658e-01
1.210731607752720124e-01 1.284302657569248440e-01
1.211094304090895440e-01 1.436854814649991818e-01
1.214618904517345555e-01 2.273024754524434754e-01
1.219900588182060153e-01 1.244812727963308940e-01
1.223186974574718144e-01 1.608534496638558409e-01
1.227435063248234481e-01 1.321536302652248918e-01
1.228324575764345866e-01 1.252239671857389158e-01
1.230918891201989718e-01 1.944048563065067792e-01
1.232278387004269171e-01 1.487871078877278375e-01
1.232293145138935037e-01 1.387548379373126084e-01
1.233171423891833290e-01 1.320667464729148033e-01
1.236025318223113179e-01 1.577847221120476373e-01
1.245467370459356626e-01 1.561672201298737184e-01
1.250203551163556748e-01 1.338014934653838639e-01
1.252426407941665820e-01 2.293148860861342342e-01
1.254005295718973179e-01 1.480316912461273338e-01
1.256202535326675640e-01 1.366110928781071876e-01
1.257513144613672529e-01 1.309795319251948753e-01
1.261035449122345498e-01 1.910754197176802449e-01
1.261285250601981711e-01 2.221637170273828010e-01
1.264340965110773984e-01 1.745321146343225827e-01
1.266133124006186550e-01 2.188961919885393237e-01
1.269804229179599675e-01 1.602580210909849423e-01
1.270225805784178374e-01 1.650475583840707028e-01
1.273544980546001404e-01 1.349229787278716786e-01
1.276520763508473544e-01 1.366545553610283570e-01
1.276714743909135585e-01 1.673758860961240547e-01
1.281057857209075557e-01 1.363691224436944516e-01
1.288094958473260110e-01 1.344770114405517691e-01
1.289412297111782457e-01 1.295157533793473703e-01
1.300801650616424388e-01 1.437163632219460030e-01
1.301562672727602787e-01 1.439500226137434835e-01
1.301923934186607901e-01 1.337643440358530222e-01
1.304040926203255124e-01 1.743160090970589937e-01
1.305672992327446824e-01 1.841858829097783035e-01
1.307342339501965933e-01 2.104582834344270181e-01
1.309168198710549957e-01 1.608503907753024154e-01
1.310591908414543427e-01 1.853224885027951740e-01
1.313240579626532012e-01 1.388688752306355412e-01
1.318948435908356143e-01 1.363691224436944516e-01
1.319728011381314514e-01 1.378890758977409370e-01
1.321169704851287430e-01 2.036619082112999246e-01
1.322792592081309948e-01 1.403849001280983722e-01
1.324738986210768632e-01 1.503821996794968974e-01
1.328050731557862962e-01 1.407551570666755458e-01
1.329257781497719115e-01 1.584266269120229720e-01
1.333972046238533216e-01 1.856219511628915408e-01
1.335207547406201956e-01 1.586875438067577859e-01
1.341025833982720794e-01 1.849108625334949518e-01
1.347397697985706633e-01 1.593764730279129682e-01
1.348138223050991680e-01 1.352419802143535743e-01
1.349413000707564980e-01 1.429932837431920067e-01
1.349477582145842403e-01 1.927825345482568065e-01
1.351278306532952000e-01 2.289940304421379524e-01
1.352954375829719391e-01 1.780708825810946860e-01
1.354399022980252998e-01 1.664101900148221846e-01
1.354465639296130730e-01 1.540427087102389236e-01
1.358074198741281435e-01 1.381302648096594810e-01
1.358209154847939137e-01 2.155862391408121526e-01
1.366836696900753101e-01 1.495224241854591907e-01
1.370499492161539878e-01 2.092615950167643901e-01
1.372503624663961586e-01 1.707802353634390313e-01
1.379263669833903083e-01 2.031358261699241774e-01
1.379740718320354997e-01 1.995615093949757168e-01
1.380194986680206570e-01 1.603574332304324723e-01
1.385143164781487968e-01 1.534962431486972534e-01
1.386381964155374014e-01 1.563921257723723257e-01
1.388541452882982863e-01 1.429645994048308610e-01
1.390136422359702639e-01 1.953384092512823467e-01
1.390447202535562976e-01 1.552012603750727304e-01
1.392070291071486887e-01 2.049302401097387316e-01
1.392324074249263743e-01 1.419955580094372782e-01
1.393734768708271010e-01 1.443975262258477277e-01
1.395079224573018972e-01 1.762219440160464889e-01
1.395834329613221680e-01 1.653016783418364832e-01
1.395891652145097306e-01 1.780708825810946860e-01
1.395958198467560918e-01 1.575752969064714848e-01
1.399984590576567323e-01 1.432042086364075650e-01
1.401490333981762204e-01 1.537052776923704678e-01
1.403458875549743745e-01 1.914968104094504908e-01
1.405946198044413509e-01 2.187195135395308132e-01
1.407434863029649041e-01 1.486781317117381318e-01
1.408419813085286243e-01 1.763665226476238967e-01
1.413007575023437767e-01 1.428672858482949171e-01
1.420937060190734791e-01 1.641917588186778132e-01
1.425453890855978567e-01 1.430216491073318663e-01
1.427102130970883120e-01 1.511736033498834730e-01
1.430894793081737282e-01 1.563054682917875693e-01
1.432665145712170296e-01 2.110097761745813316e-01
1.432754661132485396e-01 1.684366424713004129e-01
1.434560064238949162e-01 1.765772023383511136e-01
1.439009327644350522e-01 1.591330656052301618e-01
1.442877675112779201e-01 1.556755799417892938e-01
1.444742254201422105e-01 1.539953702091747811e-01
1.444862146079294030e-01 1.866558612676796902e-01
1.448040749546370964e-01 1.467796442951626312e-01
1.448312565160906340e-01 1.794511939616842133e-01
1.449506613602488114e-01 1.686116064934659320e-01
1.452042774649647816e-01 2.080091838898154022e-01
1.454258467059167115e-01 1.560088521551093732e-01
1.455445549130348348e-01 1.942742645197443885e-01
1.463852590438253221e-01 1.511734700001448606e-01
1.466183863259735431e-01 1.891416647005957907e-01
1.466540422331725768e-01 1.964636170233656776e-01
1.468574974100540775e-01 1.973945926197960832e-01
1.479875629847056118e-01 1.823820554536878247e-01
1.480859331997486927e-01 1.974493577347604112e-01
1.483648411724301786e-01 1.657180988481793960e-01
1.490161291014558964e-01 2.045208185997537675e-01
1.496166273985817530e-01 1.865092167716355942e-01
1.496216331278317213e-01 1.876554098241241531e-01
1.501122383474629007e-01 2.392821440808163835e-01
1.502316988361470373e-01 1.851421413114300862e-01
1.505471965395049905e-01 2.025519743953502205e-01
1.511754281248302856e-01 1.608842487571312541e-01
1.512759635190384921e-01 1.734137766676042136e-01
1.513882051888308378e-01 1.620171168529407346e-01
1.514540003983007865e-01 1.793155805714887474e-01
1.514769985159990506e-01 1.569422530477461164e-01
1.520799956689785626e-01 1.566298587331286241e-01
1.520804764183471547e-01 1.835639157332536464e-01
1.529304813065973101e-01 1.732737158631086904e-01
1.533895808714508813e-01 1.707270559680295896e-01
1.534046830653161553e-01 1.776237463717700860e-01
1.536528051362760494e-01 1.710799577850153075e-01
1.537263503652981367e-01 1.771006467612758484e-01
1.539395730801084716e-01 1.840937389991763595e-01
1.546254005368812856e-01 2.001452905486557077e-01
1.548901010947692225e-01 1.791431291346998467e-01
1.554391071914856259e-01 1.875191144796644060e-01
1.560082906415602155e-01 1.888281507906382495e-01
1.562036091896751855e-01 1.859258730322327635e-01
1.562089303495308168e-01 1.717257155383905276e-01
1.566321293225951816e-01 1.699598930212594672e-01
1.567253362527696037e-01 1.581538484290127555e-01
1.570368160560165482e-01 2.065273961699593264e-01
1.577686136806171202e-01 1.715026930069956101e-01
1.577913858819581794e-01 1.716052174334982972e-01
1.580313992692600755e-01 1.788782216333813790e-01
1.596724074008565308e-01 1.722639306116964253e-01
1.597690301368707155e-01 1.806022018601486090e-01
1.598195000362518381e-01 2.025488213730824161e-01
1.611238209682115397e-01 1.739858182763720229e-01
1.620041842705235435e-01 1.783367925352132566e-01
1.620192256889404769e-01 1.645106679954610185e-01
1.621114302652578720e-01 1.748623732159587940e-01
1.622111062205611187e-01 1.853694976497644309e-01
1.636832753836020560e-01 1.790141847808049136e-01
1.637367906110016869e-01 2.178178048234166997e-01
1.639461097442566906e-01 2.437600602992629206e-01
1.641662165207108670e-01 1.713583605190470982e-01
1.644097815793443551e-01 1.670426468486728433e-01
1.650210646546042825e-01 2.086640033396646998e-01
1.659286081707452565e-01 1.912440528174478571e-01
1.669512930201146328e-01 2.045183001225125696e-01
1.672277512682877054e-01 1.777384230598068882e-01
1.678721694104472195e-01 1.717622302068606832e-01
1.682215428242414823e-01 2.425641222255192353e-01
1.689786568562898772e-01 1.731180834720859596e-01
1.691177091674902211e-01 1.956437227069425244e-01
1.692050089704107418e-01 1.719068213814523571e-01
1.704908866882592355e-01 1.792455121801357076e-01
1.709231272356085130e-01 1.771055154937750120e-01
1.716494655254453272e-01 1.952372199513529027e-01
1.717876170608600706e-01 2.167372893242096310e-01
1.722935101911021172e-01 1.919429315943551873e-01
1.725828571836588721e-01 1.924174497890891733e-01
1.726950644388033640e-01 2.289943817864416864e-01
1.730654479575624571e-01 1.745223027568476304e-01
1.746849895752811965e-01 1.940836659949052578e-01
1.766099349243963335e-01 2.067026807614184281e-01
1.776291174763038883e-01 1.788779128905960136e-01
1.778055513061384263e-01 1.788779128905960136e-01
1.806946232033519173e-01 1.816176729215574770e-01
1.808966082194505831e-01 2.322956610941714906e-01
1.815832456664975558e-01 2.147288191898941434e-01
1.821322791892802939e-01 1.896590545507274572e-01
1.846924648348053366e-01 1.848299086518766787e-01
1.849023443698741276e-01 1.990509988958450716e-01
1.856395856021056667e-01 2.051399182951859912e-01
1.857169713296230873e-01 2.005169094788812889e-01
1.866815054367538529e-01 2.070953580687015516e-01
1.868931612520084717e-01 2.018262013674115007e-01
1.873177422705566142e-01 1.999900561598840221e-01
1.890836374277378162e-01 2.021053769972049330e-01
1.912539275559362595e-01 2.021053769972049330e-01
1.915649970929923507e-01 1.964317736625375843e-01
1.930967539409041422e-01 1.950995231716563805e-01
2.011178592397592502e-01 2.158452521922901990e-01
2.035883357032389207e-01 2.398899944242007809e-01
2.068766563287522675e-01 2.134114759753430735e-01
2.077658355899311138e-01 2.180851957257881890e-01
2.139764648435147631e-01 2.618636515866585301e-01
2.245485386316996013e-01 2.400477057743279352e-01
2.365199317816261138e-01 2.366468000649643022e-01
2.372028577241557523e-01 2.377212291720968429e-01
2.409727761229540910e-01 2.444191317515194695e-01
2.439499850222291988e-01 2.988857136456496977e-01
