9.070396613688076759e-02 9.194339600261990098e-02
9.169062066473621098e-02 9.674642228202282035e-02
9.206665693708183940e-02 9.518491950237120691e-02
9.457816848965909517e-02 9.845733908288470393e-02
9.554555883322204957e-02 9.611616440792486449e-02
9.926397918481996707e-02 1.002690737690297290e-01
1.006095890732136428e-01 1.027940202610717751e-01
1.043038553977282401e-01 1.099459482151201595e-01
1.050530616496557768e-01 1.087317464949143359e-01
1.074389441978147036e-01 1.182167379513858474e-01
1.082728184043326991e-01 1.096141237750224567e-01
1.089267841644795815e-01 1.194338356510177002e-01
1.099028412181019126e-01 1.103394839048445070e-01
1.115752092065755430e-01 1.124437510395827344e-01
1.135266175156997848e-01 1.199715752196127000e-01
1.143428703870160851e-01 1.279190731542318993e-01
1.167847617950936168e-01 1.182813507045473722e-01
1.171826413200809242e-01 1.223967600327931921e-01
1.179932797218937596e-01 1.211512204280187216e-01
1.206568087667459072e-01 1.247598668821617157e-01
1.215112172958873749e-01 1.428319260975924598e-01
1.235389465395328318e-01 1.251866668651252512e-01
1.237375270236329150e-01 1.261700758317954585e-01
1.240550792435489852e-01 1.291039666983912204e-01
1.246163036494262188e-01 1.347142283925786277e-01
1.247455671792251364e-01 1.295124748116794344e-01
1.253518433046349467e-01 1.392377827338441565e-01
1.255755879327187519e-01 1.273251232785009013e-01
1.267315839112685694e-01 1.275391780656668084e-01
1.269449065329498472e-01 1.384106762356894227e-01
1.276586601297452495e-01 1.295674159559474237e-01
1.290388421435169908e-01 1.376472277369983344e-01
1.291484720901252270e-01 1.345739742585452814e-01
1.307787203386330255e-01 1.412524672803475989e-01
1.308007364381162663e-01 1.390856493030686314e-01
1.329824937556801090e-01 1.377132271803594155e-01
1.335287806159280166e-01 1.531824897940411712e-01
1.366592687813692752e-01 1.378910496713659506e-01
1.372261149395705704e-01 1.378016514889004451e-01
1.373677560428366584e-01 1.377969840852834860e-01
1.399130395705052432e-01 1.501743191527799282e-01
1.438020133143271817e-01 1.526833648659050580e-01
1.463982458083690208e-01 1.507113031034315043e-01
1.486039360191165892e-01 1.573152471531938656e-01
1.486039360191165892e-01 1.505420034370916205e-01
1.490062294792834086e-01 1.558858022100317597e-01
1.496660276780675536e-01 1.544473151001013733e-01
1.497048057581223668e-01 1.589765833510325688e-01
1.497109867837064789e-01 1.501308418016825408e-01
1.505955826602339287e-01 1.681330801893956284e-01
1.509413562313196289e-01 1.536345189036288639e-01
1.517083448058448303e-01 1.612259270260101296e-01
1.523134140752108456e-01 1.663478913647248036e-01
1.527413047709163252e-01 1.670598681036792599e-01
1.538038323679906394e-01 1.545790767124426701e-01
1.544943777174277166e-01 1.562583248038378891e-01
1.561198449151259271e-01 1.706905651395859147e-01
1.562304913750693081e-01 1.711499062674363691e-01
1.563012145123915397e-01 1.593656882588901369e-01
1.570296648897196723e-01 1.590609858742116356e-01
1.573936350817993213e-01 1.586020033203675295e-01
1.576646739430920818e-01 1.667277139060431013e-01
1.581216890784686024e-01 1.624521984182072387e-01
1.588423615703075109e-01 1.669192439401276096e-01
1.588423615703075109e-01 1.593011158376904102e-01
1.588577986864043445e-01 1.922421675765650095e-01
1.591498488558727442e-01 2.064779480411718937e-01
1.595601651232178286e-01 1.715528506691111899e-01
1.597008173935269837e-01 1.804082949569028316e-01
1.597158365640843625e-01 1.753034351574641325e-01
1.599803134183738207e-01 1.637031070851897863e-01
1.607867820159334382e-01 1.895136797465439282e-01
1.610759537274044084e-01 1.943593388617335938e-01
1.628189955460298821e-01 1.694220386617816543e-01
1.629273023950928712e-01 1.643074795162531576e-01
1.640907091756307334e-01 1.649457880535144527e-01
1.670358312575644100e-01 1.955348785404537881e-01
1.670358312575644100e-01 1.800972679292145440e-01
1.671458892606505209e-01 1.721177566453920282e-01
1.679200752215944392e-01 1.810203403052709770e-01
1.711379636638802881e-01 1.735332210832105371e-01
1.730558838573215963e-01 1.796341439252351069e-01
1.731226169149372163e-01 1.888375024907057165e-01
1.733810782388627569e-01 1.778982398658461583e-01
1.763251573552113427e-01 1.862568866263369094e-01
1.774407181776868903e-01 1.787497524740566668e-01
1.781332358898524981e-01 1.957549915736846169e-01
1.788043441139205991e-01 1.849711649576707417e-01
1.813632008085641345e-01 1.957991138851453705e-01
1.825136550639569200e-01 1.827879831837726787e-01
1.839826332775497120e-01 1.903437992371400656e-01
1.889981187683841823e-01 2.110117541385870543e-01
1.893823440244608858e-01 1.902646911970172217e-01
1.900981498024130190e-01 2.049303865317738671e-01
2.007348159082326944e-01 2.046597959214851714e-01
2.229211869890900533e-01 2.238789602706622028e-01
2.400748340936547931e-01 2.516461514425056833e-01
