5.328639868131235247e-02 5.690470562844047314e-02
5.417064535503256228e-02 5.532722871577894219e-02
5.617806937248687876e-02 7.162874134174947172e-02
6.036243166116479070e-02 6.335883099347978942e-02
6.165451004618936748e-02 7.763344222729597066e-02
6.203008467370377255e-02 7.068443090490468539e-02
6.229971831247987923e-02 8.249699510815723669e-02
6.236570380781421286e-02 6.465082851853902468e-02
6.314038133452955226e-02 6.705820998484496309e-02
6.426290803595570422e-02 7.771028442125985092e-02
6.438021640889497743e-02 6.780792064306813416e-02
6.558428189812072484e-02 7.419364396671600248e-02
6.625956602783303340e-02 1.100501750596042244e-01
6.645597927507540525e-02 6.994721508438905833e-02
6.646333475148641368e-02 6.761005596585024924e-02
6.704724217030984257e-02 6.780792064306813416e-02
6.726206295147260650e-02 6.742303791509442201e-02
6.783977720934362965e-02 7.934329125187683518e-02
6.833052685329001064e-02 8.206755538244728254e-02
6.862420945920544302e-02 8.076300713456402436e-02
6.869656675210428221e-02 8.295134845130484880e-02
6.894271732720519408e-02 7.136260742896530229e-02
6.910478620307973496e-02 1.024127335234218811e-01
6.917734704575731475e-02 7.776953208546998064e-02
6.926366040101936128e-02 8.649678662521027850e-02
7.002240844907071937e-02 7.660720032731302420e-02
7.025782366176099025e-02 7.096789858623683833e-02
7.031527273154895841e-02 8.167376147244750917e-02
7.037738884705428688e-02 8.717945307492866447e-02
7.042352378579708194e-02 1.004334746896151931e-01
7.103734642886898321e-02 9.743280188687385157e-02
7.110047676874982348e-02 7.233967827256770899e-02
7.139318790258861180e-02 7.461702622083646319e-02
7.227245226939188472e-02 8.592030439323589119e-02
7.326460536958404046e-02 7.565345280298513275e-02
7.388536323693342678e-02 7.732352483450694036e-02
7.395200890557297735e-02 7.448271294837319201e-02
7.458888005261764265e-02 8.138993395324643776e-02
7.510018914319362138e-02 8.151652183682187025e-02
7.619194536280528285e-02 8.500500345680471470e-02
7.641638614758453074e-02 1.141699275711116207e-01
7.665497562690129496e-02 8.870373223630111104e-02
7.688826278251754964e-02 8.441021480202838545e-02
7.694559956233693043e-02 1.378384860603173445e-01
7.718027169574030733e-02 9.042229645013190320e-02
7.788857991867771668e-02 1.265596444837298884e-01
7.800169227377261316e-02 8.870373223630111104e-02
7.813437024087845073e-02 1.020562582298892851e-01
7.814142045522863567e-02 7.883208059244362076e-02
7.846194171780425386e-02 1.080197323116628277e-01
7.880898229112184850e-02 8.288614132318222749e-02
7.891954993154337572e-02 8.255336307011484909e-02
7.914220061293790465e-02 1.136006726002004308e-01
7.946378279042456971e-02 8.633079125058577830e-02
7.977902631585168103e-02 9.287710661035579462e-02
8.020177740292259994e-02 1.444586252856178143e-01
8.024970522259979033e-02 8.831557117385846478e-02
8.070039372269312283e-02 9.140492549799802968e-02
8.107896257630685388e-02 1.092729571997813759e-01
8.111815943081682190e-02 8.331369723380931125e-02
8.141941672644377459e-02 8.907065559997248694e-02
8.150527457059454639e-02 1.008448426407338033e-01
8.165836159020259388e-02 8.877959604966356721e-02
8.181796967776111540e-02 1.258829745673470391e-01
8.189912915927462234e-02 8.405300768103349252e-02
8.194174900481607238e-02 1.408032134463928775e-01
8.233604788542638053e-02 1.018152554971325924e-01
8.243036637191196447e-02 9.520565336703606940e-02
8.279455875973486256e-02 9.110937281605921423e-02
8.280544181306286056e-02 1.022166312515636194e-01
8.318946766098599122e-02 8.614258276110958734e-02
8.319761015765561596e-02 8.637934124950852333e-02
8.372717768170627461e-02 1.538038323679906394e-01
8.394113196776072094e-02 8.873163302338146763e-02
8.473538893867123278e-02 8.659785859897091431e-02
8.509062369222646083e-02 1.012874086006437385e-01
8.530635896337984692e-02 9.655919641468023451e-02
8.551645173224373120e-02 9.597853943791279097e-02
8.557772300939542331e-02 1.125221360589806069e-01
8.560070874062901403e-02 1.214781490323640911e-01
8.590177180093014342e-02 1.076669411434812013e-01
8.606443367283606038e-02 1.054224975879806264e-01
8.619905283210201052e-02 1.373260542939366835e-01
8.625424056605686396e-02 9.721041540199704123e-02
8.635311240563640911e-02 1.016972552060514123e-01
8.679612612136804184e-02 8.883748218548245812e-02
8.684123578779195940e-02 1.064945450398769589e-01
8.704844544807718854e-02 8.852187456671611887e-02
8.716833174586764710e-02 9.117065665598657331e-02
8.725790158541736619e-02 9.830985523596737219e-02
8.743603893841948860e-02 1.049166072329059951e-01
8.745519147576498453e-02 9.850043924783112581e-02
8.747679886269583982e-02 9.312695536645072825e-02
8.750808464517995100e-02 1.150154520118025769e-01
8.759262486119655244e-02 1.032582043398165839e-01
8.780881895793343772e-02 9.390304879691011020e-02
8.782711759085951031e-02 1.030434963801323683e-01
8.844153708907612210e-02 1.053690237403597380e-01
8.880651548149359753e-02 1.515835608791153422e-01
8.901954189196036038e-02 1.110115397272167792e-01
8.913538199523034222e-02 1.054639164033232129e-01
8.926297115611353528e-02 1.091213127715823239e-01
8.929039951915898610e-02 9.190779206220262010e-02
8.931461121219200217e-02 1.234898522202796112e-01
8.934780101129367880e-02 1.512309266564809962e-01
8.947672058862611577e-02 9.179582644453329610e-02
8.959073928433880507e-02 1.120498618498669413e-01
8.976172345616818815e-02 1.335045623455906882e-01
9.003123593822094650e-02 1.091076066818654766e-01
9.003811698909912342e-02 1.438020133143271817e-01
9.023845585400326608e-02 9.660892953219429868e-02
9.025803314903552144e-02 1.186845198783478550e-01
9.030694507701139684e-02 1.051589578086063320e-01
9.053021240962746963e-02 1.075262905783334749e-01
9.096506969584759739e-02 1.116943228790975018e-01
9.101381487678401883e-02 9.263662220518448231e-02
9.114897689348185061e-02 1.066498228581348323e-01
9.158094617573850349e-02 1.221180608621966063e-01
9.170431751267110743e-02 1.471822170755004988e-01
9.189804034617228556e-02 9.365911364589286914e-02
9.206272209249270755e-02 9.394628719519171334e-02
9.237362540772664499e-02 1.194897377870039468e-01
9.240369413751738092e-02 1.069201994209123541e-01
9.247733579412747984e-02 9.328346260399891787e-02
9.250490698952965052e-02 1.254768789403340468e-01
9.284093528396540618e-02 1.397761333572839493e-01
9.298940371685031347e-02 1.572435515256752070e-01
9.345561991910431021e-02 1.025621035874698661e-01
9.390112988995703847e-02 1.039801293211722738e-01
9.395387657733549058e-02 1.038574167260291198e-01
9.400353155288754259e-02 1.285420568015314680e-01
9.452334223486874576e-02 1.029416250775640057e-01
9.457400291534792669e-02 1.448794351724247420e-01
9.516343017650952252e-02 1.173252582195278421e-01
9.541187335439153816e-02 1.031027468023342220e-01
9.625330099372698955e-02 1.235312424909185691e-01
9.635552680924980296e-02 1.037410221439693386e-01
9.659251483141804984e-02 1.036859419346873590e-01
9.668109210531423969e-02 9.933089004571428460e-02
9.677152586691366298e-02 1.128154214194454913e-01
9.677690285355104727e-02 1.417654824637356870e-01
9.691953405577226344e-02 1.184261185128554633e-01
9.702205258395037168e-02 1.002735041102613273e-01
9.725462275522121780e-02 1.220047353397244738e-01
9.802507030449439385e-02 1.571020576211601683e-01
9.811374499609215594e-02 1.492735922354313238e-01
9.820779697665728281e-02 1.419445625707282665e-01
9.822770643407027769e-02 1.404727949553241650e-01
9.847233805691839315e-02 1.143542251733136866e-01
9.849612452962340503e-02 1.096092651432529347e-01
9.872321763865299360e-02 1.131404158796772003e-01
9.883328189438614353e-02 1.206385737220851545e-01
9.889744786571337543e-02 1.406780826588351074e-01
9.901024124087141887e-02 1.024384608403459684e-01
9.908506641776843038e-02 1.011890187042665257e-01
9.914441144065586076e-02 1.146595240941206545e-01
9.934075716694004687e-02 1.127639637969652386e-01
9.934269659602223967e-02 1.243863756954843858e-01
9.942726622716895057e-02 1.029042033087995411e-01
9.944537343667513019e-02 1.171441354610079089e-01
1.003969364245756446e-01 1.047825318720858462e-01
1.012547354219427154e-01 1.034586075091849938e-01
1.013198901630782967e-01 1.246591150770571671e-01
1.013364849433378567e-01 1.167262116100056257e-01
1.014583977747927218e-01 1.091042384729361131e-01
1.027979231182539477e-01 1.065571869785050807e-01
1.030766857307938156e-01 1.034990926013712870e-01
1.031240296073186874e-01 1.035986549162713349e-01
1.043304970640906854e-01 1.073608804108462655e-01
1.045768172029244852e-01 1.258495422974243994e-01
1.048483254593474689e-01 1.409213296389423553e-01
1.051640179691290533e-01 1.258099651887998049e-01
1.054275441710528644e-01 1.321438669791604736e-01
1.056287409364230212e-01 1.182344058891341143e-01
1.058706749379177137e-01 1.095720874932537836e-01
1.064523674446470891e-01 1.207400089770264001e-01
1.067223306568470809e-01 1.283703485985112913e-01
1.071738977698813849e-01 1.125221360589806069e-01
1.072866748143427168e-01 1.097034655182694690e-01
1.077657044461691055e-01 1.079538368376976032e-01
1.091934029865014588e-01 1.236305348945806043e-01
1.097624809174867766e-01 1.276993778839236315e-01
1.097625408662801366e-01 1.198577743303540083e-01
1.103582763565351121e-01 1.475991619679619948e-01
1.109680015391574653e-01 1.141348956369282325e-01
1.111610359201970627e-01 1.521468147418605643e-01
1.117253095448840633e-01 1.168216041027233948e-01
1.119148445493636512e-01 1.194903647550411979e-01
1.122474814282801991e-01 1.479357456627729550e-01
1.122930354058290642e-01 1.447422286408803216e-01
1.129250192449746670e-01 1.176261723673101556e-01
1.139721709945301503e-01 1.237167066937814031e-01
1.145497105850839525e-01 1.159444354053607851e-01
1.147329569722296411e-01 1.337622208245516087e-01
1.155783984032937584e-01 1.372522348169916417e-01
1.162609230646510783e-01 1.193985001284241648e-01
1.165856162738245216e-01 1.256000040197868262e-01
1.167693504495790763e-01 1.308347551755873195e-01
1.168665114544723549e-01 1.205086717353995446e-01
1.173395999941170553e-01 1.203635141927503205e-01
1.211406210243386322e-01 1.545505174068516896e-01
1.211683399790366711e-01 1.221037967678204328e-01
1.213437556664282296e-01 1.229281938542218372e-01
1.215125165188518652e-01 1.458368053744516779e-01
1.252236450249831767e-01 1.301825710187610174e-01
1.276851554237815600e-01 1.533616269127749954e-01
1.281534932570355945e-01 1.334041388050499211e-01
1.283914789346001784e-01 1.339008221059632409e-01
1.297683085187591179e-01 1.353555623909565298e-01
1.335578310295904569e-01 1.542876006235860686e-01
1.360473909477482868e-01 1.398425773747016543e-01
1.362186957261843634e-01 1.372261149395705704e-01
1.372688594705855358e-01 1.495544583935884131e-01
1.375265178983344494e-01 1.508012048351187462e-01
1.394549518177090330e-01 1.588990052817859100e-01
1.440618215393991153e-01 1.450063011283110326e-01
1.455503526613103338e-01 1.549530685115827200e-01
1.473631213487705538e-01 1.676881351495473071e-01
1.484190878803132441e-01 1.493556860949863951e-01
1.525911523650762269e-01 1.623916319394706487e-01
1.576171859693578925e-01 1.602621185204630150e-01
1.576176579471258998e-01 1.604286051626975795e-01
1.578427433926259948e-01 1.594898609476655682e-01
1.633446200407127624e-01 1.718444093386638782e-01
1.850413471167676460e-01 1.887981535248504095e-01
1.902470801867347516e-01 1.934983303371985153e-01
