8.395283518497592690e-02 8.743004457237155136e-02
9.428203342649182916e-02 9.612304174960181746e-02
9.760844698235567052e-02 9.850638728004705580e-02
9.856962810138829301e-02 1.007175960551178889e-01
9.885480331814561206e-02 1.085597498355001800e-01
1.021795027778485687e-01 1.086600299716459633e-01
1.050077903722825556e-01 1.173519700025219409e-01
1.054223162546200077e-01 1.059918113328246619e-01
1.061186790472068570e-01 1.091730417341823384e-01
1.157822173859657661e-01 1.224121723004255036e-01
1.180533854419903994e-01 1.190047491022618587e-01
1.194480949734561676e-01 1.195298782745264354e-01
1.203561196961877300e-01 1.223871921113056233e-01
1.205437569936150255e-01 1.257094487867943255e-01
1.211186093548636822e-01 1.265864622492884062e-01
1.223028053726807896e-01 1.289913246829360316e-01
1.242152793014337647e-01 1.274815156072294786e-01
1.244675186071884793e-01 1.299552776358162409e-01
1.257457078401786887e-01 1.275026572079814013e-01
1.285293572533810491e-01 1.367057744770437122e-01
1.286048914301935742e-01 1.348597664117797412e-01
1.288072259820065013e-01 1.347129372248315748e-01
1.298162459383491452e-01 1.309279874090502338e-01
1.301980437431944360e-01 1.371424566569139081e-01
1.305426118069478447e-01 1.382134375840529672e-01
1.306699018778409438e-01 1.457576693616674246e-01
1.314614667917313739e-01 1.383044031288519771e-01
1.328454233024864428e-01 1.362608480932308297e-01
1.345960918654687255e-01 1.351570756020046282e-01
1.347239636486645131e-01 1.387795942656167292e-01
1.348378198851087062e-01 1.361441648584162389e-01
1.358937274117379135e-01 1.584967230670497884e-01
1.362818458739080696e-01 1.424478813764548102e-01
1.363529059735325288e-01 1.476225795011564534e-01
1.381236971451751949e-01 1.663322662184712475e-01
1.386729279294731110e-01 1.474244983671511022e-01
1.389202017892496865e-01 1.452392595528508856e-01
1.399527071283932222e-01 1.493464311519111520e-01
1.416485510429287276e-01 1.710632510872812651e-01
1.422689959362524459e-01 1.620346526514826746e-01
1.437407398343386600e-01 1.605101972397012799e-01
1.438775304757243523e-01 1.563396683088027761e-01
1.439785694328735433e-01 1.539374053783481022e-01
1.440641354910503769e-01 1.581590520949835710e-01
1.455029282391723799e-01 1.534589318363906441e-01
1.455575278020921348e-01 1.491361915593837351e-01
1.474983478391610481e-01 1.489526379932460398e-01
1.478920634935074196e-01 1.615601198846922382e-01
1.480397070565249440e-01 1.520235583192394713e-01
1.486544027299756543e-01 1.492402650116754770e-01
1.494717042036624866e-01 1.543945651292518151e-01
1.494717042036624866e-01 1.525067971387919497e-01
1.494953839175771904e-01 1.510457181930653925e-01
1.500310571551151939e-01 1.709847542365899586e-01
1.504275320299360286e-01 1.519405180818960144e-01
1.507463811176947832e-01 1.523384942540504383e-01
1.517053539144167518e-01 1.895974288451279244e-01
1.522599718468477803e-01 1.540036092001129675e-01
1.523471160869710739e-01 1.688162283597718638e-01
1.524835115416842413e-01 1.861249183926248496e-01
1.526464608973633619e-01 1.702342850858335199e-01
1.527357032207054266e-01 1.812890862090980604e-01
1.528273076028118793e-01 1.740441486795720472e-01
1.532452330175192723e-01 1.617081116174698130e-01
1.539933582531373690e-01 1.544498884369837621e-01
1.545610603545466144e-01 1.559624280412746089e-01
1.548584151698928768e-01 1.628491148217747764e-01
1.554821575056625216e-01 1.592772234985218305e-01
1.558405888988197152e-01 1.843021821062582333e-01
1.563589036116257713e-01 1.665676954553276801e-01
1.574892531726854172e-01 1.588181970586183267e-01
1.576316183967952367e-01 1.690904469473445970e-01
1.578971954365874231e-01 1.923904527531826725e-01
1.579191005292393535e-01 1.647604234654390098e-01
1.592348294951120569e-01 1.611626862604321198e-01
1.592835315961333709e-01 1.890662273857668940e-01
1.605457727112528099e-01 1.672295006580852561e-01
1.627488312213104249e-01 1.814760849997582581e-01
1.653293412715106936e-01 1.663066063512219916e-01
1.704304391077204328e-01 1.954055688256612355e-01
1.704304391077204328e-01 1.708651138938017400e-01
1.738124993066165191e-01 1.752267826952609575e-01
1.771592209166711340e-01 1.797992791210974717e-01
1.785909609645814078e-01 1.808564102584711009e-01
1.822323853731243892e-01 2.341582682746201627e-01
1.823265141112457022e-01 1.873730490783741820e-01
1.840556200530395203e-01 1.859528131093697856e-01
1.885236819693442978e-01 2.023892538677112551e-01
1.926657075982446954e-01 1.942928470858768797e-01
1.941642321637294111e-01 2.141891005713689178e-01
1.979584354833419935e-01 2.042724657255663712e-01
1.986531984533478901e-01 1.992317853937815575e-01
2.011193926213289129e-01 2.349546070251173624e-01
2.044850289999687043e-01 2.100102825283046704e-01
2.112200066208281546e-01 2.121121124634953725e-01
2.121745128933403834e-01 2.212824620154595634e-01
2.604379496835266261e-01 2.778549552088674379e-01
3.143243765884549679e-01 3.215787778838691824e-01
