4.588901634836253102e-02 5.271707563890994791e-02
4.996611535551923750e-02 5.478434142661468137e-02
5.097882223711309307e-02 5.319383207333539670e-02
5.412093557244013198e-02 5.534645982669216674e-02
5.576535860699931985e-02 6.282317742272990058e-02
5.827903031532374184e-02 6.504489604159885419e-02
5.867373469637533756e-02 6.195618747113715991e-02
6.191652143634588518e-02 7.018062239222531973e-02
6.338410786808354458e-02 6.444464115922222958e-02
6.393929734914734209e-02 7.247230895250039717e-02
6.533865794851786979e-02 7.797901425730005553e-02
6.686839898856027087e-02 9.244789889862650711e-02
6.746611795137469336e-02 7.065675739675152112e-02
6.865003229745821056e-02 9.696335308397482922e-02
6.941616722652674265e-02 9.251829264442466838e-02
6.980218597240647749e-02 7.626672695209711639e-02
7.026306879226064395e-02 1.016835505012016333e-01
7.129069778585936379e-02 8.801593184186967678e-02
7.139544257007097994e-02 7.220028748919848915e-02
7.143692638996816668e-02 8.673629364016686993e-02
7.176013491644429865e-02 7.918179812738691814e-02
7.218417828905236699e-02 8.779979368234321069e-02
7.230503068201359074e-02 7.844901561506077703e-02
7.306643075644950192e-02 8.609882246666310246e-02
7.434045935373548297e-02 9.414742393816458166e-02
7.487743414413088050e-02 7.979778658922741241e-02
7.516141526157070485e-02 7.774344283233899922e-02
7.624591083775994482e-02 9.352044101878534410e-02
7.669383363436808876e-02 9.970083923866598918e-02
7.685000407308642534e-02 8.560155256369404719e-02
7.714455074556514358e-02 8.567316035246422268e-02
7.733205043423221903e-02 1.454314423478625384e-01
7.738915360735498794e-02 1.366414821664997947e-01
7.749035476542689982e-02 8.341649341777176985e-02
7.751116678065665677e-02 1.405474813902178322e-01
7.774622874939310369e-02 1.433457577345053358e-01
7.781030721818932294e-02 1.000125572986177575e-01
7.791794926310652292e-02 8.195735165990612747e-02
7.802035309617065539e-02 1.431584085568068376e-01
7.802503737610648471e-02 1.142248011815191755e-01
7.815187632732138734e-02 1.204451540003908527e-01
7.823833402538440951e-02 7.857925269505935950e-02
7.871538756467519327e-02 8.414234468655434895e-02
7.927451557748865785e-02 8.366185859235576727e-02
7.939877179039162014e-02 1.246591409995621569e-01
7.944669300843465454e-02 9.590123098855066197e-02
7.949951278512346065e-02 8.411959448084024848e-02
7.963090342907298835e-02 8.673614338811953817e-02
7.971514705890088426e-02 8.112567497429905294e-02
7.983413110257468748e-02 1.224903211700945349e-01
7.986018497114109882e-02 8.936998703483248208e-02
8.008555972253171562e-02 1.380771542384849615e-01
8.018387138040065920e-02 1.051977520138501210e-01
8.121175535529229217e-02 8.545158764343571689e-02
8.184575675679137130e-02 1.259646330746585774e-01
8.185909236636654263e-02 9.155903202649005868e-02
8.187681095792175012e-02 9.128027497813032132e-02
8.239856067083514701e-02 9.411603156009844262e-02
8.239988332726080889e-02 8.829935421285264874e-02
8.275201110436333773e-02 1.129819724897650896e-01
8.286533656032356310e-02 9.333807734194288219e-02
8.288835741388676792e-02 8.625219491924214499e-02
8.292365567207121702e-02 8.889482346400180701e-02
8.315734792189063973e-02 9.568265946130162514e-02
8.331317966812877562e-02 1.025159313457722904e-01
8.334998937912853345e-02 9.340667569423759253e-02
8.353343115275249642e-02 1.133852703992523220e-01
8.372197926931455869e-02 8.487782048253290912e-02
8.396986625892445544e-02 9.522928327507536317e-02
8.431892832647547298e-02 1.025472939089649149e-01
8.464297473037173114e-02 9.102190244701575950e-02
8.550611375825456495e-02 1.089913136771370888e-01
8.559662842133802796e-02 1.007001475694570547e-01
8.594640843697647081e-02 1.303354514649522344e-01
8.597909344504253704e-02 1.228532073635633243e-01
8.617317409292570007e-02 1.319283080535021691e-01
8.621817284731696229e-02 1.181708801321544322e-01
8.635528261697673902e-02 1.270469864146237249e-01
8.649579794592826554e-02 1.009806400773478607e-01
8.655512992357647373e-02 1.110216881771479147e-01
8.661269336472687819e-02 9.725476482947333079e-02
8.671313628489721315e-02 8.849435691902667045e-02
8.689638842067036462e-02 1.326554092146707553e-01
8.690722142545558027e-02 1.161345767727819667e-01
8.735458551803035321e-02 9.294837338881449529e-02
8.761093794142409130e-02 1.041604885695307930e-01
8.775985873334316012e-02 1.042455463897399154e-01
8.807305854209193652e-02 1.115341841147858282e-01
8.807578709758981383e-02 9.674441780784097389e-02
8.832524560457044593e-02 1.171653110571751477e-01
8.862567830886386444e-02 1.205869772587390559e-01
8.869564579845161389e-02 1.233847026468941066e-01
8.879639983512251089e-02 9.930320654238919409e-02
8.884476815694339336e-02 9.908940426883434960e-02
8.895187576102175919e-02 1.266752931310452246e-01
8.906701106273119672e-02 8.907536924570341741e-02
8.907624449331248695e-02 1.506600997017502885e-01
8.909920557191222668e-02 1.197526423963763270e-01
8.912868452627630000e-02 1.398520448063843014e-01
8.935947777504470169e-02 9.659267194484763563e-02
8.994400296976218234e-02 1.161753199223851257e-01
9.028278986402558937e-02 1.347438180628185989e-01
9.058792436114700142e-02 1.481084190127283373e-01
9.099468742654943931e-02 9.607597530601399982e-02
9.134159565372214351e-02 9.757582992679247891e-02
9.242295398707273124e-02 1.207299536373385440e-01
9.265169194215017168e-02 1.404509714934675801e-01
9.269998001852954028e-02 1.148666151906472671e-01
9.285921826803800183e-02 1.296055698535241718e-01
9.289353173069735126e-02 1.216924228931937496e-01
9.357687658693340793e-02 9.550954683439596971e-02
9.377659419041863009e-02 1.605607341307477287e-01
9.379290578042699666e-02 1.178512658489706266e-01
9.404269239251618340e-02 1.059255204677790746e-01
9.421226057461114245e-02 1.047182173766660479e-01
9.439657559233337325e-02 1.255711227308437816e-01
9.463143369145021744e-02 1.632111265082733798e-01
9.469334889558206347e-02 1.168978401953739699e-01
9.473338187466082139e-02 1.198204332993987042e-01
9.475469174762042590e-02 1.111100639950873825e-01
9.485119747864508011e-02 9.780664447745612833e-02
9.504687605129572003e-02 9.886934625808893595e-02
9.536283301466806639e-02 1.002446894070595923e-01
9.567399166314971559e-02 1.108259041908909170e-01
9.585781598086265398e-02 1.324817099418488242e-01
9.615822194290558900e-02 1.205841818428659562e-01
9.631097352283092550e-02 1.043813710327037708e-01
9.643609422597788916e-02 9.843370210387185348e-02
9.646542727289786345e-02 1.021213103188396698e-01
9.646644816364871589e-02 1.065354482439966471e-01
9.653613000980036662e-02 1.460061407107521581e-01
9.663185924209959088e-02 1.197628924852501137e-01
9.674931072589532111e-02 1.400385198244895324e-01
9.675002241676686210e-02 1.016756219098490510e-01
9.682937712655903528e-02 1.366945781146484962e-01
9.708362727877774268e-02 1.044814847112881667e-01
9.753447467760473222e-02 1.003573647002937719e-01
9.767156508981876539e-02 1.044409363552404046e-01
9.770352217104016912e-02 1.315824368508880793e-01
9.785448217439204899e-02 1.134556271926169813e-01
9.785594658316967842e-02 9.927947372178554108e-02
9.816714418235600315e-02 1.068773168106307014e-01
9.817302743322518788e-02 1.179782055517617501e-01
9.824573807813302695e-02 1.222611566737711042e-01
9.876749259435034511e-02 1.061532524755831319e-01
9.883213393906595257e-02 1.162027468921729423e-01
9.884069597305245036e-02 1.202028972473041107e-01
9.891663115306618959e-02 1.119101498445919524e-01
9.909327113874427662e-02 1.091556741432516409e-01
9.943191304824976207e-02 1.064623072450345959e-01
9.957182695047597787e-02 9.989375172522722834e-02
9.988363672399552806e-02 1.341074658566679401e-01
1.002464045662622150e-01 1.475556177424040827e-01
1.003887826641767372e-01 1.301088099313621738e-01
1.004990209696271508e-01 1.430472116216877920e-01
1.007369844894200200e-01 1.106560434152684957e-01
1.009309880577375085e-01 1.370151248141696365e-01
1.010906709415901189e-01 1.070289211631030302e-01
1.011454004125115075e-01 1.288535979278901678e-01
1.011573114170224857e-01 1.741699336047495827e-01
1.015173138489150195e-01 1.123661061154452162e-01
1.015647695387427718e-01 1.026653368462027149e-01
1.015760035250174581e-01 1.276503111423640813e-01
1.015792540252475479e-01 1.197811012692262672e-01
1.018328766005130170e-01 1.342660699480280606e-01
1.018453694980422375e-01 1.299947596608490019e-01
1.019215845629782707e-01 1.448963463339678348e-01
1.025105075006086108e-01 1.176126590593685045e-01
1.026534858532144601e-01 1.109633340454784373e-01
1.026903779047461523e-01 1.228761155957824730e-01
1.032638648402406101e-01 1.251584612806554697e-01
1.032693429852579448e-01 1.034644566526645992e-01
1.033661038365609880e-01 1.244330593030842924e-01
1.036983822712487652e-01 1.184308824119115616e-01
1.038695273383468537e-01 1.064415800034831522e-01
1.041187361869711225e-01 1.127077356065248337e-01
1.041459817727912462e-01 1.059848278010064038e-01
1.043825666758646936e-01 1.285744679831300197e-01
1.052449830089047661e-01 1.197497440368915783e-01
1.054473310203579151e-01 1.139887903455314017e-01
1.057861911938112603e-01 1.062776860079121810e-01
1.060379512898448895e-01 1.099119093727804614e-01
1.062325884282556560e-01 1.153610956668892767e-01
1.065330891289771736e-01 1.158241075452911550e-01
1.077899266627002084e-01 1.143549986481169622e-01
1.079289088458088713e-01 1.352774881406087759e-01
1.094927115608498869e-01 1.413290854614108472e-01
1.096974116480839562e-01 1.158363435171784472e-01
1.097412931291558008e-01 1.155505580941720845e-01
1.097506458643341259e-01 1.473016280663435595e-01
1.101346005851888549e-01 1.226405485322873273e-01
1.101401103767376127e-01 1.122283977812074257e-01
1.104655138218515048e-01 1.234189577984507041e-01
1.108368556705049135e-01 1.253495353559666847e-01
1.114626606507210793e-01 1.235855622096483641e-01
1.119407232803702745e-01 1.324145367783602645e-01
1.122413273214782348e-01 1.177521440580033552e-01
1.126729490665613204e-01 1.217899677877508913e-01
1.128574418870529478e-01 1.147520330470521432e-01
1.129491489257260090e-01 1.280979553410978300e-01
1.129993471108852177e-01 1.172369236647381602e-01
1.137732548290801560e-01 1.179022946736090344e-01
1.156984781201274431e-01 1.176576196631678589e-01
1.158987763343119065e-01 1.162027468921729423e-01
1.165935946710811855e-01 1.241127614889844938e-01
1.167354482291667467e-01 1.626369673555781992e-01
1.175030898503271470e-01 1.329605160432294486e-01
1.178711036366625053e-01 1.269253423449000773e-01
1.179762266807815735e-01 1.544880987998825950e-01
1.183278541603614842e-01 1.426567313987008034e-01
1.188336064695694749e-01 1.575148937410926486e-01
1.196128768458106922e-01 1.351633338311516164e-01
1.202041297005973924e-01 1.263698226855637929e-01
1.204074130594141312e-01 1.214928155262575693e-01
1.209048479518429059e-01 1.327153900696592947e-01
1.215123328272845055e-01 1.339929876001430820e-01
1.238540541227176328e-01 1.262164164800516630e-01
1.239639236427881597e-01 1.244549644696972546e-01
1.243418448200257487e-01 1.376599061170594995e-01
1.245050986277277533e-01 1.285744679831300197e-01
1.272393230967236999e-01 1.353072184258583555e-01
1.281299401645809577e-01 1.345093501642311840e-01
1.284518642873891670e-01 1.285664206198875725e-01
1.286934916399788686e-01 1.328929973255966734e-01
1.297129432444577568e-01 1.305352690386585301e-01
1.303589181860848323e-01 1.303811864204015847e-01
1.309360067470924649e-01 1.391524287342426891e-01
1.317792921186873301e-01 1.339929876001430820e-01
1.328772893218033435e-01 1.330898223988332407e-01
1.335401580570207969e-01 1.351901794521167821e-01
1.374519568424393545e-01 1.389362637429388814e-01
1.401702416511414473e-01 1.419903000521469671e-01
1.506404839560288866e-01 1.552798862033693827e-01
1.542628665833497559e-01 1.555751479825064065e-01
1.710612866649786901e-01 1.732611816288208706e-01
