7.165603508262670396e-02 7.204279742093064320e-02
7.627566844651346989e-02 7.795908774933317520e-02
8.901066834843035513e-02 8.956346322510580493e-02
9.129877256380514172e-02 9.207565415584839652e-02
9.230595747314450372e-02 9.231361620598287077e-02
9.846540151345180292e-02 1.007925782916785779e-01
1.027586051027144093e-01 1.068523188363712934e-01
1.030648543547236229e-01 1.086048167353910465e-01
1.069097130407193202e-01 1.094373422325914252e-01
1.074628314779333682e-01 1.102147440190408001e-01
1.079504965297913704e-01 1.083684295689374549e-01
1.085001108606757497e-01 1.196561558459321717e-01
1.087029941285207885e-01 1.223642178677126352e-01
1.094168634253081668e-01 1.219385882738503873e-01
1.104818333588122731e-01 1.118689859310998541e-01
1.110433813634337380e-01 1.113209949757834188e-01
1.126163050307080055e-01 1.142877284294536305e-01
1.137768717679238373e-01 1.215698903791576357e-01
1.187331961309249090e-01 1.279396910337136650e-01
1.187621279097482718e-01 1.265664130664159448e-01
1.203362222463745523e-01 1.295780959632373275e-01
1.203362222463745523e-01 1.258209925503907811e-01
1.212171947997389837e-01 1.528122801722033020e-01
1.218358319639211984e-01 1.307017174323216735e-01
1.228136387137069713e-01 1.309665779852143830e-01
1.237688913438245580e-01 1.239792592796600534e-01
1.240423612234668183e-01 1.275385092412109622e-01
1.251352838630591935e-01 1.330215330060867396e-01
1.261971982784849677e-01 1.286209950758775145e-01
1.262972964234006512e-01 1.272787796424362794e-01
1.266891708737747091e-01 1.476927870655591057e-01
1.267230251514945838e-01 1.363702170927585944e-01
1.267230251514945838e-01 1.414713908927169306e-01
1.267562459049766110e-01 1.322412015990379608e-01
1.270509532909958883e-01 1.539834116774660144e-01
1.276692675414024813e-01 1.305795933297737021e-01
1.278621224673476553e-01 1.486482594113173739e-01
1.284840316133855354e-01 1.339832227138146592e-01
1.286014536656596152e-01 1.307589762273624057e-01
1.291695294796906812e-01 1.320613862298042340e-01
1.292889686769142510e-01 1.354910475757811483e-01
1.335426390979798650e-01 1.354465638806827688e-01
1.336044934112774196e-01 1.461656784897591987e-01
1.340612471371688263e-01 1.435424307894294371e-01
1.341295715120364163e-01 1.346020897227095114e-01
1.344270199118072218e-01 1.354962736096990417e-01
1.356705064425377250e-01 1.519503235017038989e-01
1.370321153371489853e-01 1.397946183594540037e-01
1.371593545353579080e-01 1.392238547218654088e-01
1.371739652498601691e-01 1.588087021768490870e-01
1.373012237025511006e-01 1.459452420574904041e-01
1.375469413627297965e-01 1.390980903608491082e-01
1.377222157540582692e-01 1.386316379007473398e-01
1.385439908039701740e-01 1.496200498621837738e-01
1.385439908039701740e-01 1.616084125232803148e-01
1.387773323196211384e-01 1.416398507332213563e-01
1.392449258428513914e-01 1.438393349465264259e-01
1.399192589902236161e-01 1.465616792428071635e-01
1.406247580046743884e-01 1.447255227901868280e-01
1.408440528420416005e-01 1.465675959573322362e-01
1.408703343732457536e-01 1.842845871789411671e-01
1.411986077568174736e-01 1.505177165762770775e-01
1.413317275188554489e-01 1.724745914202509556e-01
1.414794851451083857e-01 1.695508239954513219e-01
1.447267500035297472e-01 1.460173742323029322e-01
1.459053111178022499e-01 1.506550732664006242e-01
1.463688331040796931e-01 1.650309070768343767e-01
1.464492856423646183e-01 1.560267947206408212e-01
1.470770492188803735e-01 1.563576621604249595e-01
1.508329426031985443e-01 1.611592864349849497e-01
1.511828160555112599e-01 1.585578122736487350e-01
1.553722214828976433e-01 1.593250733543692399e-01
1.555770338322848556e-01 1.725800436448170772e-01
1.557806571984359234e-01 1.592810506521482872e-01
1.564527277182967413e-01 1.631659616597355145e-01
1.564870877310635677e-01 1.654204346716666996e-01
1.568524299774176622e-01 1.631063395811579164e-01
1.578496789592754024e-01 1.624684124562661147e-01
1.599807561828153202e-01 1.881115203932548219e-01
1.612814641078393618e-01 1.622614251568299248e-01
1.613912941450564853e-01 1.616098973055708210e-01
1.617582255176634454e-01 1.746298519500473767e-01
1.631785338188648793e-01 1.654580527769713427e-01
1.643505429463319734e-01 1.808830506626882273e-01
1.703116399411093995e-01 1.794718816949399109e-01
1.708851456071868447e-01 1.840482735112694834e-01
1.888831737075263029e-01 1.899294615638402739e-01
1.899580850068909588e-01 1.984839030228682244e-01
1.903197397914794531e-01 1.922628081794373056e-01
2.034522619307638225e-01 2.112360500814489672e-01
