8.633523069898957347e-02 9.132089468934388721e-02
9.460944132979864918e-02 9.824577699412391507e-02
9.867133338828436295e-02 9.923968295826168795e-02
9.993869763504346915e-02 1.029253654108550214e-01
1.011952314394658631e-01 1.037849146764654867e-01
1.025963726738364085e-01 1.091226695006283914e-01
1.043648122537532280e-01 1.123191620185260975e-01
1.064573799627591688e-01 1.136947594125338329e-01
1.083835541536532915e-01 1.139230521490518649e-01
1.121980768342142332e-01 1.166653363236333646e-01
1.143602145705397560e-01 1.145559105113226894e-01
1.149952202976722015e-01 1.151216253369455322e-01
1.151816218987149060e-01 1.204666406275351626e-01
1.155499438460470402e-01 1.166617706078789118e-01
1.164617007217689931e-01 1.225661969837158333e-01
1.187589625393017101e-01 1.254792586922141573e-01
1.189192494149444307e-01 1.194639932082247474e-01
1.189668728934439867e-01 1.275840850992176756e-01
1.192793437615238400e-01 1.264251344917225461e-01
1.214785821414033351e-01 1.292455214401365959e-01
1.219984378576017131e-01 1.279766572316028417e-01
1.231284480368628753e-01 1.293871676786131353e-01
1.232929098439535520e-01 1.364790058839022158e-01
1.234209503316494316e-01 1.258295045827639569e-01
1.247387982201324935e-01 1.314699512487068622e-01
1.260538767875061805e-01 1.412989858854619418e-01
1.262608207051601206e-01 1.276320363548300862e-01
1.264811687501508908e-01 1.343103827550188589e-01
1.280813262641349315e-01 1.419714871071244833e-01
1.289482655379210196e-01 1.300590495175074079e-01
1.297822165804621286e-01 1.427734147518266994e-01
1.304915988649626712e-01 1.359239597760989460e-01
1.314891102942281620e-01 1.436947214923184613e-01
1.316951317880917793e-01 1.455263245453142507e-01
1.318337866950286541e-01 1.365325688362527823e-01
1.323231122084661260e-01 1.333215879912011403e-01
1.325570468454519146e-01 1.326937601009262613e-01
1.326563912641013920e-01 1.647424412624131085e-01
1.329735219855634198e-01 1.369478625423370677e-01
1.330398559598199304e-01 1.368476310730715739e-01
1.330577286157873795e-01 1.332653774019741943e-01
1.333206401781483752e-01 1.439188222780906357e-01
1.333709359105699210e-01 1.411598167017271699e-01
1.334897668530892201e-01 1.371528940812079822e-01
1.337153414467661949e-01 1.350841171449531919e-01
1.339907022893780109e-01 1.369220268490848602e-01
1.345563039441571018e-01 1.445170515013426971e-01
1.346879497082714150e-01 1.370990413682159070e-01
1.347170308965603414e-01 1.479135762211451766e-01
1.348545197458337619e-01 1.496891491861397361e-01
1.359450181685663284e-01 1.376246961750185738e-01
1.361188423314454998e-01 1.377765809948352793e-01
1.376782218357471832e-01 1.397067302360729124e-01
1.378287277595031945e-01 1.517155323800644384e-01
1.390770117680232287e-01 1.419767502397141778e-01
1.405695995767407558e-01 1.461057080222044613e-01
1.406080440863470560e-01 1.555413441175449163e-01
1.408235945477271378e-01 1.428192382592401166e-01
1.418055439880908097e-01 1.459747629858497986e-01
1.419224093476092463e-01 1.475015948033108204e-01
1.426158986509125370e-01 1.518981683546291039e-01
1.426533375541789717e-01 1.430513079016343392e-01
1.427080284934739984e-01 1.431215032502941853e-01
1.427426541982150798e-01 1.520822150984675325e-01
1.428024265418180172e-01 1.778622206814635121e-01
1.435089013170146588e-01 1.463731881851337291e-01
1.439796321583135530e-01 1.508676685723492061e-01
1.442099609042044595e-01 1.555196026613907545e-01
1.442644753362840315e-01 1.494781245749830789e-01
1.454097227503932943e-01 1.487405116184547793e-01
1.461228512781119482e-01 1.471252061624226948e-01
1.463784642856631457e-01 1.491740580610829980e-01
1.465289728134068770e-01 1.592519255275210988e-01
1.466452804964414602e-01 1.487075858127415162e-01
1.478541481087775611e-01 1.694703910303084482e-01
1.481688245042508678e-01 1.565665300983260511e-01
1.496774043599040371e-01 1.540748596182338614e-01
1.508098783114941444e-01 1.577393913172605855e-01
1.513332573668340619e-01 1.543911152423930455e-01
1.519991624704345179e-01 1.563722911348549849e-01
1.524830997777945341e-01 1.529433457559480347e-01
1.525528428890963462e-01 1.567836106688715037e-01
1.527160082646857042e-01 1.735255244746267411e-01
1.529795675056326021e-01 1.619967681046807773e-01
1.532383598022073745e-01 1.533931301014685999e-01
1.533671059944080595e-01 1.565991169179830056e-01
1.559849068124976867e-01 1.743568218989457741e-01
1.563035838633377861e-01 1.624849659266775770e-01
1.566881841516712948e-01 1.762483673651162874e-01
1.566925479860933612e-01 1.595951669532512662e-01
1.569239752186533943e-01 1.660326055334926110e-01
1.605325116135641605e-01 1.693985825025457470e-01
1.622593201003420249e-01 1.647398635656883159e-01
1.622593201003420249e-01 1.731291150790583711e-01
1.641330948811464130e-01 1.730467082224046993e-01
1.708672935941323023e-01 1.741908686195993705e-01
1.783905873973837819e-01 1.891783143395955324e-01
1.791998183636162867e-01 1.867419577937855513e-01
1.857503945466862372e-01 1.945552946755823298e-01
1.871649639380839059e-01 1.898142393994115829e-01
1.907045676074770602e-01 1.963142038284987068e-01
