8.806198014332781987e-02 9.421646888918340512e-02
8.998291152295295747e-02 9.099096821574287342e-02
9.657764624628405181e-02 9.739753128111086622e-02
9.895856856574405946e-02 9.913923724207078514e-02
9.994669905424993783e-02 1.055316504314350173e-01
1.035525870823506417e-01 1.070786860807097784e-01
1.042190535561508258e-01 1.066926411376287881e-01
1.044046650193145992e-01 1.081301887805870415e-01
1.050332082143297097e-01 1.076804976660270807e-01
1.074283043373781416e-01 1.133550870736139832e-01
1.081286846266094476e-01 1.106734098479400519e-01
1.105013125446281802e-01 1.140526245299504499e-01
1.113722999243187545e-01 1.115961667144771963e-01
1.116114321479719923e-01 1.131937227753188613e-01
1.123188708736314739e-01 1.205054301719653692e-01
1.129946647919151809e-01 1.147510983661527290e-01
1.165321180348774383e-01 1.218704839791425326e-01
1.173626216765193686e-01 1.187502540404650336e-01
1.188084757030966748e-01 1.272980505111015459e-01
1.191771774380870480e-01 1.295755594150195533e-01
1.195704986426622540e-01 1.225267723377118090e-01
1.203713739963060553e-01 1.209852474606959855e-01
1.204143503836457019e-01 1.283278489726920879e-01
1.204862002251818887e-01 1.218968011977156207e-01
1.214424400874366955e-01 1.229618364293023902e-01
1.231733449858313928e-01 1.250447152442216436e-01
1.235786913970332579e-01 1.240092288428130546e-01
1.237495697979108938e-01 1.257976811150254837e-01
1.247894136449399505e-01 1.332117541975399722e-01
1.254204737664089686e-01 1.295083803984260484e-01
1.257480335360153523e-01 1.303998398094748934e-01
1.263671213388899150e-01 1.318560381187114106e-01
1.278805930007677616e-01 1.356574538972593613e-01
1.282458829672156742e-01 1.412916867353305184e-01
1.289754670539205172e-01 1.311446823776623027e-01
1.297757934030999427e-01 1.334237256860573428e-01
1.300306623100207504e-01 1.313436759720259528e-01
1.314655207892361510e-01 1.438572031529601614e-01
1.320360271729187351e-01 1.449512378344971486e-01
1.331662744188127634e-01 1.399380888250707500e-01
1.332122049137752784e-01 1.482041073703080913e-01
1.346239831634053474e-01 1.433763190416210420e-01
1.346554289671272886e-01 1.469186792159370147e-01
1.357772640091534921e-01 1.384204870563368051e-01
1.363355933921653329e-01 1.439001995224166996e-01
1.364342174664370799e-01 1.383178814035921633e-01
1.366240877929579822e-01 1.397802097971065083e-01
1.366413389790288868e-01 1.439549112363355254e-01
1.370269146104278191e-01 1.371344993168876203e-01
1.375350797315038065e-01 1.378792796574646873e-01
1.384413300233412747e-01 1.849961578891061165e-01
1.395225361677646103e-01 1.497338762232496012e-01
1.396989504689201966e-01 1.507447950974097617e-01
1.403410964167431385e-01 1.455868947350276721e-01
1.428831021613877483e-01 1.463038418422409614e-01
1.429943090991258048e-01 1.510968120535947645e-01
1.443845807788459445e-01 1.492589329977435930e-01
1.443845807788459445e-01 1.488887722246604872e-01
1.448149496425537863e-01 1.611226533740361400e-01
1.450295551729993138e-01 1.584695019851939668e-01
1.452705074569647370e-01 1.677439866100339239e-01
1.456755237233661182e-01 1.512494100120843898e-01
1.458117120419936963e-01 1.550153203331980090e-01
1.458491932565700311e-01 1.664101821805972214e-01
1.466167476023375327e-01 1.490959010257907613e-01
1.478391193554552951e-01 1.514173410625512528e-01
1.490894532859950439e-01 1.553430690103467515e-01
1.500065737472797422e-01 1.675076768158164364e-01
1.513354445058844033e-01 1.743031839386484094e-01
1.521289394900162684e-01 1.823450759644119901e-01
1.527415305061647077e-01 1.647444205433515885e-01
1.531505404756052791e-01 1.627492909489468564e-01
1.541935408188864765e-01 1.730455287547856547e-01
1.554830305250437805e-01 1.677740899864419710e-01
1.557096312074281452e-01 1.927137503180634259e-01
1.557112001835684600e-01 1.715623888822729315e-01
1.560791026549341320e-01 1.774496676766730008e-01
1.561683698608352933e-01 1.566075664062885064e-01
1.565135536122279347e-01 1.616916354901764274e-01
1.565947134384308159e-01 1.651992020910564574e-01
1.584900990480570260e-01 1.613812727982608664e-01
1.587282944502975135e-01 1.601202339247643214e-01
1.594981913664230422e-01 1.659375275052693000e-01
1.597628848015471281e-01 1.661849041233249558e-01
1.597759321503305630e-01 1.636638570014702365e-01
1.606488458998938107e-01 1.684993750384749245e-01
1.618127560220968264e-01 1.741471234009773772e-01
1.621783886726668455e-01 1.696537680127242209e-01
1.627407771338106601e-01 1.671435616497002619e-01
1.652888153547606709e-01 1.828664914172110634e-01
1.658454583357197587e-01 1.687986547485229027e-01
1.661377776760679936e-01 1.688700121689246103e-01
1.666935318619830186e-01 1.697640477244329871e-01
1.671207228496890407e-01 1.736637622858775709e-01
1.671249948196366353e-01 1.672224111871342123e-01
1.698333340114133172e-01 1.756292944974426340e-01
1.702364536270276341e-01 1.856965728984740216e-01
1.703484157195354343e-01 1.726672356748386594e-01
1.707178109935961752e-01 1.712198379359529954e-01
1.714410721372062740e-01 1.809016800597793573e-01
1.739162836267983125e-01 1.745638882518205648e-01
1.744188084219489843e-01 1.857152684174182833e-01
2.083901637236086624e-01 2.116970904788711416e-01
2.143020930850021433e-01 2.152913785699382132e-01
