6.980841755867004395e-01 7.259567975997924805e-01
7.889471948146820068e-02 8.189199864864349365e-02
7.072033733129501343e-02 7.109054177999496460e-02
6.912872940301895142e-02 7.782378047704696655e-02
6.830367445945739746e-02 7.813096046447753906e-02
6.484612077474594116e-02 6.719835847616195679e-02
6.168548017740249634e-02 7.041519880294799805e-02
6.011632084846496582e-02 6.674182415008544922e-02
5.460292845964431763e-02 5.852016434073448181e-02
5.425465852022171021e-02 6.258205324411392212e-02
5.384899303317070007e-02 5.481482669711112976e-02
5.306671932339668274e-02 5.539831519126892090e-02
5.101333931088447571e-02 5.224088579416275024e-02
5.098932236433029175e-02 6.412965059280395508e-02
5.025828257203102112e-02 6.014795228838920593e-02
5.006366595625877380e-02 5.848955363035202026e-02
4.924084246158599854e-02 4.941010475158691406e-02
4.884121194481849670e-02 5.333478748798370361e-02
4.826533421874046326e-02 5.539341270923614502e-02
4.798758402466773987e-02 5.498277023434638977e-02
4.729355871677398682e-02 5.349231883883476257e-02
4.687998443841934204e-02 4.961395263671875000e-02
4.641024768352508545e-02 4.892143979668617249e-02
4.516042396426200867e-02 5.001238733530044556e-02
4.495714977383613586e-02 5.108801648020744324e-02
4.482416063547134399e-02 4.802559316158294678e-02
4.382642731070518494e-02 5.689187720417976379e-02
4.339537769556045532e-02 4.468055441975593567e-02
4.335425794124603271e-02 4.950108751654624939e-02
4.312581941485404968e-02 5.129113048315048218e-02
4.265184700489044189e-02 4.587168991565704346e-02
4.255727306008338928e-02 4.383697360754013062e-02
4.204609617590904236e-02 5.564103648066520691e-02
4.171064496040344238e-02 4.236136376857757568e-02
4.161932319402694702e-02 4.568139463663101196e-02
4.161797836422920227e-02 4.198794439435005188e-02
4.121433943510055542e-02 5.013130605220794678e-02
4.105125367641448975e-02 4.351245984435081482e-02
4.066883027553558350e-02 4.275998473167419434e-02
4.057709872722625732e-02 4.265046119689941406e-02
4.030835628509521484e-02 4.230034351348876953e-02
3.978254646062850952e-02 4.843707382678985596e-02
3.975025191903114319e-02 5.455314368009567261e-02
3.969174250960350037e-02 4.096017777919769287e-02
3.955350816249847412e-02 4.896254837512969971e-02
3.950000181794166565e-02 4.268889501690864563e-02
3.941697999835014343e-02 4.622270166873931885e-02
3.931272402405738831e-02 4.526757448911666870e-02
3.903018683195114136e-02 5.137008056044578552e-02
3.869391605257987976e-02 3.946932405233383179e-02
3.862623125314712524e-02 3.995330631732940674e-02
3.847315534949302673e-02 4.240201413631439209e-02
3.844644501805305481e-02 3.882238641381263733e-02
3.821060806512832642e-02 4.061552137136459351e-02
3.817700967192649841e-02 4.603301733732223511e-02
3.792244940996170044e-02 4.404425993561744690e-02
3.758832812309265137e-02 4.401926323771476746e-02
3.737942501902580261e-02 4.024654254317283630e-02
3.689375892281532288e-02 4.536330327391624451e-02
3.640024363994598389e-02 3.862502425909042358e-02
3.588982671499252319e-02 4.684624448418617249e-02
3.571128845214843750e-02 4.071084782481193542e-02
3.543756529688835144e-02 3.573023155331611633e-02
3.535607829689979553e-02 5.622719228267669678e-02
3.519749641418457031e-02 4.479005932807922363e-02
3.509490191936492920e-02 4.682649299502372742e-02
3.504170849919319153e-02 3.947226330637931824e-02
3.503482416272163391e-02 3.669798374176025391e-02
3.481566533446311951e-02 3.723368048667907715e-02
3.461315482854843140e-02 3.565416485071182251e-02
3.460952639579772949e-02 4.069698601961135864e-02
3.447759151458740234e-02 3.854649513959884644e-02
3.424529731273651123e-02 3.516453504562377930e-02
3.411560505628585815e-02 4.246078431606292725e-02
3.397611528635025024e-02 3.429096937179565430e-02
3.394366800785064697e-02 3.423344716429710388e-02
3.364958614110946655e-02 3.503628075122833252e-02
3.349545225501060486e-02 4.555492475628852844e-02
3.338199108839035034e-02 3.554649651050567627e-02
3.336213529109954834e-02 3.412781655788421631e-02
3.330723941326141357e-02 3.637891262769699097e-02
3.297042846679687500e-02 3.420527279376983643e-02
3.295819088816642761e-02 3.806833922863006592e-02
3.280104696750640869e-02 3.472758457064628601e-02
3.276897966861724854e-02 3.462265059351921082e-02
3.255578503012657166e-02 3.462694957852363586e-02
3.254110366106033325e-02 3.482098504900932312e-02
3.250551968812942505e-02 3.442528471350669861e-02
3.248766809701919556e-02 4.124334454536437988e-02
3.244562819600105286e-02 3.408383578062057495e-02
3.238196671009063721e-02 3.883856162428855896e-02
3.237618133425712585e-02 3.507594764232635498e-02
3.236123919486999512e-02 4.124334454536437988e-02
3.219393640756607056e-02 3.220088034868240356e-02
3.203249350190162659e-02 4.121609032154083252e-02
3.191164135932922363e-02 4.069186374545097351e-02
3.170081973075866699e-02 3.688034042716026306e-02
3.166382387280464172e-02 3.679298982024192810e-02
3.162324801087379456e-02 3.206730633974075317e-02
3.063346445560455322e-02 4.423021152615547180e-02
3.058347105979919434e-02 3.198871761560440063e-02
3.053328953683376312e-02 4.164804518222808838e-02
3.042481280863285065e-02 3.334907442331314087e-02
3.036240302026271820e-02 3.757414594292640686e-02
3.012486547231674194e-02 3.255411982536315918e-02
3.003525920212268829e-02 3.095382079482078552e-02
2.989432960748672485e-02 4.255755245685577393e-02
2.935929596424102783e-02 3.375128284096717834e-02
2.872763201594352722e-02 2.926576323807239532e-02
2.785014919936656952e-02 3.520506247878074646e-02
2.776387520134449005e-02 4.560579732060432434e-02
2.764049917459487915e-02 2.942188829183578491e-02
2.675950154662132263e-02 3.128506243228912354e-02
2.612259611487388611e-02 3.266934305429458618e-02
2.606428973376750946e-02 2.856739796698093414e-02
2.556251920759677887e-02 2.832737006247043610e-02
2.543524838984012604e-02 3.339381888508796692e-02
2.510480396449565887e-02 2.787328511476516724e-02
2.456435747444629669e-02 3.082298301160335541e-02
2.456177212297916412e-02 2.498310245573520660e-02
2.437140047550201416e-02 2.961755357682704926e-02
2.404141984879970551e-02 2.759996242821216583e-02
2.366660907864570618e-02 2.622351981699466705e-02
2.308959141373634338e-02 2.666088007390499115e-02
2.265327982604503632e-02 2.554940246045589447e-02
2.262362465262413025e-02 2.410059981048107147e-02
2.239549346268177032e-02 2.318758703768253326e-02
2.205420471727848053e-02 2.451428957283496857e-02
2.186649478971958160e-02 2.508691698312759399e-02
2.179108373820781708e-02 2.881710417568683624e-02
2.167088724672794342e-02 2.291080541908740997e-02
2.164611779153347015e-02 2.587976306676864624e-02
2.157794311642646790e-02 2.174534648656845093e-02
2.148965001106262207e-02 2.186717838048934937e-02
2.106639742851257324e-02 2.319578081369400024e-02
2.104627154767513275e-02 2.315757423639297485e-02
2.086469531059265137e-02 2.602634951472282410e-02
2.069035544991493225e-02 2.283352613449096680e-02
2.045303955674171448e-02 2.703660354018211365e-02
2.003520727157592773e-02 2.712819539010524750e-02
1.991354115307331085e-02 2.601407468318939209e-02
1.985489390790462494e-02 2.082336694002151489e-02
1.933925226330757141e-02 2.432475052773952484e-02
1.921867951750755310e-02 1.950407959520816803e-02
1.870762184262275696e-02 2.710236050188541412e-02
1.870688237249851227e-02 1.909004524350166321e-02
1.839967817068099976e-02 1.842704415321350098e-02
1.831827685236930847e-02 1.874431408941745758e-02
1.741209998726844788e-02 1.958038099110126495e-02
1.731180027127265930e-02 1.954350620508193970e-02
1.713342964649200439e-02 1.933697983622550964e-02
1.600856333971023560e-02 2.275252901017665863e-02
1.564238034188747406e-02 1.638759486377239227e-02
1.557670533657073975e-02 1.819417998194694519e-02
1.537984795868396759e-02 1.816361024975776672e-02
1.513216923922300339e-02 1.695312000811100006e-02
1.447079889476299286e-02 1.510177087038755417e-02
1.328087318688631058e-02 1.487546972930431366e-02
1.280531287193298340e-02 1.282812096178531647e-02
1.275949552655220032e-02 1.441298238933086395e-02
1.260286197066307068e-02 1.368299033492803574e-02
1.101002376526594162e-02 1.211138628423213959e-02
1.002421788871288300e-02 1.379414089024066925e-02
7.545962929725646973e-03 7.964460179209709167e-03
6.095326039940118790e-03 6.661244202405214310e-03
5.475675221532583237e-03 7.486498914659023285e-03
