0.000000000000000000e+00 4.958937061019241810e-04
0.000000000000000000e+00 9.436833788640797138e-04
0.000000000000000000e+00 9.799904655665159225e-04
0.000000000000000000e+00 1.108273514546453953e-03
0.000000000000000000e+00 1.986804185435175896e-03
0.000000000000000000e+00 2.089066896587610245e-03
0.000000000000000000e+00 2.204742282629013062e-03
0.000000000000000000e+00 2.431967062875628471e-03
0.000000000000000000e+00 2.438067691400647163e-03
0.000000000000000000e+00 2.901363652199506760e-03
0.000000000000000000e+00 3.195267170667648315e-03
0.000000000000000000e+00 3.207175992429256439e-03
0.000000000000000000e+00 3.421249333769083023e-03
0.000000000000000000e+00 3.439313732087612152e-03
0.000000000000000000e+00 3.500044578686356544e-03
0.000000000000000000e+00 3.692825092002749443e-03
0.000000000000000000e+00 4.167461767792701721e-03
0.000000000000000000e+00 4.300673026591539383e-03
0.000000000000000000e+00 4.379682242870330811e-03
0.000000000000000000e+00 4.524338524788618088e-03
0.000000000000000000e+00 4.550502635538578033e-03
0.000000000000000000e+00 4.654025193303823471e-03
0.000000000000000000e+00 4.796490538865327835e-03
0.000000000000000000e+00 4.814999178051948547e-03
0.000000000000000000e+00 4.830608144402503967e-03
0.000000000000000000e+00 4.891774151474237442e-03
0.000000000000000000e+00 5.093216896057128906e-03
0.000000000000000000e+00 5.199536681175231934e-03
0.000000000000000000e+00 5.242829211056232452e-03
0.000000000000000000e+00 5.495975259691476822e-03
0.000000000000000000e+00 5.583537742495536804e-03
0.000000000000000000e+00 5.771364085376262665e-03
0.000000000000000000e+00 5.778224207460880280e-03
0.000000000000000000e+00 5.838470067828893661e-03
0.000000000000000000e+00 5.933556240051984787e-03
0.000000000000000000e+00 6.076281424611806870e-03
0.000000000000000000e+00 6.125386338680982590e-03
0.000000000000000000e+00 6.136934272944927216e-03
0.000000000000000000e+00 6.204060278832912445e-03
0.000000000000000000e+00 6.226695142686367035e-03
0.000000000000000000e+00 6.339604500681161880e-03
0.000000000000000000e+00 6.342506501823663712e-03
0.000000000000000000e+00 6.431104615330696106e-03
0.000000000000000000e+00 6.555579602718353271e-03
0.000000000000000000e+00 6.615811027586460114e-03
0.000000000000000000e+00 6.636866368353366852e-03
0.000000000000000000e+00 6.665561348199844360e-03
0.000000000000000000e+00 6.669912021607160568e-03
0.000000000000000000e+00 6.778187118470668793e-03
0.000000000000000000e+00 6.780317053198814392e-03
0.000000000000000000e+00 6.951139308512210846e-03
0.000000000000000000e+00 6.994124501943588257e-03
0.000000000000000000e+00 6.996663287281990051e-03
0.000000000000000000e+00 7.026013452559709549e-03
0.000000000000000000e+00 7.138947956264019012e-03
0.000000000000000000e+00 7.183344103395938873e-03
0.000000000000000000e+00 7.249125745147466660e-03
0.000000000000000000e+00 7.255997974425554276e-03
0.000000000000000000e+00 7.327146828174591064e-03
0.000000000000000000e+00 7.439565379172563553e-03
0.000000000000000000e+00 7.648487109690904617e-03
0.000000000000000000e+00 7.690693251788616180e-03
0.000000000000000000e+00 7.737083826214075089e-03
0.000000000000000000e+00 7.800414692610502243e-03
0.000000000000000000e+00 7.862796075642108917e-03
0.000000000000000000e+00 7.881731726229190826e-03
0.000000000000000000e+00 7.983882911503314972e-03
0.000000000000000000e+00 8.087988011538982391e-03
0.000000000000000000e+00 8.327254094183444977e-03
0.000000000000000000e+00 8.330423384904861450e-03
0.000000000000000000e+00 8.363888598978519440e-03
0.000000000000000000e+00 8.459349162876605988e-03
0.000000000000000000e+00 8.485957980155944824e-03
0.000000000000000000e+00 8.632793091237545013e-03
0.000000000000000000e+00 8.664515800774097443e-03
0.000000000000000000e+00 8.741727098822593689e-03
0.000000000000000000e+00 8.752393536269664764e-03
0.000000000000000000e+00 8.777597919106483459e-03
0.000000000000000000e+00 8.883011527359485626e-03
0.000000000000000000e+00 8.887721225619316101e-03
0.000000000000000000e+00 8.918655104935169220e-03
0.000000000000000000e+00 9.072260931134223938e-03
0.000000000000000000e+00 9.089178405702114105e-03
0.000000000000000000e+00 9.119386784732341766e-03
0.000000000000000000e+00 9.144805371761322021e-03
0.000000000000000000e+00 9.286530315876007080e-03
0.000000000000000000e+00 9.290117770433425903e-03
0.000000000000000000e+00 9.345198981463909149e-03
0.000000000000000000e+00 9.377555921673774719e-03
0.000000000000000000e+00 9.379080496728420258e-03
0.000000000000000000e+00 9.459268301725387573e-03
0.000000000000000000e+00 9.534567594528198242e-03
0.000000000000000000e+00 9.537909179925918579e-03
0.000000000000000000e+00 9.612064808607101440e-03
0.000000000000000000e+00 9.636747650802135468e-03
0.000000000000000000e+00 9.639887139201164246e-03
0.000000000000000000e+00 9.877881035208702087e-03
0.000000000000000000e+00 1.013774890452623367e-02
0.000000000000000000e+00 1.019709650427103043e-02
0.000000000000000000e+00 1.044804882258176804e-02
0.000000000000000000e+00 1.049572322517633438e-02
0.000000000000000000e+00 1.052095182240009308e-02
0.000000000000000000e+00 1.056061871349811554e-02
0.000000000000000000e+00 1.074558589607477188e-02
0.000000000000000000e+00 1.088983844965696335e-02
0.000000000000000000e+00 1.091806311160326004e-02
0.000000000000000000e+00 1.092781033366918564e-02
0.000000000000000000e+00 1.097474154084920883e-02
0.000000000000000000e+00 1.118441857397556305e-02
0.000000000000000000e+00 1.122238207608461380e-02
0.000000000000000000e+00 1.129778753966093063e-02
0.000000000000000000e+00 1.131629385054111481e-02
0.000000000000000000e+00 1.149643771350383759e-02
0.000000000000000000e+00 1.156325545161962509e-02
0.000000000000000000e+00 1.158278994262218475e-02
0.000000000000000000e+00 1.158980652689933777e-02
0.000000000000000000e+00 1.160591002553701401e-02
0.000000000000000000e+00 1.168746873736381531e-02
0.000000000000000000e+00 1.169743295758962631e-02
0.000000000000000000e+00 1.171012595295906067e-02
0.000000000000000000e+00 1.174644287675619125e-02
0.000000000000000000e+00 1.186414156109094620e-02
0.000000000000000000e+00 1.191176846623420715e-02
0.000000000000000000e+00 1.193134766072034836e-02
0.000000000000000000e+00 1.200532261282205582e-02
0.000000000000000000e+00 1.201989036053419113e-02
0.000000000000000000e+00 1.206961646676063538e-02
0.000000000000000000e+00 1.215932704508304596e-02
0.000000000000000000e+00 1.220527291297912598e-02
0.000000000000000000e+00 1.225264091044664383e-02
0.000000000000000000e+00 1.228270679712295532e-02
0.000000000000000000e+00 1.230879686772823334e-02
0.000000000000000000e+00 1.243336033076047897e-02
0.000000000000000000e+00 1.243447605520486832e-02
0.000000000000000000e+00 1.254400145262479782e-02
0.000000000000000000e+00 1.261668466031551361e-02
0.000000000000000000e+00 1.262481883168220520e-02
0.000000000000000000e+00 1.279805786907672882e-02
0.000000000000000000e+00 1.281282119452953339e-02
0.000000000000000000e+00 1.285141147673130035e-02
0.000000000000000000e+00 1.290662866085767746e-02
0.000000000000000000e+00 1.295320782810449600e-02
0.000000000000000000e+00 1.296933460980653763e-02
0.000000000000000000e+00 1.307043060660362244e-02
0.000000000000000000e+00 1.308329496532678604e-02
0.000000000000000000e+00 1.315364893525838852e-02
0.000000000000000000e+00 1.317251287400722504e-02
0.000000000000000000e+00 1.323510706424713135e-02
0.000000000000000000e+00 1.324339210987091064e-02
0.000000000000000000e+00 1.325009204447269440e-02
0.000000000000000000e+00 1.348179671913385391e-02
0.000000000000000000e+00 1.349296327680349350e-02
0.000000000000000000e+00 1.370790041983127594e-02
0.000000000000000000e+00 1.378446538001298904e-02
0.000000000000000000e+00 1.383165828883647919e-02
0.000000000000000000e+00 1.398768555372953415e-02
0.000000000000000000e+00 1.406570803374052048e-02
0.000000000000000000e+00 1.415803842246532440e-02
0.000000000000000000e+00 1.420109160244464874e-02
0.000000000000000000e+00 1.421538181602954865e-02
0.000000000000000000e+00 1.424536015838384628e-02
0.000000000000000000e+00 1.424782536923885345e-02
0.000000000000000000e+00 1.426458731293678284e-02
0.000000000000000000e+00 1.431632228195667267e-02
0.000000000000000000e+00 1.432349439710378647e-02
0.000000000000000000e+00 1.433995272964239120e-02
0.000000000000000000e+00 1.438598893582820892e-02
0.000000000000000000e+00 1.439649332314729691e-02
0.000000000000000000e+00 1.444183383136987686e-02
0.000000000000000000e+00 1.445195451378822327e-02
0.000000000000000000e+00 1.447943877428770065e-02
0.000000000000000000e+00 1.455517020076513290e-02
0.000000000000000000e+00 1.459846831858158112e-02
0.000000000000000000e+00 1.463568024337291718e-02
0.000000000000000000e+00 1.465298701077699661e-02
0.000000000000000000e+00 1.469836663454771042e-02
0.000000000000000000e+00 1.477194298058748245e-02
0.000000000000000000e+00 1.480312645435333252e-02
0.000000000000000000e+00 1.486829947680234909e-02
0.000000000000000000e+00 1.491993572562932968e-02
0.000000000000000000e+00 1.497970893979072571e-02
0.000000000000000000e+00 1.502647437155246735e-02
0.000000000000000000e+00 1.502988673746585846e-02
0.000000000000000000e+00 1.508953142911195755e-02
0.000000000000000000e+00 1.509385276585817337e-02
0.000000000000000000e+00 1.510038506239652634e-02
0.000000000000000000e+00 1.518745161592960358e-02
0.000000000000000000e+00 1.529708877205848694e-02
0.000000000000000000e+00 1.534716226160526276e-02
0.000000000000000000e+00 1.540569867938756943e-02
0.000000000000000000e+00 1.545223593711853027e-02
0.000000000000000000e+00 1.551423873752355576e-02
0.000000000000000000e+00 1.551936287432909012e-02
0.000000000000000000e+00 1.571118831634521484e-02
0.000000000000000000e+00 1.579339802265167236e-02
0.000000000000000000e+00 1.581527106463909149e-02
0.000000000000000000e+00 1.583709940314292908e-02
0.000000000000000000e+00 1.593164540827274323e-02
0.000000000000000000e+00 1.594914123415946960e-02
0.000000000000000000e+00 1.600807160139083862e-02
0.000000000000000000e+00 1.601449213922023773e-02
0.000000000000000000e+00 1.605531200766563416e-02
0.000000000000000000e+00 1.612480729818344116e-02
0.000000000000000000e+00 1.617113687098026276e-02
0.000000000000000000e+00 1.619529351592063904e-02
0.000000000000000000e+00 1.621159911155700684e-02
0.000000000000000000e+00 1.641624234616756439e-02
0.000000000000000000e+00 1.644055545330047607e-02
0.000000000000000000e+00 1.652292720973491669e-02
0.000000000000000000e+00 1.654853858053684235e-02
0.000000000000000000e+00 1.668509282171726227e-02
0.000000000000000000e+00 1.681200601160526276e-02
0.000000000000000000e+00 1.683515124022960663e-02
0.000000000000000000e+00 1.685910858213901520e-02
0.000000000000000000e+00 1.693894155323505402e-02
0.000000000000000000e+00 1.694659329950809479e-02
0.000000000000000000e+00 1.695643924176692963e-02
0.000000000000000000e+00 1.696098037064075470e-02
0.000000000000000000e+00 1.702322810888290405e-02
0.000000000000000000e+00 1.715314947068691254e-02
0.000000000000000000e+00 1.721021346747875214e-02
0.000000000000000000e+00 1.723167859017848969e-02
0.000000000000000000e+00 1.728778518736362457e-02
0.000000000000000000e+00 1.739852502942085266e-02
0.000000000000000000e+00 1.741726696491241455e-02
0.000000000000000000e+00 1.748343743383884430e-02
0.000000000000000000e+00 1.749327778816223145e-02
0.000000000000000000e+00 1.750511489808559418e-02
0.000000000000000000e+00 1.757321320474147797e-02
0.000000000000000000e+00 1.760373450815677643e-02
0.000000000000000000e+00 1.763848215341567993e-02
0.000000000000000000e+00 1.770815066993236542e-02
0.000000000000000000e+00 1.776952669024467468e-02
0.000000000000000000e+00 1.782293431460857391e-02
0.000000000000000000e+00 1.801609061658382416e-02
0.000000000000000000e+00 1.802068017423152924e-02
0.000000000000000000e+00 1.810761913657188416e-02
0.000000000000000000e+00 1.811424456536769867e-02
0.000000000000000000e+00 1.812000945210456848e-02
0.000000000000000000e+00 1.824242249131202698e-02
0.000000000000000000e+00 1.825570687651634216e-02
0.000000000000000000e+00 1.831391826272010803e-02
0.000000000000000000e+00 1.838614232838153839e-02
0.000000000000000000e+00 1.840186864137649536e-02
0.000000000000000000e+00 1.841380819678306580e-02
0.000000000000000000e+00 1.847703941166400909e-02
0.000000000000000000e+00 1.848351024091243744e-02
0.000000000000000000e+00 1.856775395572185516e-02
0.000000000000000000e+00 1.859639585018157959e-02
0.000000000000000000e+00 1.863930933177471161e-02
0.000000000000000000e+00 1.867795549333095551e-02
0.000000000000000000e+00 1.873571425676345825e-02
0.000000000000000000e+00 1.877357810735702515e-02
0.000000000000000000e+00 1.877558976411819458e-02
0.000000000000000000e+00 1.879452355206012726e-02
0.000000000000000000e+00 1.887388527393341064e-02
0.000000000000000000e+00 1.888255588710308075e-02
0.000000000000000000e+00 1.890735700726509094e-02
0.000000000000000000e+00 1.896120794117450714e-02
0.000000000000000000e+00 1.909692212939262390e-02
0.000000000000000000e+00 1.913235336542129517e-02
0.000000000000000000e+00 1.916508376598358154e-02
0.000000000000000000e+00 1.918797381222248077e-02
0.000000000000000000e+00 1.919578574597835541e-02
0.000000000000000000e+00 1.923167146742343903e-02
0.000000000000000000e+00 1.923234201967716217e-02
0.000000000000000000e+00 1.924146711826324463e-02
0.000000000000000000e+00 1.925015076994895935e-02
0.000000000000000000e+00 1.925829984247684479e-02
0.000000000000000000e+00 1.928846351802349091e-02
0.000000000000000000e+00 1.929101161658763885e-02
0.000000000000000000e+00 1.934294961392879486e-02
0.000000000000000000e+00 1.938256062567234039e-02
0.000000000000000000e+00 1.942704245448112488e-02
0.000000000000000000e+00 1.944391988217830658e-02
0.000000000000000000e+00 1.944459229707717896e-02
0.000000000000000000e+00 1.950972527265548706e-02
0.000000000000000000e+00 1.953900791704654694e-02
0.000000000000000000e+00 1.955465227365493774e-02
0.000000000000000000e+00 1.966542750597000122e-02
0.000000000000000000e+00 1.968851499259471893e-02
0.000000000000000000e+00 1.970513537526130676e-02
0.000000000000000000e+00 1.973227411508560181e-02
0.000000000000000000e+00 1.976092718541622162e-02
0.000000000000000000e+00 1.976633071899414062e-02
0.000000000000000000e+00 1.993159204721450806e-02
0.000000000000000000e+00 1.994386874139308929e-02
0.000000000000000000e+00 1.994758844375610352e-02
0.000000000000000000e+00 1.997156441211700439e-02
0.000000000000000000e+00 2.000335976481437683e-02
0.000000000000000000e+00 2.004214003682136536e-02
0.000000000000000000e+00 2.006344683468341827e-02
0.000000000000000000e+00 2.017288468778133392e-02
0.000000000000000000e+00 2.019743248820304871e-02
0.000000000000000000e+00 2.024620398879051208e-02
0.000000000000000000e+00 2.028391882777214050e-02
0.000000000000000000e+00 2.030514553189277649e-02
0.000000000000000000e+00 2.031970396637916565e-02
0.000000000000000000e+00 2.037959173321723938e-02
0.000000000000000000e+00 2.040823735296726227e-02
0.000000000000000000e+00 2.056399360299110413e-02
0.000000000000000000e+00 2.057813294231891632e-02
0.000000000000000000e+00 2.058698982000350952e-02
0.000000000000000000e+00 2.061420865356922150e-02
0.000000000000000000e+00 2.062497101724147797e-02
0.000000000000000000e+00 2.067055180668830872e-02
0.000000000000000000e+00 2.068982273340225220e-02
0.000000000000000000e+00 2.074242196977138519e-02
0.000000000000000000e+00 2.075921557843685150e-02
0.000000000000000000e+00 2.076299674808979034e-02
0.000000000000000000e+00 2.079473994672298431e-02
0.000000000000000000e+00 2.080250345170497894e-02
0.000000000000000000e+00 2.081874199211597443e-02
0.000000000000000000e+00 2.083740569651126862e-02
0.000000000000000000e+00 2.084561064839363098e-02
0.000000000000000000e+00 2.091496624052524567e-02
0.000000000000000000e+00 2.094353921711444855e-02
0.000000000000000000e+00 2.118974551558494568e-02
0.000000000000000000e+00 2.119996212422847748e-02
0.000000000000000000e+00 2.120738476514816284e-02
0.000000000000000000e+00 2.121017128229141235e-02
0.000000000000000000e+00 2.122776769101619720e-02
0.000000000000000000e+00 2.129041031002998352e-02
0.000000000000000000e+00 2.139004692435264587e-02
0.000000000000000000e+00 2.143953181803226471e-02
0.000000000000000000e+00 2.147496491670608521e-02
0.000000000000000000e+00 2.149768546223640442e-02
0.000000000000000000e+00 2.167790196835994720e-02
0.000000000000000000e+00 2.172693796455860138e-02
0.000000000000000000e+00 2.174734324216842651e-02
0.000000000000000000e+00 2.188480459153652191e-02
0.000000000000000000e+00 2.189822681248188019e-02
0.000000000000000000e+00 2.191879414021968842e-02
0.000000000000000000e+00 2.195632085204124451e-02
0.000000000000000000e+00 2.198595181107521057e-02
0.000000000000000000e+00 2.201636880636215210e-02
0.000000000000000000e+00 2.207190729677677155e-02
0.000000000000000000e+00 2.230084873735904694e-02
0.000000000000000000e+00 2.230269089341163635e-02
0.000000000000000000e+00 2.240272983908653259e-02
0.000000000000000000e+00 2.242628112435340881e-02
0.000000000000000000e+00 2.251509390771389008e-02
0.000000000000000000e+00 2.280381694436073303e-02
0.000000000000000000e+00 2.283555455505847931e-02
0.000000000000000000e+00 2.294099703431129456e-02
0.000000000000000000e+00 2.306906133890151978e-02
0.000000000000000000e+00 2.310813777148723602e-02
0.000000000000000000e+00 2.311745285987854004e-02
0.000000000000000000e+00 2.314883843064308167e-02
0.000000000000000000e+00 2.321942709386348724e-02
0.000000000000000000e+00 2.328937128186225891e-02
0.000000000000000000e+00 2.338514849543571472e-02
0.000000000000000000e+00 2.339462377130985260e-02
0.000000000000000000e+00 2.363079413771629333e-02
0.000000000000000000e+00 2.367664873600006104e-02
0.000000000000000000e+00 2.367752790451049805e-02
0.000000000000000000e+00 2.367980778217315674e-02
0.000000000000000000e+00 2.381516061723232269e-02
0.000000000000000000e+00 2.392190136015415192e-02
0.000000000000000000e+00 2.413464523851871490e-02
0.000000000000000000e+00 2.415459603071212769e-02
0.000000000000000000e+00 2.422575280070304871e-02
0.000000000000000000e+00 2.442703582346439362e-02
0.000000000000000000e+00 2.455499023199081421e-02
0.000000000000000000e+00 2.459426969289779663e-02
0.000000000000000000e+00 2.460952475666999817e-02
0.000000000000000000e+00 2.466609515249729156e-02
0.000000000000000000e+00 2.467235922813415527e-02
0.000000000000000000e+00 2.469843067228794098e-02
0.000000000000000000e+00 2.472835779190063477e-02
0.000000000000000000e+00 2.489284425973892212e-02
0.000000000000000000e+00 2.500175312161445618e-02
0.000000000000000000e+00 2.508004195988178253e-02
0.000000000000000000e+00 2.516653575003147125e-02
0.000000000000000000e+00 2.537504024803638458e-02
0.000000000000000000e+00 2.540216222405433655e-02
0.000000000000000000e+00 2.548951469361782074e-02
0.000000000000000000e+00 2.549166791141033173e-02
0.000000000000000000e+00 2.567841112613677979e-02
0.000000000000000000e+00 2.569305524230003357e-02
0.000000000000000000e+00 2.575678564608097076e-02
0.000000000000000000e+00 2.579766139388084412e-02
0.000000000000000000e+00 2.588044852018356323e-02
0.000000000000000000e+00 2.591337263584136963e-02
0.000000000000000000e+00 2.602791413664817810e-02
0.000000000000000000e+00 2.603093162178993225e-02
0.000000000000000000e+00 2.608363702893257141e-02
0.000000000000000000e+00 2.618768252432346344e-02
0.000000000000000000e+00 2.621608600020408630e-02
0.000000000000000000e+00 2.631878666579723358e-02
0.000000000000000000e+00 2.656779251992702484e-02
0.000000000000000000e+00 2.690299041569232941e-02
0.000000000000000000e+00 2.704214304685592651e-02
0.000000000000000000e+00 2.709259279072284698e-02
0.000000000000000000e+00 2.719801664352416992e-02
0.000000000000000000e+00 2.724099159240722656e-02
0.000000000000000000e+00 2.730112895369529724e-02
0.000000000000000000e+00 2.737034857273101807e-02
0.000000000000000000e+00 2.740039862692356110e-02
0.000000000000000000e+00 2.758426778018474579e-02
0.000000000000000000e+00 2.760257758200168610e-02
0.000000000000000000e+00 2.763433754444122314e-02
0.000000000000000000e+00 2.770592458546161652e-02
0.000000000000000000e+00 2.777810767292976379e-02
0.000000000000000000e+00 2.802381478250026703e-02
0.000000000000000000e+00 2.844467572867870331e-02
0.000000000000000000e+00 2.851187251508235931e-02
0.000000000000000000e+00 2.852744422852993011e-02
0.000000000000000000e+00 2.885606139898300171e-02
0.000000000000000000e+00 2.886722981929779053e-02
0.000000000000000000e+00 2.897106111049652100e-02
0.000000000000000000e+00 2.905015088617801666e-02
0.000000000000000000e+00 2.922965772449970245e-02
0.000000000000000000e+00 2.945232205092906952e-02
0.000000000000000000e+00 2.967009507119655609e-02
0.000000000000000000e+00 2.972408756613731384e-02
0.000000000000000000e+00 2.973710931837558746e-02
0.000000000000000000e+00 2.993970550596714020e-02
0.000000000000000000e+00 2.995531260967254639e-02
0.000000000000000000e+00 3.004425764083862305e-02
0.000000000000000000e+00 3.019982017576694489e-02
0.000000000000000000e+00 3.023655526340007782e-02
0.000000000000000000e+00 3.031186014413833618e-02
0.000000000000000000e+00 3.054121322929859161e-02
0.000000000000000000e+00 3.062166646122932434e-02
0.000000000000000000e+00 3.069041483104228973e-02
0.000000000000000000e+00 3.083335794508457184e-02
0.000000000000000000e+00 3.083965368568897247e-02
0.000000000000000000e+00 3.099826350808143616e-02
0.000000000000000000e+00 3.102214634418487549e-02
0.000000000000000000e+00 3.104852885007858276e-02
0.000000000000000000e+00 3.120823949575424194e-02
0.000000000000000000e+00 3.123690001666545868e-02
0.000000000000000000e+00 3.130075335502624512e-02
0.000000000000000000e+00 3.135782107710838318e-02
0.000000000000000000e+00 3.145422041416168213e-02
0.000000000000000000e+00 3.145577758550643921e-02
0.000000000000000000e+00 3.151564672589302063e-02
0.000000000000000000e+00 3.167600184679031372e-02
0.000000000000000000e+00 3.174661099910736084e-02
0.000000000000000000e+00 3.186441957950592041e-02
0.000000000000000000e+00 3.191768005490303040e-02
0.000000000000000000e+00 3.198492154479026794e-02
0.000000000000000000e+00 3.198795020580291748e-02
0.000000000000000000e+00 3.224655240774154663e-02
0.000000000000000000e+00 3.225461766123771667e-02
0.000000000000000000e+00 3.232588618993759155e-02
0.000000000000000000e+00 3.244713693857192993e-02
0.000000000000000000e+00 3.246591985225677490e-02
0.000000000000000000e+00 3.278283402323722839e-02
0.000000000000000000e+00 3.291818872094154358e-02
0.000000000000000000e+00 3.386228159070014954e-02
0.000000000000000000e+00 3.401513397693634033e-02
0.000000000000000000e+00 3.457290306687355042e-02
0.000000000000000000e+00 3.503537923097610474e-02
0.000000000000000000e+00 3.515863046050071716e-02
0.000000000000000000e+00 3.538665920495986938e-02
0.000000000000000000e+00 3.541883081197738647e-02
0.000000000000000000e+00 3.570650890469551086e-02
0.000000000000000000e+00 3.596948087215423584e-02
0.000000000000000000e+00 3.619001060724258423e-02
0.000000000000000000e+00 3.619996085762977600e-02
0.000000000000000000e+00 3.662903234362602234e-02
0.000000000000000000e+00 3.675039112567901611e-02
0.000000000000000000e+00 3.689505159854888916e-02
0.000000000000000000e+00 3.757869824767112732e-02
0.000000000000000000e+00 3.798161447048187256e-02
0.000000000000000000e+00 3.836895897984504700e-02
0.000000000000000000e+00 3.882972151041030884e-02
0.000000000000000000e+00 3.909746184945106506e-02
0.000000000000000000e+00 3.942223265767097473e-02
0.000000000000000000e+00 3.963393345475196838e-02
0.000000000000000000e+00 4.003657773137092590e-02
0.000000000000000000e+00 4.015240073204040527e-02
0.000000000000000000e+00 4.017767310142517090e-02
0.000000000000000000e+00 4.019097238779067993e-02
0.000000000000000000e+00 4.021467268466949463e-02
0.000000000000000000e+00 4.160886257886886597e-02
0.000000000000000000e+00 4.177636280655860901e-02
0.000000000000000000e+00 4.240850359201431274e-02
0.000000000000000000e+00 4.272639006376266479e-02
0.000000000000000000e+00 4.291918873786926270e-02
0.000000000000000000e+00 4.318552091717720032e-02
0.000000000000000000e+00 4.435222223401069641e-02
0.000000000000000000e+00 4.545483365654945374e-02
0.000000000000000000e+00 4.611545801162719727e-02
0.000000000000000000e+00 4.665575921535491943e-02
0.000000000000000000e+00 4.743901640176773071e-02
0.000000000000000000e+00 4.759399592876434326e-02
0.000000000000000000e+00 4.861209914088249207e-02
0.000000000000000000e+00 4.869342967867851257e-02
0.000000000000000000e+00 4.925877228379249573e-02
0.000000000000000000e+00 4.972293227910995483e-02
0.000000000000000000e+00 4.978638142347335815e-02
0.000000000000000000e+00 5.036375299096107483e-02
0.000000000000000000e+00 5.224367976188659668e-02
0.000000000000000000e+00 5.906834453344345093e-02
0.000000000000000000e+00 3.085683286190032959e-01
0.000000000000000000e+00 5.336144566535949707e-01
