0.000000000000000000e+00 4.169995663687586784e-04
0.000000000000000000e+00 4.237002576701343060e-04
0.000000000000000000e+00 5.856321076862514019e-04
0.000000000000000000e+00 6.768146413378417492e-04
0.000000000000000000e+00 7.411527330987155437e-04
0.000000000000000000e+00 8.134605013765394688e-04
0.000000000000000000e+00 9.996948065236210823e-04
0.000000000000000000e+00 1.084104762412607670e-03
0.000000000000000000e+00 1.106702373363077641e-03
0.000000000000000000e+00 1.133856363594532013e-03
0.000000000000000000e+00 1.217559562064707279e-03
0.000000000000000000e+00 1.237199758179485798e-03
0.000000000000000000e+00 1.350930193439126015e-03
0.000000000000000000e+00 1.409790595062077045e-03
0.000000000000000000e+00 1.444410532712936401e-03
0.000000000000000000e+00 1.490446040406823158e-03
0.000000000000000000e+00 1.528052845969796181e-03
0.000000000000000000e+00 1.577678252942860126e-03
0.000000000000000000e+00 1.607089769095182419e-03
0.000000000000000000e+00 1.620622817426919937e-03
0.000000000000000000e+00 1.630836050026118755e-03
0.000000000000000000e+00 1.694674370810389519e-03
0.000000000000000000e+00 1.757054356858134270e-03
0.000000000000000000e+00 1.782161998562514782e-03
0.000000000000000000e+00 1.852936926297843456e-03
0.000000000000000000e+00 1.853416557423770428e-03
0.000000000000000000e+00 1.861260621808469296e-03
0.000000000000000000e+00 1.915392815135419369e-03
0.000000000000000000e+00 1.919143716804683208e-03
0.000000000000000000e+00 1.948887947946786880e-03
0.000000000000000000e+00 1.967372838407754898e-03
0.000000000000000000e+00 1.998411258682608604e-03
0.000000000000000000e+00 2.015269128605723381e-03
0.000000000000000000e+00 2.066201297566294670e-03
0.000000000000000000e+00 2.072284463793039322e-03
0.000000000000000000e+00 2.106630709022283554e-03
0.000000000000000000e+00 2.145135309547185898e-03
0.000000000000000000e+00 2.160020172595977783e-03
0.000000000000000000e+00 2.168752951547503471e-03
0.000000000000000000e+00 2.175434958189725876e-03
0.000000000000000000e+00 2.232618629932403564e-03
0.000000000000000000e+00 2.266336232423782349e-03
0.000000000000000000e+00 2.271255711093544960e-03
0.000000000000000000e+00 2.298754174262285233e-03
0.000000000000000000e+00 2.353269141167402267e-03
0.000000000000000000e+00 2.397584728896617889e-03
0.000000000000000000e+00 2.409356180578470230e-03
0.000000000000000000e+00 2.424849662929773331e-03
0.000000000000000000e+00 2.444795100018382072e-03
0.000000000000000000e+00 2.484826836735010147e-03
0.000000000000000000e+00 2.492750529199838638e-03
0.000000000000000000e+00 2.504058182239532471e-03
0.000000000000000000e+00 2.506477991119027138e-03
0.000000000000000000e+00 2.583781024441123009e-03
0.000000000000000000e+00 2.631664508953690529e-03
0.000000000000000000e+00 2.783342264592647552e-03
0.000000000000000000e+00 2.791687380522489548e-03
0.000000000000000000e+00 2.825325122103095055e-03
0.000000000000000000e+00 2.849255688488483429e-03
0.000000000000000000e+00 2.853861311450600624e-03
0.000000000000000000e+00 2.923937514424324036e-03
0.000000000000000000e+00 2.928299829363822937e-03
0.000000000000000000e+00 2.931865630671381950e-03
0.000000000000000000e+00 2.942315535619854927e-03
0.000000000000000000e+00 2.965084975585341454e-03
0.000000000000000000e+00 2.966970205307006836e-03
0.000000000000000000e+00 2.988553140312433243e-03
0.000000000000000000e+00 3.057230496779084206e-03
0.000000000000000000e+00 3.071814542636275291e-03
0.000000000000000000e+00 3.092650091275572777e-03
0.000000000000000000e+00 3.168464638292789459e-03
0.000000000000000000e+00 3.171893069520592690e-03
0.000000000000000000e+00 3.195907222107052803e-03
0.000000000000000000e+00 3.258039709180593491e-03
0.000000000000000000e+00 3.279622411355376244e-03
0.000000000000000000e+00 3.335057757794857025e-03
0.000000000000000000e+00 3.349493490532040596e-03
0.000000000000000000e+00 3.382608294486999512e-03
0.000000000000000000e+00 3.400848712772130966e-03
0.000000000000000000e+00 3.401561407372355461e-03
0.000000000000000000e+00 3.421629080548882484e-03
0.000000000000000000e+00 3.431373974308371544e-03
0.000000000000000000e+00 3.435208927839994431e-03
0.000000000000000000e+00 3.460996318608522415e-03
0.000000000000000000e+00 3.490618197247385979e-03
0.000000000000000000e+00 3.493558149784803391e-03
0.000000000000000000e+00 3.500004531815648079e-03
0.000000000000000000e+00 3.667822573333978653e-03
0.000000000000000000e+00 3.687273710966110229e-03
0.000000000000000000e+00 3.719811094924807549e-03
0.000000000000000000e+00 3.730314783751964569e-03
0.000000000000000000e+00 3.754245350137352943e-03
0.000000000000000000e+00 3.793886397033929825e-03
0.000000000000000000e+00 3.804855979979038239e-03
0.000000000000000000e+00 3.811583155766129494e-03
0.000000000000000000e+00 3.909409977495670319e-03
0.000000000000000000e+00 3.928866703063249588e-03
0.000000000000000000e+00 3.955347929149866104e-03
0.000000000000000000e+00 3.958624321967363358e-03
0.000000000000000000e+00 3.969521261751651764e-03
0.000000000000000000e+00 3.975009080022573471e-03
0.000000000000000000e+00 4.029532428830862045e-03
0.000000000000000000e+00 4.041329026222229004e-03
0.000000000000000000e+00 4.078218247741460800e-03
0.000000000000000000e+00 4.085671622306108475e-03
0.000000000000000000e+00 4.102081526070833206e-03
0.000000000000000000e+00 4.112620837986469269e-03
0.000000000000000000e+00 4.149200860410928726e-03
0.000000000000000000e+00 4.156345501542091370e-03
0.000000000000000000e+00 4.183313343673944473e-03
0.000000000000000000e+00 4.184838850051164627e-03
0.000000000000000000e+00 4.193695727735757828e-03
0.000000000000000000e+00 4.295235034078359604e-03
0.000000000000000000e+00 4.375807009637355804e-03
0.000000000000000000e+00 4.383733961731195450e-03
0.000000000000000000e+00 4.408976063132286072e-03
0.000000000000000000e+00 4.426847677677869797e-03
0.000000000000000000e+00 4.497748799622058868e-03
0.000000000000000000e+00 4.528792109340429306e-03
0.000000000000000000e+00 4.530019126832485199e-03
0.000000000000000000e+00 4.552531521767377853e-03
0.000000000000000000e+00 4.625831265002489090e-03
0.000000000000000000e+00 4.676947370171546936e-03
0.000000000000000000e+00 4.688399378210306168e-03
0.000000000000000000e+00 4.693665541708469391e-03
0.000000000000000000e+00 4.707368090748786926e-03
0.000000000000000000e+00 4.713515285402536392e-03
0.000000000000000000e+00 4.773287102580070496e-03
0.000000000000000000e+00 4.784310702234506607e-03
0.000000000000000000e+00 4.787807352840900421e-03
0.000000000000000000e+00 4.801151342689990997e-03
0.000000000000000000e+00 4.835325758904218674e-03
0.000000000000000000e+00 4.841519985347986221e-03
0.000000000000000000e+00 4.874948877841234207e-03
0.000000000000000000e+00 4.945633467286825180e-03
0.000000000000000000e+00 5.042194854468107224e-03
0.000000000000000000e+00 5.181013606488704681e-03
0.000000000000000000e+00 5.239387508481740952e-03
0.000000000000000000e+00 5.298665724694728851e-03
0.000000000000000000e+00 5.348435603082180023e-03
0.000000000000000000e+00 5.391254089772701263e-03
0.000000000000000000e+00 5.409230478107929230e-03
0.000000000000000000e+00 5.423079710453748703e-03
0.000000000000000000e+00 5.435455124825239182e-03
0.000000000000000000e+00 5.488840863108634949e-03
0.000000000000000000e+00 5.561343859881162643e-03
0.000000000000000000e+00 5.585021339356899261e-03
0.000000000000000000e+00 5.589496809989213943e-03
0.000000000000000000e+00 5.643280688673257828e-03
0.000000000000000000e+00 5.653209984302520752e-03
0.000000000000000000e+00 5.666196346282958984e-03
0.000000000000000000e+00 5.702035501599311829e-03
0.000000000000000000e+00 5.790798924863338470e-03
0.000000000000000000e+00 5.814604461193084717e-03
0.000000000000000000e+00 5.822491366416215897e-03
0.000000000000000000e+00 5.848201457411050797e-03
0.000000000000000000e+00 5.856674164533615112e-03
0.000000000000000000e+00 5.919640418142080307e-03
0.000000000000000000e+00 5.924825556576251984e-03
0.000000000000000000e+00 5.968153942376375198e-03
0.000000000000000000e+00 6.001068279147148132e-03
0.000000000000000000e+00 6.113055627793073654e-03
0.000000000000000000e+00 6.143527105450630188e-03
0.000000000000000000e+00 6.165729835629463196e-03
0.000000000000000000e+00 6.183419376611709595e-03
0.000000000000000000e+00 6.253972649574279785e-03
0.000000000000000000e+00 6.273191422224044800e-03
0.000000000000000000e+00 6.302417255938053131e-03
0.000000000000000000e+00 6.355181336402893066e-03
0.000000000000000000e+00 6.373557262122631073e-03
0.000000000000000000e+00 6.373723037540912628e-03
0.000000000000000000e+00 6.402431987226009369e-03
0.000000000000000000e+00 6.505709607154130936e-03
0.000000000000000000e+00 6.509835366159677505e-03
0.000000000000000000e+00 6.526289042085409164e-03
0.000000000000000000e+00 6.542181596159934998e-03
0.000000000000000000e+00 6.546489894390106201e-03
0.000000000000000000e+00 6.626031361520290375e-03
0.000000000000000000e+00 6.654712371528148651e-03
0.000000000000000000e+00 6.661071442067623138e-03
0.000000000000000000e+00 6.768492050468921661e-03
0.000000000000000000e+00 6.780715193599462509e-03
0.000000000000000000e+00 6.790000479668378830e-03
0.000000000000000000e+00 6.933619733899831772e-03
0.000000000000000000e+00 6.936989724636077881e-03
0.000000000000000000e+00 6.945581175386905670e-03
0.000000000000000000e+00 6.967801600694656372e-03
0.000000000000000000e+00 7.016296498477458954e-03
0.000000000000000000e+00 7.036068476736545563e-03
0.000000000000000000e+00 7.098203990608453751e-03
0.000000000000000000e+00 7.100948132574558258e-03
0.000000000000000000e+00 7.121163420379161835e-03
0.000000000000000000e+00 7.180745247751474380e-03
0.000000000000000000e+00 7.200431078672409058e-03
0.000000000000000000e+00 7.214533630758523941e-03
0.000000000000000000e+00 7.242733146995306015e-03
0.000000000000000000e+00 7.243319414556026459e-03
0.000000000000000000e+00 7.251420523971319199e-03
0.000000000000000000e+00 7.266557775437831879e-03
0.000000000000000000e+00 7.288516033440828323e-03
0.000000000000000000e+00 7.317686919122934341e-03
0.000000000000000000e+00 7.327714003622531891e-03
0.000000000000000000e+00 7.335095666348934174e-03
0.000000000000000000e+00 7.372613064944744110e-03
0.000000000000000000e+00 7.395435590296983719e-03
0.000000000000000000e+00 7.421101909130811691e-03
0.000000000000000000e+00 7.475771009922027588e-03
0.000000000000000000e+00 7.504193112254142761e-03
0.000000000000000000e+00 7.536159362643957138e-03
0.000000000000000000e+00 7.555961608886718750e-03
0.000000000000000000e+00 7.573339156806468964e-03
0.000000000000000000e+00 7.618263829499483109e-03
0.000000000000000000e+00 7.633924018591642380e-03
0.000000000000000000e+00 7.680565584450960159e-03
0.000000000000000000e+00 7.693671155720949173e-03
0.000000000000000000e+00 7.752196863293647766e-03
0.000000000000000000e+00 7.805996108800172806e-03
0.000000000000000000e+00 7.841263897716999054e-03
0.000000000000000000e+00 7.853361777961254120e-03
0.000000000000000000e+00 7.879595272243022919e-03
0.000000000000000000e+00 7.885933853685855865e-03
0.000000000000000000e+00 7.910936139523983002e-03
0.000000000000000000e+00 7.911064662039279938e-03
0.000000000000000000e+00 7.918265648186206818e-03
0.000000000000000000e+00 7.949131540954113007e-03
0.000000000000000000e+00 7.972924038767814636e-03
0.000000000000000000e+00 8.015566505491733551e-03
0.000000000000000000e+00 8.015861734747886658e-03
0.000000000000000000e+00 8.049835450947284698e-03
0.000000000000000000e+00 8.054876700043678284e-03
0.000000000000000000e+00 8.076870813965797424e-03
0.000000000000000000e+00 8.079078979790210724e-03
0.000000000000000000e+00 8.129916153848171234e-03
0.000000000000000000e+00 8.143970742821693420e-03
0.000000000000000000e+00 8.153784088790416718e-03
0.000000000000000000e+00 8.158453740179538727e-03
0.000000000000000000e+00 8.195678703486919403e-03
0.000000000000000000e+00 8.225154131650924683e-03
0.000000000000000000e+00 8.261568844318389893e-03
0.000000000000000000e+00 8.267642930150032043e-03
0.000000000000000000e+00 8.289209567010402679e-03
0.000000000000000000e+00 8.347087539732456207e-03
0.000000000000000000e+00 8.347691036760807037e-03
0.000000000000000000e+00 8.369210176169872284e-03
0.000000000000000000e+00 8.386600762605667114e-03
0.000000000000000000e+00 8.408276364207267761e-03
0.000000000000000000e+00 8.420789614319801331e-03
0.000000000000000000e+00 8.439389057457447052e-03
0.000000000000000000e+00 8.465695194900035858e-03
0.000000000000000000e+00 8.476783521473407745e-03
0.000000000000000000e+00 8.504168130457401276e-03
0.000000000000000000e+00 8.565812371671199799e-03
0.000000000000000000e+00 8.593092672526836395e-03
0.000000000000000000e+00 8.623515255749225616e-03
0.000000000000000000e+00 8.625671267509460449e-03
0.000000000000000000e+00 8.643609471619129181e-03
0.000000000000000000e+00 8.672979660332202911e-03
0.000000000000000000e+00 8.673531934618949890e-03
0.000000000000000000e+00 8.677949197590351105e-03
0.000000000000000000e+00 8.772033266723155975e-03
0.000000000000000000e+00 8.820218965411186218e-03
0.000000000000000000e+00 8.824511431157588959e-03
0.000000000000000000e+00 8.844228461384773254e-03
0.000000000000000000e+00 8.847131393849849701e-03
0.000000000000000000e+00 8.878037333488464355e-03
0.000000000000000000e+00 8.878770284354686737e-03
0.000000000000000000e+00 8.882467634975910187e-03
0.000000000000000000e+00 8.934164419770240784e-03
0.000000000000000000e+00 8.938910439610481262e-03
0.000000000000000000e+00 8.968291804194450378e-03
0.000000000000000000e+00 9.002741426229476929e-03
0.000000000000000000e+00 9.034476242959499359e-03
0.000000000000000000e+00 9.042330086231231689e-03
0.000000000000000000e+00 9.060206823050975800e-03
0.000000000000000000e+00 9.101170115172863007e-03
0.000000000000000000e+00 9.130188263952732086e-03
0.000000000000000000e+00 9.133744053542613983e-03
0.000000000000000000e+00 9.143952280282974243e-03
0.000000000000000000e+00 9.179570712149143219e-03
0.000000000000000000e+00 9.202943183481693268e-03
0.000000000000000000e+00 9.280547499656677246e-03
0.000000000000000000e+00 9.292141534388065338e-03
0.000000000000000000e+00 9.299964644014835358e-03
0.000000000000000000e+00 9.319845587015151978e-03
0.000000000000000000e+00 9.339551441371440887e-03
0.000000000000000000e+00 9.398539550602436066e-03
0.000000000000000000e+00 9.403365664184093475e-03
0.000000000000000000e+00 9.404410608112812042e-03
0.000000000000000000e+00 9.409801103174686432e-03
0.000000000000000000e+00 9.462935850024223328e-03
0.000000000000000000e+00 9.475817903876304626e-03
0.000000000000000000e+00 9.513560682535171509e-03
0.000000000000000000e+00 9.517595171928405762e-03
0.000000000000000000e+00 9.534904733300209045e-03
0.000000000000000000e+00 9.542590938508510590e-03
0.000000000000000000e+00 9.588165208697319031e-03
0.000000000000000000e+00 9.625247679650783539e-03
0.000000000000000000e+00 9.644985198974609375e-03
0.000000000000000000e+00 9.651637636125087738e-03
0.000000000000000000e+00 9.651687927544116974e-03
0.000000000000000000e+00 9.700613096356391907e-03
0.000000000000000000e+00 9.811969473958015442e-03
0.000000000000000000e+00 9.818795137107372284e-03
0.000000000000000000e+00 9.831160306930541992e-03
0.000000000000000000e+00 9.886602871119976044e-03
0.000000000000000000e+00 9.944975376129150391e-03
0.000000000000000000e+00 9.958915412425994873e-03
0.000000000000000000e+00 1.001579407602548599e-02
0.000000000000000000e+00 1.002460252493619919e-02
0.000000000000000000e+00 1.006235647946596146e-02
0.000000000000000000e+00 1.007768418639898300e-02
0.000000000000000000e+00 1.007887348532676697e-02
0.000000000000000000e+00 1.012617070227861404e-02
0.000000000000000000e+00 1.016372907906770706e-02
0.000000000000000000e+00 1.016864553093910217e-02
0.000000000000000000e+00 1.019474957138299942e-02
0.000000000000000000e+00 1.020557433366775513e-02
0.000000000000000000e+00 1.020699087530374527e-02
0.000000000000000000e+00 1.024982985109090805e-02
0.000000000000000000e+00 1.025352906435728073e-02
0.000000000000000000e+00 1.036138925701379776e-02
0.000000000000000000e+00 1.036384608596563339e-02
0.000000000000000000e+00 1.038398686796426773e-02
0.000000000000000000e+00 1.038443483412265778e-02
0.000000000000000000e+00 1.039544865489006042e-02
0.000000000000000000e+00 1.044789422303438187e-02
0.000000000000000000e+00 1.050363853573799133e-02
0.000000000000000000e+00 1.050468813627958298e-02
0.000000000000000000e+00 1.050682924687862396e-02
0.000000000000000000e+00 1.054976321756839752e-02
0.000000000000000000e+00 1.059357915073633194e-02
0.000000000000000000e+00 1.063245534896850586e-02
0.000000000000000000e+00 1.066543720662593842e-02
0.000000000000000000e+00 1.068073324859142303e-02
0.000000000000000000e+00 1.068939082324504852e-02
0.000000000000000000e+00 1.070686243474483490e-02
0.000000000000000000e+00 1.072659343481063843e-02
0.000000000000000000e+00 1.077855378389358521e-02
0.000000000000000000e+00 1.080553140491247177e-02
0.000000000000000000e+00 1.082144677639007568e-02
0.000000000000000000e+00 1.086277514696121216e-02
0.000000000000000000e+00 1.093207858502864838e-02
0.000000000000000000e+00 1.097195688635110855e-02
0.000000000000000000e+00 1.101513765752315521e-02
0.000000000000000000e+00 1.102210860699415207e-02
0.000000000000000000e+00 1.107847504317760468e-02
0.000000000000000000e+00 1.113197021186351776e-02
0.000000000000000000e+00 1.113575231283903122e-02
0.000000000000000000e+00 1.118171773850917816e-02
0.000000000000000000e+00 1.121038291603326797e-02
0.000000000000000000e+00 1.123991794884204865e-02
0.000000000000000000e+00 1.129025314003229141e-02
0.000000000000000000e+00 1.142591610550880432e-02
0.000000000000000000e+00 1.150784641504287720e-02
0.000000000000000000e+00 1.155631989240646362e-02
0.000000000000000000e+00 1.156439073383808136e-02
0.000000000000000000e+00 1.161536015570163727e-02
0.000000000000000000e+00 1.168091781437397003e-02
0.000000000000000000e+00 1.179992221295833588e-02
0.000000000000000000e+00 1.186045352369546890e-02
0.000000000000000000e+00 1.188780367374420166e-02
0.000000000000000000e+00 1.189004629850387573e-02
0.000000000000000000e+00 1.198579743504524231e-02
0.000000000000000000e+00 1.209129393100738525e-02
0.000000000000000000e+00 1.210198551416397095e-02
0.000000000000000000e+00 1.212592888623476028e-02
0.000000000000000000e+00 1.212912332266569138e-02
0.000000000000000000e+00 1.213606726378202438e-02
0.000000000000000000e+00 1.214233506470918655e-02
0.000000000000000000e+00 1.214484684169292450e-02
0.000000000000000000e+00 1.216111332178115845e-02
0.000000000000000000e+00 1.216337177902460098e-02
0.000000000000000000e+00 1.216420345008373260e-02
0.000000000000000000e+00 1.216735877096652985e-02
0.000000000000000000e+00 1.219083555042743683e-02
0.000000000000000000e+00 1.225455664098262787e-02
0.000000000000000000e+00 1.233287714421749115e-02
0.000000000000000000e+00 1.234276685863733292e-02
0.000000000000000000e+00 1.237165089696645737e-02
0.000000000000000000e+00 1.239675376564264297e-02
0.000000000000000000e+00 1.240787189453840256e-02
0.000000000000000000e+00 1.244478859007358551e-02
0.000000000000000000e+00 1.245485153049230576e-02
0.000000000000000000e+00 1.257519517093896866e-02
0.000000000000000000e+00 1.282124873250722885e-02
0.000000000000000000e+00 1.286034379154443741e-02
0.000000000000000000e+00 1.287484914064407349e-02
0.000000000000000000e+00 1.294843666255474091e-02
0.000000000000000000e+00 1.295018848031759262e-02
0.000000000000000000e+00 1.296003069728612900e-02
0.000000000000000000e+00 1.301022805273532867e-02
0.000000000000000000e+00 1.302067842334508896e-02
0.000000000000000000e+00 1.303675584495067596e-02
0.000000000000000000e+00 1.311889383941888809e-02
0.000000000000000000e+00 1.318541541695594788e-02
0.000000000000000000e+00 1.348332781344652176e-02
0.000000000000000000e+00 1.362423785030841827e-02
0.000000000000000000e+00 1.364843081682920456e-02
0.000000000000000000e+00 1.367016229778528214e-02
0.000000000000000000e+00 1.379503216594457626e-02
0.000000000000000000e+00 1.388969644904136658e-02
0.000000000000000000e+00 1.390566397458314896e-02
0.000000000000000000e+00 1.392090506851673126e-02
0.000000000000000000e+00 1.407495420426130295e-02
0.000000000000000000e+00 1.427503675222396851e-02
0.000000000000000000e+00 1.433173660188913345e-02
0.000000000000000000e+00 1.441793702542781830e-02
0.000000000000000000e+00 1.445888448506593704e-02
0.000000000000000000e+00 1.454602461308240891e-02
0.000000000000000000e+00 1.456463988870382309e-02
0.000000000000000000e+00 1.457686908543109894e-02
0.000000000000000000e+00 1.462561450898647308e-02
0.000000000000000000e+00 1.465374417603015900e-02
0.000000000000000000e+00 1.474538259208202362e-02
0.000000000000000000e+00 1.481393817812204361e-02
0.000000000000000000e+00 1.482145395129919052e-02
0.000000000000000000e+00 1.484618522226810455e-02
0.000000000000000000e+00 1.485734339803457260e-02
0.000000000000000000e+00 1.489140000194311142e-02
0.000000000000000000e+00 1.495427172631025314e-02
0.000000000000000000e+00 1.505088061094284058e-02
0.000000000000000000e+00 1.508119050413370132e-02
0.000000000000000000e+00 1.511964201927185059e-02
0.000000000000000000e+00 1.512924954295158386e-02
0.000000000000000000e+00 1.516201160848140717e-02
0.000000000000000000e+00 1.516911294311285019e-02
0.000000000000000000e+00 1.525983586907386780e-02
0.000000000000000000e+00 1.527774706482887268e-02
0.000000000000000000e+00 1.541740633547306061e-02
0.000000000000000000e+00 1.545883622020483017e-02
0.000000000000000000e+00 1.559215225279331207e-02
0.000000000000000000e+00 1.560484804213047028e-02
0.000000000000000000e+00 1.570877432823181152e-02
0.000000000000000000e+00 1.572082564234733582e-02
0.000000000000000000e+00 1.581257581710815430e-02
0.000000000000000000e+00 1.585289277136325836e-02
0.000000000000000000e+00 1.590068824589252472e-02
0.000000000000000000e+00 1.606813073158264160e-02
0.000000000000000000e+00 1.606964319944381714e-02
0.000000000000000000e+00 1.609153486788272858e-02
0.000000000000000000e+00 1.610252633690834045e-02
0.000000000000000000e+00 1.610858924686908722e-02
0.000000000000000000e+00 1.614423282444477081e-02
0.000000000000000000e+00 1.648287847638130188e-02
0.000000000000000000e+00 1.666398905217647552e-02
0.000000000000000000e+00 1.678273081779479980e-02
0.000000000000000000e+00 1.683693751692771912e-02
0.000000000000000000e+00 1.684677042067050934e-02
0.000000000000000000e+00 1.700306683778762817e-02
0.000000000000000000e+00 1.708030886948108673e-02
0.000000000000000000e+00 1.711974851787090302e-02
0.000000000000000000e+00 1.717981882393360138e-02
0.000000000000000000e+00 1.734763011336326599e-02
0.000000000000000000e+00 1.738095656037330627e-02
0.000000000000000000e+00 1.743751019239425659e-02
0.000000000000000000e+00 1.746670715510845184e-02
0.000000000000000000e+00 1.751309074461460114e-02
0.000000000000000000e+00 1.757492683827877045e-02
0.000000000000000000e+00 1.777168363332748413e-02
0.000000000000000000e+00 1.777835935354232788e-02
0.000000000000000000e+00 1.778803579509258270e-02
0.000000000000000000e+00 1.781822368502616882e-02
0.000000000000000000e+00 1.782059855759143829e-02
0.000000000000000000e+00 1.809298805892467499e-02
0.000000000000000000e+00 1.827341131865978241e-02
0.000000000000000000e+00 1.829322613775730133e-02
0.000000000000000000e+00 1.848589815199375153e-02
0.000000000000000000e+00 1.853623613715171814e-02
0.000000000000000000e+00 1.868936792016029358e-02
0.000000000000000000e+00 1.899022795259952545e-02
0.000000000000000000e+00 1.903631351888179779e-02
0.000000000000000000e+00 1.906037703156471252e-02
0.000000000000000000e+00 1.922124810516834259e-02
0.000000000000000000e+00 1.944838650524616241e-02
0.000000000000000000e+00 1.946475729346275330e-02
0.000000000000000000e+00 1.983660086989402771e-02
0.000000000000000000e+00 1.991637982428073883e-02
0.000000000000000000e+00 1.994409970939159393e-02
0.000000000000000000e+00 2.011851221323013306e-02
0.000000000000000000e+00 2.022173441946506500e-02
0.000000000000000000e+00 2.090016752481460571e-02
0.000000000000000000e+00 2.216483280062675476e-02
0.000000000000000000e+00 2.239967510104179382e-02
0.000000000000000000e+00 2.301895245909690857e-02
0.000000000000000000e+00 2.340707369148731232e-02
0.000000000000000000e+00 2.404523827135562897e-02
0.000000000000000000e+00 2.406164258718490601e-02
0.000000000000000000e+00 2.412702143192291260e-02
0.000000000000000000e+00 2.477018535137176514e-02
0.000000000000000000e+00 2.549433149397373199e-02
0.000000000000000000e+00 2.658744342625141144e-02
0.000000000000000000e+00 2.697359211742877960e-02
0.000000000000000000e+00 2.706175483763217926e-02
0.000000000000000000e+00 2.786814980208873749e-02
0.000000000000000000e+00 2.837609127163887024e-02
0.000000000000000000e+00 2.951394952833652496e-02
0.000000000000000000e+00 3.062402456998825073e-02
0.000000000000000000e+00 6.435514688491821289e-01
0.000000000000000000e+00 7.382828593254089355e-01
