9.365136176347732544e-02 9.433536976575851440e-02
8.002101629972457886e-02 8.087043464183807373e-02
7.759354263544082642e-02 8.526663482189178467e-02
7.143442332744598389e-02 8.317203819751739502e-02
6.652243435382843018e-02 6.704226881265640259e-02
6.649731844663619995e-02 7.532487809658050537e-02
6.578564643859863281e-02 7.086376845836639404e-02
6.326497346162796021e-02 6.818231195211410522e-02
6.206682696938514709e-02 6.232479587197303772e-02
6.159592047333717346e-02 6.865143030881881714e-02
6.018765270709991455e-02 6.461580842733383179e-02
5.702663958072662354e-02 6.141445785760879517e-02
5.675240606069564819e-02 6.891787052154541016e-02
5.664066597819328308e-02 6.225768476724624634e-02
5.522936582565307617e-02 5.800974369049072266e-02
5.449045822024345398e-02 6.040883436799049377e-02
5.434734374284744263e-02 5.648441612720489502e-02
5.392353236675262451e-02 6.199665367603302002e-02
5.329809710383415222e-02 6.353262066841125488e-02
5.328377708792686462e-02 8.033930510282516479e-02
5.287743732333183289e-02 5.624875798821449280e-02
5.258614197373390198e-02 5.705766007304191589e-02
5.203771591186523438e-02 5.385210365056991577e-02
5.136814340949058533e-02 5.588772892951965332e-02
5.104156211018562317e-02 8.317608386278152466e-02
5.097102746367454529e-02 5.215748772025108337e-02
5.083956196904182434e-02 5.357269570231437683e-02
5.061125382781028748e-02 6.164681166410446167e-02
5.044659599661827087e-02 5.270519480109214783e-02
4.878533631563186646e-02 5.190514400601387024e-02
4.808285087347030640e-02 5.455053970217704773e-02
4.711750894784927368e-02 5.531455576419830322e-02
4.689489677548408508e-02 4.774254932999610901e-02
4.609147831797599792e-02 5.389302596449851990e-02
4.454100504517555237e-02 4.710636660456657410e-02
4.452166333794593811e-02 4.699134081602096558e-02
4.427001997828483582e-02 4.446770623326301575e-02
4.424763843417167664e-02 4.819771647453308105e-02
4.422383755445480347e-02 4.837381839752197266e-02
4.421819001436233521e-02 6.191962957382202148e-02
4.384902492165565491e-02 6.214872002601623535e-02
4.368166252970695496e-02 4.514778032898902893e-02
4.356610402464866638e-02 4.570501670241355896e-02
4.315950721502304077e-02 5.477834492921829224e-02
4.264483973383903503e-02 4.415929690003395081e-02
4.237589985132217407e-02 4.270738735795021057e-02
4.124826937913894653e-02 4.213979095220565796e-02
4.114333912730216980e-02 4.247383028268814087e-02
4.103811457753181458e-02 4.545379802584648132e-02
4.045169427990913391e-02 4.610308632254600525e-02
3.977200761437416077e-02 4.223131015896797180e-02
3.940353542566299438e-02 4.177110642194747925e-02
3.892701864242553711e-02 4.534955695271492004e-02
3.886032477021217346e-02 4.619475081562995911e-02
3.880879282951354980e-02 4.169885814189910889e-02
3.879282996058464050e-02 3.978887200355529785e-02
3.875493630766868591e-02 3.911854326725006104e-02
3.870912641286849976e-02 4.997077584266662598e-02
3.850386291742324829e-02 4.116569831967353821e-02
3.759693354368209839e-02 4.040132835507392883e-02
3.757047653198242188e-02 7.439756393432617188e-02
3.717346861958503723e-02 4.720674827694892883e-02
3.651787713170051575e-02 4.674854129552841187e-02
3.632394969463348389e-02 3.776672482490539551e-02
3.629830479621887207e-02 4.340065643191337585e-02
3.606700524687767029e-02 4.004773870110511780e-02
3.584656119346618652e-02 4.027026519179344177e-02
3.583547100424766541e-02 3.610640391707420349e-02
3.582488745450973511e-02 3.693537414073944092e-02
3.549586609005928040e-02 3.801021724939346313e-02
3.538094460964202881e-02 4.709599539637565613e-02
3.503864631056785583e-02 3.933097794651985168e-02
3.501091897487640381e-02 3.704298660159111023e-02
3.490865230560302734e-02 3.772768378257751465e-02
3.486284241080284119e-02 4.251953959465026855e-02
3.449648246169090271e-02 4.297487437725067139e-02
3.416837751865386963e-02 3.869028016924858093e-02
3.414698317646980286e-02 3.423666954040527344e-02
3.381637111306190491e-02 4.517258703708648682e-02
3.369503840804100037e-02 3.500321134924888611e-02
3.343471512198448181e-02 3.738544508814811707e-02
3.312705084681510925e-02 3.369158133864402771e-02
3.299145027995109558e-02 3.864243254065513611e-02
3.296397626399993896e-02 3.345545008778572083e-02
3.274264931678771973e-02 3.841998800635337830e-02
3.268972784280776978e-02 4.995701462030410767e-02
3.224806487560272217e-02 3.469294309616088867e-02
3.197779133915901184e-02 3.258793801069259644e-02
3.197638317942619324e-02 3.538851812481880188e-02
3.165789321064949036e-02 3.651293367147445679e-02
3.104943409562110901e-02 4.369137436151504517e-02
3.089429624378681183e-02 3.683239594101905823e-02
3.055893443524837494e-02 5.125339701771736145e-02
3.053931519389152527e-02 3.202192857861518860e-02
3.039913065731525421e-02 3.213978931307792664e-02
3.038931824266910553e-02 3.417930379509925842e-02
3.027508407831192017e-02 3.935858234763145447e-02
2.976780943572521210e-02 3.074505552649497986e-02
2.945816889405250549e-02 3.824601694941520691e-02
2.921757660806179047e-02 3.328105062246322632e-02
2.913725189864635468e-02 3.335150703787803650e-02
2.896240167319774628e-02 4.272618144750595093e-02
2.870531193912029266e-02 3.385755419731140137e-02
2.866287343204021454e-02 3.684928640723228455e-02
2.852095663547515869e-02 2.939128503203392029e-02
2.810507826507091522e-02 3.551771119236946106e-02
2.805945649743080139e-02 2.899448014795780182e-02
2.738932892680168152e-02 2.894708327949047089e-02
2.712488546967506409e-02 2.823836915194988251e-02
2.703111059963703156e-02 3.389582410454750061e-02
2.681972645223140717e-02 3.080436587333679199e-02
2.644043415784835815e-02 3.247805684804916382e-02
2.639678120613098145e-02 3.672073781490325928e-02
2.637272700667381287e-02 3.096012398600578308e-02
2.631915174424648285e-02 2.783827856183052063e-02
2.622365951538085938e-02 2.645291946828365326e-02
2.621724084019660950e-02 2.837324328720569611e-02
2.619571797549724579e-02 2.908329665660858154e-02
2.587545290589332581e-02 3.369364887475967407e-02
2.559032849967479706e-02 2.712923660874366760e-02
2.484996989369392395e-02 2.576143294572830200e-02
2.477090246975421906e-02 3.000043705105781555e-02
2.448308467864990234e-02 3.020890429615974426e-02
2.423499152064323425e-02 2.457575500011444092e-02
2.422466687858104706e-02 3.430749848484992981e-02
2.371897548437118530e-02 2.922353893518447876e-02
2.342957444489002228e-02 2.462092973291873932e-02
2.245841547846794128e-02 2.615374326705932617e-02
2.208446338772773743e-02 2.261521294713020325e-02
2.204435691237449646e-02 2.377472072839736938e-02
2.146372199058532715e-02 2.258059941232204437e-02
2.146365307271480560e-02 2.485020458698272705e-02
2.145322225987911224e-02 2.248543128371238708e-02
2.144789136946201324e-02 2.239821292459964752e-02
2.043042145669460297e-02 2.064590528607368469e-02
2.004413865506649017e-02 2.040462009608745575e-02
2.001230791211128235e-02 2.063996903598308563e-02
1.980576664209365845e-02 2.129708789288997650e-02
1.978087052702903748e-02 2.031007595360279083e-02
1.968853548169136047e-02 2.580422908067703247e-02
1.937625370919704437e-02 2.426762320101261139e-02
1.917156018316745758e-02 1.925575733184814453e-02
1.848014816641807556e-02 1.941093988716602325e-02
1.828345283865928650e-02 2.031303197145462036e-02
1.812039688229560852e-02 2.151911146938800812e-02
1.809702254831790924e-02 2.144613116979598999e-02
1.781093701720237732e-02 2.080027200281620026e-02
1.776429265737533569e-02 1.802611164748668671e-02
1.658151485025882721e-02 2.168170921504497528e-02
1.645311526954174042e-02 1.851716078817844391e-02
1.599764265120029449e-02 1.985738053917884827e-02
1.591701619327068329e-02 1.929504796862602234e-02
1.578268781304359436e-02 1.589255779981613159e-02
1.487459987401962280e-02 1.744749210774898529e-02
1.453090272843837738e-02 1.477766875177621841e-02
1.436206325888633728e-02 1.590963453054428101e-02
1.426359731703996658e-02 1.525441277772188187e-02
1.414821855723857880e-02 1.607037708163261414e-02
1.401485316455364227e-02 1.459765899926424026e-02
1.392393466085195541e-02 1.675984635949134827e-02
1.389293279498815536e-02 1.467845588922500610e-02
1.373519282788038254e-02 1.727399230003356934e-02
1.358816958963871002e-02 1.371264643967151642e-02
1.332782581448554993e-02 1.357327308505773544e-02
1.328268460929393768e-02 1.597815193235874176e-02
1.321517862379550934e-02 1.500406581908464432e-02
1.290446612983942032e-02 1.508377119898796082e-02
1.121443603187799454e-02 1.143353618681430817e-02
9.554471820592880249e-03 1.145523879677057266e-02
9.143644012510776520e-03 9.810764342546463013e-03
6.195468828082084656e-03 6.422757636755704880e-03
5.001342389732599258e-03 5.736743565648794174e-03
