0.000000000000000000e+00 8.787233382463455200e-04
0.000000000000000000e+00 1.546874875202775002e-03
0.000000000000000000e+00 1.774971606209874153e-03
0.000000000000000000e+00 1.806927379220724106e-03
0.000000000000000000e+00 2.030199393630027771e-03
0.000000000000000000e+00 2.089274581521749496e-03
0.000000000000000000e+00 2.254570834338665009e-03
0.000000000000000000e+00 2.311428310349583626e-03
0.000000000000000000e+00 2.397117670625448227e-03
0.000000000000000000e+00 2.449779538437724113e-03
0.000000000000000000e+00 2.521605463698506355e-03
0.000000000000000000e+00 2.609248971566557884e-03
0.000000000000000000e+00 2.637585857883095741e-03
0.000000000000000000e+00 3.203809726983308792e-03
0.000000000000000000e+00 3.288958920165896416e-03
0.000000000000000000e+00 3.359681228175759315e-03
0.000000000000000000e+00 3.361661918461322784e-03
0.000000000000000000e+00 3.540773177519440651e-03
0.000000000000000000e+00 3.600523108616471291e-03
0.000000000000000000e+00 3.665344556793570518e-03
0.000000000000000000e+00 4.064145497977733612e-03
0.000000000000000000e+00 4.153724294155836105e-03
0.000000000000000000e+00 4.221003968268632889e-03
0.000000000000000000e+00 4.262430593371391296e-03
0.000000000000000000e+00 4.278725944459438324e-03
0.000000000000000000e+00 4.288699477910995483e-03
0.000000000000000000e+00 4.405439831316471100e-03
0.000000000000000000e+00 4.496261943131685257e-03
0.000000000000000000e+00 4.554623272269964218e-03
0.000000000000000000e+00 4.643263760954141617e-03
0.000000000000000000e+00 4.840010311454534531e-03
0.000000000000000000e+00 4.882735665887594223e-03
0.000000000000000000e+00 5.023112054914236069e-03
0.000000000000000000e+00 5.068919155746698380e-03
0.000000000000000000e+00 5.371649283915758133e-03
0.000000000000000000e+00 5.522467661648988724e-03
0.000000000000000000e+00 5.525172222405672073e-03
0.000000000000000000e+00 5.572074092924594879e-03
0.000000000000000000e+00 5.657903384417295456e-03
0.000000000000000000e+00 5.705459974706172943e-03
0.000000000000000000e+00 5.734609905630350113e-03
0.000000000000000000e+00 5.780038423836231232e-03
0.000000000000000000e+00 5.882026161998510361e-03
0.000000000000000000e+00 5.943158641457557678e-03
0.000000000000000000e+00 5.967672448605298996e-03
0.000000000000000000e+00 6.123487837612628937e-03
0.000000000000000000e+00 6.178231444209814072e-03
0.000000000000000000e+00 6.216510199010372162e-03
0.000000000000000000e+00 6.324180867522954941e-03
0.000000000000000000e+00 6.396154873073101044e-03
0.000000000000000000e+00 6.445779465138912201e-03
0.000000000000000000e+00 6.453210487961769104e-03
0.000000000000000000e+00 6.506782025098800659e-03
0.000000000000000000e+00 6.514937616884708405e-03
0.000000000000000000e+00 6.572650279849767685e-03
0.000000000000000000e+00 6.598350126296281815e-03
0.000000000000000000e+00 6.606607232242822647e-03
0.000000000000000000e+00 6.641731597483158112e-03
0.000000000000000000e+00 6.704899948090314865e-03
0.000000000000000000e+00 6.763529498130083084e-03
0.000000000000000000e+00 6.972745992243289948e-03
0.000000000000000000e+00 7.098602596670389175e-03
0.000000000000000000e+00 7.193453144282102585e-03
0.000000000000000000e+00 7.226411253213882446e-03
0.000000000000000000e+00 7.446222007274627686e-03
0.000000000000000000e+00 7.594814989715814590e-03
0.000000000000000000e+00 7.650447078049182892e-03
0.000000000000000000e+00 7.668987847864627838e-03
0.000000000000000000e+00 7.706549484282732010e-03
0.000000000000000000e+00 8.176445960998535156e-03
0.000000000000000000e+00 8.221239782869815826e-03
0.000000000000000000e+00 8.223458193242549896e-03
0.000000000000000000e+00 8.236918598413467407e-03
0.000000000000000000e+00 8.246687240898609161e-03
0.000000000000000000e+00 8.280826732516288757e-03
0.000000000000000000e+00 8.294262923300266266e-03
0.000000000000000000e+00 8.315342478454113007e-03
0.000000000000000000e+00 8.668499998748302460e-03
0.000000000000000000e+00 8.777488954365253448e-03
0.000000000000000000e+00 9.033198468387126923e-03
0.000000000000000000e+00 9.113962762057781219e-03
0.000000000000000000e+00 9.319854900240898132e-03
0.000000000000000000e+00 9.406476281583309174e-03
0.000000000000000000e+00 9.626401588320732117e-03
0.000000000000000000e+00 9.666560217738151550e-03
0.000000000000000000e+00 9.703917428851127625e-03
0.000000000000000000e+00 9.757836349308490753e-03
0.000000000000000000e+00 9.788375347852706909e-03
0.000000000000000000e+00 9.831454604864120483e-03
0.000000000000000000e+00 1.000991929322481155e-02
0.000000000000000000e+00 1.018855720758438110e-02
0.000000000000000000e+00 1.022576261311769485e-02
0.000000000000000000e+00 1.027490664273500443e-02
0.000000000000000000e+00 1.028966996818780899e-02
0.000000000000000000e+00 1.029624044895172119e-02
0.000000000000000000e+00 1.032984256744384766e-02
0.000000000000000000e+00 1.037491112947463989e-02
0.000000000000000000e+00 1.040119118988513947e-02
0.000000000000000000e+00 1.045190729200839996e-02
0.000000000000000000e+00 1.045929919928312302e-02
0.000000000000000000e+00 1.053956709802150726e-02
0.000000000000000000e+00 1.058041118085384369e-02
0.000000000000000000e+00 1.069068536162376404e-02
0.000000000000000000e+00 1.069432310760021210e-02
0.000000000000000000e+00 1.076004281640052795e-02
0.000000000000000000e+00 1.085953693836927414e-02
0.000000000000000000e+00 1.088093500584363937e-02
0.000000000000000000e+00 1.096077263355255127e-02
0.000000000000000000e+00 1.099093537777662277e-02
0.000000000000000000e+00 1.100086048245429993e-02
0.000000000000000000e+00 1.100694108754396439e-02
0.000000000000000000e+00 1.105355750769376755e-02
0.000000000000000000e+00 1.109631638973951340e-02
0.000000000000000000e+00 1.125479582697153091e-02
0.000000000000000000e+00 1.131477672606706619e-02
0.000000000000000000e+00 1.133977901190519333e-02
0.000000000000000000e+00 1.138768997043371201e-02
0.000000000000000000e+00 1.143149752169847488e-02
0.000000000000000000e+00 1.145498920232057571e-02
0.000000000000000000e+00 1.150054670870304108e-02
0.000000000000000000e+00 1.153552718460559845e-02
0.000000000000000000e+00 1.159514579921960831e-02
0.000000000000000000e+00 1.161116827279329300e-02
0.000000000000000000e+00 1.162011455744504929e-02
0.000000000000000000e+00 1.164216548204421997e-02
0.000000000000000000e+00 1.177598256617784500e-02
0.000000000000000000e+00 1.181801594793796539e-02
0.000000000000000000e+00 1.187671720981597900e-02
0.000000000000000000e+00 1.195154339075088501e-02
0.000000000000000000e+00 1.195769663900136948e-02
0.000000000000000000e+00 1.197823323309421539e-02
0.000000000000000000e+00 1.199510227888822556e-02
0.000000000000000000e+00 1.201056968420743942e-02
0.000000000000000000e+00 1.201674062758684158e-02
0.000000000000000000e+00 1.212120614945888519e-02
0.000000000000000000e+00 1.219103671610355377e-02
0.000000000000000000e+00 1.226803660392761230e-02
0.000000000000000000e+00 1.228439714759588242e-02
0.000000000000000000e+00 1.236563082784414291e-02
0.000000000000000000e+00 1.243228372186422348e-02
0.000000000000000000e+00 1.247596647590398788e-02
0.000000000000000000e+00 1.251101680099964142e-02
0.000000000000000000e+00 1.259193476289510727e-02
0.000000000000000000e+00 1.261829305440187454e-02
0.000000000000000000e+00 1.266673021018505096e-02
0.000000000000000000e+00 1.270447485148906708e-02
0.000000000000000000e+00 1.279930304735898972e-02
0.000000000000000000e+00 1.290964614599943161e-02
0.000000000000000000e+00 1.291289459913969040e-02
0.000000000000000000e+00 1.295687258243560791e-02
0.000000000000000000e+00 1.303442474454641342e-02
0.000000000000000000e+00 1.308249961584806442e-02
0.000000000000000000e+00 1.311186514794826508e-02
0.000000000000000000e+00 1.312040351331233978e-02
0.000000000000000000e+00 1.314252987504005432e-02
0.000000000000000000e+00 1.326506491750478745e-02
0.000000000000000000e+00 1.350124552845954895e-02
0.000000000000000000e+00 1.354225352406501770e-02
0.000000000000000000e+00 1.357568986713886261e-02
0.000000000000000000e+00 1.369336992502212524e-02
0.000000000000000000e+00 1.370593346655368805e-02
0.000000000000000000e+00 1.371212024241685867e-02
0.000000000000000000e+00 1.372073590755462646e-02
0.000000000000000000e+00 1.374837383627891541e-02
0.000000000000000000e+00 1.379917468875646591e-02
0.000000000000000000e+00 1.386273745447397232e-02
0.000000000000000000e+00 1.389089971780776978e-02
0.000000000000000000e+00 1.424309052526950836e-02
0.000000000000000000e+00 1.436509937047958374e-02
0.000000000000000000e+00 1.442548818886280060e-02
0.000000000000000000e+00 1.445019990205764771e-02
0.000000000000000000e+00 1.448469888418912888e-02
0.000000000000000000e+00 1.449869479984045029e-02
0.000000000000000000e+00 1.459593605250120163e-02
0.000000000000000000e+00 1.461501885205507278e-02
0.000000000000000000e+00 1.462906133383512497e-02
0.000000000000000000e+00 1.469830051064491272e-02
0.000000000000000000e+00 1.470947917550802231e-02
0.000000000000000000e+00 1.474507432430982590e-02
0.000000000000000000e+00 1.492501050233840942e-02
0.000000000000000000e+00 1.494043972343206406e-02
0.000000000000000000e+00 1.494516339153051376e-02
0.000000000000000000e+00 1.500754803419113159e-02
0.000000000000000000e+00 1.522494107484817505e-02
0.000000000000000000e+00 1.525025628507137299e-02
0.000000000000000000e+00 1.530882157385349274e-02
0.000000000000000000e+00 1.537005137652158737e-02
0.000000000000000000e+00 1.539810374379158020e-02
0.000000000000000000e+00 1.544156856834888458e-02
0.000000000000000000e+00 1.548446994274854660e-02
0.000000000000000000e+00 1.553861424326896667e-02
0.000000000000000000e+00 1.553880702704191208e-02
0.000000000000000000e+00 1.554716750979423523e-02
0.000000000000000000e+00 1.556667592376470566e-02
0.000000000000000000e+00 1.558644697070121765e-02
0.000000000000000000e+00 1.560851372778415680e-02
0.000000000000000000e+00 1.571154966950416565e-02
0.000000000000000000e+00 1.573183387517929077e-02
0.000000000000000000e+00 1.574791781604290009e-02
0.000000000000000000e+00 1.584937609732151031e-02
0.000000000000000000e+00 1.608475670218467712e-02
0.000000000000000000e+00 1.617297157645225525e-02
0.000000000000000000e+00 1.626209728419780731e-02
0.000000000000000000e+00 1.636432856321334839e-02
0.000000000000000000e+00 1.636883988976478577e-02
0.000000000000000000e+00 1.637868396937847137e-02
0.000000000000000000e+00 1.638210192322731018e-02
0.000000000000000000e+00 1.638295128941535950e-02
0.000000000000000000e+00 1.640676148235797882e-02
0.000000000000000000e+00 1.642792671918869019e-02
0.000000000000000000e+00 1.658065989613533020e-02
0.000000000000000000e+00 1.659882254898548126e-02
0.000000000000000000e+00 1.675486192107200623e-02
0.000000000000000000e+00 1.678743585944175720e-02
0.000000000000000000e+00 1.693050004541873932e-02
0.000000000000000000e+00 1.701731793582439423e-02
0.000000000000000000e+00 1.701861433684825897e-02
0.000000000000000000e+00 1.703311689198017120e-02
0.000000000000000000e+00 1.704542152583599091e-02
0.000000000000000000e+00 1.712307333946228027e-02
0.000000000000000000e+00 1.714910380542278290e-02
0.000000000000000000e+00 1.716399379074573517e-02
0.000000000000000000e+00 1.721914671361446381e-02
0.000000000000000000e+00 1.723714731633663177e-02
0.000000000000000000e+00 1.729199662804603577e-02
0.000000000000000000e+00 1.735715568065643311e-02
0.000000000000000000e+00 1.737134531140327454e-02
0.000000000000000000e+00 1.738505251705646515e-02
0.000000000000000000e+00 1.738754287362098694e-02
0.000000000000000000e+00 1.739095523953437805e-02
0.000000000000000000e+00 1.745232008397579193e-02
0.000000000000000000e+00 1.749702915549278259e-02
0.000000000000000000e+00 1.749779097735881805e-02
0.000000000000000000e+00 1.752353087067604065e-02
0.000000000000000000e+00 1.757699623703956604e-02
0.000000000000000000e+00 1.759534701704978943e-02
0.000000000000000000e+00 1.765868626534938812e-02
0.000000000000000000e+00 1.767046563327312469e-02
0.000000000000000000e+00 1.767523586750030518e-02
0.000000000000000000e+00 1.769105531275272369e-02
0.000000000000000000e+00 1.779649965465068817e-02
0.000000000000000000e+00 1.781923323869705200e-02
0.000000000000000000e+00 1.783728413283824921e-02
0.000000000000000000e+00 1.784666068851947784e-02
0.000000000000000000e+00 1.785053871572017670e-02
0.000000000000000000e+00 1.792947947978973389e-02
0.000000000000000000e+00 1.798443682491779327e-02
0.000000000000000000e+00 1.803178898990154266e-02
0.000000000000000000e+00 1.805970445275306702e-02
0.000000000000000000e+00 1.807338185608386993e-02
0.000000000000000000e+00 1.807920262217521667e-02
0.000000000000000000e+00 1.808864995837211609e-02
0.000000000000000000e+00 1.814711093902587891e-02
0.000000000000000000e+00 1.814746856689453125e-02
0.000000000000000000e+00 1.820585131645202637e-02
0.000000000000000000e+00 1.838500984013080597e-02
0.000000000000000000e+00 1.841893605887889862e-02
0.000000000000000000e+00 1.849396154284477234e-02
0.000000000000000000e+00 1.851381175220012665e-02
0.000000000000000000e+00 1.852868124842643738e-02
0.000000000000000000e+00 1.855072006583213806e-02
0.000000000000000000e+00 1.857480406761169434e-02
0.000000000000000000e+00 1.861812174320220947e-02
0.000000000000000000e+00 1.870648935437202454e-02
0.000000000000000000e+00 1.871150918304920197e-02
0.000000000000000000e+00 1.871291361749172211e-02
0.000000000000000000e+00 1.872589439153671265e-02
0.000000000000000000e+00 1.883961260318756104e-02
0.000000000000000000e+00 1.900344900786876678e-02
0.000000000000000000e+00 1.900462061166763306e-02
0.000000000000000000e+00 1.908105611801147461e-02
0.000000000000000000e+00 1.909482665359973907e-02
0.000000000000000000e+00 1.918189041316509247e-02
0.000000000000000000e+00 1.920294202864170074e-02
0.000000000000000000e+00 1.920463703572750092e-02
0.000000000000000000e+00 1.927812024950981140e-02
0.000000000000000000e+00 1.928818784654140472e-02
0.000000000000000000e+00 1.932724565267562866e-02
0.000000000000000000e+00 1.940148882567882538e-02
0.000000000000000000e+00 1.944023929536342621e-02
0.000000000000000000e+00 1.947033405303955078e-02
0.000000000000000000e+00 1.947780326008796692e-02
0.000000000000000000e+00 1.950424909591674805e-02
0.000000000000000000e+00 1.954331062734127045e-02
0.000000000000000000e+00 1.960010267794132233e-02
0.000000000000000000e+00 1.976856030523777008e-02
0.000000000000000000e+00 1.980347931385040283e-02
0.000000000000000000e+00 1.986349746584892273e-02
0.000000000000000000e+00 1.986730098724365234e-02
0.000000000000000000e+00 1.988148316740989685e-02
0.000000000000000000e+00 1.994538865983486176e-02
0.000000000000000000e+00 1.996201835572719574e-02
0.000000000000000000e+00 1.996738649904727936e-02
0.000000000000000000e+00 2.005241811275482178e-02
0.000000000000000000e+00 2.013269253075122833e-02
0.000000000000000000e+00 2.018731646239757538e-02
0.000000000000000000e+00 2.021772414445877075e-02
0.000000000000000000e+00 2.029076218605041504e-02
0.000000000000000000e+00 2.039787359535694122e-02
0.000000000000000000e+00 2.048337273299694061e-02
0.000000000000000000e+00 2.061028592288494110e-02
0.000000000000000000e+00 2.062186598777770996e-02
0.000000000000000000e+00 2.068538218736648560e-02
0.000000000000000000e+00 2.074882201850414276e-02
0.000000000000000000e+00 2.079532295465469360e-02
0.000000000000000000e+00 2.085834182798862457e-02
0.000000000000000000e+00 2.086238563060760498e-02
0.000000000000000000e+00 2.092333324253559113e-02
0.000000000000000000e+00 2.095416560769081116e-02
0.000000000000000000e+00 2.096362411975860596e-02
0.000000000000000000e+00 2.097420580685138702e-02
0.000000000000000000e+00 2.099829167127609253e-02
0.000000000000000000e+00 2.103478461503982544e-02
0.000000000000000000e+00 2.107180468738079071e-02
0.000000000000000000e+00 2.110030688345432281e-02
0.000000000000000000e+00 2.116467617452144623e-02
0.000000000000000000e+00 2.118970453739166260e-02
0.000000000000000000e+00 2.119114063680171967e-02
0.000000000000000000e+00 2.120861969888210297e-02
0.000000000000000000e+00 2.122483588755130768e-02
0.000000000000000000e+00 2.123540453612804413e-02
0.000000000000000000e+00 2.140146493911743164e-02
0.000000000000000000e+00 2.140329964458942413e-02
0.000000000000000000e+00 2.141326479613780975e-02
0.000000000000000000e+00 2.143568545579910278e-02
0.000000000000000000e+00 2.148472703993320465e-02
0.000000000000000000e+00 2.149218879640102386e-02
0.000000000000000000e+00 2.152802050113677979e-02
0.000000000000000000e+00 2.155515924096107483e-02
0.000000000000000000e+00 2.155925333499908447e-02
0.000000000000000000e+00 2.164832502603530884e-02
0.000000000000000000e+00 2.169938944280147552e-02
0.000000000000000000e+00 2.182036824524402618e-02
0.000000000000000000e+00 2.184348925948143005e-02
0.000000000000000000e+00 2.186362072825431824e-02
0.000000000000000000e+00 2.190206199884414673e-02
0.000000000000000000e+00 2.195475436747074127e-02
0.000000000000000000e+00 2.203570492565631866e-02
0.000000000000000000e+00 2.212084271013736725e-02
0.000000000000000000e+00 2.216903492808341980e-02
0.000000000000000000e+00 2.222721651196479797e-02
0.000000000000000000e+00 2.233453281223773956e-02
0.000000000000000000e+00 2.234547585248947144e-02
0.000000000000000000e+00 2.240820601582527161e-02
0.000000000000000000e+00 2.266300842165946960e-02
0.000000000000000000e+00 2.270003594458103180e-02
0.000000000000000000e+00 2.275691740214824677e-02
0.000000000000000000e+00 2.286587841808795929e-02
0.000000000000000000e+00 2.306251600384712219e-02
0.000000000000000000e+00 2.319583855569362640e-02
0.000000000000000000e+00 2.322888560593128204e-02
0.000000000000000000e+00 2.353397756814956665e-02
0.000000000000000000e+00 2.354203350841999054e-02
0.000000000000000000e+00 2.359614148736000061e-02
0.000000000000000000e+00 2.365458011627197266e-02
0.000000000000000000e+00 2.369048818945884705e-02
0.000000000000000000e+00 2.384100668132305145e-02
0.000000000000000000e+00 2.386498823761940002e-02
0.000000000000000000e+00 2.400581911206245422e-02
0.000000000000000000e+00 2.404635027050971985e-02
0.000000000000000000e+00 2.409552596509456635e-02
0.000000000000000000e+00 2.419723197817802429e-02
0.000000000000000000e+00 2.436609566211700439e-02
0.000000000000000000e+00 2.437343075871467590e-02
0.000000000000000000e+00 2.440631017088890076e-02
0.000000000000000000e+00 2.444458194077014923e-02
0.000000000000000000e+00 2.445567212998867035e-02
0.000000000000000000e+00 2.455171942710876465e-02
0.000000000000000000e+00 2.469069510698318481e-02
0.000000000000000000e+00 2.470940910279750824e-02
0.000000000000000000e+00 2.474353648722171783e-02
0.000000000000000000e+00 2.487829513847827911e-02
0.000000000000000000e+00 2.498504519462585449e-02
0.000000000000000000e+00 2.507364563643932343e-02
0.000000000000000000e+00 2.515261247754096985e-02
0.000000000000000000e+00 2.521053701639175415e-02
0.000000000000000000e+00 2.521959319710731506e-02
0.000000000000000000e+00 2.522771991789340973e-02
0.000000000000000000e+00 2.544714696705341339e-02
0.000000000000000000e+00 2.544863149523735046e-02
0.000000000000000000e+00 2.547756209969520569e-02
0.000000000000000000e+00 2.558713778853416443e-02
0.000000000000000000e+00 2.566470950841903687e-02
0.000000000000000000e+00 2.569118700921535492e-02
0.000000000000000000e+00 2.571052312850952148e-02
0.000000000000000000e+00 2.600893750786781311e-02
0.000000000000000000e+00 2.604106254875659943e-02
0.000000000000000000e+00 2.606285922229290009e-02
0.000000000000000000e+00 2.607998438179492950e-02
0.000000000000000000e+00 2.635608986020088196e-02
0.000000000000000000e+00 2.660581469535827637e-02
0.000000000000000000e+00 2.681037597358226776e-02
0.000000000000000000e+00 2.685096487402915955e-02
0.000000000000000000e+00 2.693216130137443542e-02
0.000000000000000000e+00 2.708547748625278473e-02
0.000000000000000000e+00 2.711543813347816467e-02
0.000000000000000000e+00 2.712601423263549805e-02
0.000000000000000000e+00 2.730134315788745880e-02
0.000000000000000000e+00 2.733024396002292633e-02
0.000000000000000000e+00 2.741250023245811462e-02
0.000000000000000000e+00 2.747112140059471130e-02
0.000000000000000000e+00 2.748819440603256226e-02
0.000000000000000000e+00 2.751016616821289062e-02
0.000000000000000000e+00 2.776159718632698059e-02
0.000000000000000000e+00 2.776739001274108887e-02
0.000000000000000000e+00 2.809930592775344849e-02
0.000000000000000000e+00 2.819674462080001831e-02
0.000000000000000000e+00 2.824673056602478027e-02
0.000000000000000000e+00 2.836359106004238129e-02
0.000000000000000000e+00 2.838556095957756042e-02
0.000000000000000000e+00 2.882305718958377838e-02
0.000000000000000000e+00 2.882795408368110657e-02
0.000000000000000000e+00 2.891480736434459686e-02
0.000000000000000000e+00 2.917318791151046753e-02
0.000000000000000000e+00 2.919984795153141022e-02
0.000000000000000000e+00 2.920565195381641388e-02
0.000000000000000000e+00 2.935099788010120392e-02
0.000000000000000000e+00 2.938086912035942078e-02
0.000000000000000000e+00 2.958139218389987946e-02
0.000000000000000000e+00 2.986290864646434784e-02
0.000000000000000000e+00 2.998000383377075195e-02
0.000000000000000000e+00 3.002044558525085449e-02
0.000000000000000000e+00 3.007186949253082275e-02
0.000000000000000000e+00 3.009980916976928711e-02
0.000000000000000000e+00 3.016976825892925262e-02
0.000000000000000000e+00 3.031077235937118530e-02
0.000000000000000000e+00 3.065033815801143646e-02
0.000000000000000000e+00 3.072553128004074097e-02
0.000000000000000000e+00 3.076501190662384033e-02
0.000000000000000000e+00 3.077092394232749939e-02
0.000000000000000000e+00 3.084820881485939026e-02
0.000000000000000000e+00 3.100247681140899658e-02
0.000000000000000000e+00 3.107508830726146698e-02
0.000000000000000000e+00 3.115335479378700256e-02
0.000000000000000000e+00 3.134647756814956665e-02
0.000000000000000000e+00 3.146935999393463135e-02
0.000000000000000000e+00 3.167740628123283386e-02
0.000000000000000000e+00 3.186061605811119080e-02
0.000000000000000000e+00 3.189402073621749878e-02
0.000000000000000000e+00 3.190417587757110596e-02
0.000000000000000000e+00 3.191125020384788513e-02
0.000000000000000000e+00 3.205627575516700745e-02
0.000000000000000000e+00 3.218991681933403015e-02
0.000000000000000000e+00 3.241753950715065002e-02
0.000000000000000000e+00 3.250089660286903381e-02
0.000000000000000000e+00 3.255012631416320801e-02
0.000000000000000000e+00 3.261084854602813721e-02
0.000000000000000000e+00 3.264670819044113159e-02
0.000000000000000000e+00 3.270661458373069763e-02
0.000000000000000000e+00 3.271294012665748596e-02
0.000000000000000000e+00 3.280193358659744263e-02
0.000000000000000000e+00 3.339045122265815735e-02
0.000000000000000000e+00 3.352312371134757996e-02
0.000000000000000000e+00 3.373569995164871216e-02
0.000000000000000000e+00 3.379232436418533325e-02
0.000000000000000000e+00 3.390152379870414734e-02
0.000000000000000000e+00 3.394679352641105652e-02
0.000000000000000000e+00 3.402291238307952881e-02
0.000000000000000000e+00 3.402898088097572327e-02
0.000000000000000000e+00 3.455416113138198853e-02
0.000000000000000000e+00 3.468171134591102600e-02
0.000000000000000000e+00 3.491030633449554443e-02
0.000000000000000000e+00 3.491896390914916992e-02
0.000000000000000000e+00 3.499945998191833496e-02
0.000000000000000000e+00 3.552391007542610168e-02
0.000000000000000000e+00 3.579367697238922119e-02
0.000000000000000000e+00 3.589455783367156982e-02
0.000000000000000000e+00 3.624897822737693787e-02
0.000000000000000000e+00 3.669542446732521057e-02
0.000000000000000000e+00 3.671235591173171997e-02
0.000000000000000000e+00 3.711668401956558228e-02
0.000000000000000000e+00 3.737356141209602356e-02
0.000000000000000000e+00 3.748458251357078552e-02
0.000000000000000000e+00 3.786340355873107910e-02
0.000000000000000000e+00 3.901387006044387817e-02
0.000000000000000000e+00 3.950200229883193970e-02
0.000000000000000000e+00 4.004307836294174194e-02
0.000000000000000000e+00 4.047902673482894897e-02
0.000000000000000000e+00 4.131396859884262085e-02
0.000000000000000000e+00 4.136324673891067505e-02
0.000000000000000000e+00 4.260491207242012024e-02
0.000000000000000000e+00 4.290904849767684937e-02
0.000000000000000000e+00 4.402516782283782959e-02
0.000000000000000000e+00 4.405460506677627563e-02
0.000000000000000000e+00 4.413806647062301636e-02
0.000000000000000000e+00 4.446090757846832275e-02
0.000000000000000000e+00 4.536978155374526978e-02
0.000000000000000000e+00 4.693481698632240295e-02
0.000000000000000000e+00 4.756550490856170654e-02
0.000000000000000000e+00 4.758515581488609314e-02
0.000000000000000000e+00 4.810341447591781616e-02
0.000000000000000000e+00 5.046302825212478638e-02
0.000000000000000000e+00 5.251386761665344238e-02
0.000000000000000000e+00 5.391950160264968872e-02
0.000000000000000000e+00 5.741279944777488708e-02
0.000000000000000000e+00 5.876907706260681152e-02
0.000000000000000000e+00 7.516574114561080933e-02
0.000000000000000000e+00 1.065373942255973816e-01
0.000000000000000000e+00 6.888493895530700684e-01
