3.034785762429237366e-02 3.078338503837585449e-02
2.895418368279933929e-02 3.069949150085449219e-02
2.657334506511688232e-02 2.711402997374534607e-02
2.591585554182529449e-02 2.624497562646865845e-02
2.541424706578254700e-02 2.833193168044090271e-02
2.503512799739837646e-02 2.600286155939102173e-02
2.500775083899497986e-02 2.778490819036960602e-02
2.464879304170608521e-02 2.471129223704338074e-02
2.454170025885105133e-02 3.091101720929145813e-02
2.430088259279727936e-02 2.498952858150005341e-02
2.339738607406616211e-02 2.540032565593719482e-02
2.336431667208671570e-02 2.442922070622444153e-02
2.303089015185832977e-02 2.340627275407314301e-02
2.286169864237308502e-02 2.403848432004451752e-02
2.278861217200756073e-02 2.422621101140975952e-02
2.271421067416667938e-02 2.302280813455581665e-02
2.266011014580726624e-02 2.672378718852996826e-02
2.258946560323238373e-02 2.371893264353275299e-02
2.250967547297477722e-02 2.626374550163745880e-02
2.220114879310131073e-02 2.225890010595321655e-02
2.211357466876506805e-02 2.546477317810058594e-02
2.194316685199737549e-02 2.862134762108325958e-02
2.187157981097698212e-02 2.607776783406734467e-02
2.182114869356155396e-02 2.554755285382270813e-02
2.166609652340412140e-02 2.490088902413845062e-02
2.130886912345886230e-02 2.270550280809402466e-02
2.106477878987789154e-02 2.321786619722843170e-02
2.094809710979461670e-02 2.488608844578266144e-02
2.078132703900337219e-02 2.136160433292388916e-02
2.064333483576774597e-02 2.257431671023368835e-02
2.030376717448234558e-02 2.155714854598045349e-02
2.022274397313594818e-02 2.083462290465831757e-02
2.018798701465129852e-02 2.035442367196083069e-02
2.018616534769535065e-02 2.335069328546524048e-02
2.006873115897178650e-02 2.142691425979137421e-02
1.984336599707603455e-02 2.010247483849525452e-02
1.979127712547779083e-02 2.375134639441967010e-02
1.969357393682003021e-02 2.222995273768901825e-02
1.963613927364349365e-02 2.112111821770668030e-02
1.959555596113204956e-02 2.029106020927429199e-02
1.950013265013694763e-02 2.242635935544967651e-02
1.946103759109973907e-02 2.075233682990074158e-02
1.930348575115203857e-02 2.280218154191970825e-02
1.930274814367294312e-02 2.306305803358554840e-02
1.924757286906242371e-02 2.059532329440116882e-02
1.922655291855335236e-02 2.194772288203239441e-02
1.915726438164710999e-02 2.011343836784362793e-02
1.915542781352996826e-02 2.371893264353275299e-02
1.902923919260501862e-02 1.985056325793266296e-02
1.889904402196407318e-02 1.980932988226413727e-02
1.865270733833312988e-02 2.399372123181819916e-02
1.864694803953170776e-02 2.625443413853645325e-02
1.828888989984989166e-02 2.136483229696750641e-02
1.818955130875110626e-02 1.960171386599540710e-02
1.811853237450122833e-02 1.980422809720039368e-02
1.806280575692653656e-02 2.086932398378849030e-02
1.805682107806205750e-02 1.947758346796035767e-02
1.789700426161289215e-02 2.387402579188346863e-02
1.788231916725635529e-02 1.968302018940448761e-02
1.785837858915328979e-02 2.006725221872329712e-02
1.765256375074386597e-02 1.950499787926673889e-02
1.743381097912788391e-02 1.895904168486595154e-02
1.742320507764816284e-02 2.050556428730487823e-02
1.730613037943840027e-02 2.500721439719200134e-02
1.719914935529232025e-02 1.935546100139617920e-02
1.695077680051326752e-02 1.862776838243007660e-02
1.693582348525524139e-02 2.238400280475616455e-02
1.689604856073856354e-02 1.968985795974731445e-02
1.688155159354209900e-02 1.903139427304267883e-02
1.681052148342132568e-02 1.857735402882099152e-02
1.673500984907150269e-02 1.729446649551391602e-02
1.667436398565769196e-02 2.110452018678188324e-02
1.640140824019908905e-02 2.006725221872329712e-02
1.636346615850925446e-02 2.047974988818168640e-02
1.584234088659286499e-02 1.613100618124008179e-02
1.566478610038757324e-02 1.674043759703636169e-02
1.564758643507957458e-02 1.655820384621620178e-02
1.563346758484840393e-02 1.586945913732051849e-02
1.546741090714931488e-02 2.469239197671413422e-02
1.542492862790822983e-02 1.584049873054027557e-02
1.529935002326965332e-02 1.806518249213695526e-02
1.527920365333557129e-02 1.587446220219135284e-02
1.467960700392723083e-02 1.737491413950920105e-02
1.463872473686933517e-02 1.830899715423583984e-02
1.449044980108737946e-02 1.619661226868629456e-02
1.437724009156227112e-02 1.446462422609329224e-02
1.433920301496982574e-02 2.024141140282154083e-02
1.411556079983711243e-02 1.541252154856920242e-02
1.402778085321187973e-02 1.427278481423854828e-02
1.390652172267436981e-02 1.402734685689210892e-02
1.381396222859621048e-02 1.482404954731464386e-02
1.376265846192836761e-02 1.897898130118846893e-02
1.372636016458272934e-02 1.375469658523797989e-02
1.366580370813608170e-02 1.490328460931777954e-02
1.365302596241235733e-02 1.366227120161056519e-02
1.361672300845384598e-02 1.793029531836509705e-02
1.353215426206588745e-02 1.656428165733814240e-02
1.334589812904596329e-02 1.723380386829376221e-02
1.329466328024864197e-02 1.407765503972768784e-02
1.325032208114862442e-02 1.566128060221672058e-02
1.317374035716056824e-02 1.607489958405494690e-02
1.316076423972845078e-02 1.506267022341489792e-02
1.315197441726922989e-02 1.519857067614793777e-02
1.302369497716426849e-02 1.350474730134010315e-02
1.284541375935077667e-02 1.541700679808855057e-02
1.281342096626758575e-02 1.614943332970142365e-02
1.277235709130764008e-02 1.513562537729740143e-02
1.275946386158466339e-02 1.438628509640693665e-02
1.258577685803174973e-02 1.634461432695388794e-02
1.249781809747219086e-02 1.541805546730756760e-02
1.231137942522764206e-02 1.766498945653438568e-02
1.230915728956460953e-02 1.614579372107982635e-02
1.217834558337926865e-02 1.373336836695671082e-02
1.215231139212846756e-02 1.234009955078363419e-02
1.215155515819787979e-02 1.266079675406217575e-02
1.204592175781726837e-02 1.619090512394905090e-02
1.182297989726066589e-02 1.587563380599021912e-02
1.181896030902862549e-02 1.201002765446901321e-02
1.172414608299732208e-02 1.490071136504411697e-02
1.146313548088073730e-02 1.289386488497257233e-02
1.135928649455308914e-02 1.155162602663040161e-02
1.132100541144609451e-02 1.338541693985462189e-02
1.122547592967748642e-02 1.207591220736503601e-02
1.119672041386365891e-02 1.209446974098682404e-02
1.117703970521688461e-02 1.954815536737442017e-02
1.114905625581741333e-02 1.180345378816127777e-02
1.097506377846002579e-02 1.289364881813526154e-02
1.091158110648393631e-02 1.326407399028539658e-02
1.082993578165769577e-02 1.193730812519788742e-02
1.080194301903247833e-02 1.306567899882793427e-02
1.077396143227815628e-02 1.645158603787422180e-02
1.071233302354812622e-02 1.082969456911087036e-02
1.061428431421518326e-02 1.366202346980571747e-02
1.055441237986087799e-02 1.108217705041170120e-02
1.052811089903116226e-02 1.227377820760011673e-02
1.026637572795152664e-02 1.054581347852945328e-02
1.017000433057546616e-02 1.054384745657444000e-02
1.006535626947879791e-02 1.057270076125860214e-02
9.996802546083927155e-03 1.100133545696735382e-02
9.861874394118785858e-03 1.002721395343542099e-02
9.846524335443973541e-03 1.231284439563751221e-02
9.537510573863983154e-03 1.234257780015468597e-02
9.417816996574401855e-03 1.373109500855207443e-02
9.387433528900146484e-03 9.614016860723495483e-03
9.372885338962078094e-03 1.230291370302438736e-02
9.344277903437614441e-03 1.007768325507640839e-02
9.194720536470413208e-03 1.053366996347904205e-02
9.047181345522403717e-03 9.607200510799884796e-03
9.008130989968776703e-03 1.249959599226713181e-02
8.898663334548473358e-03 1.034659612923860550e-02
8.753365837037563324e-03 9.654718451201915741e-03
8.639989420771598816e-03 9.156115353107452393e-03
8.600923232734203339e-03 8.941717445850372314e-03
8.542189374566078186e-03 1.024543121457099915e-02
8.438252843916416168e-03 9.890570305287837982e-03
8.282609283924102783e-03 8.621493354439735413e-03
8.184250444173812866e-03 8.231507614254951477e-03
8.168063126504421234e-03 8.175153285264968872e-03
8.148063905537128448e-03 8.244226686656475067e-03
7.890768349170684814e-03 8.816892281174659729e-03
7.864830084145069122e-03 8.496461436152458191e-03
7.678620982915163040e-03 7.934599183499813080e-03
7.519885431975126266e-03 8.676032535731792450e-03
7.519459351897239685e-03 1.042941119521856308e-02
7.472245488315820694e-03 7.967194542288780212e-03
7.430754601955413818e-03 9.358006529510021210e-03
7.390554063022136688e-03 9.117764420807361603e-03
7.371770683676004410e-03 8.035928942263126373e-03
7.274704519659280777e-03 7.423792965710163116e-03
6.943766027688980103e-03 7.963307201862335205e-03
6.924042478203773499e-03 7.690486032515764236e-03
6.890693213790655136e-03 6.980950944125652313e-03
6.871539168059825897e-03 1.092472020536661148e-02
6.544642150402069092e-03 9.831349365413188934e-03
6.415004376322031021e-03 7.794739678502082825e-03
6.414797157049179077e-03 6.722272373735904694e-03
6.394227966666221619e-03 7.503816857933998108e-03
6.232222542166709900e-03 6.401974242180585861e-03
5.809840746223926544e-03 7.794739678502082825e-03
5.742774810642004013e-03 6.530021317303180695e-03
5.667915102094411850e-03 5.906973965466022491e-03
5.591839551925659180e-03 5.786928348243236542e-03
5.183501169085502625e-03 5.603565368801355362e-03
4.924224223941564560e-03 5.225465632975101471e-03
4.913846496492624283e-03 6.191951688379049301e-03
4.638266284018754959e-03 4.677070304751396179e-03
4.628255032002925873e-03 5.048091523349285126e-03
4.460123367607593536e-03 5.083518568426370621e-03
4.441897850483655930e-03 4.990505520254373550e-03
4.386749118566513062e-03 5.620598793029785156e-03
3.684144467115402222e-03 4.412733484059572220e-03
2.744734287261962891e-03 3.145538503304123878e-03
2.433532616123557091e-03 2.596345730125904083e-03
1.927987788803875446e-03 2.008527982980012894e-03
1.584677956998348236e-03 1.719107036478817463e-03
1.460125320591032505e-03 1.488962909206748009e-03
