0.000000000000000000e+00 1.499943464295938611e-04
0.000000000000000000e+00 9.591413545422255993e-04
0.000000000000000000e+00 1.185155007988214493e-03
0.000000000000000000e+00 1.259971177205443382e-03
0.000000000000000000e+00 1.541527337394654751e-03
0.000000000000000000e+00 1.759669161401689053e-03
0.000000000000000000e+00 1.903269905596971512e-03
0.000000000000000000e+00 2.049147617071866989e-03
0.000000000000000000e+00 2.197791589424014091e-03
0.000000000000000000e+00 2.296393271535634995e-03
0.000000000000000000e+00 2.299376996234059334e-03
0.000000000000000000e+00 2.328327158465981483e-03
0.000000000000000000e+00 2.431135857477784157e-03
0.000000000000000000e+00 2.568687545135617256e-03
0.000000000000000000e+00 2.867594128474593163e-03
0.000000000000000000e+00 3.151393495500087738e-03
0.000000000000000000e+00 3.327927319332957268e-03
0.000000000000000000e+00 3.348016645759344101e-03
0.000000000000000000e+00 3.531189635396003723e-03
0.000000000000000000e+00 3.572645829990506172e-03
0.000000000000000000e+00 3.591357963159680367e-03
0.000000000000000000e+00 3.705019596964120865e-03
0.000000000000000000e+00 3.898165654391050339e-03
0.000000000000000000e+00 3.994011785835027695e-03
0.000000000000000000e+00 4.113597795367240906e-03
0.000000000000000000e+00 4.207662772387266159e-03
0.000000000000000000e+00 4.303843248635530472e-03
0.000000000000000000e+00 4.313983954489231110e-03
0.000000000000000000e+00 4.429742228239774704e-03
0.000000000000000000e+00 4.484086763113737106e-03
0.000000000000000000e+00 4.596139304339885712e-03
0.000000000000000000e+00 4.602609667927026749e-03
0.000000000000000000e+00 4.629514180123806000e-03
0.000000000000000000e+00 4.726171027868986130e-03
0.000000000000000000e+00 4.736900329589843750e-03
0.000000000000000000e+00 4.764475394040346146e-03
0.000000000000000000e+00 4.796223249286413193e-03
0.000000000000000000e+00 4.799109417945146561e-03
0.000000000000000000e+00 4.833567421883344650e-03
0.000000000000000000e+00 4.850601777434349060e-03
0.000000000000000000e+00 4.945180378854274750e-03
0.000000000000000000e+00 5.144346505403518677e-03
0.000000000000000000e+00 5.172505043447017670e-03
0.000000000000000000e+00 5.491609685122966766e-03
0.000000000000000000e+00 5.591618828475475311e-03
0.000000000000000000e+00 5.617699585855007172e-03
0.000000000000000000e+00 5.631646607071161270e-03
0.000000000000000000e+00 5.674510728567838669e-03
0.000000000000000000e+00 5.810778588056564331e-03
0.000000000000000000e+00 5.926724523305892944e-03
0.000000000000000000e+00 5.949975922703742981e-03
0.000000000000000000e+00 6.012787111103534698e-03
0.000000000000000000e+00 6.101145409047603607e-03
0.000000000000000000e+00 6.126336753368377686e-03
0.000000000000000000e+00 6.129934452474117279e-03
0.000000000000000000e+00 6.137688178569078445e-03
0.000000000000000000e+00 6.199923343956470490e-03
0.000000000000000000e+00 6.204529199749231339e-03
0.000000000000000000e+00 6.224060431122779846e-03
0.000000000000000000e+00 6.433799397200345993e-03
0.000000000000000000e+00 6.583133712410926819e-03
0.000000000000000000e+00 6.629350595176219940e-03
0.000000000000000000e+00 6.639721337705850601e-03
0.000000000000000000e+00 6.703464780002832413e-03
0.000000000000000000e+00 6.723284255713224411e-03
0.000000000000000000e+00 6.726386956870555878e-03
0.000000000000000000e+00 6.749003659933805466e-03
0.000000000000000000e+00 6.843911018222570419e-03
0.000000000000000000e+00 6.904339883476495743e-03
0.000000000000000000e+00 6.905477494001388550e-03
0.000000000000000000e+00 7.051223888993263245e-03
0.000000000000000000e+00 7.128841709345579147e-03
0.000000000000000000e+00 7.277857977896928787e-03
0.000000000000000000e+00 7.300921715795993805e-03
0.000000000000000000e+00 7.320477627217769623e-03
0.000000000000000000e+00 7.401368115097284317e-03
0.000000000000000000e+00 7.416003383696079254e-03
0.000000000000000000e+00 7.473802659660577774e-03
0.000000000000000000e+00 7.535947021096944809e-03
0.000000000000000000e+00 7.574979681521654129e-03
0.000000000000000000e+00 7.771932985633611679e-03
0.000000000000000000e+00 7.786401081830263138e-03
0.000000000000000000e+00 7.807554677128791809e-03
0.000000000000000000e+00 7.815775461494922638e-03
0.000000000000000000e+00 7.826259359717369080e-03
0.000000000000000000e+00 7.846609689295291901e-03
0.000000000000000000e+00 7.862489670515060425e-03
0.000000000000000000e+00 7.888362742960453033e-03
0.000000000000000000e+00 7.911818102002143860e-03
0.000000000000000000e+00 8.013925515115261078e-03
0.000000000000000000e+00 8.048784919083118439e-03
0.000000000000000000e+00 8.208270184695720673e-03
0.000000000000000000e+00 8.286653086543083191e-03
0.000000000000000000e+00 8.307079784572124481e-03
0.000000000000000000e+00 8.445590734481811523e-03
0.000000000000000000e+00 8.520852774381637573e-03
0.000000000000000000e+00 8.552231825888156891e-03
0.000000000000000000e+00 8.707717992365360260e-03
0.000000000000000000e+00 8.748484775424003601e-03
0.000000000000000000e+00 8.911187760531902313e-03
0.000000000000000000e+00 9.078570641577243805e-03
0.000000000000000000e+00 9.105814620852470398e-03
0.000000000000000000e+00 9.269585832953453064e-03
0.000000000000000000e+00 9.374489076435565948e-03
0.000000000000000000e+00 9.574027732014656067e-03
0.000000000000000000e+00 9.698575362563133240e-03
0.000000000000000000e+00 9.700602851808071136e-03
0.000000000000000000e+00 9.720514528453350067e-03
0.000000000000000000e+00 9.825952351093292236e-03
0.000000000000000000e+00 9.835125878453254700e-03
0.000000000000000000e+00 9.901275858283042908e-03
0.000000000000000000e+00 9.919065050780773163e-03
0.000000000000000000e+00 9.997973218560218811e-03
0.000000000000000000e+00 1.003020536154508591e-02
0.000000000000000000e+00 1.010052300989627838e-02
0.000000000000000000e+00 1.010246574878692627e-02
0.000000000000000000e+00 1.021072361618280411e-02
0.000000000000000000e+00 1.024758070707321167e-02
0.000000000000000000e+00 1.032540388405323029e-02
0.000000000000000000e+00 1.037123799324035645e-02
0.000000000000000000e+00 1.042484398931264877e-02
0.000000000000000000e+00 1.048024371266365051e-02
0.000000000000000000e+00 1.054931990802288055e-02
0.000000000000000000e+00 1.063659042119979858e-02
0.000000000000000000e+00 1.065283548086881638e-02
0.000000000000000000e+00 1.067881658673286438e-02
0.000000000000000000e+00 1.069210562855005264e-02
0.000000000000000000e+00 1.070399396121501923e-02
0.000000000000000000e+00 1.073973532766103745e-02
0.000000000000000000e+00 1.076385285705327988e-02
0.000000000000000000e+00 1.085261534899473190e-02
0.000000000000000000e+00 1.085581816732883453e-02
0.000000000000000000e+00 1.085876952856779099e-02
0.000000000000000000e+00 1.088571082800626755e-02
0.000000000000000000e+00 1.088765915483236313e-02
0.000000000000000000e+00 1.094522140920162201e-02
0.000000000000000000e+00 1.100426539778709412e-02
0.000000000000000000e+00 1.101183239370584488e-02
0.000000000000000000e+00 1.101610902696847916e-02
0.000000000000000000e+00 1.112422905862331390e-02
0.000000000000000000e+00 1.113252062350511551e-02
0.000000000000000000e+00 1.118386257439851761e-02
0.000000000000000000e+00 1.126817893236875534e-02
0.000000000000000000e+00 1.134769618511199951e-02
0.000000000000000000e+00 1.138805132359266281e-02
0.000000000000000000e+00 1.145906187593936920e-02
0.000000000000000000e+00 1.150696445256471634e-02
0.000000000000000000e+00 1.155326794832944870e-02
0.000000000000000000e+00 1.158240810036659241e-02
0.000000000000000000e+00 1.168832927942276001e-02
0.000000000000000000e+00 1.173242088407278061e-02
0.000000000000000000e+00 1.177407708019018173e-02
0.000000000000000000e+00 1.182099804282188416e-02
0.000000000000000000e+00 1.194206438958644867e-02
0.000000000000000000e+00 1.200688071548938751e-02
0.000000000000000000e+00 1.208287943154573441e-02
0.000000000000000000e+00 1.209462434053421021e-02
0.000000000000000000e+00 1.211113575845956802e-02
0.000000000000000000e+00 1.212181430310010910e-02
0.000000000000000000e+00 1.226241979748010635e-02
0.000000000000000000e+00 1.233703363686800003e-02
0.000000000000000000e+00 1.235049869865179062e-02
0.000000000000000000e+00 1.236473023891448975e-02
0.000000000000000000e+00 1.251750066876411438e-02
0.000000000000000000e+00 1.255474984645843506e-02
0.000000000000000000e+00 1.261809468269348145e-02
0.000000000000000000e+00 1.263591088354587555e-02
0.000000000000000000e+00 1.272737514227628708e-02
0.000000000000000000e+00 1.277136616408824921e-02
0.000000000000000000e+00 1.284546311944723129e-02
0.000000000000000000e+00 1.291559077799320221e-02
0.000000000000000000e+00 1.293179206550121307e-02
0.000000000000000000e+00 1.297177374362945557e-02
0.000000000000000000e+00 1.304376684129238129e-02
0.000000000000000000e+00 1.306960452347993851e-02
0.000000000000000000e+00 1.308318506926298141e-02
0.000000000000000000e+00 1.312629319727420807e-02
0.000000000000000000e+00 1.318759284913539886e-02
0.000000000000000000e+00 1.325965858995914459e-02
0.000000000000000000e+00 1.327538583427667618e-02
0.000000000000000000e+00 1.328841410577297211e-02
0.000000000000000000e+00 1.331205759197473526e-02
0.000000000000000000e+00 1.337109785526990891e-02
0.000000000000000000e+00 1.342200022190809250e-02
0.000000000000000000e+00 1.346889231353998184e-02
0.000000000000000000e+00 1.356424391269683838e-02
0.000000000000000000e+00 1.360745262354612350e-02
0.000000000000000000e+00 1.362896151840686798e-02
0.000000000000000000e+00 1.366883050650358200e-02
0.000000000000000000e+00 1.369560137391090393e-02
0.000000000000000000e+00 1.370768994092941284e-02
0.000000000000000000e+00 1.377522945404052734e-02
0.000000000000000000e+00 1.393747329711914062e-02
0.000000000000000000e+00 1.398346200585365295e-02
0.000000000000000000e+00 1.398945413529872894e-02
0.000000000000000000e+00 1.398998312652111053e-02
0.000000000000000000e+00 1.405970472842454910e-02
0.000000000000000000e+00 1.410267129540443420e-02
0.000000000000000000e+00 1.412278413772583008e-02
0.000000000000000000e+00 1.426335517317056656e-02
0.000000000000000000e+00 1.427839137613773346e-02
0.000000000000000000e+00 1.430816948413848877e-02
0.000000000000000000e+00 1.433689985424280167e-02
0.000000000000000000e+00 1.438169553875923157e-02
0.000000000000000000e+00 1.438208669424057007e-02
0.000000000000000000e+00 1.441110577434301376e-02
0.000000000000000000e+00 1.441988255828619003e-02
0.000000000000000000e+00 1.452015526592731476e-02
0.000000000000000000e+00 1.452710293233394623e-02
0.000000000000000000e+00 1.455293036997318268e-02
0.000000000000000000e+00 1.459090225398540497e-02
0.000000000000000000e+00 1.460597384721040726e-02
0.000000000000000000e+00 1.460969820618629456e-02
0.000000000000000000e+00 1.469227578490972519e-02
0.000000000000000000e+00 1.481452491134405136e-02
0.000000000000000000e+00 1.489699538797140121e-02
0.000000000000000000e+00 1.489779818803071976e-02
0.000000000000000000e+00 1.491280272603034973e-02
0.000000000000000000e+00 1.499384269118309021e-02
0.000000000000000000e+00 1.502184942364692688e-02
0.000000000000000000e+00 1.517010293900966644e-02
0.000000000000000000e+00 1.518648490309715271e-02
0.000000000000000000e+00 1.527238730341196060e-02
0.000000000000000000e+00 1.534757856279611588e-02
0.000000000000000000e+00 1.538057718425989151e-02
0.000000000000000000e+00 1.548883598297834396e-02
0.000000000000000000e+00 1.552027650177478790e-02
0.000000000000000000e+00 1.554413605481386185e-02
0.000000000000000000e+00 1.554555445909500122e-02
0.000000000000000000e+00 1.562408637255430222e-02
0.000000000000000000e+00 1.563147269189357758e-02
0.000000000000000000e+00 1.564506441354751587e-02
0.000000000000000000e+00 1.566233113408088684e-02
0.000000000000000000e+00 1.572658866643905640e-02
0.000000000000000000e+00 1.572787575423717499e-02
0.000000000000000000e+00 1.576294004917144775e-02
0.000000000000000000e+00 1.576441526412963867e-02
0.000000000000000000e+00 1.577535644173622131e-02
0.000000000000000000e+00 1.579203642904758453e-02
0.000000000000000000e+00 1.590900123119354248e-02
0.000000000000000000e+00 1.594400592148303986e-02
0.000000000000000000e+00 1.595243811607360840e-02
0.000000000000000000e+00 1.602553389966487885e-02
0.000000000000000000e+00 1.608767546713352203e-02
0.000000000000000000e+00 1.613317988812923431e-02
0.000000000000000000e+00 1.614393852651119232e-02
0.000000000000000000e+00 1.614625751972198486e-02
0.000000000000000000e+00 1.621673256158828735e-02
0.000000000000000000e+00 1.622978970408439636e-02
0.000000000000000000e+00 1.624724455177783966e-02
0.000000000000000000e+00 1.633821800351142883e-02
0.000000000000000000e+00 1.635240949690341949e-02
0.000000000000000000e+00 1.640185341238975525e-02
0.000000000000000000e+00 1.651209406554698944e-02
0.000000000000000000e+00 1.661673374474048615e-02
0.000000000000000000e+00 1.686410233378410339e-02
0.000000000000000000e+00 1.687859743833541870e-02
0.000000000000000000e+00 1.703697256743907928e-02
0.000000000000000000e+00 1.707507111132144928e-02
0.000000000000000000e+00 1.709197834134101868e-02
0.000000000000000000e+00 1.712659746408462524e-02
0.000000000000000000e+00 1.716145128011703491e-02
0.000000000000000000e+00 1.723822019994258881e-02
0.000000000000000000e+00 1.725418493151664734e-02
0.000000000000000000e+00 1.729801297187805176e-02
0.000000000000000000e+00 1.730748079717159271e-02
0.000000000000000000e+00 1.732562482357025146e-02
0.000000000000000000e+00 1.735264994204044342e-02
0.000000000000000000e+00 1.744744926691055298e-02
0.000000000000000000e+00 1.752503775060176849e-02
0.000000000000000000e+00 1.753434911370277405e-02
0.000000000000000000e+00 1.754518225789070129e-02
0.000000000000000000e+00 1.757274195551872253e-02
0.000000000000000000e+00 1.771426387131214142e-02
0.000000000000000000e+00 1.774029433727264404e-02
0.000000000000000000e+00 1.776306331157684326e-02
0.000000000000000000e+00 1.780414767563343048e-02
0.000000000000000000e+00 1.780899800360202789e-02
0.000000000000000000e+00 1.790341176092624664e-02
0.000000000000000000e+00 1.792100444436073303e-02
0.000000000000000000e+00 1.798588410019874573e-02
0.000000000000000000e+00 1.798982918262481689e-02
0.000000000000000000e+00 1.802792772650718689e-02
0.000000000000000000e+00 1.806581206619739532e-02
0.000000000000000000e+00 1.808604411780834198e-02
0.000000000000000000e+00 1.818571612238883972e-02
0.000000000000000000e+00 1.826984062790870667e-02
0.000000000000000000e+00 1.828408613801002502e-02
0.000000000000000000e+00 1.833417266607284546e-02
0.000000000000000000e+00 1.844518072903156281e-02
0.000000000000000000e+00 1.858057081699371338e-02
0.000000000000000000e+00 1.868087984621524811e-02
0.000000000000000000e+00 1.869874261319637299e-02
0.000000000000000000e+00 1.873126626014709473e-02
0.000000000000000000e+00 1.878662034869194031e-02
0.000000000000000000e+00 1.879797317087650299e-02
0.000000000000000000e+00 1.881371252238750458e-02
0.000000000000000000e+00 1.901711523532867432e-02
0.000000000000000000e+00 1.905128918588161469e-02
0.000000000000000000e+00 1.909838616847991943e-02
0.000000000000000000e+00 1.919368840754032135e-02
0.000000000000000000e+00 1.923003420233726501e-02
0.000000000000000000e+00 1.936496980488300323e-02
0.000000000000000000e+00 1.941363327205181122e-02
0.000000000000000000e+00 1.945227943360805511e-02
0.000000000000000000e+00 1.960327103734016418e-02
0.000000000000000000e+00 1.968086883425712585e-02
0.000000000000000000e+00 1.969205215573310852e-02
0.000000000000000000e+00 1.974899321794509888e-02
0.000000000000000000e+00 1.985472626984119415e-02
0.000000000000000000e+00 1.987262070178985596e-02
0.000000000000000000e+00 1.997226476669311523e-02
0.000000000000000000e+00 1.998542249202728271e-02
0.000000000000000000e+00 1.999966800212860107e-02
0.000000000000000000e+00 2.002370916306972504e-02
0.000000000000000000e+00 2.003383450210094452e-02
0.000000000000000000e+00 2.025802433490753174e-02
0.000000000000000000e+00 2.027085795998573303e-02
0.000000000000000000e+00 2.042239904403686523e-02
0.000000000000000000e+00 2.045370452105998993e-02
0.000000000000000000e+00 2.047129906713962555e-02
0.000000000000000000e+00 2.047427557408809662e-02
0.000000000000000000e+00 2.054613456130027771e-02
0.000000000000000000e+00 2.058926783502101898e-02
0.000000000000000000e+00 2.059103362262248993e-02
0.000000000000000000e+00 2.059999480843544006e-02
0.000000000000000000e+00 2.063378132879734039e-02
0.000000000000000000e+00 2.070173993706703186e-02
0.000000000000000000e+00 2.071032486855983734e-02
0.000000000000000000e+00 2.072534710168838501e-02
0.000000000000000000e+00 2.072685956954956055e-02
0.000000000000000000e+00 2.076764032244682312e-02
0.000000000000000000e+00 2.081183716654777527e-02
0.000000000000000000e+00 2.086895145475864410e-02
0.000000000000000000e+00 2.088561840355396271e-02
0.000000000000000000e+00 2.096572332084178925e-02
0.000000000000000000e+00 2.103703096508979797e-02
0.000000000000000000e+00 2.109248936176300049e-02
0.000000000000000000e+00 2.118807099759578705e-02
0.000000000000000000e+00 2.126811258494853973e-02
0.000000000000000000e+00 2.128941565752029419e-02
0.000000000000000000e+00 2.131708525121212006e-02
0.000000000000000000e+00 2.142630703747272491e-02
0.000000000000000000e+00 2.156513370573520660e-02
0.000000000000000000e+00 2.176834084093570709e-02
0.000000000000000000e+00 2.181633934378623962e-02
0.000000000000000000e+00 2.187882550060749054e-02
0.000000000000000000e+00 2.193975634872913361e-02
0.000000000000000000e+00 2.196598425507545471e-02
0.000000000000000000e+00 2.197590470314025879e-02
0.000000000000000000e+00 2.207444049417972565e-02
0.000000000000000000e+00 2.213166654109954834e-02
0.000000000000000000e+00 2.225350029766559601e-02
0.000000000000000000e+00 2.233663760125637054e-02
0.000000000000000000e+00 2.241777256131172180e-02
0.000000000000000000e+00 2.243493124842643738e-02
0.000000000000000000e+00 2.244599908590316772e-02
0.000000000000000000e+00 2.246017381548881531e-02
0.000000000000000000e+00 2.251642942428588867e-02
0.000000000000000000e+00 2.251717820763587952e-02
0.000000000000000000e+00 2.254837378859519958e-02
0.000000000000000000e+00 2.255574613809585571e-02
0.000000000000000000e+00 2.265838719904422760e-02
0.000000000000000000e+00 2.268488705158233643e-02
0.000000000000000000e+00 2.275885455310344696e-02
0.000000000000000000e+00 2.276727557182312012e-02
0.000000000000000000e+00 2.285390719771385193e-02
0.000000000000000000e+00 2.308773063123226166e-02
0.000000000000000000e+00 2.310325577855110168e-02
0.000000000000000000e+00 2.314785867929458618e-02
0.000000000000000000e+00 2.315047010779380798e-02
0.000000000000000000e+00 2.316060103476047516e-02
0.000000000000000000e+00 2.322989888489246368e-02
0.000000000000000000e+00 2.328001148998737335e-02
0.000000000000000000e+00 2.332652173936367035e-02
0.000000000000000000e+00 2.334207110106945038e-02
0.000000000000000000e+00 2.334780804812908173e-02
0.000000000000000000e+00 2.344958297908306122e-02
0.000000000000000000e+00 2.356383576989173889e-02
0.000000000000000000e+00 2.362397499382495880e-02
0.000000000000000000e+00 2.385536395013332367e-02
0.000000000000000000e+00 2.388164028525352478e-02
0.000000000000000000e+00 2.413464151322841644e-02
0.000000000000000000e+00 2.435846813023090363e-02
0.000000000000000000e+00 2.445326559245586395e-02
0.000000000000000000e+00 2.468821406364440918e-02
0.000000000000000000e+00 2.492155693471431732e-02
0.000000000000000000e+00 2.497369237244129181e-02
0.000000000000000000e+00 2.504850924015045166e-02
0.000000000000000000e+00 2.538240514695644379e-02
0.000000000000000000e+00 2.544421330094337463e-02
0.000000000000000000e+00 2.577619440853595734e-02
0.000000000000000000e+00 2.588403970003128052e-02
0.000000000000000000e+00 2.611589804291725159e-02
0.000000000000000000e+00 2.631811425089836121e-02
0.000000000000000000e+00 2.633985504508018494e-02
0.000000000000000000e+00 2.641739509999752045e-02
0.000000000000000000e+00 2.657320909202098846e-02
0.000000000000000000e+00 2.662115357816219330e-02
0.000000000000000000e+00 2.677533216774463654e-02
0.000000000000000000e+00 2.699255384504795074e-02
0.000000000000000000e+00 2.703749015927314758e-02
0.000000000000000000e+00 2.788525447249412537e-02
0.000000000000000000e+00 2.815481647849082947e-02
0.000000000000000000e+00 2.816330082714557648e-02
0.000000000000000000e+00 2.822313271462917328e-02
0.000000000000000000e+00 2.838653326034545898e-02
0.000000000000000000e+00 2.848547510802745819e-02
0.000000000000000000e+00 2.854051627218723297e-02
0.000000000000000000e+00 2.862634509801864624e-02
0.000000000000000000e+00 2.875755541026592255e-02
0.000000000000000000e+00 2.915492281317710876e-02
0.000000000000000000e+00 2.917512506246566772e-02
0.000000000000000000e+00 2.948915585875511169e-02
0.000000000000000000e+00 2.967315912246704102e-02
0.000000000000000000e+00 2.979124151170253754e-02
0.000000000000000000e+00 2.982656657695770264e-02
0.000000000000000000e+00 2.987981773912906647e-02
0.000000000000000000e+00 2.992123551666736603e-02
0.000000000000000000e+00 3.003103286027908325e-02
0.000000000000000000e+00 3.003864362835884094e-02
0.000000000000000000e+00 3.024544194340705872e-02
0.000000000000000000e+00 3.027711994946002960e-02
0.000000000000000000e+00 3.030963428318500519e-02
0.000000000000000000e+00 3.053996339440345764e-02
0.000000000000000000e+00 3.065769374370574951e-02
0.000000000000000000e+00 3.117976710200309753e-02
0.000000000000000000e+00 3.127813339233398438e-02
0.000000000000000000e+00 3.138459101319313049e-02
0.000000000000000000e+00 3.162005916237831116e-02
0.000000000000000000e+00 3.164274245500564575e-02
0.000000000000000000e+00 3.165770694613456726e-02
0.000000000000000000e+00 3.168723732233047485e-02
0.000000000000000000e+00 3.217187523841857910e-02
0.000000000000000000e+00 3.222659975290298462e-02
0.000000000000000000e+00 3.223177418112754822e-02
0.000000000000000000e+00 3.258903324604034424e-02
0.000000000000000000e+00 3.264805302023887634e-02
0.000000000000000000e+00 3.265307843685150146e-02
0.000000000000000000e+00 3.266921639442443848e-02
0.000000000000000000e+00 3.295957669615745544e-02
0.000000000000000000e+00 3.307564556598663330e-02
0.000000000000000000e+00 3.328829258680343628e-02
0.000000000000000000e+00 3.334689140319824219e-02
0.000000000000000000e+00 3.343858197331428528e-02
0.000000000000000000e+00 3.350814804434776306e-02
0.000000000000000000e+00 3.371181711554527283e-02
0.000000000000000000e+00 3.411977738142013550e-02
0.000000000000000000e+00 3.445597738027572632e-02
0.000000000000000000e+00 3.470706194639205933e-02
0.000000000000000000e+00 3.475827351212501526e-02
0.000000000000000000e+00 3.484563902020454407e-02
0.000000000000000000e+00 3.491448611021041870e-02
0.000000000000000000e+00 3.495904058218002319e-02
0.000000000000000000e+00 3.507605567574501038e-02
0.000000000000000000e+00 3.521431982517242432e-02
0.000000000000000000e+00 3.599051758646965027e-02
0.000000000000000000e+00 3.609587624669075012e-02
0.000000000000000000e+00 3.639902174472808838e-02
0.000000000000000000e+00 3.655908629298210144e-02
0.000000000000000000e+00 3.670028597116470337e-02
0.000000000000000000e+00 3.684440255165100098e-02
0.000000000000000000e+00 3.701047971844673157e-02
0.000000000000000000e+00 3.748242557048797607e-02
0.000000000000000000e+00 3.766072541475296021e-02
0.000000000000000000e+00 3.814331069588661194e-02
0.000000000000000000e+00 3.835916891694068909e-02
0.000000000000000000e+00 3.837319090962409973e-02
0.000000000000000000e+00 3.863504528999328613e-02
0.000000000000000000e+00 3.890929371118545532e-02
0.000000000000000000e+00 3.906730562448501587e-02
0.000000000000000000e+00 3.953055292367935181e-02
0.000000000000000000e+00 4.049466922879219055e-02
0.000000000000000000e+00 4.087642952799797058e-02
0.000000000000000000e+00 4.136015474796295166e-02
0.000000000000000000e+00 4.150659963488578796e-02
0.000000000000000000e+00 4.157513380050659180e-02
0.000000000000000000e+00 4.209769889712333679e-02
0.000000000000000000e+00 4.229112714529037476e-02
0.000000000000000000e+00 4.243908077478408813e-02
0.000000000000000000e+00 4.251585528254508972e-02
0.000000000000000000e+00 4.313921183347702026e-02
0.000000000000000000e+00 4.325416684150695801e-02
0.000000000000000000e+00 4.379162564873695374e-02
0.000000000000000000e+00 4.386618360877037048e-02
0.000000000000000000e+00 4.498927295207977295e-02
0.000000000000000000e+00 4.580987989902496338e-02
0.000000000000000000e+00 4.698375985026359558e-02
0.000000000000000000e+00 4.708248376846313477e-02
0.000000000000000000e+00 4.737856239080429077e-02
0.000000000000000000e+00 4.863804578781127930e-02
0.000000000000000000e+00 4.874720424413681030e-02
0.000000000000000000e+00 4.956079646944999695e-02
0.000000000000000000e+00 4.992786049842834473e-02
0.000000000000000000e+00 5.028562992811203003e-02
0.000000000000000000e+00 5.240311846137046814e-02
0.000000000000000000e+00 6.373360753059387207e-02
0.000000000000000000e+00 2.654891014099121094e-01
0.000000000000000000e+00 6.758702397346496582e-01
