6.130272522568702698e-02 6.632485985755920410e-02
5.792118981480598450e-02 6.024545803666114807e-02
5.628414452075958252e-02 6.308329105377197266e-02
5.272637307643890381e-02 5.767399817705154419e-02
5.221936106681823730e-02 5.693154782056808472e-02
5.217593908309936523e-02 6.681539118289947510e-02
5.202303081750869751e-02 5.468855053186416626e-02
5.072204396128654480e-02 5.278715118765830994e-02
4.906744137406349182e-02 5.339142680168151855e-02
4.876944795250892639e-02 5.655417591333389282e-02
4.873430356383323669e-02 5.774814635515213013e-02
4.848536476492881775e-02 5.823643133044242859e-02
4.830665141344070435e-02 5.693154782056808472e-02
4.702903702855110168e-02 4.958566278219223022e-02
4.627112299203872681e-02 5.074921622872352600e-02
4.534230008721351624e-02 4.658988863229751587e-02
4.493214562535285950e-02 4.533146321773529053e-02
4.461037367582321167e-02 4.978635534644126892e-02
4.407939314842224121e-02 5.047349631786346436e-02
4.405203089118003845e-02 4.881602525711059570e-02
4.355800151824951172e-02 5.260981619358062744e-02
4.260216653347015381e-02 4.726887494325637817e-02
4.193820804357528687e-02 4.306051880121231079e-02
4.130427166819572449e-02 4.908566921949386597e-02
4.125152155756950378e-02 4.326635971665382385e-02
4.108152911067008972e-02 4.688262939453125000e-02
4.100027680397033691e-02 4.502671584486961365e-02
4.056796431541442871e-02 4.571042582392692566e-02
4.035640507936477661e-02 4.037562757730484009e-02
4.035055637359619141e-02 4.191766306757926941e-02
4.025231674313545227e-02 6.577656418085098267e-02
3.976039588451385498e-02 3.978198394179344177e-02
3.973441198468208313e-02 4.557419195771217346e-02
3.889467194676399231e-02 4.500211402773857117e-02
3.876432776451110840e-02 4.251039400696754456e-02
3.867585584521293640e-02 4.218791797757148743e-02
3.836590424180030823e-02 4.863627627491950989e-02
3.831131756305694580e-02 3.873251378536224365e-02
3.812143579125404358e-02 3.908246755599975586e-02
3.811968117952346802e-02 5.469225347042083740e-02
3.641743212938308716e-02 3.665964677929878235e-02
3.548489511013031006e-02 5.068290606141090393e-02
3.541296720504760742e-02 3.664382919669151306e-02
3.540546819567680359e-02 3.776190429925918579e-02
3.494160622358322144e-02 3.533628210425376892e-02
3.462211787700653076e-02 4.126627370715141296e-02
3.450690954923629761e-02 5.092358216643333435e-02
3.375350311398506165e-02 4.122227057814598083e-02
3.360803052783012390e-02 3.659874573349952698e-02
3.327408432960510254e-02 4.259797930717468262e-02
3.302227705717086792e-02 3.595408052206039429e-02
3.276034444570541382e-02 3.495582565665245056e-02
3.232133761048316956e-02 4.472375288605690002e-02
3.231476619839668274e-02 4.365907236933708191e-02
3.191289305686950684e-02 3.721724078059196472e-02
3.183414041996002197e-02 4.697358980774879456e-02
3.160241991281509399e-02 3.250458836555480957e-02
3.122849389910697937e-02 3.336486220359802246e-02
3.092685900628566742e-02 3.342825174331665039e-02
3.020085394382476807e-02 3.077044710516929626e-02
3.017058968544006348e-02 3.071719408035278320e-02
3.002249822020530701e-02 4.472512006759643555e-02
3.000855818390846252e-02 3.646438196301460266e-02
2.946683019399642944e-02 3.216665610671043396e-02
2.938903495669364929e-02 3.011576272547245026e-02
2.930192649364471436e-02 3.569209948182106018e-02
2.918396517634391785e-02 3.497241437435150146e-02
2.914759144186973572e-02 3.166012093424797058e-02
2.902519330382347107e-02 3.354424610733985901e-02
2.899656072258949280e-02 4.046630486845970154e-02
2.898096479475498199e-02 3.583665937185287476e-02
2.882248163223266602e-02 2.890363335609436035e-02
2.876434288918972015e-02 3.801456838846206665e-02
2.864757925271987915e-02 2.884915843605995178e-02
2.855592407286167145e-02 3.191235661506652832e-02
2.855489030480384827e-02 3.345733880996704102e-02
2.844304777681827545e-02 3.048566170036792755e-02
2.834310941398143768e-02 4.541942477226257324e-02
2.816796302795410156e-02 3.085719235241413116e-02
2.814858965575695038e-02 3.400798887014389038e-02
2.804575301706790924e-02 3.074030019342899323e-02
2.789192460477352142e-02 3.243771195411682129e-02
2.788476273417472839e-02 2.856983989477157593e-02
2.774477377533912659e-02 3.136429563164710999e-02
2.773653715848922729e-02 2.909116260707378387e-02
2.768265642225742340e-02 3.048973158001899719e-02
2.763026207685470581e-02 3.241321817040443420e-02
2.761525288224220276e-02 2.946237660944461823e-02
2.733461000025272369e-02 2.794898301362991333e-02
2.699486911296844482e-02 3.052763640880584717e-02
2.680226974189281464e-02 3.053954057395458221e-02
2.679894492030143738e-02 3.034124337136745453e-02
2.674764767289161682e-02 2.683304622769355774e-02
2.665428444743156433e-02 2.819959446787834167e-02
2.656415104866027832e-02 3.485954925417900085e-02
2.625823952257633209e-02 5.015377700328826904e-02
2.611659094691276550e-02 3.085836209356784821e-02
2.601801604032516479e-02 2.951212786138057709e-02
2.585475891828536987e-02 3.776801750063896179e-02
2.571161463856697083e-02 2.973081357777118683e-02
2.550348080694675446e-02 2.669738791882991791e-02
2.546713128685951233e-02 2.752097696065902710e-02
2.541706152260303497e-02 2.725181914865970612e-02
2.541331760585308075e-02 3.456667065620422363e-02
2.527739293873310089e-02 2.573231235146522522e-02
2.500933408737182617e-02 2.508034370839595795e-02
2.497237361967563629e-02 3.140684962272644043e-02
2.483064867556095123e-02 2.563229389488697052e-02
2.472198568284511566e-02 2.509053051471710205e-02
2.459648810327053070e-02 2.486313693225383759e-02
2.451194263994693756e-02 2.565152011811733246e-02
2.440512739121913910e-02 2.551140636205673218e-02
2.431154809892177582e-02 2.682493627071380615e-02
2.408878691494464874e-02 2.705892547965049744e-02
2.397726662456989288e-02 2.898046374320983887e-02
2.381546795368194580e-02 2.439679764211177826e-02
2.365128882229328156e-02 2.709760889410972595e-02
2.358464710414409637e-02 2.563229389488697052e-02
2.351610921323299408e-02 2.594221383333206177e-02
2.342652529478073120e-02 2.575738728046417236e-02
2.336140163242816925e-02 2.434312552213668823e-02
2.333860471844673157e-02 2.357786893844604492e-02
2.319369465112686157e-02 2.773422747850418091e-02
2.296599000692367554e-02 2.608195506036281586e-02
2.277771569788455963e-02 2.551161311566829681e-02
2.246478199958801270e-02 2.357302606105804443e-02
2.238748408854007721e-02 2.550308778882026672e-02
2.226005308330059052e-02 2.644503302872180939e-02
2.223702520132064819e-02 3.316299244761466980e-02
2.222839929163455963e-02 2.333614416420459747e-02
2.185258269309997559e-02 2.897356078028678894e-02
2.170712314546108246e-02 2.297046221792697906e-02
2.149985544383525848e-02 2.583083510398864746e-02
2.149789966642856598e-02 2.935312315821647644e-02
2.143538370728492737e-02 2.217897027730941772e-02
2.129781059920787811e-02 2.435644343495368958e-02
2.122090011835098267e-02 2.222248353064060211e-02
2.118977904319763184e-02 2.975985594093799591e-02
2.096202783286571503e-02 2.474848181009292603e-02
2.087208256125450134e-02 2.369438670575618744e-02
2.057918719947338104e-02 2.158179134130477905e-02
2.056921087205410004e-02 2.129763551056385040e-02
2.034787274897098541e-02 2.480131573975086212e-02
2.033613249659538269e-02 2.292437106370925903e-02
2.032048068940639496e-02 2.230342663824558258e-02
2.014669962227344513e-02 2.399630472064018250e-02
1.989107020199298859e-02 2.672697044909000397e-02
1.982779055833816528e-02 2.488983422517776489e-02
1.970395445823669434e-02 2.356473915278911591e-02
1.968277059495449066e-02 2.404810301959514618e-02
1.967109926044940948e-02 2.144672162830829620e-02
1.959384605288505554e-02 2.337157167494297028e-02
1.949737779796123505e-02 2.307714894413948059e-02
1.947196386754512787e-02 2.083288691937923431e-02
1.920573972165584564e-02 3.046196326613426208e-02
1.913297735154628754e-02 2.060657553374767303e-02
1.911796070635318756e-02 2.106559090316295624e-02
1.905528269708156586e-02 2.603452280163764954e-02
1.884636469185352325e-02 2.094206027686595917e-02
1.792226731777191162e-02 2.046664990484714508e-02
1.778384484350681305e-02 1.966292224824428558e-02
1.765161380171775818e-02 1.843249984085559845e-02
1.761177182197570801e-02 2.411286346614360809e-02
1.742799766361713409e-02 1.756307110190391541e-02
1.707012765109539032e-02 1.785528101027011871e-02
1.643699035048484802e-02 1.783612556755542755e-02
1.612214557826519012e-02 1.907123439013957977e-02
1.602784357964992523e-02 1.690129749476909637e-02
1.543767750263214111e-02 1.912011392414569855e-02
1.484457869082689285e-02 1.841511949896812439e-02
1.467343978583812714e-02 1.737304404377937317e-02
1.449648011475801468e-02 1.473923679441213608e-02
1.448639016598463058e-02 1.973508298397064209e-02
1.431225333362817764e-02 1.591172255575656891e-02
1.413598749786615372e-02 1.567954942584037781e-02
1.380508020520210266e-02 1.791467517614364624e-02
1.339314132928848267e-02 1.347527280449867249e-02
1.190489530563354492e-02 1.383822597563266754e-02
8.990141563117504120e-03 9.450024925172328949e-03
8.969808928668498993e-03 9.400693699717521667e-03
8.807458914816379547e-03 9.467119351029396057e-03
7.293301168829202652e-03 8.901659399271011353e-03
4.324811045080423355e-03 5.366865545511245728e-03
2.278415020555257797e-03 2.468425314873456955e-03
