6.294882297515869141e-02 6.318473070859909058e-02
6.223281845450401306e-02 6.919670850038528442e-02
5.898164212703704834e-02 6.267319619655609131e-02
5.870649218559265137e-02 6.130671128630638123e-02
5.582470819354057312e-02 5.717509984970092773e-02
5.494660884141921997e-02 5.956638604402542114e-02
5.448587983846664429e-02 5.683220177888870239e-02
5.358069017529487610e-02 5.818824097514152527e-02
5.278781056404113770e-02 5.819765850901603699e-02
5.237883329391479492e-02 5.568370595574378967e-02
5.125324428081512451e-02 5.437305569648742676e-02
5.115721374750137329e-02 5.543119832873344421e-02
5.033555999398231506e-02 6.376742571592330933e-02
4.821562021970748901e-02 5.407069623470306396e-02
4.766293987631797791e-02 5.364406108856201172e-02
4.752590879797935486e-02 5.417181551456451416e-02
4.745861142873764038e-02 4.794714972376823425e-02
4.726511612534523010e-02 4.833089187741279602e-02
4.724382981657981873e-02 4.976239055395126343e-02
4.673308506608009338e-02 5.112366005778312683e-02
4.630389809608459473e-02 4.985323175787925720e-02
4.624633863568305969e-02 4.832785949110984802e-02
4.618655517697334290e-02 5.230029299855232239e-02
4.611112177371978760e-02 4.734256863594055176e-02
4.595953971147537231e-02 5.302530527114868164e-02
4.570904001593589783e-02 4.711719602346420288e-02
4.547873139381408691e-02 6.441877782344818115e-02
4.510644823312759399e-02 4.749333113431930542e-02
4.435978457331657410e-02 4.512282460927963257e-02
4.421281814575195312e-02 4.759557545185089111e-02
4.399052262306213379e-02 4.510651901364326477e-02
4.394189640879631042e-02 4.883180186152458191e-02
4.362572357058525085e-02 5.165560543537139893e-02
4.205954447388648987e-02 4.973545297980308533e-02
4.175066575407981873e-02 4.311473667621612549e-02
4.148093983530998230e-02 4.465875029563903809e-02
4.081061854958534241e-02 4.308242350816726685e-02
4.047935083508491516e-02 4.546028375625610352e-02
4.000932723283767700e-02 6.032849848270416260e-02
3.989592567086219788e-02 4.662846028804779053e-02
3.971257433295249939e-02 4.223182424902915955e-02
3.864861652255058289e-02 4.341294988989830017e-02
3.848534822463989258e-02 4.541394114494323730e-02
3.845940530300140381e-02 4.700170084834098816e-02
3.803283348679542542e-02 3.931176662445068359e-02
3.794400393962860107e-02 5.096742883324623108e-02
3.772788494825363159e-02 3.856671601533889771e-02
3.728695213794708252e-02 4.719235748052597046e-02
3.702584281563758850e-02 5.113565549254417419e-02
3.701796010136604309e-02 5.479017272591590881e-02
3.668591380119323730e-02 4.711719602346420288e-02
3.665919229388237000e-02 4.197685047984123230e-02
3.663291037082672119e-02 4.148497804999351501e-02
3.627202287316322327e-02 4.097337648272514343e-02
3.589688241481781006e-02 3.636707738041877747e-02
3.572000563144683838e-02 3.646272048354148865e-02
3.533975407481193542e-02 3.888223692774772644e-02
3.528786078095436096e-02 3.687744960188865662e-02
3.500665351748466492e-02 3.634917363524436951e-02
3.488583490252494812e-02 3.575536981225013733e-02
3.479875996708869934e-02 3.711412101984024048e-02
3.464810177683830261e-02 3.519334644079208374e-02
3.446883335709571838e-02 3.723125159740447998e-02
3.439564630389213562e-02 4.074132815003395081e-02
3.402007371187210083e-02 3.813616186380386353e-02
3.384722396731376648e-02 3.491590917110443115e-02
3.338498249650001526e-02 3.495099768042564392e-02
3.336836770176887512e-02 4.175395518541336060e-02
3.334327042102813721e-02 3.458697721362113953e-02
3.328858315944671631e-02 3.609042987227439880e-02
3.327980265021324158e-02 3.502375632524490356e-02
3.317663073539733887e-02 3.791368752717971802e-02
3.253653645515441895e-02 3.842243179678916931e-02
3.240157663822174072e-02 3.562911227345466614e-02
3.195639327168464661e-02 4.070922732353210449e-02
3.195312619209289551e-02 3.801359236240386963e-02
3.186573460698127747e-02 3.547410294413566589e-02
3.180723264813423157e-02 3.390265256166458130e-02
3.165338560938835144e-02 3.586275875568389893e-02
3.155517950654029846e-02 3.811941295862197876e-02
3.077474609017372131e-02 3.218905627727508545e-02
3.073814883828163147e-02 3.584178909659385681e-02
3.064069896936416626e-02 3.093457594513893127e-02
3.016345575451850891e-02 3.768245875835418701e-02
3.005175292491912842e-02 4.170116037130355835e-02
2.999593503773212433e-02 3.340710699558258057e-02
2.983336895704269409e-02 3.738747164607048035e-02
2.974384091794490814e-02 3.283604979515075684e-02
2.962427586317062378e-02 3.702344745397567749e-02
2.958465740084648132e-02 3.340233862400054932e-02
2.949276007711887360e-02 3.004899062216281891e-02
2.947232685983181000e-02 3.497035801410675049e-02
2.915277890861034393e-02 2.949560433626174927e-02
2.894058823585510254e-02 3.731690347194671631e-02
2.892455272376537323e-02 3.040213510394096375e-02
2.877902984619140625e-02 3.181296586990356445e-02
2.863353863358497620e-02 3.379219397902488708e-02
2.859872579574584961e-02 3.029542975127696991e-02
2.837887033820152283e-02 3.678230941295623779e-02
2.807886712253093719e-02 2.924966998398303986e-02
2.762940153479576111e-02 3.092968277633190155e-02
2.756902389228343964e-02 3.101811744272708893e-02
2.714929729700088501e-02 3.757926076650619507e-02
2.712976001203060150e-02 4.116846248507499695e-02
2.702250145375728607e-02 3.705575689673423767e-02
2.698722667992115021e-02 2.761521749198436737e-02
2.688018605113029480e-02 2.883920632302761078e-02
2.679031714797019958e-02 3.044974803924560547e-02
2.672224678099155426e-02 2.727254107594490051e-02
2.662478201091289520e-02 2.954087778925895691e-02
2.645011432468891144e-02 3.089701943099498749e-02
2.637533098459243774e-02 2.715829014778137207e-02
2.632885240018367767e-02 3.175321593880653381e-02
2.622691914439201355e-02 2.643859200179576874e-02
2.613851428031921387e-02 2.865512855350971222e-02
2.560055628418922424e-02 3.010323643684387207e-02
2.558168955147266388e-02 3.118737228214740753e-02
2.549908123910427094e-02 2.813179604709148407e-02
2.536274306476116180e-02 2.927934005856513977e-02
2.535498887300491333e-02 2.802706137299537659e-02
2.533177286386489868e-02 2.936943992972373962e-02
2.518383786082267761e-02 2.929899469017982483e-02
2.513987571001052856e-02 3.050817549228668213e-02
2.496312744915485382e-02 3.138572350144386292e-02
2.494709752500057220e-02 2.765185572206974030e-02
2.480282261967658997e-02 3.283871337771415710e-02
2.460841834545135498e-02 2.788573503494262695e-02
2.422702684998512268e-02 3.983121365308761597e-02
2.319120429456233978e-02 2.851516939699649811e-02
2.269733138382434845e-02 2.982193045318126678e-02
2.265395037829875946e-02 2.965040691196918488e-02
2.215595729649066925e-02 2.272629551589488983e-02
2.198780700564384460e-02 2.749436534941196442e-02
2.190289460122585297e-02 2.419835329055786133e-02
2.159393951296806335e-02 2.651260420680046082e-02
2.102836035192012787e-02 2.243811637163162231e-02
2.092202566564083099e-02 2.100498788058757782e-02
2.079764753580093384e-02 2.804203517735004425e-02
2.044275961816310883e-02 2.811964601278305054e-02
2.027107030153274536e-02 2.111811190843582153e-02
1.943388208746910095e-02 2.087126486003398895e-02
1.838587224483489990e-02 1.898173615336418152e-02
1.832177303731441498e-02 1.985576003789901733e-02
1.831786520779132843e-02 2.036604285240173340e-02
1.775104738771915436e-02 1.826584897935390472e-02
1.766921766102313995e-02 1.876573450863361359e-02
1.736101321876049042e-02 1.740131340920925140e-02
1.703373901546001434e-02 1.706330478191375732e-02
1.679541915655136108e-02 1.846442930400371552e-02
1.627495884895324707e-02 1.742590963840484619e-02
1.592906937003135681e-02 1.959880441427230835e-02
1.588485203683376312e-02 1.873420737683773041e-02
1.563328690826892853e-02 1.612724736332893372e-02
1.552665047347545624e-02 1.579035632312297821e-02
1.545998826622962952e-02 2.119469642639160156e-02
1.446500141173601151e-02 1.536624599248170853e-02
1.427456643432378769e-02 1.506607700139284134e-02
1.337905600666999817e-02 1.440062467008829117e-02
1.292733754962682724e-02 1.375664956867694855e-02
1.191229280084371567e-02 1.230692304670810699e-02
1.134408265352249146e-02 1.276154257357120514e-02
1.126036327332258224e-02 1.258146576583385468e-02
1.100311055779457092e-02 1.176498457789421082e-02
9.649322368204593658e-03 1.012463867664337158e-02
9.424827992916107178e-03 1.031030155718326569e-02
9.409442543983459473e-03 9.908503852784633636e-03
9.348947554826736450e-03 1.298157125711441040e-02
7.605365943163633347e-03 8.700822480022907257e-03
7.479682099074125290e-03 8.391973562538623810e-03
5.785171873867511749e-03 6.088809575885534286e-03
5.644415505230426788e-03 6.995397154241800308e-03
