3.723119571805000305e-02 3.813198953866958618e-02
3.220091387629508972e-02 3.366181254386901855e-02
2.644526772201061249e-02 2.658177539706230164e-02
2.592477202415466309e-02 2.802813425660133362e-02
2.528518810868263245e-02 2.744128741323947906e-02
2.399778179824352264e-02 2.481247857213020325e-02
2.386083640158176422e-02 2.471205033361911774e-02
2.373806945979595184e-02 2.720759995281696320e-02
2.130868285894393921e-02 2.308447286486625671e-02
1.979609020054340363e-02 2.241702191531658173e-02
1.915907859802246094e-02 2.147524431347846985e-02
1.889109797775745392e-02 2.027936466038227081e-02
1.880091056227684021e-02 2.060902677476406097e-02
1.704672537744045258e-02 1.735989563167095184e-02
1.699948124587535858e-02 1.762134395539760590e-02
1.554506178945302963e-02 1.558865793049335480e-02
1.546835340559482574e-02 1.590677350759506226e-02
1.486475393176078796e-02 1.539061404764652252e-02
1.361725945025682449e-02 1.452042814344167709e-02
1.334322895854711533e-02 1.481740176677703857e-02
1.225349213927984238e-02 1.234294753521680832e-02
1.122755836695432663e-02 1.151073724031448364e-02
9.739413857460021973e-03 1.023247651755809784e-02
4.451520740985870361e-03 4.524319432675838470e-03
