5.472172424197196960e-02 5.489723384380340576e-02
5.328434705734252930e-02 5.456669256091117859e-02
5.279793962836265564e-02 5.542674288153648376e-02
5.113574117422103882e-02 5.342237278819084167e-02
4.876982793211936951e-02 5.173677206039428711e-02
4.868519678711891174e-02 5.242888629436492920e-02
4.864838719367980957e-02 6.041005998849868774e-02
4.845343902707099915e-02 5.754886195063591003e-02
4.795696213841438293e-02 4.966023936867713928e-02
4.699266329407691956e-02 4.972491785883903503e-02
4.659148678183555603e-02 5.361027643084526062e-02
4.630498588085174561e-02 4.973108693957328796e-02
4.481655731797218323e-02 5.067811161279678345e-02
4.401338845491409302e-02 4.481451958417892456e-02
4.339825361967086792e-02 4.571254551410675049e-02
4.294357076287269592e-02 4.417985677719116211e-02
4.281165450811386108e-02 4.791698977351188660e-02
4.250309616327285767e-02 4.751856252551078796e-02
4.199044778943061829e-02 4.591640457510948181e-02
4.149463772773742676e-02 4.176526516675949097e-02
4.008503258228302002e-02 4.260152950882911682e-02
3.973894938826560974e-02 4.354261979460716248e-02
3.972201794385910034e-02 5.809406191110610962e-02
3.956826031208038330e-02 4.062446579337120056e-02
3.938683494925498962e-02 4.026459902524948120e-02
3.934844955801963806e-02 4.143048450350761414e-02
3.932996839284896851e-02 4.495985060930252075e-02
3.904968127608299255e-02 4.179280996322631836e-02
3.881062567234039307e-02 4.166106507182121277e-02
3.830938786268234253e-02 3.979254141449928284e-02
3.812735900282859802e-02 5.101414769887924194e-02
3.788010030984878540e-02 3.823433816432952881e-02
3.770767524838447571e-02 4.178258776664733887e-02
3.723771497607231140e-02 4.280158504843711853e-02
3.703349456191062927e-02 4.177011549472808838e-02
3.701428323984146118e-02 3.931823372840881348e-02
3.688396513462066650e-02 3.761228919029235840e-02
3.639854863286018372e-02 4.242767766118049622e-02
3.638775274157524109e-02 4.182051867246627808e-02
3.636829182505607605e-02 4.681171104311943054e-02
3.566043823957443237e-02 4.245670884847640991e-02
3.558119013905525208e-02 3.596954047679901123e-02
3.549833223223686218e-02 3.824890777468681335e-02
3.524671494960784912e-02 3.603700548410415649e-02
3.521006926894187927e-02 5.417210608720779419e-02
3.516441583633422852e-02 4.149383679032325745e-02
3.482581675052642822e-02 4.392484948039054871e-02
3.450792282819747925e-02 5.487478151917457581e-02
3.432020545005798340e-02 3.854852169752120972e-02
3.428792580962181091e-02 3.669548779726028442e-02
3.420339152216911316e-02 4.157903417944908142e-02
3.420125693082809448e-02 3.925717622041702271e-02
3.399792313575744629e-02 3.964272141456604004e-02
3.342048078775405884e-02 3.560336679220199585e-02
3.315829113125801086e-02 3.827213123440742493e-02
3.308272734284400940e-02 3.669949248433113098e-02
3.305624052882194519e-02 3.453877568244934082e-02
3.304214775562286377e-02 3.438978642225265503e-02
3.302505612373352051e-02 4.037972167134284973e-02
3.274588659405708313e-02 4.544814303517341614e-02
3.205640614032745361e-02 3.838477656245231628e-02
3.199271112680435181e-02 3.534183651208877563e-02
3.189326822757720947e-02 3.571692854166030884e-02
3.171059489250183105e-02 3.497187793254852295e-02
3.150048479437828064e-02 4.202330484986305237e-02
3.126542642712593079e-02 4.039887338876724243e-02
3.117871098220348358e-02 3.555063530802726746e-02
3.116929344832897186e-02 3.691821172833442688e-02
3.072513453662395477e-02 3.270470350980758667e-02
3.067275322973728180e-02 3.273814171552658081e-02
3.064687177538871765e-02 3.401985391974449158e-02
3.020889312028884888e-02 4.322146251797676086e-02
3.013885766267776489e-02 4.612958803772926331e-02
2.993623539805412292e-02 3.426000475883483887e-02
2.980228513479232788e-02 3.188652917742729187e-02
2.959173917770385742e-02 3.281196951866149902e-02
2.948112972080707550e-02 2.965966053307056427e-02
2.928894385695457458e-02 4.025136306881904602e-02
2.926445752382278442e-02 3.161734715104103088e-02
2.904073148965835571e-02 4.266370460391044617e-02
2.896869555115699768e-02 3.045898489654064178e-02
2.894836291670799255e-02 3.128786757588386536e-02
2.888865955173969269e-02 2.910732291638851166e-02
2.867449261248111725e-02 4.560887441039085388e-02
2.843158692121505737e-02 3.490972518920898438e-02
2.836812101304531097e-02 3.187775984406471252e-02
2.823166362941265106e-02 3.971540555357933044e-02
2.809127233922481537e-02 2.841748483479022980e-02
2.788089774549007416e-02 2.830919809639453888e-02
2.786763571202754974e-02 4.085919633507728577e-02
2.782402001321315765e-02 2.905802614986896515e-02
2.772618271410465240e-02 2.853655256330966949e-02
2.768768556416034698e-02 3.639983385801315308e-02
2.762418240308761597e-02 2.840974368155002594e-02
2.755760587751865387e-02 2.911475673317909241e-02
2.731833420693874359e-02 2.919398993253707886e-02
2.726038359105587006e-02 3.407094255089759827e-02
2.723560482263565063e-02 3.039556555449962616e-02
2.708266302943229675e-02 3.011709079146385193e-02
2.687236107885837555e-02 3.510715439915657043e-02
2.680885232985019684e-02 2.962909825146198273e-02
2.658705972135066986e-02 3.247607499361038208e-02
2.616280317306518555e-02 2.794050611555576324e-02
2.565840817987918854e-02 3.057754039764404297e-02
2.532397583127021790e-02 2.575654722750186920e-02
2.509612590074539185e-02 2.525555714964866638e-02
2.506276033818721771e-02 3.173332288861274719e-02
2.485876716673374176e-02 2.718254737555980682e-02
2.468157187104225159e-02 2.545533329248428345e-02
2.466957643628120422e-02 2.912511490285396576e-02
2.465747855603694916e-02 3.029036521911621094e-02
2.424369566142559052e-02 2.574441954493522644e-02
2.405546233057975769e-02 2.841699309647083282e-02
2.398305945098400116e-02 2.419787645339965820e-02
2.363125793635845184e-02 2.512083947658538818e-02
2.357763983309268951e-02 2.707945927977561951e-02
2.309334091842174530e-02 2.415424585342407227e-02
2.308889850974082947e-02 2.700545266270637512e-02
2.305899932980537415e-02 2.315015159547328949e-02
2.278246730566024780e-02 2.405247464776039124e-02
2.226290293037891388e-02 2.552631869912147522e-02
2.225662395358085632e-02 2.405247464776039124e-02
2.213163860142230988e-02 2.260578051209449768e-02
2.206226810812950134e-02 2.570615150034427643e-02
2.190847136080265045e-02 2.513843029737472534e-02
2.171146683394908905e-02 2.419266290962696075e-02
2.167523093521595001e-02 2.207912504673004150e-02
2.146871946752071381e-02 2.621495164930820465e-02
2.130854129791259766e-02 2.476182393729686737e-02
2.129527926445007324e-02 2.255940064787864685e-02
2.096769586205482483e-02 2.944239415228366852e-02
2.088935114443302155e-02 2.514756098389625549e-02
2.064656652510166168e-02 2.793181128799915314e-02
2.019124291837215424e-02 2.075955830514431000e-02
2.007050812244415283e-02 2.576413564383983612e-02
2.001499570906162262e-02 2.385644242167472839e-02
1.968771591782569885e-02 2.278295531868934631e-02
1.955875754356384277e-02 2.205967716872692108e-02
1.952004618942737579e-02 2.188628911972045898e-02
1.889227516949176788e-02 2.231623232364654541e-02
1.857014745473861694e-02 2.049991488456726074e-02
1.850965246558189392e-02 2.229211293160915375e-02
1.840667054057121277e-02 2.191651426255702972e-02
1.830517128109931946e-02 2.209238894283771515e-02
1.828190498054027557e-02 1.998212561011314392e-02
1.800500415265560150e-02 1.882336288690567017e-02
1.782369427382946014e-02 2.058724127709865570e-02
1.780424825847148895e-02 1.794290728867053986e-02
1.775675453245639801e-02 2.197379991412162781e-02
1.771581918001174927e-02 1.864562742412090302e-02
1.764960214495658875e-02 2.099519409239292145e-02
1.758895628154277802e-02 1.813752017915248871e-02
1.748885773122310638e-02 2.013117261230945587e-02
1.742203161120414734e-02 2.335582673549652100e-02
1.736208051443099976e-02 2.461030520498752594e-02
1.708118245005607605e-02 2.317234873771667480e-02
1.698328740894794464e-02 1.701056398451328278e-02
1.697023957967758179e-02 2.254443243145942688e-02
1.696676574647426605e-02 2.023223042488098145e-02
1.694833673536777496e-02 2.476016432046890259e-02
1.683607511222362518e-02 2.139021456241607666e-02
1.683244109153747559e-02 1.956814154982566833e-02
1.667444407939910889e-02 1.858646608889102936e-02
1.661610975861549377e-02 1.933387480676174164e-02
1.658360287547111511e-02 2.493551932275295258e-02
1.648947037756443024e-02 2.019629813730716705e-02
1.640696264803409576e-02 1.985197514295578003e-02
1.629579626023769379e-02 1.646793447434902191e-02
1.599039137363433838e-02 1.658113859593868256e-02
1.586177758872509003e-02 1.875226572155952454e-02
1.546861510723829269e-02 2.050244808197021484e-02
1.540597621351480484e-02 1.970189623534679413e-02
1.446948759257793427e-02 2.146626450121402740e-02
1.445614267140626907e-02 1.639455743134021759e-02
1.430064905434846878e-02 1.456795167177915573e-02
1.400726102292537689e-02 1.583064720034599304e-02
1.360040716826915741e-02 1.653085835278034210e-02
1.335096731781959534e-02 1.759574003517627716e-02
1.323520205914974213e-02 1.382401864975690842e-02
1.289470680058002472e-02 1.960537955164909363e-02
1.267108321189880371e-02 1.384910754859447479e-02
1.257392205297946930e-02 1.385693624615669250e-02
1.217104960232973099e-02 1.498679257929325104e-02
1.203041430562734604e-02 1.689612492918968201e-02
1.195586938410997391e-02 1.477989554405212402e-02
1.137943938374519348e-02 1.205736026167869568e-02
9.932110086083412170e-03 1.122004631906747818e-02
9.299119934439659119e-03 1.039552595466375351e-02
8.799551054835319519e-03 1.057849172502756119e-02
8.552998304367065430e-03 8.859288878738880157e-03
8.394462056457996368e-03 9.790129959583282471e-03
8.005722425878047943e-03 8.151320740580558777e-03
7.714563049376010895e-03 1.012458279728889465e-02
7.554286625236272812e-03 7.712229155004024506e-03
7.333254907280206680e-03 9.182808920741081238e-03
7.281934842467308044e-03 7.469899486750364304e-03
7.002835161983966827e-03 8.039443753659725189e-03
6.581182591617107391e-03 6.662091240286827087e-03
6.488208658993244171e-03 7.281945087015628815e-03
6.346658337861299515e-03 6.454470567405223846e-03
6.235060282051563263e-03 7.696475367993116379e-03
6.005631294101476669e-03 6.235492415726184845e-03
5.814836826175451279e-03 5.974800791591405869e-03
5.721066147089004517e-03 5.742568522691726685e-03
5.557592026889324188e-03 5.986644886434078217e-03
2.496694447472691536e-03 2.674124902114272118e-03
1.311730477027595043e-03 1.379787106998264790e-03
8.312386926263570786e-04 9.320495300926268101e-04
