7.342495024204254150e-02 7.838529348373413086e-02
6.208382174372673035e-02 6.682249158620834351e-02
5.296052247285842896e-02 5.461473762989044189e-02
5.285552516579627991e-02 5.524054169654846191e-02
5.133561789989471436e-02 5.577342212200164795e-02
4.938275367021560669e-02 5.747278407216072083e-02
4.920423775911331177e-02 5.318304523825645447e-02
4.906878247857093811e-02 5.055769532918930054e-02
4.461805149912834167e-02 5.138025805354118347e-02
4.366807639598846436e-02 4.426442086696624756e-02
4.243093729019165039e-02 4.339352622628211975e-02
4.159769415855407715e-02 4.575775936245918274e-02
4.155138507485389709e-02 4.163395613431930542e-02
4.138473421335220337e-02 4.628818854689598083e-02
4.137868434190750122e-02 4.444968700408935547e-02
4.124967008829116821e-02 4.496236145496368408e-02
4.090756177902221680e-02 4.809768125414848328e-02
4.082034155726432800e-02 5.336394906044006348e-02
4.075500369071960449e-02 4.545194655656814575e-02
4.061890020966529846e-02 4.579425230622291565e-02
3.964830562472343445e-02 4.418626800179481506e-02
3.952723741531372070e-02 4.113828390836715698e-02
3.947948291897773743e-02 4.182858392596244812e-02
3.915825858712196350e-02 4.585296288132667542e-02
3.875188156962394714e-02 4.641962423920631409e-02
3.868398815393447876e-02 4.032270237803459167e-02
3.866013884544372559e-02 4.456601291894912720e-02
3.834507986903190613e-02 3.891650959849357605e-02
3.830474987626075745e-02 4.266980662941932678e-02
3.786664456129074097e-02 4.013755545020103455e-02
3.775226324796676636e-02 4.325498640537261963e-02
3.735340386629104614e-02 4.064748436212539673e-02
3.723300620913505554e-02 5.605580285191535950e-02
3.625333309173583984e-02 5.625548213720321655e-02
3.620513528585433960e-02 4.298285767436027527e-02
3.614348918199539185e-02 4.223646596074104309e-02
3.592929244041442871e-02 3.880358487367630005e-02
3.560743853449821472e-02 3.963730484247207642e-02
3.548580780625343323e-02 4.848090559244155884e-02
3.541458025574684143e-02 3.613356873393058777e-02
3.501607105135917664e-02 4.711646214127540588e-02
3.497959300875663757e-02 4.224478825926780701e-02
3.482436761260032654e-02 4.047415405511856079e-02
3.478679805994033813e-02 4.813960939645767212e-02
3.456556051969528198e-02 4.115277901291847229e-02
3.418768569827079773e-02 3.431867063045501709e-02
3.366120532155036926e-02 4.033904895186424255e-02
3.280761092901229858e-02 3.757244348526000977e-02
3.261877223849296570e-02 5.518273636698722839e-02
3.196928650140762329e-02 3.270946443080902100e-02
3.195091709494590759e-02 3.694307059049606323e-02
3.193907439708709717e-02 4.445669800043106079e-02
3.193752467632293701e-02 3.902052342891693115e-02
3.185953572392463684e-02 3.425923362374305725e-02
3.176421299576759338e-02 3.986549004912376404e-02
3.141431137919425964e-02 3.310475125908851624e-02
3.126199916005134583e-02 3.131305053830146790e-02
3.083059750497341156e-02 3.089813515543937683e-02
3.078806400299072266e-02 3.683706745505332947e-02
3.017969802021980286e-02 3.488192707300186157e-02
3.011810779571533203e-02 3.092881850898265839e-02
3.006323240697383881e-02 3.546790406107902527e-02
2.983287349343299866e-02 3.735507279634475708e-02
2.945289015769958496e-02 3.611857816576957703e-02
2.930743433535099030e-02 4.250983893871307373e-02
2.929207682609558105e-02 4.409008473157882690e-02
2.924753539264202118e-02 2.977461367845535278e-02
2.916110679507255554e-02 3.419196605682373047e-02
2.902229130268096924e-02 3.839536756277084351e-02
2.898399531841278076e-02 4.127055779099464417e-02
2.877951785922050476e-02 2.884718030691146851e-02
2.864888496696949005e-02 3.456513956189155579e-02
2.863939478993415833e-02 2.982812002301216125e-02
2.849011309444904327e-02 3.490574285387992859e-02
2.847982384264469147e-02 3.112172149121761322e-02
2.840967848896980286e-02 3.124470822513103485e-02
2.831955067813396454e-02 3.539337962865829468e-02
2.812955155968666077e-02 3.224689513444900513e-02
2.808967232704162598e-02 3.866330161690711975e-02
2.795195393264293671e-02 3.977373614907264709e-02
2.755925245583057404e-02 3.217286616563796997e-02
2.754884213209152222e-02 3.624360635876655579e-02
2.744255401194095612e-02 4.998879879713058472e-02
2.718791924417018890e-02 2.750181965529918671e-02
2.711477689445018768e-02 3.078402392566204071e-02
2.685141935944557190e-02 2.873869985342025757e-02
2.679695002734661102e-02 3.525657951831817627e-02
2.639633230865001678e-02 2.740926668047904968e-02
2.632385306060314178e-02 2.730143442749977112e-02
2.632352709770202637e-02 2.996617369353771210e-02
2.616135030984878540e-02 2.624316886067390442e-02
2.613354474306106567e-02 3.136004135012626648e-02
2.584912441670894623e-02 4.927768930792808533e-02
2.573133260011672974e-02 3.536241501569747925e-02
2.562846243381500244e-02 3.345264121890068054e-02
2.560310810804367065e-02 2.571097947657108307e-02
2.551857940852642059e-02 2.614751271903514862e-02
2.542058937251567841e-02 2.934508956968784332e-02
2.523729577660560608e-02 2.913721278309822083e-02
2.501900680363178253e-02 3.164856880903244019e-02
2.490814775228500366e-02 3.335234150290489197e-02
2.474492229521274567e-02 2.999939769506454468e-02
2.470404282212257385e-02 2.692931331694126129e-02
2.468957751989364624e-02 3.523955121636390686e-02
2.446073479950428009e-02 3.577013313770294189e-02
2.408370748162269592e-02 3.326243534684181213e-02
2.383424714207649231e-02 2.856841124594211578e-02
2.356288954615592957e-02 3.212078288197517395e-02
2.346256747841835022e-02 2.903384156525135040e-02
2.329128608107566833e-02 2.961199730634689331e-02
2.296241931617259979e-02 2.536518685519695282e-02
2.288468554615974426e-02 2.539643459022045135e-02
2.241734415292739868e-02 2.406581118702888489e-02
2.185349725186824799e-02 2.188474871218204498e-02
2.183178812265396118e-02 2.276326902210712433e-02
2.182596549391746521e-02 3.555229678750038147e-02
2.169825136661529541e-02 2.736428007483482361e-02
2.160711027681827545e-02 2.700203284621238708e-02
2.131120115518569946e-02 2.188474871218204498e-02
2.107361145317554474e-02 2.412642724812030792e-02
2.089553698897361755e-02 2.373270131647586823e-02
2.071420662105083466e-02 2.839499898254871368e-02
1.989254355430603027e-02 2.702974714338779449e-02
1.981907710433006287e-02 2.180081419646739960e-02
1.981619559228420258e-02 2.314835414290428162e-02
1.972755230963230133e-02 2.029754593968391418e-02
1.959917135536670685e-02 2.294558845460414886e-02
1.902677863836288452e-02 2.223484031856060028e-02
1.898474618792533875e-02 2.107144705951213837e-02
1.878667809069156647e-02 2.027418464422225952e-02
1.785347238183021545e-02 1.789844036102294922e-02
1.778626441955566406e-02 1.799084246158599854e-02
1.765077561140060425e-02 2.408214099705219269e-02
1.740679517388343811e-02 1.976607739925384521e-02
1.739352941513061523e-02 2.246317081153392792e-02
1.721672341227531433e-02 1.761721819639205933e-02
1.714616082608699799e-02 1.876749284565448761e-02
1.713366992771625519e-02 1.857856661081314087e-02
1.701694354414939880e-02 1.945231482386589050e-02
1.637203805148601532e-02 1.733700372278690338e-02
1.630281284451484680e-02 1.766231097280979156e-02
1.620522886514663696e-02 1.779137738049030304e-02
1.613923348486423492e-02 1.689308136701583862e-02
1.604159176349639893e-02 2.246553078293800354e-02
1.578037999570369720e-02 1.899825781583786011e-02
1.576537080109119415e-02 1.587927900254726410e-02
1.570906862616539001e-02 1.823670417070388794e-02
1.499864179641008377e-02 1.616306044161319733e-02
1.460067648440599442e-02 1.934667862951755524e-02
1.438520755618810654e-02 1.881982199847698212e-02
1.415984705090522766e-02 1.724244467914104462e-02
1.414778549224138260e-02 1.462861243635416031e-02
1.401482429355382919e-02 2.249474823474884033e-02
1.332182809710502625e-02 1.511601265519857407e-02
1.259938906878232956e-02 1.783368736505508423e-02
1.193829532712697983e-02 1.240758039057254791e-02
1.187429297715425491e-02 1.266415417194366455e-02
1.186838746070861816e-02 1.503870263695716858e-02
1.167995855212211609e-02 1.255254261195659637e-02
1.112985238432884216e-02 1.413563080132007599e-02
1.050576474517583847e-02 1.166937500238418579e-02
1.022250484675168991e-02 1.223596557974815369e-02
1.021214295178651810e-02 1.156833302229642868e-02
9.949598461389541626e-03 1.057757250964641571e-02
9.940443560481071472e-03 1.292154658585786819e-02
9.455720894038677216e-03 9.761503897607326508e-03
8.675367571413516998e-03 8.769838139414787292e-03
8.435149677097797394e-03 8.565233089029788971e-03
7.913338020443916321e-03 8.296181447803974152e-03
6.492089014500379562e-03 7.441192399710416794e-03
6.214544642716646194e-03 6.270771380513906479e-03
6.001329049468040466e-03 6.543390452861785889e-03
5.569326691329479218e-03 6.486665923148393631e-03
2.695277100428938866e-03 3.142257453873753548e-03
2.352475188672542572e-03 2.686593448743224144e-03
