6.624081730842590332e-02 6.922070682048797607e-02
6.621085107326507568e-02 7.393580675125122070e-02
5.334131792187690735e-02 5.382779985666275024e-02
4.855321720242500305e-02 5.028009042143821716e-02
4.730571433901786804e-02 4.841266199946403503e-02
4.668373614549636841e-02 4.899119585752487183e-02
4.635625705122947693e-02 4.691126570105552673e-02
4.634227976202964783e-02 4.773851484060287476e-02
4.511103406548500061e-02 4.599388316273689270e-02
4.391421377658843994e-02 4.900255054235458374e-02
4.387907683849334717e-02 4.560082778334617615e-02
4.315270110964775085e-02 4.476104676723480225e-02
4.025477916002273560e-02 4.082775115966796875e-02
3.840167447924613953e-02 3.850416466593742371e-02
3.836317732930183411e-02 3.957706317305564880e-02
3.682880848646163940e-02 3.800104558467864990e-02
3.670272231101989746e-02 3.866132721304893494e-02
3.608255833387374878e-02 3.704546764492988586e-02
3.537298366427421570e-02 3.543796390295028687e-02
3.520640730857849121e-02 3.601195663213729858e-02
3.307635337114334106e-02 3.321988880634307861e-02
3.284289687871932983e-02 3.428782150149345398e-02
3.186350315809249878e-02 3.356662765145301819e-02
2.942718379199504852e-02 2.973505109548568726e-02
2.875689230859279633e-02 3.336735814809799194e-02
2.793219685554504395e-02 3.129440546035766602e-02
2.551957778632640839e-02 2.740191482007503510e-02
2.506903745234012604e-02 2.882401831448078156e-02
1.939380541443824768e-02 2.170174568891525269e-02
1.801997981965541840e-02 2.098176628351211548e-02
1.662058755755424500e-02 1.681580767035484314e-02
9.112761355936527252e-03 9.183532558381557465e-03
7.990537211298942566e-03 8.267425931990146637e-03
7.719851564615964890e-03 8.031789213418960571e-03
