5.923818424344062805e-02 6.435347348451614380e-02
5.415441840887069702e-02 6.480264663696289062e-02
5.365452915430068970e-02 6.365333497524261475e-02
5.235935002565383911e-02 5.868851020932197571e-02
5.174313485622406006e-02 6.236550584435462952e-02
4.957633465528488159e-02 4.970764741301536560e-02
4.900166392326354980e-02 5.569227412343025208e-02
4.893022403120994568e-02 5.135639756917953491e-02
4.813016951084136963e-02 6.194726005196571350e-02
4.555797576904296875e-02 4.709555953741073608e-02
4.349657893180847168e-02 5.161258950829505920e-02
4.278539121150970459e-02 4.348956421017646790e-02
4.205363616347312927e-02 4.859839752316474915e-02
4.199848696589469910e-02 6.455191969871520996e-02
4.131244495511054993e-02 4.694510623812675476e-02
4.094890132546424866e-02 4.644966870546340942e-02
4.060209542512893677e-02 4.656576365232467651e-02
4.059304669499397278e-02 4.761314019560813904e-02
4.028541222214698792e-02 4.393569752573966980e-02
3.992869332432746887e-02 4.108775407075881958e-02
3.948422521352767944e-02 4.137803614139556885e-02
3.948077559471130371e-02 4.670648276805877686e-02
3.894890844821929932e-02 4.155542701482772827e-02
3.865947201848030090e-02 4.054434597492218018e-02
3.844488412141799927e-02 4.085702821612358093e-02
3.728186339139938354e-02 4.218009859323501587e-02
3.723489120602607727e-02 3.866599872708320618e-02
3.706749528646469116e-02 4.611602798104286194e-02
3.673977032303810120e-02 3.975324705243110657e-02
3.652640432119369507e-02 3.754272311925888062e-02
3.648375347256660461e-02 4.294369369745254517e-02
3.611062839627265930e-02 3.821893781423568726e-02
3.594605252146720886e-02 3.678064420819282532e-02
3.590444475412368774e-02 4.380057379603385925e-02
3.586453199386596680e-02 3.655274584889411926e-02
3.583857417106628418e-02 4.891506955027580261e-02
3.560815006494522095e-02 3.639018163084983826e-02
3.502971678972244263e-02 3.799261152744293213e-02
3.441794589161872864e-02 4.002916812896728516e-02
3.425048664212226868e-02 4.388948902487754822e-02
3.372532874345779419e-02 4.049555584788322449e-02
3.357541561126708984e-02 3.587460890412330627e-02
3.345670923590660095e-02 3.521519154310226440e-02
3.343390300869941711e-02 4.289238154888153076e-02
3.277600929141044617e-02 3.363805264234542847e-02
3.256352618336677551e-02 4.298131540417671204e-02
3.244714066386222839e-02 3.286502882838249207e-02
3.238969296216964722e-02 3.782606869935989380e-02
3.231464698910713196e-02 3.908280283212661743e-02
3.148556128144264221e-02 3.216523304581642151e-02
3.140094876289367676e-02 3.155100345611572266e-02
3.105275891721248627e-02 3.919503092765808105e-02
3.061703778803348541e-02 3.182639926671981812e-02
3.055493533611297607e-02 3.824745118618011475e-02
3.035319969058036804e-02 3.705343604087829590e-02
3.035247698426246643e-02 3.062362037599086761e-02
2.964424155652523041e-02 2.993248961865901947e-02
2.894463017582893372e-02 3.186602890491485596e-02
2.893197350203990936e-02 3.228579089045524597e-02
2.862356044352054596e-02 3.065632283687591553e-02
2.829637005925178528e-02 3.042631782591342926e-02
2.789901383221149445e-02 3.295970335602760315e-02
2.787631005048751831e-02 3.512903302907943726e-02
2.780000679194927216e-02 3.540820628404617310e-02
2.729875221848487854e-02 3.104435093700885773e-02
2.715068496763706207e-02 3.126409649848937988e-02
2.688004635274410248e-02 3.336464986205101013e-02
2.680328674614429474e-02 3.021906316280364990e-02
2.656391449272632599e-02 3.195228427648544312e-02
2.653849497437477112e-02 2.775099873542785645e-02
2.643281593918800354e-02 2.806001156568527222e-02
2.618020400404930115e-02 2.816243842244148254e-02
2.606384642422199249e-02 3.291768580675125122e-02
2.578988112509250641e-02 2.664261311292648315e-02
2.542523853480815887e-02 2.593102678656578064e-02
2.536679059267044067e-02 2.604951895773410797e-02
2.521998248994350433e-02 3.014850430190563202e-02
2.520685456693172455e-02 2.958220802247524261e-02
2.509152889251708984e-02 2.538531273603439331e-02
2.498463168740272522e-02 2.552046626806259155e-02
2.497959136962890625e-02 2.791245095431804657e-02
2.476272732019424438e-02 2.531845495104789734e-02
2.429645694792270660e-02 2.879976481199264526e-02
2.429174445569515228e-02 2.438672259449958801e-02
2.405067719519138336e-02 2.681468054652214050e-02
2.397564053535461426e-02 2.928325720131397247e-02
2.387985773384571075e-02 2.408412285149097443e-02
2.362533472478389740e-02 2.368517220020294189e-02
2.350773848593235016e-02 2.411163598299026489e-02
2.346362546086311340e-02 2.350241318345069885e-02
2.339790761470794678e-02 2.711520344018936157e-02
2.334751933813095093e-02 2.916916646063327789e-02
2.324632927775382996e-02 2.740600146353244781e-02
2.315379679203033447e-02 2.627114579081535339e-02
2.303747832775115967e-02 2.337120659649372101e-02
2.295428887009620667e-02 2.638185955584049225e-02
2.273149229586124420e-02 2.773345075547695160e-02
2.256811410188674927e-02 3.549614548683166504e-02
2.244457229971885681e-02 3.107044473290443420e-02
2.242729067802429199e-02 2.501163817942142487e-02
2.240891754627227783e-02 2.284548245370388031e-02
2.224723994731903076e-02 2.874239720404148102e-02
2.221368625760078430e-02 2.919644117355346680e-02
2.210014127194881439e-02 2.604922279715538025e-02
2.207913808524608612e-02 2.368517220020294189e-02
2.181800268590450287e-02 3.471840173006057739e-02
2.163501828908920288e-02 2.263728156685829163e-02
2.151239477097988129e-02 2.194478921592235565e-02
2.143321931362152100e-02 3.096306510269641876e-02
2.137874439358711243e-02 3.168050944805145264e-02
2.132324688136577606e-02 3.766429424285888672e-02
2.110069431364536285e-02 3.032730519771575928e-02
2.095494233071804047e-02 2.370672300457954407e-02
2.057274430990219116e-02 2.443789318203926086e-02
2.023718506097793579e-02 3.221442550420761108e-02
1.991147920489311218e-02 2.098883874714374542e-02
1.981502957642078400e-02 2.763334661722183228e-02
1.955691538751125336e-02 2.830331027507781982e-02
1.927928440272808075e-02 2.620578370988368988e-02
1.909828931093215942e-02 2.313045598566532135e-02
1.894356682896614075e-02 1.937914639711380005e-02
1.888338476419448853e-02 1.896312274038791656e-02
1.826073788106441498e-02 1.937754824757575989e-02
1.824802160263061523e-02 1.856540143489837646e-02
1.821097731590270996e-02 2.300808206200599670e-02
1.815943606197834015e-02 2.451580576598644257e-02
1.809505186975002289e-02 1.827242225408554077e-02
1.803287677466869354e-02 1.911508850753307343e-02
1.799150556325912476e-02 1.921112649142742157e-02
1.788260787725448608e-02 1.872253231704235077e-02
1.786696352064609528e-02 1.880476251244544983e-02
1.724908128380775452e-02 2.607428096234798431e-02
1.709944568574428558e-02 1.749910041689872742e-02
1.700242422521114349e-02 1.826880685985088348e-02
1.661778055131435394e-02 1.959235966205596924e-02
1.656545139849185944e-02 1.894931495189666748e-02
1.630188710987567902e-02 2.504860050976276398e-02
1.628598757088184357e-02 2.172730863094329834e-02
1.573346368968486786e-02 1.707080751657485962e-02
1.558807119727134705e-02 1.724049635231494904e-02
1.540470775216817856e-02 1.971683837473392487e-02
1.465782336890697479e-02 1.589200831949710846e-02
1.426468789577484131e-02 1.461498253047466278e-02
1.416349969804286957e-02 1.649000309407711029e-02
1.414555683732032776e-02 1.425084564834833145e-02
1.302799303084611893e-02 1.378069445490837097e-02
1.287070009857416153e-02 1.585901901125907898e-02
1.280444208532571793e-02 1.454546395689249039e-02
1.269570644944906235e-02 1.350867096334695816e-02
1.253609638661146164e-02 1.309086475521326065e-02
1.222702302038669586e-02 1.455569919198751450e-02
1.204214710742235184e-02 1.361564267426729202e-02
1.193708367645740509e-02 1.527560874819755554e-02
1.176792290061712265e-02 1.433359179645776749e-02
1.156268082559108734e-02 1.192369032651185989e-02
1.078650262206792831e-02 1.154938898980617523e-02
1.075747702270746231e-02 1.310481969267129898e-02
1.027213875204324722e-02 1.240022387355566025e-02
9.463487192988395691e-03 1.332209073007106781e-02
8.962973020970821381e-03 1.186608895659446716e-02
8.799826726317405701e-03 9.168955497443675995e-03
8.578709326684474945e-03 9.481029585003852844e-03
8.182378485798835754e-03 1.327816769480705261e-02
7.945273071527481079e-03 7.949515245854854584e-03
6.494556553661823273e-03 6.747304927557706833e-03
6.354414392262697220e-03 6.602260749787092209e-03
6.250138394534587860e-03 7.251299917697906494e-03
6.190225947648286819e-03 7.949515245854854584e-03
5.213953554630279541e-03 5.536472890526056290e-03
3.793751588091254234e-03 4.194089677184820175e-03
3.388513112440705299e-03 3.557729534804821014e-03
3.351300721988081932e-03 3.597798990085721016e-03
3.310538362711668015e-03 4.102924838662147522e-03
3.202405525371432304e-03 4.055070690810680389e-03
3.132132114842534065e-03 3.286599880084395409e-03
3.070406848564743996e-03 4.600774031132459641e-03
3.009086009114980698e-03 3.358604153618216515e-03
2.880044979974627495e-03 3.168891882523894310e-03
1.750499941408634186e-03 1.922088558785617352e-03
