5.738247558474540710e-02 5.808812007308006287e-02
5.382599309086799622e-02 5.550099164247512817e-02
5.019502714276313782e-02 5.178482830524444580e-02
4.994367808103561401e-02 6.036637350916862488e-02
4.905389249324798584e-02 5.142385512590408325e-02
4.720872268080711365e-02 4.951093718409538269e-02
4.460371658205986023e-02 4.711725190281867981e-02
4.411779344081878662e-02 4.547085985541343689e-02
4.384700953960418701e-02 4.993219301104545593e-02
4.309386387467384338e-02 4.426972568035125732e-02
4.282420501112937927e-02 4.382222145795822144e-02
4.259966313838958740e-02 4.281380027532577515e-02
4.254768788814544678e-02 4.338812828063964844e-02
4.250252246856689453e-02 4.498367011547088623e-02
4.237177968025207520e-02 4.494889825582504272e-02
4.123609885573387146e-02 4.437158629298210144e-02
4.118925705552101135e-02 4.440447315573692322e-02
4.101180285215377808e-02 4.229451343417167664e-02
4.098917171359062195e-02 4.591803997755050659e-02
4.077708348631858826e-02 4.294666275382041931e-02
4.039105772972106934e-02 4.401180148124694824e-02
3.979760408401489258e-02 4.154207557439804077e-02
3.899695351719856262e-02 4.360424354672431946e-02
3.869459033012390137e-02 4.022423550486564636e-02
3.815468400716781616e-02 3.997552767395973206e-02
3.777264803647994995e-02 4.019923508167266846e-02
3.751975297927856445e-02 4.254811629652976990e-02
3.751096501946449280e-02 4.528842121362686157e-02
3.732389211654663086e-02 4.160872101783752441e-02
3.731230273842811584e-02 4.253000393509864807e-02
3.724784031510353088e-02 4.127245396375656128e-02
3.691632673144340515e-02 3.874509036540985107e-02
3.633200749754905701e-02 4.758554697036743164e-02
3.609810397028923035e-02 4.077670723199844360e-02
3.600778058171272278e-02 3.615213558077812195e-02
3.597211837768554688e-02 3.655152395367622375e-02
3.594226017594337463e-02 3.690754249691963196e-02
3.592795133590698242e-02 4.195682331919670105e-02
3.587828949093818665e-02 3.604416921734809875e-02
3.575140237808227539e-02 3.757450729608535767e-02
3.528917208313941956e-02 3.642237558960914612e-02
3.522367030382156372e-02 3.595246747136116028e-02
3.505815938115119934e-02 4.129862412810325623e-02
3.496185690164566040e-02 3.681910037994384766e-02
3.461949154734611511e-02 4.152654111385345459e-02
3.453323990106582642e-02 4.116863384842872620e-02
3.447581827640533447e-02 4.172399640083312988e-02
3.413607925176620483e-02 4.330294206738471985e-02
3.404104709625244141e-02 4.059241339564323425e-02
3.396785259246826172e-02 4.231585934758186340e-02
3.392867743968963623e-02 3.500134870409965515e-02
3.386934474110603333e-02 3.513992205262184143e-02
3.351024165749549866e-02 3.560098633170127869e-02
3.339662775397300720e-02 3.980006277561187744e-02
3.336041420698165894e-02 4.166332632303237915e-02
3.322932869195938110e-02 3.679866716265678406e-02
3.311254456639289856e-02 3.563082963228225708e-02
3.287992253899574280e-02 3.492227196693420410e-02
3.273180127143859863e-02 4.337875545024871826e-02
3.241116926074028015e-02 4.201287776231765747e-02
3.166204690933227539e-02 3.290604427456855774e-02
3.160173818469047546e-02 3.305771201848983765e-02
3.146398067474365234e-02 3.477612882852554321e-02
3.139074146747589111e-02 3.173377737402915955e-02
3.115747682750225067e-02 3.120666556060314178e-02
3.111359104514122009e-02 3.579919412732124329e-02
3.110776282846927643e-02 3.357819467782974243e-02
3.071874380111694336e-02 3.083159402012825012e-02
3.069551102817058563e-02 3.674104064702987671e-02
3.059817478060722351e-02 3.511415049433708191e-02
3.059800155460834503e-02 3.768891841173171997e-02
3.053109161555767059e-02 3.193882480263710022e-02
3.045301698148250580e-02 3.374762460589408875e-02
3.033240698277950287e-02 3.551796078681945801e-02
3.010800294578075409e-02 3.043310344219207764e-02
2.968551777303218842e-02 3.706696629524230957e-02
2.961150370538234711e-02 3.032663278281688690e-02
2.925213240087032318e-02 3.390044718980789185e-02
2.914475463330745697e-02 3.995294123888015747e-02
2.900737896561622620e-02 3.015501052141189575e-02
2.856068871915340424e-02 3.089313767850399017e-02
2.840474061667919159e-02 2.906738966703414917e-02
2.788691036403179169e-02 3.100446611642837524e-02
2.775225788354873657e-02 3.040629439055919647e-02
2.773396857082843781e-02 2.836306393146514893e-02
2.769752591848373413e-02 2.939393185079097748e-02
2.738307975232601166e-02 3.573080152273178101e-02
2.717975527048110962e-02 3.373256698250770569e-02
2.710583992302417755e-02 3.463846072554588318e-02
2.675508894026279449e-02 2.855341881513595581e-02
2.653155662119388580e-02 2.786017581820487976e-02
2.635979466140270233e-02 2.785320393741130829e-02
2.620032802224159241e-02 3.739120811223983765e-02
2.579441480338573456e-02 2.710125595331192017e-02
2.572319470345973969e-02 3.307995572686195374e-02
2.569061331450939178e-02 3.838587179780006409e-02
2.567981556057929993e-02 3.694600239396095276e-02
2.562321349978446960e-02 2.800374478101730347e-02
2.542831748723983765e-02 2.702053450047969818e-02
2.522280253469944000e-02 2.761323004961013794e-02
2.515717409551143646e-02 2.667188458144664764e-02
2.496623806655406952e-02 2.550706267356872559e-02
2.473765425384044647e-02 2.608699351549148560e-02
2.473292313516139984e-02 3.299108147621154785e-02
2.466223202645778656e-02 3.403446823358535767e-02
2.450643107295036316e-02 3.523975983262062073e-02
2.440685406327247620e-02 2.643829025328159332e-02
2.400071732699871063e-02 2.408995479345321655e-02
2.397277019917964935e-02 2.747733891010284424e-02
2.385670505464076996e-02 3.010454401373863220e-02
2.385072223842144012e-02 2.996894158422946930e-02
2.349346131086349487e-02 2.429338172078132629e-02
2.347883023321628571e-02 2.510091848671436310e-02
2.347730100154876709e-02 2.462846785783767700e-02
2.332865446805953979e-02 2.434051595628261566e-02
2.313366718590259552e-02 2.531665936112403870e-02
2.294373326003551483e-02 2.810091152787208557e-02
2.281366102397441864e-02 3.402074426412582397e-02
2.265340462327003479e-02 2.870137989521026611e-02
2.227543294429779053e-02 2.471788600087165833e-02
2.212097123265266418e-02 2.547469176352024078e-02
2.208884619176387787e-02 2.249732054769992828e-02
2.206168137490749359e-02 2.209321223199367523e-02
2.203452400863170624e-02 2.218615822494029999e-02
2.182233147323131561e-02 2.254583872854709625e-02
2.182086929678916931e-02 2.551084570586681366e-02
2.180552668869495392e-02 2.535642683506011963e-02
2.158037014305591583e-02 2.772896364331245422e-02
2.147802896797657013e-02 2.577329613268375397e-02
2.141460776329040527e-02 2.399907261133193970e-02
2.134828269481658936e-02 2.798568457365036011e-02
2.134290151298046112e-02 3.083391673862934113e-02
2.133982814848423004e-02 2.674937993288040161e-02
2.095897123217582703e-02 2.449802123010158539e-02
2.057680487632751465e-02 2.460164390504360199e-02
2.034605480730533600e-02 2.415200695395469666e-02
2.004961296916007996e-02 2.902256511151790619e-02
1.978704333305358887e-02 2.148463763296604156e-02
1.963533647358417511e-02 2.056935802102088928e-02
1.920758746564388275e-02 2.003865875303745270e-02
1.905647665262222290e-02 2.582892403006553650e-02
1.896299980580806732e-02 2.230913378298282623e-02
1.887066662311553955e-02 2.275684848427772522e-02
1.882210746407508850e-02 2.203119359910488129e-02
1.877556554973125458e-02 2.034180238842964172e-02
1.859587430953979492e-02 2.006530575454235077e-02
1.858278550207614899e-02 2.031422778964042664e-02
1.851474866271018982e-02 2.003440260887145996e-02
1.849297061562538147e-02 2.280931733548641205e-02
1.808126457035541534e-02 1.866580732166767120e-02
1.798405870795249939e-02 2.284976653754711151e-02
1.784006319940090179e-02 1.792509108781814575e-02
1.777539402246475220e-02 2.056895382702350616e-02
1.773332059383392334e-02 1.832088083028793335e-02
1.772276684641838074e-02 2.032274939119815826e-02
1.759979687631130219e-02 1.783709600567817688e-02
1.758385635912418365e-02 2.200378477573394775e-02
1.734081283211708069e-02 1.792509108781814575e-02
1.705530844628810883e-02 1.853523403406143188e-02
1.653556711971759796e-02 1.736874505877494812e-02
1.638585515320301056e-02 2.127357199788093567e-02
1.500282157212495804e-02 1.623951271176338196e-02
1.482523325830698013e-02 1.766771078109741211e-02
1.452156342566013336e-02 1.537375710904598236e-02
1.446042954921722412e-02 1.535423751920461655e-02
1.427320484071969986e-02 1.595575921237468719e-02
1.333052385598421097e-02 1.466599851846694946e-02
1.313065737485885620e-02 1.413783710449934006e-02
1.306488178670406342e-02 1.410632207989692688e-02
1.298038754612207413e-02 1.392864249646663666e-02
1.212543807923793793e-02 1.623295061290264130e-02
1.208868529647588730e-02 1.395874656736850739e-02
1.135731209069490433e-02 1.147927157580852509e-02
1.119182724505662918e-02 1.349310111254453659e-02
1.076305937021970749e-02 1.349173672497272491e-02
9.859061799943447113e-03 9.875192306935787201e-03
9.618534706532955170e-03 1.070266868919134140e-02
8.805218152701854706e-03 9.016349911689758301e-03
8.383265696465969086e-03 8.854337967932224274e-03
8.152925409376621246e-03 8.455439470708370209e-03
8.066101931035518646e-03 8.408388122916221619e-03
7.751985918730497360e-03 8.323489688336849213e-03
6.927764043211936951e-03 8.731951005756855011e-03
5.787733476608991623e-03 6.321498192846775055e-03
5.193029530346393585e-03 5.513330455869436264e-03
4.009248223155736923e-03 4.274285398423671722e-03
3.966068383306264877e-03 3.985537681728601456e-03
3.852091263979673386e-03 4.128918983042240143e-03
3.606896847486495972e-03 4.215353634208440781e-03
3.376594278961420059e-03 3.494441974908113480e-03
3.365115961059927940e-03 3.851367393508553505e-03
3.352557774633169174e-03 3.667720826342701912e-03
3.024760866537690163e-03 3.238123375922441483e-03
2.558316569775342941e-03 2.806310541927814484e-03
