3.075737319886684418e-02 3.380727395415306091e-02
2.708332240581512451e-02 2.867856994271278381e-02
2.593257091939449310e-02 3.075113520026206970e-02
2.587602287530899048e-02 2.792535722255706787e-02
2.584848552942276001e-02 2.686646580696105957e-02
2.474428713321685791e-02 2.706454880535602570e-02
2.469556592404842377e-02 2.552751451730728149e-02
2.435399033129215240e-02 2.613125927746295929e-02
2.431592158973217010e-02 2.977228909730911255e-02
2.400107868015766144e-02 2.605775184929370880e-02
2.320217154920101166e-02 2.469960972666740417e-02
2.273477986454963684e-02 2.287316694855690002e-02
2.261285856366157532e-02 2.582120709121227264e-02
2.244926616549491882e-02 2.375821769237518311e-02
2.235704660415649414e-02 2.454209327697753906e-02
2.217514067888259888e-02 2.747768349945545197e-02
2.207121253013610840e-02 2.339723147451877594e-02
2.172004617750644684e-02 2.357421815395355225e-02
2.165628597140312195e-02 2.287627942860126495e-02
2.125609293580055237e-02 2.906889282166957855e-02
2.124456875026226044e-02 2.478623576462268829e-02
2.082954160869121552e-02 2.289680205285549164e-02
2.082510106265544891e-02 2.804189175367355347e-02
2.047604881227016449e-02 2.062535472214221954e-02
2.028822153806686401e-02 2.058353647589683533e-02
2.024435997009277344e-02 2.133223041892051697e-02
2.023649401962757111e-02 2.194033376872539520e-02
1.980694383382797241e-02 2.114092931151390076e-02
1.968588493764400482e-02 2.135420963168144226e-02
1.960993185639381409e-02 2.073282562196254730e-02
1.933182403445243835e-02 2.255420759320259094e-02
1.925351098179817200e-02 1.934991590678691864e-02
1.925131492316722870e-02 2.027393318712711334e-02
1.917690411210060120e-02 2.391045168042182922e-02
1.911140233278274536e-02 1.972522027790546417e-02
1.884419471025466919e-02 2.084568515419960022e-02
1.852025650441646576e-02 1.943315193057060242e-02
1.846703328192234039e-02 1.919250376522541046e-02
1.798447221517562866e-02 1.848726347088813782e-02
1.779315806925296783e-02 2.403735741972923279e-02
1.770165003836154938e-02 1.818915084004402161e-02
1.759520918130874634e-02 1.859743706881999969e-02
1.755383610725402832e-02 1.812749728560447693e-02
1.736682467162609100e-02 1.940244436264038086e-02
1.735061034560203552e-02 1.930957660079002380e-02
1.719160005450248718e-02 2.046252600848674774e-02
1.703037321567535400e-02 1.995954848825931549e-02
1.699336990714073181e-02 1.943532191216945648e-02
1.689326204359531403e-02 1.797435060143470764e-02
1.689199171960353851e-02 1.860969141125679016e-02
1.687564142048358917e-02 1.796850934624671936e-02
1.674585789442062378e-02 1.805636286735534668e-02
1.660981401801109314e-02 2.095716632902622223e-02
1.656690239906311035e-02 2.016752213239669800e-02
1.653316989541053772e-02 1.684426702558994293e-02
1.653154380619525909e-02 1.674742437899112701e-02
1.647595688700675964e-02 2.241545729339122772e-02
1.639932952821254730e-02 1.826079934835433960e-02
1.631310768425464630e-02 2.087915129959583282e-02
1.623888313770294189e-02 2.171780355274677277e-02
1.622930355370044708e-02 2.008569054305553436e-02
1.617158390581607819e-02 1.681847311556339264e-02
1.613320782780647278e-02 1.971620693802833557e-02
1.598116755485534668e-02 1.642547361552715302e-02
1.592363603413105011e-02 1.826079934835433960e-02
1.585382036864757538e-02 2.001912146806716919e-02
1.573064364492893219e-02 1.621404848992824554e-02
1.561549864709377289e-02 1.622002013027667999e-02
1.555714942514896393e-02 2.044521085917949677e-02
1.553289219737052917e-02 2.132567018270492554e-02
1.533495634794235229e-02 1.621370762586593628e-02
1.522412896156311035e-02 1.708444207906723022e-02
1.513928826898336411e-02 1.570689864456653595e-02
1.512828189879655838e-02 1.810064911842346191e-02
1.510466262698173523e-02 1.666460186243057251e-02
1.509666629135608673e-02 1.686043851077556610e-02
1.500658318400382996e-02 1.575171388685703278e-02
1.500133890658617020e-02 1.738925836980342865e-02
1.499626878648996353e-02 1.740485988557338715e-02
1.498361863195896149e-02 1.656272634863853455e-02
1.488439738750457764e-02 1.695112325251102448e-02
1.484643854200839996e-02 1.607785746455192566e-02
1.475954521447420120e-02 1.695509627461433411e-02
1.459733396768569946e-02 2.049867250025272369e-02
1.455566566437482834e-02 1.488573197275400162e-02
1.450307946652173996e-02 1.559477671980857849e-02
1.442615874111652374e-02 1.544847339391708374e-02
1.438921131193637848e-02 1.920265890657901764e-02
1.421256549656391144e-02 1.943141222000122070e-02
1.420824136584997177e-02 1.571524143218994141e-02
1.420180965214967728e-02 1.426597870886325836e-02
1.419460680335760117e-02 1.560103427618741989e-02
1.406961400061845779e-02 2.002234384417533875e-02
1.396198663860559464e-02 1.792785525321960449e-02
1.395648252218961716e-02 1.891660504043102264e-02
1.389527972787618637e-02 1.452014688402414322e-02
1.377371884882450104e-02 1.444164011627435684e-02
1.376439165323972702e-02 1.936871558427810669e-02
1.372726168483495712e-02 1.647582277655601501e-02
1.370619144290685654e-02 1.597883924841880798e-02
1.352134067565202713e-02 1.583252474665641785e-02
1.336509082466363907e-02 1.415271777659654617e-02
1.331111602485179901e-02 1.549498271197080612e-02
1.328273769468069077e-02 2.178977243602275848e-02
1.326549705117940903e-02 2.214783243834972382e-02
1.318383682519197464e-02 1.619840227067470551e-02
1.302208658307790756e-02 1.405345741659402847e-02
1.298100035637617111e-02 1.404132042080163956e-02
1.272322330623865128e-02 1.436853315681219101e-02
1.265802793204784393e-02 1.750856824219226837e-02
1.260344218462705612e-02 1.280874945223331451e-02
1.258604601025581360e-02 1.556854881346225739e-02
1.241590548306703568e-02 1.260795164853334427e-02
1.216854806989431381e-02 1.357224211096763611e-02
1.215793564915657043e-02 1.230004988610744476e-02
1.215612050145864487e-02 1.431091874837875366e-02
1.207033544778823853e-02 1.712957397103309631e-02
1.206305343657732010e-02 1.448345463722944260e-02
1.206136308610439301e-02 1.608082838356494904e-02
1.196295209228992462e-02 1.420981716364622116e-02
1.176112890243530273e-02 1.815762370824813843e-02
1.167051214724779129e-02 1.257181633263826370e-02
1.151825673878192902e-02 1.333749759942293167e-02
1.133571658283472061e-02 1.181909348815679550e-02
1.120391301810741425e-02 1.170596759766340256e-02
1.116827875375747681e-02 1.495868898928165436e-02
1.097805425524711609e-02 1.355542894452810287e-02
1.096304878592491150e-02 1.112359110265970230e-02
1.088915579020977020e-02 1.453226152807474136e-02
1.030972413718700409e-02 1.449659746140241623e-02
1.022658124566078186e-02 1.128926128149032593e-02
1.016276888549327850e-02 1.212317589670419693e-02
1.014949288219213486e-02 1.072358619421720505e-02
1.012077555060386658e-02 1.315728761255741119e-02
9.756511077284812927e-03 9.957888163626194000e-03
9.626856073737144470e-03 1.107063796371221542e-02
9.485809132456779480e-03 9.638339281082153320e-03
9.409329853951931000e-03 9.764542803168296814e-03
9.358705021440982819e-03 1.085916534066200256e-02
9.345791302621364594e-03 1.079108659178018570e-02
9.098034352064132690e-03 1.125255972146987915e-02
9.066609665751457214e-03 1.022907625883817673e-02
9.050692431628704071e-03 1.014532428234815598e-02
8.736968040466308594e-03 9.747419506311416626e-03
8.658778853714466095e-03 9.739411994814872742e-03
8.546714670956134796e-03 8.678925223648548126e-03
8.544592186808586121e-03 1.007550582289695740e-02
8.528099395334720612e-03 9.378664195537567139e-03
8.378552272915840149e-03 8.666206151247024536e-03
8.055689744651317596e-03 8.597308769822120667e-03
7.996987551450729370e-03 8.228566497564315796e-03
7.829065434634685516e-03 8.577867411077022552e-03
7.188316434621810913e-03 7.333545014262199402e-03
7.067984435707330704e-03 7.313698995858430862e-03
6.998494733124971390e-03 7.177282124757766724e-03
6.813431158661842346e-03 7.293421775102615356e-03
6.792750209569931030e-03 7.481704931706190109e-03
6.549068260937929153e-03 7.046477403491735458e-03
6.540804635733366013e-03 6.699662655591964722e-03
6.484397221356630325e-03 7.287987973541021347e-03
6.204568780958652496e-03 6.224881857633590698e-03
6.165754050016403198e-03 7.791378069669008255e-03
5.951751954853534698e-03 7.629006635397672653e-03
5.649145226925611496e-03 6.964487023651599884e-03
5.430498626083135605e-03 7.615515030920505524e-03
5.396863445639610291e-03 5.563186481595039368e-03
5.333256907761096954e-03 6.433300673961639404e-03
5.297519732266664505e-03 7.268265821039676666e-03
5.244867876172065735e-03 6.771777756512165070e-03
5.103155039250850677e-03 5.104140378534793854e-03
4.632472526282072067e-03 5.799540318548679352e-03
4.294971935451030731e-03 4.959144163876771927e-03
4.287198185920715332e-03 4.370302893221378326e-03
4.237614572048187256e-03 5.711730569601058960e-03
4.236810840666294098e-03 4.483385011553764343e-03
4.214935936033725739e-03 5.076168570667505264e-03
4.016439896076917648e-03 4.562301561236381531e-03
3.855011658743023872e-03 4.381866659969091415e-03
3.728097304701805115e-03 4.977136850357055664e-03
3.579122945666313171e-03 4.128763452172279358e-03
3.485414199531078339e-03 4.676098003983497620e-03
3.431763965636491776e-03 4.621689673513174057e-03
3.387745935469865799e-03 3.520777216181159019e-03
3.330920822918415070e-03 3.714139107614755630e-03
3.096711123362183571e-03 3.146948758512735367e-03
2.454851521179080009e-03 2.901814179494976997e-03
2.256593899801373482e-03 2.261084038764238358e-03
2.190026454627513885e-03 2.255625557154417038e-03
1.796161406673491001e-03 2.665574196726083755e-03
1.729708281345665455e-03 1.954514300450682640e-03
1.615360146388411522e-03 1.768912421539425850e-03
1.382192713208496571e-03 1.387158408761024475e-03
1.359468325972557068e-03 1.496325712651014328e-03
