0.000000000000000000e+00 1.082256749329532641e-01
0.000000000000000000e+00 8.668027983220785715e-02
0.000000000000000000e+00 7.604570820514816587e-02
0.000000000000000000e+00 8.046506834452583912e-02
0.000000000000000000e+00 8.137754938446090103e-02
0.000000000000000000e+00 7.754381095268297885e-02
0.000000000000000000e+00 7.518520394889166569e-02
0.000000000000000000e+00 7.555225174290003398e-02
0.000000000000000000e+00 6.142976542594694861e-02
0.000000000000000000e+00 7.340160403240994502e-02
0.000000000000000000e+00 8.742150174407239960e-02
0.000000000000000000e+00 8.228747168131882173e-02
0.000000000000000000e+00 8.138400225352863948e-02
0.000000000000000000e+00 7.740732129936515882e-02
0.000000000000000000e+00 7.374587193017138886e-02
0.000000000000000000e+00 8.380606280236511940e-02
0.000000000000000000e+00 7.816462182062808295e-02
0.000000000000000000e+00 9.172611248921527793e-02
0.000000000000000000e+00 7.524721434970452205e-02
0.000000000000000000e+00 7.451411459452300656e-02
0.000000000000000000e+00 7.182077896950174456e-02
0.000000000000000000e+00 6.631860148758018936e-02
0.000000000000000000e+00 7.618643781815655214e-02
0.000000000000000000e+00 8.244895369818773523e-02
0.000000000000000000e+00 5.707644015152240485e-02
0.000000000000000000e+00 7.267833021656887327e-02
0.000000000000000000e+00 6.871901544307092158e-02
0.000000000000000000e+00 7.891508605354863315e-02
0.000000000000000000e+00 7.016503309103366837e-02
0.000000000000000000e+00 6.202041463473367128e-02
0.000000000000000000e+00 6.088486621857911590e-02
0.000000000000000000e+00 7.436344301328175199e-02
0.000000000000000000e+00 6.490989764192803269e-02
0.000000000000000000e+00 2.404777549000678555e-02
0.000000000000000000e+00 8.496126409464808960e-02
0.000000000000000000e+00 7.630666940505907714e-02
0.000000000000000000e+00 6.801974492852612408e-02
0.000000000000000000e+00 6.276915393492961404e-02
0.000000000000000000e+00 6.658973687762395621e-02
0.000000000000000000e+00 6.742858201405674268e-02
0.000000000000000000e+00 1.093641615275205148e-01
0.000000000000000000e+00 7.425100015566184208e-02
0.000000000000000000e+00 6.922584358562218487e-02
0.000000000000000000e+00 6.426351592198990825e-02
0.000000000000000000e+00 4.921095454995704638e-02
0.000000000000000000e+00 4.657768317077015663e-02
0.000000000000000000e+00 5.241114248143853571e-02
0.000000000000000000e+00 6.709615667551029061e-02
0.000000000000000000e+00 8.154733193995095109e-02
0.000000000000000000e+00 6.969183602112652420e-02
0.000000000000000000e+00 8.469360547875458278e-02
0.000000000000000000e+00 6.984318975844333588e-02
0.000000000000000000e+00 7.759432366390284219e-02
0.000000000000000000e+00 9.225718813216444991e-02
0.000000000000000000e+00 5.317823258960042293e-02
0.000000000000000000e+00 6.233561583607639262e-02
0.000000000000000000e+00 3.161977648351117776e-02
0.000000000000000000e+00 9.822629993610659804e-02
0.000000000000000000e+00 7.902714046907684253e-02
0.000000000000000000e+00 9.430611450624744319e-02
0.000000000000000000e+00 7.696938524766303025e-02
0.000000000000000000e+00 9.488133050232448740e-02
0.000000000000000000e+00 8.958694746958861810e-02
0.000000000000000000e+00 7.786484273206766005e-02
0.000000000000000000e+00 7.553712745142045215e-02
0.000000000000000000e+00 4.203317649007008716e-02
0.000000000000000000e+00 2.506424578564418748e-02
0.000000000000000000e+00 7.088940566305861057e-02
0.000000000000000000e+00 8.123720268488685003e-02
0.000000000000000000e+00 2.373119668792899109e-02
0.000000000000000000e+00 7.117013987492255833e-02
0.000000000000000000e+00 5.754268769209833212e-02
0.000000000000000000e+00 6.011293198892975892e-02
0.000000000000000000e+00 9.367521986716588478e-02
0.000000000000000000e+00 6.789632049603522290e-02
0.000000000000000000e+00 4.132844405421567252e-02
0.000000000000000000e+00 6.379018703374092492e-02
0.000000000000000000e+00 6.296020571191951465e-02
0.000000000000000000e+00 6.267225497029378645e-02
0.000000000000000000e+00 5.206335693340123638e-02
0.000000000000000000e+00 7.302209166163238507e-02
0.000000000000000000e+00 6.979600958533620225e-02
0.000000000000000000e+00 6.496971060145814714e-02
0.000000000000000000e+00 7.504951321389000118e-02
0.000000000000000000e+00 2.550711413404899500e-02
0.000000000000000000e+00 5.201373869215795281e-02
0.000000000000000000e+00 7.738981634020336564e-02
0.000000000000000000e+00 6.703378615528174378e-02
0.000000000000000000e+00 7.141614256366378422e-02
0.000000000000000000e+00 5.468443313767264169e-02
0.000000000000000000e+00 9.268957374926233006e-02
0.000000000000000000e+00 6.480649874479754713e-02
0.000000000000000000e+00 5.593822932937081438e-02
0.000000000000000000e+00 2.144473313674838399e-02
0.000000000000000000e+00 2.551737816726021638e-02
0.000000000000000000e+00 5.707198018849508891e-02
0.000000000000000000e+00 7.035375499801599375e-02
0.000000000000000000e+00 8.856952329052823758e-02
0.000000000000000000e+00 6.393603032668519759e-02
0.000000000000000000e+00 5.284560787099942814e-02
0.000000000000000000e+00 2.663880779611027191e-02
0.000000000000000000e+00 6.649704430782535369e-02
0.000000000000000000e+00 4.642403031828398752e-02
0.000000000000000000e+00 4.968944078348375842e-02
0.000000000000000000e+00 6.410110567283985872e-02
0.000000000000000000e+00 8.371531258210176962e-02
0.000000000000000000e+00 4.367681859626443980e-02
0.000000000000000000e+00 6.808013287884662201e-02
0.000000000000000000e+00 3.970847598827522557e-02
0.000000000000000000e+00 4.117941785664696458e-02
0.000000000000000000e+00 7.502915463658677009e-02
0.000000000000000000e+00 7.593257473842372762e-02
0.000000000000000000e+00 8.433841354439268467e-02
0.000000000000000000e+00 7.299967677833947566e-02
0.000000000000000000e+00 8.013842715376942594e-02
0.000000000000000000e+00 7.008459413524879833e-02
0.000000000000000000e+00 7.948891965124749159e-02
0.000000000000000000e+00 5.235109001975739307e-02
0.000000000000000000e+00 7.454264641321073359e-02
0.000000000000000000e+00 8.052766972288565028e-02
0.000000000000000000e+00 7.450934597914962709e-02
0.000000000000000000e+00 2.948951512801461367e-02
0.000000000000000000e+00 4.822325087188346349e-02
0.000000000000000000e+00 6.481209165609749800e-02
0.000000000000000000e+00 8.630004109612397778e-02
0.000000000000000000e+00 5.186326718429061511e-02
0.000000000000000000e+00 4.472965429846333801e-02
0.000000000000000000e+00 5.738667368878517389e-02
0.000000000000000000e+00 4.748531206647904623e-02
0.000000000000000000e+00 6.761577458321427203e-02
0.000000000000000000e+00 7.892800384225800991e-02
0.000000000000000000e+00 2.456177651653052713e-02
0.000000000000000000e+00 7.031220886412563320e-02
0.000000000000000000e+00 4.126400173205401617e-02
0.000000000000000000e+00 6.706107566072802562e-02
0.000000000000000000e+00 6.739301570200462166e-02
0.000000000000000000e+00 4.538863245112823019e-02
0.000000000000000000e+00 7.731180884463371983e-02
0.000000000000000000e+00 7.396297860184869455e-02
0.000000000000000000e+00 7.389450699504879205e-02
0.000000000000000000e+00 5.896197590687165396e-02
0.000000000000000000e+00 6.524978145876637881e-02
0.000000000000000000e+00 6.172776270120999137e-02
0.000000000000000000e+00 5.282959874355739466e-02
0.000000000000000000e+00 8.650167640516367995e-02
0.000000000000000000e+00 5.002856332157529923e-02
0.000000000000000000e+00 4.884478435764072479e-02
0.000000000000000000e+00 7.300062347217214920e-02
0.000000000000000000e+00 5.625508068593428751e-02
0.000000000000000000e+00 3.761921631261531951e-02
0.000000000000000000e+00 6.274946311801500587e-02
0.000000000000000000e+00 5.778012152659899037e-02
0.000000000000000000e+00 5.632364175806247458e-02
0.000000000000000000e+00 7.416881698236270359e-02
0.000000000000000000e+00 6.050770693741018558e-02
0.000000000000000000e+00 4.236466188896661350e-02
0.000000000000000000e+00 4.994750210976989235e-02
0.000000000000000000e+00 8.323040079726003182e-02
0.000000000000000000e+00 6.281279436301105690e-02
0.000000000000000000e+00 7.803067808119416859e-02
0.000000000000000000e+00 5.223500859318247480e-02
0.000000000000000000e+00 7.610866228676334277e-02
0.000000000000000000e+00 6.629559089944242478e-02
0.000000000000000000e+00 6.303421378934720432e-02
0.000000000000000000e+00 6.495129364342529243e-02
0.000000000000000000e+00 1.257568829715359771e-01
0.000000000000000000e+00 4.168752465629804727e-02
0.000000000000000000e+00 4.910142161583944814e-02
0.000000000000000000e+00 6.461794451599550682e-02
0.000000000000000000e+00 7.533523448525718258e-02
0.000000000000000000e+00 4.157925955284748343e-02
0.000000000000000000e+00 6.135627219020361317e-02
0.000000000000000000e+00 4.661307129886615996e-02
0.000000000000000000e+00 3.045178473578370737e-02
0.000000000000000000e+00 7.387668654757117981e-02
0.000000000000000000e+00 4.032788607393503894e-02
0.000000000000000000e+00 3.270586379298133506e-02
0.000000000000000000e+00 7.371836276132888444e-02
0.000000000000000000e+00 9.171184103929344578e-02
0.000000000000000000e+00 5.881774396380791414e-02
0.000000000000000000e+00 6.204753940026645070e-02
0.000000000000000000e+00 5.471448999558291976e-02
0.000000000000000000e+00 7.084843881980257274e-02
0.000000000000000000e+00 6.641429455024447370e-02
0.000000000000000000e+00 4.878443106868877305e-02
0.000000000000000000e+00 4.084216274111813344e-02
0.000000000000000000e+00 3.750280835033255322e-02
0.000000000000000000e+00 3.143659630639172170e-02
0.000000000000000000e+00 7.238142597933086564e-02
0.000000000000000000e+00 6.680416873496092256e-02
0.000000000000000000e+00 7.382296232760215959e-02
0.000000000000000000e+00 5.204841066971484242e-02
0.000000000000000000e+00 6.805726439938765415e-02
0.000000000000000000e+00 5.534638673431378775e-02
0.000000000000000000e+00 8.728528055632622795e-02
0.000000000000000000e+00 6.669499934100504845e-02
0.000000000000000000e+00 7.582527086130518013e-02
0.000000000000000000e+00 1.092649002231529526e-01
0.000000000000000000e+00 5.889346116053453817e-02
0.000000000000000000e+00 5.777935083575884423e-02
0.000000000000000000e+00 4.521505624092937020e-02
0.000000000000000000e+00 4.277056778964259676e-02
0.000000000000000000e+00 3.553808072523796657e-02
0.000000000000000000e+00 6.175587505741490790e-02
0.000000000000000000e+00 6.832508652644303515e-02
0.000000000000000000e+00 6.648023322681936853e-02
0.000000000000000000e+00 4.392046580207119300e-02
0.000000000000000000e+00 4.699306542036789380e-02
0.000000000000000000e+00 2.359170575956404461e-02
0.000000000000000000e+00 6.317319404628848889e-02
0.000000000000000000e+00 3.939640818535562056e-02
0.000000000000000000e+00 5.089750378142337411e-02
0.000000000000000000e+00 7.256036219947897825e-02
0.000000000000000000e+00 9.492385215302044654e-02
0.000000000000000000e+00 6.820539142513103170e-02
0.000000000000000000e+00 4.306369388910413071e-02
0.000000000000000000e+00 5.135605115104478063e-02
0.000000000000000000e+00 6.320152980561398459e-02
0.000000000000000000e+00 5.208715516895156411e-02
0.000000000000000000e+00 6.912184304500761101e-02
0.000000000000000000e+00 6.309952101755103571e-02
0.000000000000000000e+00 5.945959052397099126e-02
0.000000000000000000e+00 7.162177077551777626e-02
0.000000000000000000e+00 4.824237371295692772e-02
0.000000000000000000e+00 7.457605084177756916e-02
0.000000000000000000e+00 7.329415789861734587e-02
0.000000000000000000e+00 8.813638443139402978e-02
0.000000000000000000e+00 7.309958007331458785e-02
0.000000000000000000e+00 4.623639960421412759e-02
0.000000000000000000e+00 6.999312460541057268e-02
0.000000000000000000e+00 6.293757229978519385e-02
0.000000000000000000e+00 3.057878307721885111e-02
0.000000000000000000e+00 7.629938198400454397e-02
0.000000000000000000e+00 6.097354103308939149e-02
0.000000000000000000e+00 2.339598108901168316e-02
0.000000000000000000e+00 4.075411221488281499e-02
0.000000000000000000e+00 5.411107063552737795e-02
0.000000000000000000e+00 4.929292702388989034e-02
0.000000000000000000e+00 6.453535984282711413e-02
0.000000000000000000e+00 5.108771725474790804e-02
0.000000000000000000e+00 6.745181111383334593e-02
0.000000000000000000e+00 3.288779404739156087e-02
0.000000000000000000e+00 5.934433927143236559e-02
0.000000000000000000e+00 4.765291540871649523e-02
0.000000000000000000e+00 2.295897809246493643e-02
0.000000000000000000e+00 4.943606607205756898e-02
0.000000000000000000e+00 4.090603080467038882e-02
0.000000000000000000e+00 3.577990616486040332e-02
0.000000000000000000e+00 4.045396263039389290e-02
0.000000000000000000e+00 3.575594750505246139e-02
0.000000000000000000e+00 3.729659723858871206e-02
0.000000000000000000e+00 5.193603930123606716e-02
0.000000000000000000e+00 4.061544564531737594e-02
0.000000000000000000e+00 6.799928352190155734e-02
0.000000000000000000e+00 4.529214284533496226e-02
0.000000000000000000e+00 6.888420701936602553e-02
0.000000000000000000e+00 4.868032359989252211e-02
0.000000000000000000e+00 7.552340605995107314e-02
0.000000000000000000e+00 6.159472885381154367e-02
0.000000000000000000e+00 6.868115535220971346e-02
0.000000000000000000e+00 1.074060933146261665e-01
0.000000000000000000e+00 7.398752813804605755e-02
0.000000000000000000e+00 4.903569259164897165e-02
0.000000000000000000e+00 6.033726835136633826e-02
0.000000000000000000e+00 7.370049844944993878e-02
0.000000000000000000e+00 3.817573732815872367e-02
0.000000000000000000e+00 2.655266073499008492e-02
0.000000000000000000e+00 5.480643954671293727e-02
0.000000000000000000e+00 6.903960381225859692e-03
0.000000000000000000e+00 5.040682625206884676e-02
0.000000000000000000e+00 4.148239313844788445e-02
0.000000000000000000e+00 5.299893354320216882e-02
0.000000000000000000e+00 4.441616571180199979e-02
0.000000000000000000e+00 7.586600017668101992e-02
0.000000000000000000e+00 6.612186781069560870e-02
0.000000000000000000e+00 5.134138946727371394e-02
0.000000000000000000e+00 6.778724979842215559e-02
0.000000000000000000e+00 2.591028936142748818e-02
0.000000000000000000e+00 6.226332474120081090e-02
0.000000000000000000e+00 6.353489672672427147e-02
0.000000000000000000e+00 5.175934000456283018e-02
0.000000000000000000e+00 5.316350150469996427e-02
0.000000000000000000e+00 4.634264994193559167e-02
0.000000000000000000e+00 3.811210904996507193e-02
0.000000000000000000e+00 4.951683521977568586e-02
0.000000000000000000e+00 2.339041264619213731e-02
0.000000000000000000e+00 1.149291824005999225e-02
0.000000000000000000e+00 7.234094177271248316e-02
0.000000000000000000e+00 5.358012881270143163e-02
0.000000000000000000e+00 6.096971244114750971e-02
0.000000000000000000e+00 4.022080648642406553e-02
0.000000000000000000e+00 7.529037034446976751e-02
0.000000000000000000e+00 4.634806547232243196e-02
0.000000000000000000e+00 9.207669167564746723e-03
0.000000000000000000e+00 4.923344393324653040e-02
0.000000000000000000e+00 6.832930457313395045e-02
0.000000000000000000e+00 2.464645322957941670e-02
0.000000000000000000e+00 7.757911390054213208e-02
0.000000000000000000e+00 8.095386681095373405e-02
0.000000000000000000e+00 6.607623567207637771e-02
0.000000000000000000e+00 5.505649425480124703e-02
0.000000000000000000e+00 2.939643018925280210e-02
0.000000000000000000e+00 5.270110256048642083e-02
0.000000000000000000e+00 4.245216787906436195e-02
0.000000000000000000e+00 6.918863196402140481e-02
0.000000000000000000e+00 6.358056066990436239e-02
0.000000000000000000e+00 6.231081741470843177e-02
0.000000000000000000e+00 2.657646393016445049e-02
0.000000000000000000e+00 5.345028645672620510e-02
0.000000000000000000e+00 5.897610781345460212e-02
0.000000000000000000e+00 8.791533381226898647e-02
0.000000000000000000e+00 3.442866499377784245e-02
0.000000000000000000e+00 2.894582408366236370e-02
0.000000000000000000e+00 3.384110569226100873e-02
0.000000000000000000e+00 3.238330409811032706e-02
0.000000000000000000e+00 7.266572213203298380e-02
0.000000000000000000e+00 7.760856286477815780e-02
0.000000000000000000e+00 5.656227904022789743e-02
0.000000000000000000e+00 5.777186763759525889e-02
0.000000000000000000e+00 1.869151795437319283e-02
0.000000000000000000e+00 4.349311019740660644e-02
0.000000000000000000e+00 1.091658588989144196e-01
0.000000000000000000e+00 5.621106715054309533e-02
0.000000000000000000e+00 5.206867772852009218e-02
0.000000000000000000e+00 3.056646099950980147e-02
0.000000000000000000e+00 5.877214145469134010e-02
0.000000000000000000e+00 2.527224332811598209e-02
0.000000000000000000e+00 5.201297026670542722e-02
0.000000000000000000e+00 5.944161310325266762e-02
0.000000000000000000e+00 6.262261087551855565e-02
0.000000000000000000e+00 3.230683479994424928e-02
0.000000000000000000e+00 2.288508421232016490e-02
0.000000000000000000e+00 3.853733665706552541e-02
0.000000000000000000e+00 3.315566677112586486e-02
0.000000000000000000e+00 5.551796340611100250e-02
0.000000000000000000e+00 5.141037365623171707e-02
0.000000000000000000e+00 6.911591152308627084e-02
0.000000000000000000e+00 5.072308888734544663e-02
0.000000000000000000e+00 5.454547810034442862e-02
0.000000000000000000e+00 2.584528986577358176e-02
0.000000000000000000e+00 2.522138956892872041e-02
0.000000000000000000e+00 2.679342967680949095e-02
0.000000000000000000e+00 7.935741268910351254e-02
0.000000000000000000e+00 7.175792509594347557e-02
0.000000000000000000e+00 4.111122525483450196e-02
0.000000000000000000e+00 4.107512285143569142e-02
0.000000000000000000e+00 7.384816429145099614e-02
0.000000000000000000e+00 5.650845615832886248e-02
0.000000000000000000e+00 7.292830424747759333e-02
0.000000000000000000e+00 8.688247230388120024e-02
0.000000000000000000e+00 3.281802223869358104e-02
0.000000000000000000e+00 5.540758219587473693e-02
0.000000000000000000e+00 7.663127191344876188e-02
0.000000000000000000e+00 7.181974589721780433e-02
0.000000000000000000e+00 6.012014523897905166e-02
0.000000000000000000e+00 3.727943343231707174e-02
0.000000000000000000e+00 3.891926058794258070e-02
0.000000000000000000e+00 6.928925167264074481e-02
0.000000000000000000e+00 6.818487621415449118e-02
0.000000000000000000e+00 4.778390451125222316e-02
0.000000000000000000e+00 4.141101419721539278e-02
0.000000000000000000e+00 2.679848929990095302e-02
0.000000000000000000e+00 4.613820151884420045e-02
0.000000000000000000e+00 4.265174238628376135e-02
0.000000000000000000e+00 4.697840997585816386e-02
0.000000000000000000e+00 4.544390412955229969e-02
0.000000000000000000e+00 6.625937232178848169e-02
0.000000000000000000e+00 4.047664978524841833e-02
0.000000000000000000e+00 5.050573699912109388e-02
0.000000000000000000e+00 3.782425758797539062e-02
0.000000000000000000e+00 5.562066605900179567e-02
0.000000000000000000e+00 4.052050889736818345e-02
0.000000000000000000e+00 3.599767323215072312e-02
0.000000000000000000e+00 4.899484117359505231e-02
0.000000000000000000e+00 6.687350645867684573e-02
0.000000000000000000e+00 4.384673835066867781e-02
0.000000000000000000e+00 3.737918385025341267e-02
0.000000000000000000e+00 5.755962262021931120e-02
0.000000000000000000e+00 2.836573070434243379e-02
0.000000000000000000e+00 6.235358289220556405e-02
0.000000000000000000e+00 4.914838496771545967e-02
0.000000000000000000e+00 2.822946472756654099e-02
0.000000000000000000e+00 1.626020518340320214e-02
0.000000000000000000e+00 6.386880675447002831e-02
0.000000000000000000e+00 5.952670178682595292e-02
0.000000000000000000e+00 3.970036277820820220e-02
0.000000000000000000e+00 3.061182420826679546e-02
0.000000000000000000e+00 3.766614945834130534e-02
0.000000000000000000e+00 5.040833955750182588e-02
0.000000000000000000e+00 1.351157290316796870e-02
0.000000000000000000e+00 5.029921653487082894e-02
0.000000000000000000e+00 4.899453153841361319e-02
0.000000000000000000e+00 4.854718876235209618e-02
0.000000000000000000e+00 3.897036643065424077e-02
0.000000000000000000e+00 5.655710200303853963e-02
0.000000000000000000e+00 6.656684006012515697e-02
0.000000000000000000e+00 8.893573274618227220e-02
0.000000000000000000e+00 5.969262982068413576e-02
0.000000000000000000e+00 2.701737904568546692e-02
0.000000000000000000e+00 7.105220755456452542e-02
0.000000000000000000e+00 3.481260721431287536e-02
0.000000000000000000e+00 5.763844360295539149e-02
0.000000000000000000e+00 4.079782075381771511e-02
0.000000000000000000e+00 2.823754396460324487e-02
0.000000000000000000e+00 4.403110035572006808e-02
0.000000000000000000e+00 3.297674972895808798e-02
0.000000000000000000e+00 3.235304845291369497e-02
0.000000000000000000e+00 5.898803686237801686e-02
0.000000000000000000e+00 3.925960260772354965e-02
0.000000000000000000e+00 4.677110673663512075e-02
0.000000000000000000e+00 2.476097295948748167e-02
0.000000000000000000e+00 6.806405653802465039e-02
0.000000000000000000e+00 8.021975246380362579e-02
0.000000000000000000e+00 6.709794315275792453e-02
0.000000000000000000e+00 9.829160697948252645e-02
0.000000000000000000e+00 4.320400882899276540e-02
0.000000000000000000e+00 8.286190069843958617e-02
0.000000000000000000e+00 1.773934750111604355e-02
0.000000000000000000e+00 6.142844940261665831e-02
0.000000000000000000e+00 5.696218021544731391e-02
0.000000000000000000e+00 5.863949814997850701e-02
0.000000000000000000e+00 4.459015633302575859e-02
0.000000000000000000e+00 8.112512930099217978e-02
0.000000000000000000e+00 7.044894558803535545e-02
0.000000000000000000e+00 6.304289661044086557e-02
0.000000000000000000e+00 5.367539034182774310e-02
0.000000000000000000e+00 7.135258597123232682e-02
0.000000000000000000e+00 2.622793529711921895e-02
0.000000000000000000e+00 6.594889448847987556e-02
0.000000000000000000e+00 7.968068293485494613e-02
0.000000000000000000e+00 4.376938430221698206e-02
0.000000000000000000e+00 4.896992416494524991e-02
0.000000000000000000e+00 1.479991272456218296e-02
0.000000000000000000e+00 7.376148839977642035e-02
0.000000000000000000e+00 6.558559422110397941e-02
0.000000000000000000e+00 7.654300630280104489e-02
0.000000000000000000e+00 8.179940749977143710e-02
0.000000000000000000e+00 2.481873146265023075e-02
0.000000000000000000e+00 6.678109539760654356e-02
0.000000000000000000e+00 4.261990514899784144e-02
0.000000000000000000e+00 4.473274112829662280e-02
0.000000000000000000e+00 3.972385898795412207e-02
0.000000000000000000e+00 6.007626889522173219e-02
0.000000000000000000e+00 3.342589706469924898e-02
0.000000000000000000e+00 7.319101622227991433e-02
0.000000000000000000e+00 8.643789116409228424e-03
0.000000000000000000e+00 5.768316183212530979e-02
0.000000000000000000e+00 6.919781322984433491e-02
0.000000000000000000e+00 5.284370864080448899e-02
0.000000000000000000e+00 6.357907015377890769e-02
0.000000000000000000e+00 5.739078575905410401e-02
0.000000000000000000e+00 4.425370341749337855e-02
0.000000000000000000e+00 3.246416577839560808e-02
0.000000000000000000e+00 2.790921474647656622e-02
0.000000000000000000e+00 4.816495447587627876e-02
0.000000000000000000e+00 6.458633030270205522e-02
0.000000000000000000e+00 5.700073113420542348e-02
0.000000000000000000e+00 8.197308602723005558e-03
0.000000000000000000e+00 4.348428665058320930e-02
0.000000000000000000e+00 4.679974802857757299e-02
0.000000000000000000e+00 8.165277286076970398e-02
0.000000000000000000e+00 2.480622712816488856e-02
0.000000000000000000e+00 5.614372152490267054e-02
0.000000000000000000e+00 6.380155348023087980e-02
0.000000000000000000e+00 8.102615531115313352e-02
0.000000000000000000e+00 4.476478145395001301e-02
0.000000000000000000e+00 3.999260788728223326e-02
0.000000000000000000e+00 6.637736030877021409e-02
0.000000000000000000e+00 5.706037205643714472e-02
0.000000000000000000e+00 6.044735728710406292e-02
0.000000000000000000e+00 3.581791736699853346e-02
0.000000000000000000e+00 7.956393404870124378e-03
0.000000000000000000e+00 3.502712973521213136e-02
0.000000000000000000e+00 1.525202581688690252e-02
0.000000000000000000e+00 7.097205552925354988e-02
0.000000000000000000e+00 7.067667266532076664e-02
0.000000000000000000e+00 4.441814526786420914e-02
0.000000000000000000e+00 2.823843231316146979e-02
0.000000000000000000e+00 7.768852371921394773e-02
0.000000000000000000e+00 7.196116263322338558e-02
0.000000000000000000e+00 6.441770403907273734e-02
0.000000000000000000e+00 8.452136555148899444e-02
0.000000000000000000e+00 1.869850994632776819e-02
0.000000000000000000e+00 5.317079654523353821e-02
0.000000000000000000e+00 2.604687105747116940e-02
0.000000000000000000e+00 2.112995367722690643e-02
0.000000000000000000e+00 4.100349905943166673e-02
0.000000000000000000e+00 8.567046832756063102e-02
0.000000000000000000e+00 4.532928681797943754e-02
0.000000000000000000e+00 3.532610658648823593e-02
0.000000000000000000e+00 4.880414348729502499e-02
0.000000000000000000e+00 6.586802494577349842e-02
0.000000000000000000e+00 1.585382144774466484e-02
0.000000000000000000e+00 6.411418072506484649e-03
0.000000000000000000e+00 2.819400742026315423e-02
0.000000000000000000e+00 6.641795151211407622e-02
0.000000000000000000e+00 6.778529745473675650e-02
0.000000000000000000e+00 8.219196078664520178e-02
0.000000000000000000e+00 3.417156677463617509e-02
