0.000000000000000000e+00 7.657086783110493566e-02
0.000000000000000000e+00 7.348231732017947160e-02
0.000000000000000000e+00 8.407630752185750456e-02
0.000000000000000000e+00 8.649355666786032182e-02
0.000000000000000000e+00 7.689634594527598732e-02
0.000000000000000000e+00 7.457167213498043512e-02
0.000000000000000000e+00 4.737033798520724065e-02
0.000000000000000000e+00 1.241660464824497906e-01
0.000000000000000000e+00 6.520497157998121629e-02
0.000000000000000000e+00 6.672433127323713908e-02
0.000000000000000000e+00 8.166244988360994717e-02
0.000000000000000000e+00 7.473019873378022870e-02
0.000000000000000000e+00 7.955329414461366488e-02
0.000000000000000000e+00 7.031976530405172066e-02
0.000000000000000000e+00 5.681112554761524186e-02
0.000000000000000000e+00 9.725017970726917982e-02
0.000000000000000000e+00 7.216548421861078422e-02
0.000000000000000000e+00 6.775770136965322821e-02
0.000000000000000000e+00 6.388244581380969622e-02
0.000000000000000000e+00 7.223071274697447086e-02
0.000000000000000000e+00 7.627862083234875079e-02
0.000000000000000000e+00 5.152900085302575955e-02
0.000000000000000000e+00 8.395270525662701377e-02
0.000000000000000000e+00 7.149100797905315330e-02
0.000000000000000000e+00 5.069451907663053564e-02
0.000000000000000000e+00 8.107808133152043240e-02
0.000000000000000000e+00 1.808127437403462059e-02
0.000000000000000000e+00 6.441820231154204990e-02
0.000000000000000000e+00 7.901090107070538049e-02
0.000000000000000000e+00 8.871268244947266846e-02
0.000000000000000000e+00 7.192675575689132239e-02
0.000000000000000000e+00 1.074719753399326072e-01
0.000000000000000000e+00 6.367205125615378603e-02
0.000000000000000000e+00 7.917875068047007525e-02
0.000000000000000000e+00 6.183271825257012633e-02
0.000000000000000000e+00 7.483447143233720733e-02
0.000000000000000000e+00 2.849724286211880592e-02
0.000000000000000000e+00 6.334368476156454486e-02
0.000000000000000000e+00 7.356175423008731729e-02
0.000000000000000000e+00 6.904673175125367046e-02
0.000000000000000000e+00 9.550885421161424416e-02
0.000000000000000000e+00 7.056090258570409113e-02
0.000000000000000000e+00 7.180951954855768760e-02
0.000000000000000000e+00 6.379394466373433659e-02
0.000000000000000000e+00 4.211679177286601489e-02
0.000000000000000000e+00 6.271605017513985636e-02
0.000000000000000000e+00 7.400057045311536630e-02
0.000000000000000000e+00 7.728418194415317966e-02
0.000000000000000000e+00 4.422811987598231770e-02
0.000000000000000000e+00 5.971446702025648423e-02
0.000000000000000000e+00 7.881617803755799900e-02
0.000000000000000000e+00 7.045079882194688059e-02
0.000000000000000000e+00 6.397272460020331231e-02
0.000000000000000000e+00 7.049925900970530068e-02
0.000000000000000000e+00 6.521906787018076634e-02
0.000000000000000000e+00 7.516255856192410878e-02
0.000000000000000000e+00 7.092345096788257863e-02
0.000000000000000000e+00 7.634633910014246294e-02
0.000000000000000000e+00 6.001263978038056529e-02
0.000000000000000000e+00 7.219127610254702510e-02
0.000000000000000000e+00 6.887918057123691706e-02
0.000000000000000000e+00 7.282191566422020756e-02
0.000000000000000000e+00 4.810624496252605131e-02
0.000000000000000000e+00 4.524354818442675313e-02
0.000000000000000000e+00 8.051819454137625065e-02
0.000000000000000000e+00 1.042361959816198447e-01
0.000000000000000000e+00 8.067641284519867784e-02
0.000000000000000000e+00 6.627286196992146494e-02
0.000000000000000000e+00 6.364806894504268509e-02
0.000000000000000000e+00 7.128087685526779405e-02
0.000000000000000000e+00 6.072177941623391195e-02
0.000000000000000000e+00 6.680855218189432621e-02
0.000000000000000000e+00 1.358088874669344248e-01
0.000000000000000000e+00 6.566838633542175507e-02
0.000000000000000000e+00 6.791913946573512051e-02
0.000000000000000000e+00 6.547470895264217994e-02
0.000000000000000000e+00 3.514535520791340489e-02
0.000000000000000000e+00 5.833348776935764340e-02
0.000000000000000000e+00 7.795723090984045534e-02
0.000000000000000000e+00 7.727154926376358923e-02
0.000000000000000000e+00 3.711056021862037951e-02
0.000000000000000000e+00 6.203537685813308861e-02
0.000000000000000000e+00 6.811997541993412841e-02
0.000000000000000000e+00 5.644834405440624092e-02
0.000000000000000000e+00 6.504607269760598331e-02
0.000000000000000000e+00 5.938620740815948873e-02
0.000000000000000000e+00 3.849053277854684596e-02
0.000000000000000000e+00 6.377550049326895232e-02
0.000000000000000000e+00 6.782209357149410200e-02
0.000000000000000000e+00 4.962324145650719859e-02
0.000000000000000000e+00 5.638360650296547760e-02
0.000000000000000000e+00 6.436712705773504906e-02
0.000000000000000000e+00 4.012759204015091397e-02
0.000000000000000000e+00 8.011045575361747106e-02
0.000000000000000000e+00 5.676423470319338915e-02
0.000000000000000000e+00 6.469656423307079685e-02
0.000000000000000000e+00 6.086638517496370526e-02
0.000000000000000000e+00 1.458747965152330517e-01
0.000000000000000000e+00 7.505255571124307135e-02
0.000000000000000000e+00 3.423116241408109828e-02
0.000000000000000000e+00 5.102833341676622780e-02
0.000000000000000000e+00 5.485238020546853027e-02
0.000000000000000000e+00 8.271393276426187990e-02
0.000000000000000000e+00 6.538924025719175526e-02
0.000000000000000000e+00 1.620913581544315696e-02
0.000000000000000000e+00 6.849363402905442322e-02
0.000000000000000000e+00 6.538377455524686799e-02
0.000000000000000000e+00 5.608326890759499778e-02
0.000000000000000000e+00 7.199432226165580762e-02
0.000000000000000000e+00 5.505716980130099386e-02
0.000000000000000000e+00 5.322413954529515295e-02
0.000000000000000000e+00 5.990915222252297251e-02
0.000000000000000000e+00 6.922492048076288318e-02
0.000000000000000000e+00 4.053162027416905289e-02
0.000000000000000000e+00 8.202379424598078839e-02
0.000000000000000000e+00 6.574850521945584114e-02
0.000000000000000000e+00 8.198391516755265673e-02
0.000000000000000000e+00 7.918950732188721753e-02
0.000000000000000000e+00 7.027632224014240814e-02
0.000000000000000000e+00 6.348016228311693931e-02
0.000000000000000000e+00 7.318508865478524916e-02
0.000000000000000000e+00 5.121657861964835218e-02
0.000000000000000000e+00 6.074649951961071798e-02
0.000000000000000000e+00 6.503676367095240218e-02
0.000000000000000000e+00 6.851355203038575481e-02
0.000000000000000000e+00 5.430631652216083571e-02
0.000000000000000000e+00 7.436159815717760524e-02
0.000000000000000000e+00 4.890641166344256857e-02
0.000000000000000000e+00 6.138492621567758628e-02
0.000000000000000000e+00 3.228899535905489088e-02
0.000000000000000000e+00 6.836247859731980903e-02
0.000000000000000000e+00 7.920119091097221897e-02
0.000000000000000000e+00 7.500133001815137423e-02
0.000000000000000000e+00 4.690315187256961782e-02
0.000000000000000000e+00 1.157531112724018291e-01
0.000000000000000000e+00 5.278355332821546564e-02
0.000000000000000000e+00 5.244815315913992776e-02
0.000000000000000000e+00 4.407439913761627276e-02
0.000000000000000000e+00 7.028285600152348045e-02
0.000000000000000000e+00 4.952153100619838266e-02
0.000000000000000000e+00 4.764485629324929916e-02
0.000000000000000000e+00 6.556275405432636372e-02
0.000000000000000000e+00 6.458762983564417248e-02
0.000000000000000000e+00 4.531514636887235686e-02
0.000000000000000000e+00 6.130798480946850204e-02
0.000000000000000000e+00 9.663917898350446456e-02
0.000000000000000000e+00 7.141323020461766424e-02
0.000000000000000000e+00 5.693393287589368357e-02
0.000000000000000000e+00 2.026627907097190012e-02
0.000000000000000000e+00 5.196787657734516092e-02
0.000000000000000000e+00 9.584827748750511522e-02
0.000000000000000000e+00 6.359100369381931461e-02
0.000000000000000000e+00 5.957820493936218098e-02
0.000000000000000000e+00 6.946455954634161989e-02
0.000000000000000000e+00 6.969588152355808697e-02
0.000000000000000000e+00 6.336014955630511758e-02
0.000000000000000000e+00 3.018339029502794049e-02
0.000000000000000000e+00 5.925985793183633638e-02
0.000000000000000000e+00 7.419093232889947820e-02
0.000000000000000000e+00 9.190461759665921604e-02
0.000000000000000000e+00 8.748531633814013442e-02
0.000000000000000000e+00 4.564087236300418127e-02
0.000000000000000000e+00 6.037030210769916971e-02
0.000000000000000000e+00 7.867142922587193332e-02
0.000000000000000000e+00 6.504390174298026184e-02
0.000000000000000000e+00 4.880561698533961157e-02
0.000000000000000000e+00 8.829795193893098804e-02
0.000000000000000000e+00 5.226239100607989185e-02
0.000000000000000000e+00 7.401365516879976347e-02
0.000000000000000000e+00 6.540441382673747861e-02
0.000000000000000000e+00 5.768077761142333809e-02
0.000000000000000000e+00 5.093888349870168836e-02
0.000000000000000000e+00 8.801459349514853536e-02
0.000000000000000000e+00 6.336112917441634462e-02
0.000000000000000000e+00 7.641464632300039306e-02
0.000000000000000000e+00 7.564327078657308301e-02
0.000000000000000000e+00 3.502176158788877086e-02
0.000000000000000000e+00 7.280184077227487560e-02
0.000000000000000000e+00 4.107615176302743115e-02
0.000000000000000000e+00 5.350060215780273049e-02
0.000000000000000000e+00 5.931924905788715091e-02
0.000000000000000000e+00 8.453646886912920266e-02
0.000000000000000000e+00 5.367455581205455434e-02
0.000000000000000000e+00 8.269364697072358050e-02
0.000000000000000000e+00 6.464109282953671431e-02
0.000000000000000000e+00 7.981000319390801900e-02
0.000000000000000000e+00 5.347200046884297703e-02
0.000000000000000000e+00 4.134755086985228423e-02
0.000000000000000000e+00 5.921325684407794526e-02
0.000000000000000000e+00 7.650988726921333083e-02
0.000000000000000000e+00 7.206897701526414346e-02
0.000000000000000000e+00 6.811827162254441292e-02
0.000000000000000000e+00 5.859278896980125301e-02
0.000000000000000000e+00 3.183699259340763699e-02
0.000000000000000000e+00 6.038079561351565594e-02
0.000000000000000000e+00 7.740007467657904205e-02
0.000000000000000000e+00 3.338099465284331824e-02
0.000000000000000000e+00 6.532440405550470064e-02
0.000000000000000000e+00 4.659399793788009114e-02
0.000000000000000000e+00 6.999793918535046622e-02
0.000000000000000000e+00 6.013632125914874366e-02
0.000000000000000000e+00 4.739017467217136043e-02
0.000000000000000000e+00 7.347731462363492339e-02
0.000000000000000000e+00 1.187841968326741049e-01
0.000000000000000000e+00 6.269239055480980982e-02
0.000000000000000000e+00 3.541715269141425260e-02
0.000000000000000000e+00 5.700215030303718705e-02
0.000000000000000000e+00 8.622822961817799836e-02
0.000000000000000000e+00 5.914604522519526647e-02
0.000000000000000000e+00 8.106941482560339751e-02
0.000000000000000000e+00 4.261357883136288743e-02
0.000000000000000000e+00 7.604900641773704173e-02
0.000000000000000000e+00 6.344919647284834319e-02
0.000000000000000000e+00 3.898773175168526728e-02
0.000000000000000000e+00 2.725423352140837058e-02
0.000000000000000000e+00 4.886733403698764744e-02
0.000000000000000000e+00 6.958047259444759269e-02
0.000000000000000000e+00 5.826089385335910670e-02
0.000000000000000000e+00 5.743110259201579526e-02
0.000000000000000000e+00 3.215051653024708633e-02
0.000000000000000000e+00 6.376217308374079740e-02
0.000000000000000000e+00 3.412407896757882475e-02
0.000000000000000000e+00 8.557582543347953818e-02
0.000000000000000000e+00 8.272812848079531822e-02
0.000000000000000000e+00 4.432274027123856569e-02
0.000000000000000000e+00 7.251397088014936709e-02
0.000000000000000000e+00 5.550318934217867567e-02
0.000000000000000000e+00 7.613170154411370849e-02
0.000000000000000000e+00 4.561225225064560740e-02
0.000000000000000000e+00 4.139323918932020369e-02
0.000000000000000000e+00 6.310341561605822824e-02
0.000000000000000000e+00 3.937171294495921126e-02
0.000000000000000000e+00 4.441489485031245577e-02
0.000000000000000000e+00 6.357432793023629070e-02
0.000000000000000000e+00 4.343111547673637884e-02
0.000000000000000000e+00 6.241829976736694430e-02
0.000000000000000000e+00 5.731445137602995954e-02
0.000000000000000000e+00 2.333196338119136737e-02
0.000000000000000000e+00 1.746512116572098566e-02
0.000000000000000000e+00 6.202027729251213123e-02
0.000000000000000000e+00 1.834550056617111763e-02
0.000000000000000000e+00 9.046973464032274925e-02
0.000000000000000000e+00 5.847938452322630487e-02
0.000000000000000000e+00 6.196428642149163363e-02
0.000000000000000000e+00 7.320941684463123933e-02
0.000000000000000000e+00 4.431734203324108612e-02
0.000000000000000000e+00 2.376749765819076779e-02
0.000000000000000000e+00 5.110272634431749922e-02
0.000000000000000000e+00 8.180156874375829612e-02
0.000000000000000000e+00 6.797873579265006905e-02
0.000000000000000000e+00 7.710094162071945423e-02
0.000000000000000000e+00 6.896354940111944221e-02
0.000000000000000000e+00 7.717060182774047872e-02
0.000000000000000000e+00 4.938408615874412960e-02
0.000000000000000000e+00 5.794780886912956341e-02
0.000000000000000000e+00 7.247691940673033073e-02
0.000000000000000000e+00 8.274083453998667959e-02
0.000000000000000000e+00 7.120722927868834706e-02
0.000000000000000000e+00 3.869482821958875746e-02
0.000000000000000000e+00 4.597588928180736806e-02
0.000000000000000000e+00 5.796519908867352189e-02
0.000000000000000000e+00 2.350548558556694867e-02
0.000000000000000000e+00 5.842749500533750417e-02
0.000000000000000000e+00 7.058948573432552442e-02
0.000000000000000000e+00 9.133142725151462138e-02
0.000000000000000000e+00 3.609106792353902748e-02
0.000000000000000000e+00 5.838218642986625628e-02
0.000000000000000000e+00 7.917168037754943044e-02
0.000000000000000000e+00 5.245379013639048932e-02
0.000000000000000000e+00 5.820808978976899778e-02
0.000000000000000000e+00 3.485397689631834772e-02
0.000000000000000000e+00 5.039738892221518052e-02
0.000000000000000000e+00 6.285224121878307812e-02
0.000000000000000000e+00 3.956274506386249501e-02
0.000000000000000000e+00 5.309858061329204154e-02
0.000000000000000000e+00 5.909556628613205770e-02
0.000000000000000000e+00 5.497509605140883659e-02
0.000000000000000000e+00 3.544820284186718518e-02
0.000000000000000000e+00 4.452280460762965408e-02
0.000000000000000000e+00 7.181257395617075823e-02
0.000000000000000000e+00 6.743518262311738731e-02
0.000000000000000000e+00 2.339800078033299827e-02
0.000000000000000000e+00 3.228920855157345338e-02
0.000000000000000000e+00 3.652990298112602369e-02
0.000000000000000000e+00 7.303718081197892176e-02
0.000000000000000000e+00 7.252480538947692068e-02
0.000000000000000000e+00 5.560611891096863685e-02
0.000000000000000000e+00 5.838560386597291263e-02
0.000000000000000000e+00 3.734484292526520782e-02
0.000000000000000000e+00 7.017814097505199744e-02
0.000000000000000000e+00 7.421947858095856443e-02
0.000000000000000000e+00 7.992671482593809162e-02
0.000000000000000000e+00 3.466646717167547881e-02
0.000000000000000000e+00 7.354193030286028387e-02
0.000000000000000000e+00 5.583955056117927834e-02
0.000000000000000000e+00 5.885098005224467799e-02
0.000000000000000000e+00 2.633145274198196370e-02
0.000000000000000000e+00 1.537571057716252167e-02
0.000000000000000000e+00 5.226065115840594633e-02
0.000000000000000000e+00 3.159242447069610799e-02
0.000000000000000000e+00 7.980169950768639664e-02
0.000000000000000000e+00 1.808479709914254455e-02
0.000000000000000000e+00 2.559990836720535748e-02
0.000000000000000000e+00 3.126877922290959705e-02
0.000000000000000000e+00 5.566326385785787256e-02
0.000000000000000000e+00 5.383039990525107649e-02
0.000000000000000000e+00 7.682228403345789380e-02
0.000000000000000000e+00 5.415572545646053088e-02
0.000000000000000000e+00 2.935575100282055219e-02
0.000000000000000000e+00 5.672993918718024359e-02
0.000000000000000000e+00 5.649010357840279078e-02
0.000000000000000000e+00 4.287144765734834939e-02
0.000000000000000000e+00 6.240964947101559218e-02
0.000000000000000000e+00 5.501760252347187574e-02
0.000000000000000000e+00 3.143875547182897051e-02
0.000000000000000000e+00 4.427789885314260127e-02
0.000000000000000000e+00 1.228912779519687609e-01
0.000000000000000000e+00 5.523839101560405057e-02
0.000000000000000000e+00 6.091889117509167312e-02
0.000000000000000000e+00 4.392329858025291467e-02
0.000000000000000000e+00 7.877691677826398342e-02
0.000000000000000000e+00 4.350707622883907139e-02
0.000000000000000000e+00 4.170364642134152117e-02
0.000000000000000000e+00 6.440682983397699735e-02
0.000000000000000000e+00 5.628895734438825460e-02
0.000000000000000000e+00 5.065410664551237702e-02
0.000000000000000000e+00 1.052993157147459474e-01
0.000000000000000000e+00 4.242360658272127660e-02
0.000000000000000000e+00 4.273448816644351972e-02
0.000000000000000000e+00 3.906973661780357987e-02
0.000000000000000000e+00 5.731420354798331257e-02
0.000000000000000000e+00 3.011599022454158892e-02
0.000000000000000000e+00 6.059524119456628777e-02
0.000000000000000000e+00 3.111261725955033475e-02
0.000000000000000000e+00 7.974121702779222998e-02
0.000000000000000000e+00 9.087030960570396942e-02
0.000000000000000000e+00 2.214537016013841744e-02
0.000000000000000000e+00 2.806933172657707920e-02
0.000000000000000000e+00 4.998446375072230358e-02
0.000000000000000000e+00 4.311949548983242536e-02
0.000000000000000000e+00 6.112148361107724859e-02
0.000000000000000000e+00 3.064339964888731366e-02
0.000000000000000000e+00 4.481764806429140019e-02
0.000000000000000000e+00 6.732435464625530219e-02
0.000000000000000000e+00 4.053463306847077119e-02
0.000000000000000000e+00 6.643952449827120188e-02
0.000000000000000000e+00 5.330863169366231724e-02
0.000000000000000000e+00 7.539853384884018239e-02
0.000000000000000000e+00 3.381994265861774235e-02
0.000000000000000000e+00 3.331740362032158814e-02
0.000000000000000000e+00 6.575767853727514101e-02
0.000000000000000000e+00 5.856638840581183253e-02
0.000000000000000000e+00 4.987098882490405977e-02
0.000000000000000000e+00 4.621832226307370090e-02
0.000000000000000000e+00 3.753843017916054514e-02
0.000000000000000000e+00 3.675935776194198812e-02
0.000000000000000000e+00 8.910174817141111592e-02
0.000000000000000000e+00 7.404100485134343379e-02
0.000000000000000000e+00 6.371345231792911734e-02
0.000000000000000000e+00 5.493549242662426613e-02
0.000000000000000000e+00 5.004451440777758081e-02
0.000000000000000000e+00 7.002975086553664408e-02
0.000000000000000000e+00 4.153342277876338057e-02
0.000000000000000000e+00 5.477476036792857522e-02
0.000000000000000000e+00 5.229856350037100088e-02
0.000000000000000000e+00 5.801683005095292778e-02
0.000000000000000000e+00 7.251557337925836066e-02
0.000000000000000000e+00 4.018296092002225650e-02
0.000000000000000000e+00 3.284428543510894277e-02
0.000000000000000000e+00 4.834345920400749674e-02
0.000000000000000000e+00 7.489348905212318830e-02
0.000000000000000000e+00 3.395182747469922824e-02
0.000000000000000000e+00 6.562416996231333621e-02
0.000000000000000000e+00 2.667653963268928549e-02
0.000000000000000000e+00 4.741220985126160664e-02
0.000000000000000000e+00 9.028762640368266645e-02
0.000000000000000000e+00 5.335565722413715406e-02
0.000000000000000000e+00 3.861268476765548647e-03
0.000000000000000000e+00 5.973720112064392906e-02
0.000000000000000000e+00 5.353248520130740595e-02
0.000000000000000000e+00 6.492395917539546535e-02
0.000000000000000000e+00 2.793150906325288924e-02
0.000000000000000000e+00 5.394524678704268328e-02
0.000000000000000000e+00 4.358936650524537076e-02
0.000000000000000000e+00 2.774307851806880401e-02
0.000000000000000000e+00 4.168094659377765548e-02
0.000000000000000000e+00 7.617706082076772245e-02
0.000000000000000000e+00 4.555664783075755349e-03
0.000000000000000000e+00 6.757013978209040761e-02
0.000000000000000000e+00 4.558765009888347125e-02
0.000000000000000000e+00 6.011633156132185907e-02
0.000000000000000000e+00 6.730438138833046147e-02
0.000000000000000000e+00 6.631699085323779219e-02
0.000000000000000000e+00 2.196052569411677952e-02
0.000000000000000000e+00 3.299213451111113887e-02
0.000000000000000000e+00 3.367419691421957850e-02
0.000000000000000000e+00 6.530088062850088193e-02
0.000000000000000000e+00 5.019895171469265782e-02
0.000000000000000000e+00 5.243934618814135445e-02
0.000000000000000000e+00 5.728342830412659625e-02
0.000000000000000000e+00 4.002527311270262511e-02
0.000000000000000000e+00 6.814518648364144282e-02
0.000000000000000000e+00 3.613646674935879627e-02
0.000000000000000000e+00 6.429214515694960108e-02
0.000000000000000000e+00 5.466971942180595678e-02
0.000000000000000000e+00 8.290459091132994229e-02
0.000000000000000000e+00 5.178606856080406051e-02
0.000000000000000000e+00 5.135510089183717430e-02
0.000000000000000000e+00 6.225900509084145856e-02
0.000000000000000000e+00 6.931220695144185706e-02
0.000000000000000000e+00 6.133072740678548185e-02
0.000000000000000000e+00 1.005445641849281868e-01
0.000000000000000000e+00 3.385844108503367755e-02
0.000000000000000000e+00 4.415442836805175131e-02
0.000000000000000000e+00 5.665316349686727593e-02
0.000000000000000000e+00 2.489656426652970406e-02
0.000000000000000000e+00 4.312712128895405256e-02
0.000000000000000000e+00 1.060815705389305114e-01
0.000000000000000000e+00 5.647782106539521452e-02
0.000000000000000000e+00 5.335142505065684770e-02
0.000000000000000000e+00 3.624327606357197890e-02
0.000000000000000000e+00 2.568586095684662410e-02
0.000000000000000000e+00 5.600433915848547495e-02
0.000000000000000000e+00 3.986597263836653277e-02
0.000000000000000000e+00 4.833832245248732146e-02
0.000000000000000000e+00 5.197188565365312707e-02
0.000000000000000000e+00 3.008589183739321729e-02
0.000000000000000000e+00 6.777792988499295457e-02
0.000000000000000000e+00 6.757128370176472554e-02
0.000000000000000000e+00 6.365243914297527561e-02
0.000000000000000000e+00 5.015598458619707767e-02
0.000000000000000000e+00 3.351790119351729519e-02
0.000000000000000000e+00 4.295496154666684357e-02
0.000000000000000000e+00 5.330960580841043878e-02
0.000000000000000000e+00 4.564101060053879499e-02
0.000000000000000000e+00 5.869324380664700525e-02
0.000000000000000000e+00 7.241239179813434290e-02
0.000000000000000000e+00 5.711624558350713449e-02
0.000000000000000000e+00 2.252384835841959518e-02
0.000000000000000000e+00 4.909511089597548561e-02
0.000000000000000000e+00 5.913210820398113327e-02
0.000000000000000000e+00 7.015596607017124398e-02
0.000000000000000000e+00 1.516806828861871903e-01
0.000000000000000000e+00 1.282091060857670078e-02
0.000000000000000000e+00 5.759624850880113583e-02
0.000000000000000000e+00 3.166136215309669349e-02
0.000000000000000000e+00 5.839924717932565290e-02
0.000000000000000000e+00 4.944468924519963837e-02
0.000000000000000000e+00 3.287578236036044904e-02
0.000000000000000000e+00 8.267798222303060496e-02
0.000000000000000000e+00 7.123816075264119418e-02
0.000000000000000000e+00 4.906669845891915849e-02
0.000000000000000000e+00 6.103592834984801485e-02
0.000000000000000000e+00 3.386952361106586318e-02
0.000000000000000000e+00 7.324524522930926651e-02
0.000000000000000000e+00 5.015081110485148513e-02
0.000000000000000000e+00 4.494619358837632223e-02
0.000000000000000000e+00 4.733784035084725311e-02
0.000000000000000000e+00 2.914834867103493002e-02
0.000000000000000000e+00 5.235691245113158893e-02
0.000000000000000000e+00 4.479101741902403316e-02
0.000000000000000000e+00 4.466869461435631766e-02
0.000000000000000000e+00 5.343399752426567645e-02
0.000000000000000000e+00 5.854922592282491706e-02
0.000000000000000000e+00 8.341805840158007801e-02
0.000000000000000000e+00 7.869400458710605617e-02
0.000000000000000000e+00 3.507757800253511610e-02
0.000000000000000000e+00 3.994011375676783521e-02
0.000000000000000000e+00 9.115439295238829398e-03
0.000000000000000000e+00 5.593890642099206417e-02
0.000000000000000000e+00 3.483855647439183106e-02
0.000000000000000000e+00 8.820264560353509309e-02
0.000000000000000000e+00 2.871273233971825822e-02
0.000000000000000000e+00 7.803480709235105506e-02
0.000000000000000000e+00 4.314668710522719108e-02
0.000000000000000000e+00 2.331514753009929219e-02
0.000000000000000000e+00 7.108895462845936375e-02
0.000000000000000000e+00 4.967649793784277568e-02
0.000000000000000000e+00 6.246895925834363567e-02
0.000000000000000000e+00 4.552713072506069103e-02
0.000000000000000000e+00 1.370478150605467793e-01
0.000000000000000000e+00 7.305200680982792960e-02
0.000000000000000000e+00 6.133972257925186800e-02
0.000000000000000000e+00 4.360823941055773367e-02
0.000000000000000000e+00 7.251097465877540116e-02
0.000000000000000000e+00 1.738253212010493556e-02
0.000000000000000000e+00 7.050117737230401915e-02
0.000000000000000000e+00 4.575643165666010842e-02
0.000000000000000000e+00 7.240672368105925683e-02
0.000000000000000000e+00 4.205662911834864154e-02
0.000000000000000000e+00 3.148934385420456422e-02
0.000000000000000000e+00 5.859498192433269803e-02
0.000000000000000000e+00 7.833350943322879567e-02
0.000000000000000000e+00 3.596090179796044423e-02
0.000000000000000000e+00 6.718371508165477124e-02
0.000000000000000000e+00 4.568195783827224549e-02
0.000000000000000000e+00 4.578975708346047502e-02
0.000000000000000000e+00 2.573926134880163280e-02
0.000000000000000000e+00 5.627652278052674983e-02
