5.690875032176133386e-02 5.728699591390901125e-02
6.775776753043065426e-02 6.779352987853726198e-02
6.971987353848874136e-02 7.127374752337127528e-02
7.070837860807109576e-02 7.097782943996486238e-02
7.513457163173556386e-02 7.573423408437893189e-02
7.546250149763809867e-02 7.572303070786456924e-02
7.703942175541440840e-02 7.774895926180465378e-02
7.775911612466022971e-02 7.807517753011139483e-02
7.911744832852150855e-02 7.944030265554954950e-02
7.960263931231646717e-02 8.252949051944057091e-02
7.989830618903502601e-02 8.017315292242609137e-02
8.039564655907628643e-02 8.045274022916130974e-02
8.060444147809789350e-02 8.118296429534868630e-02
8.152113488941002684e-02 8.170889130498018571e-02
8.206346203595928090e-02 8.354868430534166668e-02
8.253288976785702613e-02 8.421762046287871450e-02
8.287678983920372666e-02 8.290780706377719189e-02
8.293325169184560808e-02 8.297633181904649768e-02
8.296406495847415130e-02 8.304377441274425620e-02
8.318741587124596493e-02 8.351486944692503023e-02
8.463846178596612368e-02 8.480290837879043975e-02
8.480825452961210376e-02 8.489560580589536332e-02
8.501062942122425414e-02 8.652233872804145076e-02
8.517010763934672324e-02 8.532711382778407350e-02
8.526056582319166410e-02 8.526111704327082874e-02
8.695205986949577914e-02 8.699426032362758687e-02
8.735887998330217619e-02 8.742538477016326137e-02
8.741807966823791909e-02 9.279915744898767360e-02
8.766050582695808502e-02 8.800789439828610172e-02
8.782193428417911507e-02 8.784401107514006046e-02
8.795771777252596457e-02 8.826274949078015408e-02
8.830545513619296460e-02 8.955414408288012162e-02
8.834578390874717191e-02 9.164307012806965913e-02
8.865719327292803653e-02 8.865849041778349482e-02
8.966153700460455234e-02 9.030307842471606283e-02
8.997558545753671366e-02 9.022935637762398431e-02
9.049722841271835849e-02 9.053972088010119046e-02
9.088440196205786747e-02 9.097825336397583063e-02
9.119064260979500847e-02 9.120754971907017727e-02
9.162289063742791451e-02 9.163764904064498895e-02
9.181207306849943628e-02 9.202182900589782333e-02
9.189189766235496271e-02 9.249475162173592668e-02
9.229626680735905642e-02 9.422305389285187682e-02
9.236620294011661791e-02 9.302600672626044898e-02
9.257114627776641402e-02 9.257144356074321900e-02
9.263613905771785062e-02 9.272515022079572122e-02
9.288521850634345878e-02 9.304279688957386996e-02
9.305413015868579940e-02 9.352677884148531684e-02
9.324135426832726170e-02 9.333258458303214655e-02
9.327141630681923257e-02 9.336519595618132661e-02
9.333750308577899724e-02 9.337893367465889549e-02
9.339787486986975140e-02 9.404165092630942246e-02
9.371941893800250778e-02 9.414702621189616205e-02
9.376439219753560095e-02 9.463026185866370288e-02
9.387035058571982504e-02 9.440077095801462093e-02
9.418338483150269502e-02 9.424967490582876473e-02
9.432944782211558077e-02 9.546747888561349371e-02
9.452814490442849882e-02 9.705709366126728799e-02
9.485218894874868079e-02 9.490866774340732392e-02
9.485744199895131124e-02 9.533148531240291657e-02
9.507683285372546533e-02 9.547160876845567357e-02
9.525328742636116064e-02 9.898694897301327233e-02
9.536395119198233516e-02 9.536749457009480180e-02
9.556228352354406708e-02 9.777234577276973371e-02
9.582373604312070803e-02 9.677583705701482686e-02
9.583748237120108537e-02 9.733495064838930400e-02
9.585851261063499384e-02 9.605960791056207537e-02
9.586436485896078497e-02 9.589172405161042190e-02
9.605853890295898423e-02 9.609848177479975162e-02
9.607205785195541137e-02 9.608935314805722161e-02
9.610471999948985711e-02 9.708292192924265762e-02
9.705978527776774889e-02 9.854607634018909545e-02
9.710626235307409648e-02 9.713546076617998737e-02
9.742576925200571725e-02 9.849658835796397394e-02
9.760437479497416358e-02 9.884930094329177908e-02
9.789762789141318033e-02 9.810158575521908675e-02
9.794464574407764357e-02 9.934740273436949709e-02
9.802180719224526384e-02 9.940336638446377326e-02
9.838649214293272716e-02 9.969398759978559399e-02
9.868279149517092397e-02 9.914922929650572814e-02
9.941352907069977984e-02 9.964811963159835029e-02
9.956225301315173304e-02 1.012846979605713099e-01
9.956706179166177617e-02 9.960493483427207417e-02
9.976940588094940221e-02 1.003331303240344169e-01
1.000250418557821208e-01 1.029103338067954843e-01
1.000975240825280888e-01 1.009875520627279838e-01
1.005507583052594467e-01 1.015864918014550006e-01
1.006091157276615133e-01 1.006092733105856396e-01
1.006304005653837347e-01 1.007159865322323350e-01
1.008047769577117558e-01 1.008684677336223884e-01
1.008630205747774178e-01 1.043079089051710123e-01
1.009883937696130496e-01 1.022625938914461241e-01
1.014214569989158182e-01 1.016219859280597937e-01
1.014862056821153602e-01 1.019941283492426382e-01
1.014913027724026334e-01 1.022748789670291369e-01
1.015094863539967446e-01 1.040625967179866357e-01
1.019187600629930662e-01 1.023782731097178655e-01
1.019524431726447355e-01 1.019602865566868882e-01
1.025714831027141616e-01 1.033950291142787248e-01
1.028411560458068613e-01 1.030444860523527517e-01
1.028511012275610675e-01 1.031741305763194810e-01
1.029028174125902056e-01 1.049582546267196076e-01
1.030059616946145257e-01 1.030645845984139164e-01
1.031468131592573195e-01 1.033833702027449480e-01
1.031748202101555323e-01 1.031761402644394143e-01
1.031958700618482577e-01 1.032212715524565422e-01
1.032423392904449622e-01 1.036765490769139542e-01
1.039783040683747023e-01 1.042269534866314268e-01
1.040910148497915244e-01 1.042281295307495165e-01
1.041157436859732055e-01 1.041162827952372000e-01
1.042074506160243774e-01 1.054492135885093107e-01
1.042788788789442422e-01 1.043051296009703394e-01
1.045438364838976730e-01 1.045601772847106758e-01
1.047130891803926545e-01 1.048233963122709167e-01
1.049371210779583563e-01 1.049385638374011886e-01
1.052331567747827740e-01 1.052533481128479081e-01
1.053042771378465275e-01 1.072597765072105941e-01
1.053202698504876883e-01 1.063751327639120975e-01
1.054533678889557485e-01 1.060022293226840495e-01
1.057692650035684800e-01 1.058669198484530755e-01
1.060307235654922714e-01 1.060372026594555012e-01
1.061375878196188782e-01 1.064876229042977518e-01
1.063964325132585875e-01 1.114758698721722702e-01
1.065339379521319518e-01 1.065364478954183569e-01
1.066202570455428572e-01 1.069505534822317305e-01
1.067196891203200521e-01 1.074377939443964675e-01
1.067374752198188143e-01 1.068635920431706410e-01
1.068331912104280579e-01 1.068582367028163976e-01
1.068545319545391031e-01 1.070906106366446564e-01
1.068577564984789785e-01 1.077681604147411321e-01
1.068585909295365760e-01 1.068596172877024908e-01
1.069228164020308153e-01 1.072683215929945977e-01
1.071295782348625353e-01 1.071399635954052576e-01
1.071671135701871280e-01 1.077710977307731188e-01
1.072202671210597952e-01 1.082737388569977588e-01
1.074518963140849992e-01 1.087805980970237008e-01
1.079054406827561763e-01 1.079142477139771877e-01
1.082575875473711091e-01 1.082628095938941576e-01
1.084892890206710231e-01 1.113788515248097660e-01
1.087174894541805409e-01 1.087268295395471540e-01
1.087901762181957138e-01 1.098421365528883947e-01
1.089269913491722058e-01 1.090939083970388773e-01
1.091472487982500517e-01 1.091923366896671299e-01
1.092024364896561489e-01 1.094246962751494884e-01
1.092424166301379090e-01 1.103208438730391705e-01
1.094257975512445275e-01 1.147793997139791994e-01
1.094285490831707203e-01 1.097507572372215245e-01
1.095203186725590139e-01 1.098941988170603068e-01
1.097209582454937160e-01 1.132435554497673580e-01
1.098593316994978253e-01 1.108133535530100577e-01
1.099130166503406586e-01 1.099827641966153458e-01
1.100075105919293139e-01 1.106214697730178581e-01
1.100662856990433924e-01 1.109542573995054848e-01
1.104086770786794069e-01 1.104629923741405062e-01
1.104232313239472268e-01 1.117125116599391732e-01
1.104484266277055565e-01 1.109483737858328878e-01
1.104548295721375917e-01 1.150909224006090720e-01
1.105899565652180699e-01 1.106634200827046194e-01
1.107077505093097547e-01 1.118434815330946880e-01
1.108497839443345345e-01 1.108555605672614242e-01
1.108879158785136404e-01 1.108954558137269786e-01
1.109141710547205950e-01 1.131686310763420494e-01
1.110000981838121792e-01 1.110002735149618613e-01
1.111194656329875657e-01 1.117337062782895601e-01
1.111518139722951354e-01 1.117003093640998174e-01
1.113845155868895959e-01 1.119006701015126115e-01
1.118333543330805591e-01 1.118344944926275841e-01
1.118644392678842386e-01 1.124251599175237898e-01
1.119189377738222940e-01 1.136601640181058304e-01
1.119990727265291058e-01 1.122185514746466412e-01
1.120152897604099196e-01 1.120153190520914582e-01
1.120475218784727917e-01 1.122241260937082846e-01
1.120914764660208979e-01 1.128695640017196161e-01
1.123785873530436935e-01 1.153052432341409445e-01
1.124161890085309534e-01 1.137608575552448431e-01
1.124323204788855862e-01 1.125290294902601962e-01
1.124948619317994170e-01 1.131566217662240692e-01
1.125915760966394036e-01 1.138350393510261932e-01
1.126753148262144982e-01 1.139045880332565930e-01
1.127873487633822419e-01 1.149047439686556454e-01
1.131059346128712173e-01 1.131077590501721186e-01
1.131698645987002788e-01 1.131903553846028282e-01
1.132440562173557125e-01 1.160118970954012591e-01
1.132987836664464260e-01 1.133423131475507495e-01
1.134423593498696814e-01 1.164115312160302340e-01
1.137763311850336911e-01 1.138042476906526851e-01
1.139140321729572164e-01 1.141254273450517942e-01
1.144204344558737707e-01 1.144205266788333314e-01
1.145880571828443023e-01 1.147207943185730300e-01
1.146005338305784299e-01 1.148115251838685014e-01
1.146026128844626485e-01 1.146132588069291858e-01
1.148317729707851037e-01 1.158100099223038498e-01
1.149517264460141464e-01 1.155868627054888603e-01
1.155794844110978464e-01 1.157962488085574060e-01
1.156660551707262841e-01 1.161754583871598551e-01
1.156981342057298023e-01 1.157034891775342439e-01
1.158209860579515749e-01 1.160002515803761763e-01
1.158960124660505658e-01 1.168955262700456382e-01
1.159997168045531490e-01 1.165550176418213707e-01
1.161690354386569896e-01 1.179254498425940934e-01
1.162408316643790546e-01 1.162702265055042539e-01
1.163774601541623654e-01 1.180989922383231111e-01
1.167756414937882320e-01 1.171505876477203084e-01
1.171248032703831460e-01 1.176171102122943318e-01
1.171557555954916147e-01 1.178330136476016810e-01
1.172399450143405686e-01 1.172453899314007814e-01
1.173998902432911023e-01 1.198597097966248304e-01
1.176918721094574877e-01 1.176975606576637079e-01
1.177953934671935321e-01 1.178002484155164092e-01
1.178226380803592543e-01 1.179152771013221579e-01
1.179622036769538002e-01 1.191981199982663220e-01
1.179851313893707510e-01 1.180225922833243318e-01
1.181468212720918481e-01 1.182611809427389082e-01
1.182364760095795525e-01 1.294862330952314122e-01
1.182637985778181439e-01 1.196984916942318566e-01
1.182746708079188136e-01 1.184557007329450351e-01
1.185521588277086980e-01 1.187666831741504003e-01
1.186566506236680779e-01 1.187093707017832234e-01
1.188330130995977757e-01 1.203987500066436983e-01
1.189969751887797467e-01 1.195012539394880169e-01
1.190494149918072952e-01 1.190570934881543391e-01
1.193352051870961439e-01 1.194671160067248411e-01
1.194054844416054389e-01 1.194551447791079440e-01
1.197218621492756180e-01 1.218125555270331284e-01
1.200262492775818479e-01 1.209215985962281553e-01
1.200517739211319490e-01 1.249654996134185458e-01
1.201183721327325898e-01 1.203379153853961492e-01
1.204184344253167310e-01 1.220270145860176125e-01
1.206272738216108698e-01 1.206359654476433230e-01
1.206735737892924154e-01 1.332199483044968213e-01
1.207756875134137209e-01 1.207885719415942860e-01
1.210409171997059163e-01 1.228738645893257125e-01
1.211202627726618020e-01 1.215025397802832197e-01
1.213484173597211696e-01 1.228772284750807298e-01
1.215766573828640507e-01 1.254092087059268668e-01
1.216642030002006714e-01 1.331513378078559573e-01
1.217118251775247961e-01 1.226768174862343935e-01
1.218441024269044520e-01 1.221879495924691195e-01
1.218557258570638069e-01 1.219356593198622773e-01
1.219730337376098012e-01 1.220484763467324235e-01
1.222172069202883127e-01 1.313293414942699466e-01
1.223203457585070320e-01 1.232078405471803834e-01
1.223216492956974710e-01 1.282313688427639542e-01
1.223975450712170843e-01 1.235456160432557710e-01
1.224116162147281806e-01 1.230968796567132595e-01
1.225893037808925556e-01 1.236144273095446389e-01
1.226801505066363596e-01 1.231587725658605387e-01
1.227267279721627885e-01 1.312959873903212227e-01
1.227445348486408266e-01 1.251887602368400576e-01
1.227615495382994026e-01 1.227625823274542255e-01
1.227669805945506981e-01 1.228403397282930853e-01
1.228542247825614581e-01 1.228912851180717775e-01
1.230779122589596986e-01 1.485637814860244765e-01
1.231717263428818987e-01 1.231764787485290780e-01
1.232007124271665699e-01 1.268885544508026597e-01
1.232032075622188916e-01 1.232047282448550662e-01
1.232052830143767347e-01 1.313192688412723186e-01
1.232255816274690635e-01 1.255174788924049156e-01
1.233291725176280246e-01 1.235214896664038747e-01
1.234330719976488300e-01 1.235129070835091353e-01
1.235218617494393822e-01 1.238442737731051541e-01
1.235952883692508081e-01 1.235982135089319089e-01
1.236557980702116810e-01 1.237803870243077281e-01
1.239262836541761975e-01 1.246265730350422374e-01
1.241009446489804713e-01 1.242997415131936595e-01
1.241012789128599358e-01 1.241013178864628363e-01
1.241363936781880173e-01 1.243206282105628474e-01
1.242656429007857333e-01 1.252701496922012658e-01
1.242999026551424996e-01 1.243802384346555379e-01
1.243039267531035191e-01 1.244366187305621652e-01
1.245689324910602691e-01 1.257014001556860661e-01
1.246210734505110856e-01 1.300025938474765053e-01
1.247453833867127743e-01 1.264403497242012897e-01
1.247574316911971015e-01 1.267109115476138248e-01
1.248453705724639762e-01 1.255934902304680911e-01
1.249026153659609506e-01 1.263805882678259718e-01
1.249119685412731356e-01 1.252100857439484294e-01
1.249263642290844994e-01 1.249305835870238024e-01
1.249326287950871806e-01 1.251723209829695149e-01
1.250086645662899232e-01 1.278074388404944195e-01
1.250673128433797132e-01 1.299352148771584226e-01
1.250797598234447139e-01 1.265975803629966479e-01
1.250822655614345080e-01 1.281627834700709290e-01
1.252995876043210277e-01 1.269384216528638976e-01
1.254697417030307960e-01 1.278611029949087430e-01
1.255107550369845837e-01 1.256321553573979954e-01
1.256396937681152903e-01 1.275030862748140204e-01
1.257436323764414554e-01 1.518022392114730390e-01
1.257489740598537187e-01 1.266510793334866269e-01
1.257835373566623394e-01 1.267335140604473886e-01
1.258876840748294756e-01 1.259033182492966252e-01
1.259255730416646291e-01 1.274173924945846970e-01
1.260302225399437259e-01 1.293222917337489841e-01
1.261224687712943493e-01 1.276854017443496969e-01
1.261695935361549226e-01 1.263286017416589413e-01
1.261896606069657922e-01 1.272893987966949303e-01
1.263270525422368062e-01 1.270733238737968007e-01
1.265496512448436306e-01 1.268622435602798915e-01
1.265556365798738425e-01 1.266835294095249864e-01
1.266302457271079041e-01 1.268244507674460009e-01
1.268841679536787670e-01 1.338469973553894354e-01
1.268864582594453894e-01 1.291859015493423968e-01
1.269137465088595595e-01 1.269818789058151653e-01
1.270026216281569531e-01 1.270247294674533012e-01
1.271946190867677962e-01 1.282266704897385701e-01
1.271997088674728382e-01 1.274659274981531365e-01
1.272386069570924094e-01 1.281858063963427774e-01
1.272887246224892743e-01 1.272892666170772069e-01
1.275821392396050691e-01 1.288822301484507660e-01
1.275921030759729624e-01 1.324782923923193967e-01
1.276676435708635482e-01 1.335799686255018937e-01
1.277130542904349464e-01 1.284879764007705871e-01
1.277443739150598279e-01 1.281144578845899162e-01
1.278124660123556855e-01 1.333551403313288919e-01
1.278223974704201515e-01 1.368747236155335445e-01
1.280460674402614518e-01 1.281473230803240881e-01
1.284028218142292677e-01 1.284041002293469791e-01
1.284040459950520074e-01 1.284067626794486161e-01
1.284751368044410313e-01 1.313401596132257321e-01
1.285341707768523356e-01 1.292735039997489899e-01
1.285863623225846630e-01 1.313137311547525332e-01
1.285999850023497038e-01 1.290473924627954794e-01
1.286661515857885907e-01 1.286760470924959432e-01
1.286755789612164524e-01 1.286771329171737532e-01
1.288203457531206797e-01 1.290438727214336112e-01
1.290373982222754734e-01 1.290376994552376033e-01
1.290699070557461969e-01 1.308452369365227241e-01
1.294628031514354072e-01 1.300057846101568271e-01
1.295737913794026142e-01 1.295960494657779627e-01
1.295940196939340816e-01 1.298249661165182811e-01
1.297261748835925321e-01 1.298099598723253534e-01
1.299878820489036302e-01 1.301176605611973069e-01
1.301065284781627307e-01 1.305429795824916417e-01
1.302069969341977662e-01 1.302266868232333230e-01
1.304559741263136285e-01 1.312243714114851856e-01
1.305289350565239370e-01 1.310761581758277117e-01
1.305781384327342753e-01 1.305845057851796331e-01
1.306535445734085532e-01 1.349708166430846901e-01
1.306917197857552226e-01 1.325655980606427198e-01
1.307656117914605676e-01 1.327880150154464034e-01
1.308194540921238103e-01 1.331114027265075939e-01
1.309911779111293251e-01 1.316636131180127234e-01
1.310248911933326876e-01 1.317590813340627776e-01
1.310426745408152238e-01 1.350213201806057528e-01
1.310579534568303561e-01 1.319478560841501058e-01
1.312357833965694387e-01 1.362218726534661917e-01
1.312854576831705422e-01 1.312854593952189897e-01
1.313037758942171840e-01 1.326204739454459047e-01
1.313231720507011535e-01 1.313428728084867769e-01
1.313346906597915309e-01 1.445718494760294681e-01
1.314701896465817199e-01 1.325571133711577476e-01
1.315039737374999462e-01 1.315765011731580003e-01
1.315631619134432495e-01 1.384943128743325313e-01
1.315776429166042594e-01 1.317609934668644844e-01
1.316120319720174292e-01 1.317405196026099068e-01
1.316243397583628238e-01 1.328942851334624364e-01
1.317871629908378972e-01 1.346564075678587935e-01
1.319079608840453000e-01 1.319417894456528240e-01
1.320171310138661680e-01 1.351892698003887283e-01
1.320743722059330161e-01 1.323249494290497652e-01
1.322588681262777399e-01 1.324396929658771538e-01
1.325008259489445506e-01 1.334412493794467358e-01
1.325195221385121469e-01 1.327744988552199967e-01
1.325459246899676757e-01 1.325927418813907799e-01
1.326601252631401939e-01 1.326985039706978231e-01
1.327152600341459932e-01 1.327848789502439897e-01
1.328626021787051026e-01 1.329317900315502843e-01
1.332108507731274427e-01 1.387435863606859832e-01
1.332152468479375074e-01 1.340255161688290175e-01
1.333749932925069881e-01 1.344624028605341803e-01
1.334023125800679888e-01 1.334085466244343265e-01
1.338209954984584116e-01 1.342562007016806225e-01
1.339704349880145029e-01 1.339744400418563797e-01
1.339759715704611776e-01 1.340473704155097090e-01
1.342343189676009907e-01 1.445554807702847944e-01
1.342521331197425449e-01 1.342522039262787625e-01
1.343719690920075482e-01 1.566083803989512524e-01
1.344760680798319508e-01 1.344819945407706996e-01
1.345016690248275193e-01 1.360255561233686683e-01
1.345941806209752789e-01 1.348372851754023050e-01
1.346903952767049273e-01 1.347103354624140381e-01
1.348245304619337115e-01 1.349360892274534540e-01
1.349505836303222239e-01 1.354599671617552348e-01
1.351134567449102930e-01 1.399942637699397585e-01
1.353932076566821685e-01 1.364112770639920869e-01
1.354046855607110855e-01 1.362228742656526048e-01
1.355280083166520710e-01 1.355524873264890295e-01
1.356492463174746033e-01 1.357863574852465338e-01
1.357997208357655805e-01 1.358489851197845766e-01
1.358914037359121307e-01 1.367765474472091569e-01
1.361447685055859058e-01 1.387331551419537512e-01
1.364516049899067718e-01 1.368685942527093080e-01
1.364605148894479925e-01 1.367504156304361618e-01
1.365650896132368231e-01 1.373125909992337079e-01
1.365773060879920675e-01 1.427746043635508277e-01
1.366505670594149735e-01 1.366507436098995110e-01
1.367881289624904573e-01 1.368454007496850422e-01
1.368048021732097275e-01 1.561321842606182564e-01
1.369095929548359847e-01 1.402155101968090012e-01
1.369930324127039134e-01 1.371851540780991696e-01
1.370318132715669379e-01 1.371251608320323279e-01
1.370787940823489370e-01 1.383829246293336868e-01
1.371476893043038769e-01 1.371865888316077253e-01
1.376266933372248813e-01 1.379982235583600836e-01
1.376813394853699524e-01 1.376884998409341754e-01
1.377436809863056832e-01 1.380030559226741449e-01
1.379148140370794473e-01 1.602451028019136470e-01
1.380324721065847027e-01 1.405878476715068659e-01
1.380527476880758497e-01 1.456055401710848740e-01
1.381869192347857378e-01 1.381934739005691581e-01
1.383735835192111407e-01 1.384698487662880395e-01
1.384993981095117843e-01 1.385103834615018514e-01
1.387613885097025157e-01 1.388359429059748129e-01
1.390215719793039262e-01 1.393523485227178837e-01
1.391652817604945025e-01 1.416323201730402270e-01
1.392256342396009650e-01 1.489417387940028259e-01
1.394512318914433169e-01 1.394842068358411735e-01
1.395844411004843744e-01 1.395873530381682437e-01
1.396228106099100252e-01 1.526626995660285702e-01
1.396468641545726141e-01 1.534770027351918253e-01
1.399536893634385215e-01 1.400705743576798334e-01
1.399863888004033441e-01 1.400249070122853989e-01
1.400429469624530077e-01 1.418660061094856595e-01
1.400504721372155259e-01 1.411351493663447199e-01
1.402449492362307371e-01 1.414087545708302140e-01
1.402832703100613532e-01 1.405461763026094324e-01
1.403405237009802131e-01 1.405926972878237813e-01
1.405148301813967104e-01 1.453760976635672664e-01
1.407830343188394839e-01 1.418603727172405571e-01
1.408481401015314050e-01 1.427851452248888875e-01
1.409602954059130941e-01 1.412796846965006237e-01
1.411040604623066408e-01 1.413763699671135299e-01
1.411657305667416429e-01 1.411700007473464802e-01
1.412970201738709686e-01 1.439110664112180638e-01
1.414225932815124653e-01 1.424939453554170954e-01
1.416973162852038226e-01 1.419560938372091963e-01
1.417265857662172446e-01 1.545140459685827306e-01
1.417425939663838896e-01 1.417846288236639940e-01
1.417645555163792037e-01 1.659253808052875423e-01
1.417827609320929938e-01 1.419121950788125863e-01
1.418268110467436338e-01 1.433566713606786724e-01
1.418395484797940753e-01 1.420358144563312053e-01
1.418556746883587183e-01 1.427842444814424183e-01
1.424590844365322684e-01 1.431324346347025989e-01
1.426000010323061340e-01 1.428698870691871570e-01
1.426147234312930001e-01 1.427104294850735644e-01
1.427196302605874267e-01 1.427876572750765571e-01
1.428898381194296796e-01 1.430281676505302246e-01
1.430272256783412799e-01 1.430273340891698997e-01
1.431525592058714991e-01 1.472562756334159229e-01
1.431918055229688125e-01 1.551978436649097681e-01
1.433172650169829698e-01 1.433331150486342465e-01
1.434053251675947993e-01 1.434061689928416150e-01
1.442778835408946303e-01 1.447625793905907843e-01
1.444252254295812499e-01 1.487133161582746832e-01
1.447492077790655252e-01 1.448877506385732594e-01
1.449571053020473343e-01 1.564722935704309925e-01
1.451954233641579162e-01 1.459440936597715677e-01
1.452188217191631991e-01 1.452600574003586054e-01
1.452483234395897105e-01 1.452729396162593112e-01
1.453212141983701022e-01 1.464649893751608645e-01
1.453667281892213337e-01 1.562988971207891209e-01
1.455401299315840224e-01 1.455663610487283322e-01
1.457304810078068613e-01 1.457838409854871065e-01
1.458165462119926925e-01 1.460478961043031321e-01
1.458910515327146717e-01 1.591361421245961749e-01
1.461522160388731839e-01 1.461522193777927692e-01
1.462263190190337681e-01 1.474506775516245538e-01
1.462280782617699781e-01 1.467375598723389407e-01
1.465249356748709042e-01 1.468243374795284439e-01
1.465454219241340283e-01 1.497864786284636152e-01
1.466561859889713160e-01 1.492947407135855331e-01
1.467728270291874804e-01 1.561941160746645740e-01
1.467997654898630933e-01 1.468652383396832628e-01
1.468713546786726831e-01 1.472056626391200496e-01
1.469842825860881996e-01 1.473682829772319791e-01
1.471308871103969296e-01 1.475011389796908878e-01
1.471315295718704785e-01 1.475028650143289100e-01
1.473737657871895257e-01 1.473860246801126095e-01
1.474556488451243541e-01 1.480273446544653482e-01
1.474582289004682523e-01 1.474672459103016087e-01
1.476834450417254530e-01 1.485734533993523232e-01
1.477247695014896056e-01 1.477260705132950602e-01
1.478743302846844687e-01 1.479215854443602374e-01
1.481233623097421848e-01 1.481370125720343767e-01
1.481304768087466917e-01 1.486850196882889552e-01
1.482559766527209166e-01 1.518208271755224492e-01
1.483301147715035129e-01 1.588458448829446201e-01
1.483342058491664839e-01 1.484580422948921508e-01
1.484885288800814052e-01 1.600830199379057184e-01
1.485111620806527089e-01 1.485268554280296249e-01
1.486746830122413210e-01 1.486749934858341560e-01
1.487091971362835552e-01 1.718763612200310265e-01
1.491794524301640890e-01 1.492192821140778947e-01
1.495000077148751216e-01 1.496198638194744801e-01
1.495285386085919155e-01 1.505669383792274663e-01
1.496320763780810137e-01 1.505511864234138908e-01
1.500021544154241104e-01 1.503647677372554337e-01
1.500642546943992406e-01 1.514174251816549355e-01
1.503952856515803349e-01 1.504000129284673859e-01
1.505249424833870475e-01 1.508032181611498601e-01
1.511700780300274660e-01 1.518556087155505940e-01
1.513275982807687214e-01 1.513373992853707106e-01
1.514852138698693784e-01 1.515120082159428783e-01
1.515940933310422345e-01 1.528431416459493097e-01
1.516433791862552560e-01 1.521816236648489973e-01
1.517012397323842243e-01 1.517516530759621673e-01
1.519876641670893924e-01 1.519879228564716966e-01
1.530450607112865680e-01 1.530595491260999530e-01
1.533518390917182894e-01 1.567075893359627381e-01
1.536423226741696346e-01 1.562753709268020208e-01
1.537886029079523764e-01 1.537994451918476280e-01
1.538484125686478965e-01 1.540281288767353651e-01
1.551631570520203285e-01 1.560381601596586842e-01
1.554756793201856890e-01 1.561310111622123131e-01
1.559036017097421289e-01 1.561809170427471971e-01
1.560642044828753627e-01 1.564477681437876633e-01
1.561046781714147125e-01 1.562411492152052384e-01
1.562326487877913894e-01 1.588460822110136228e-01
1.563141720436672655e-01 1.564950467624840469e-01
1.564025554942745366e-01 1.564146802600380748e-01
1.567105154475805506e-01 1.569675703407137080e-01
1.568589901753189297e-01 1.568897271306576302e-01
1.570929731767024273e-01 1.573436215404491190e-01
1.572532751347828772e-01 1.600943488997636222e-01
1.573044888007057440e-01 1.903897275639315212e-01
1.573980943994676973e-01 1.633845337764164296e-01
1.579768055928918169e-01 1.580564652612341248e-01
1.581810289685298965e-01 1.601566631997002332e-01
1.582093651427715075e-01 1.768880356872788162e-01
1.583330256721849627e-01 1.592088221646809354e-01
1.584674500236742667e-01 1.588136493435933772e-01
1.584913484419376295e-01 1.677995492936237010e-01
1.586688836814842407e-01 1.589175397729527539e-01
1.588635423016273862e-01 1.591760819848306863e-01
1.589752315784118408e-01 1.589819135610701928e-01
1.591142370959386931e-01 1.620377068964293787e-01
1.593719512728896115e-01 1.646336285010931988e-01
1.594596824347563890e-01 1.759876407573421064e-01
1.594860114634560622e-01 1.640273810501815255e-01
1.595451059848727038e-01 1.601387343651101969e-01
1.599109871159055951e-01 1.599126683884448397e-01
1.599565427272305052e-01 1.601787927719006410e-01
1.600706799306346462e-01 1.600839465259569772e-01
1.601885382506704203e-01 1.604098652482132681e-01
1.605009352985818927e-01 1.606408716101532519e-01
1.606699643946104261e-01 1.612004032618091498e-01
1.608862594441863580e-01 1.609802114008049012e-01
1.612875201545545256e-01 1.613901425863000505e-01
1.614539918719587464e-01 1.617324749267798067e-01
1.615846109852637213e-01 1.617870338244240258e-01
1.617371237056001998e-01 1.622437585015646666e-01
1.621864477291289630e-01 1.662213189251002809e-01
1.622057183297918037e-01 1.627751910329488794e-01
1.627828740043446021e-01 1.646511404906429166e-01
1.630519019284883409e-01 1.630620946565954910e-01
1.631616383336452758e-01 1.632255949456327127e-01
1.633520623455262666e-01 1.647043693299098388e-01
1.634840081438099224e-01 1.639509391189479526e-01
1.636815386792370153e-01 1.640293629646183138e-01
1.636991120427064017e-01 1.673586344318398478e-01
1.641485631440908755e-01 1.734028617073793410e-01
1.644131944515836163e-01 1.644381400957328210e-01
1.651522348246482752e-01 1.962423850330379527e-01
1.653216162816814883e-01 1.654653304925921553e-01
1.657629562619203911e-01 1.658205110110415326e-01
1.660202307565719071e-01 1.676404791912065873e-01
1.661738835065698638e-01 1.662555522184361034e-01
1.665220512594078606e-01 1.665546280851156191e-01
1.666942427837138363e-01 1.671375213415189631e-01
1.668079947741438473e-01 1.668162180151786800e-01
1.673166917903608220e-01 1.728745911867693996e-01
1.673312059107632532e-01 1.741186518849364429e-01
1.673575372866297484e-01 1.682861313261182212e-01
1.680655315467491362e-01 1.710997452954548248e-01
1.681314113859274928e-01 1.683460886043642302e-01
1.681660617265628432e-01 1.783959752106892283e-01
1.681957319605838497e-01 1.682645725000357084e-01
1.683186506480912059e-01 1.695122283771813565e-01
1.684653585479010673e-01 1.704273151345840620e-01
1.686645569391437005e-01 1.687376180558707306e-01
1.689361746890254978e-01 1.701847522039569016e-01
1.690921873835117273e-01 1.693806201527656152e-01
1.698011294089921963e-01 1.707817521103135172e-01
1.701091689989147893e-01 1.818455191465901677e-01
1.701555502978376599e-01 1.702723379989476149e-01
1.706685844202797397e-01 1.707172428442736700e-01
1.716214103376220435e-01 1.716250202057920948e-01
1.716673301490447834e-01 1.718925055374193878e-01
1.718671016606050650e-01 1.720617232783366035e-01
1.721326719613636702e-01 1.833655231425738719e-01
1.721415550757971202e-01 1.721910845372316423e-01
1.725829340174503124e-01 1.929351084635408109e-01
1.728482070203782861e-01 1.729933953300537841e-01
1.733945995832447406e-01 1.753469049231836940e-01
1.734948854251820716e-01 1.746636521953772170e-01
1.738525460891528762e-01 1.742534819946941482e-01
1.738618974966100461e-01 1.745537891293906518e-01
1.742384858490416688e-01 1.750397126685479254e-01
1.743456829867418290e-01 1.755276225136090107e-01
1.744560138443538577e-01 1.764185440658646298e-01
1.744782386120772022e-01 1.744782667082115379e-01
1.747436249699960420e-01 1.771336174151377785e-01
1.747734136443862829e-01 1.756853149489090438e-01
1.751817990140967785e-01 1.752581641818229952e-01
1.754118633521464521e-01 1.794414490200065271e-01
1.759671360319048361e-01 1.763838542758099648e-01
1.759751253321040487e-01 1.760799473871304810e-01
1.763880055299557603e-01 1.811707810124108808e-01
1.768306443527062621e-01 1.776913161317084933e-01
1.777542646100677692e-01 1.777564585070622871e-01
1.781055168468442251e-01 1.782947131186728151e-01
1.785888209076815225e-01 1.787046243093008691e-01
1.789258112879648643e-01 1.789764602330152499e-01
1.791785877605020227e-01 1.815227688383668214e-01
1.796039839967185081e-01 1.844646833182877199e-01
1.797914704654547668e-01 1.798594480088177294e-01
1.797970267608889894e-01 1.839060648180347035e-01
1.811095609385548755e-01 1.811109860055409859e-01
1.824988369706155855e-01 1.825640150000827355e-01
1.834691896131611377e-01 1.838341050662082032e-01
1.842695612134159222e-01 1.844938744485607185e-01
1.850202446735889628e-01 1.854969680128659426e-01
1.850928454485594454e-01 1.877230958895067803e-01
1.852415565081036719e-01 1.863518784077075885e-01
1.855492917969880917e-01 1.862251483756074688e-01
1.856905687695789009e-01 1.860562249404858481e-01
1.857815406978643724e-01 1.858623129914235561e-01
1.863900878331848365e-01 1.921278555066484039e-01
1.867903628200274224e-01 1.868021656336404657e-01
1.873195455640500051e-01 1.923324410689626063e-01
1.876938166940049779e-01 1.881614826970189336e-01
1.888501928144469266e-01 1.890609115235972748e-01
1.888972576317642371e-01 1.890350662232360701e-01
1.892502973922807197e-01 1.896358916422919427e-01
1.904234447685547171e-01 1.906071414890875837e-01
1.940594609998866626e-01 1.955175941493103864e-01
1.979048712595957993e-01 2.003617819651464793e-01
1.987517756651778211e-01 1.990956425216726944e-01
1.987954611005386396e-01 1.988678676932603695e-01
2.006041753328295096e-01 2.006160329976240941e-01
2.128169256730508552e-01 2.329800758715309950e-01
2.207929719815303615e-01 2.222487074826929310e-01
