5.972781353214105804e-02 5.989718451520103376e-02
6.065986950396910771e-02 6.130299750264443098e-02
6.925565945790225497e-02 7.063331957861009036e-02
6.936831594375750254e-02 7.184740945467567308e-02
7.112380584957320173e-02 7.114168715123761477e-02
7.235286773937631144e-02 7.237220516934664283e-02
7.256646536893518462e-02 7.294234422263892736e-02
7.333038978103173511e-02 7.355275709242950488e-02
7.493252214318248117e-02 7.565858698877708788e-02
7.600951188194357555e-02 7.601083700745864258e-02
7.605001350195640664e-02 7.674646773536847322e-02
7.687151756080425058e-02 7.712709080713675558e-02
7.746518621902739876e-02 7.748973819737434154e-02
7.824052023331340422e-02 7.827559591707849984e-02
7.839730928560459389e-02 7.851171865342947143e-02
7.889165697608373218e-02 7.916067923678460350e-02
8.024425788125440218e-02 8.027103929142084815e-02
8.222571746650628177e-02 8.289775118585927804e-02
8.226206920585109328e-02 8.235725356284780141e-02
8.249468286329499078e-02 8.298928666517321751e-02
8.413258000189963171e-02 8.413268021843098299e-02
8.459977075800768909e-02 8.568393045286008813e-02
8.607478618383454516e-02 8.631820849916825578e-02
8.611863926707521988e-02 8.650595285953838198e-02
8.654314574326496534e-02 8.713346111185876763e-02
8.804613649024756183e-02 8.805792365261638777e-02
8.825263934794863596e-02 9.002248836423880352e-02
9.015690315696323065e-02 9.017359440104061319e-02
9.021922301308575587e-02 9.127585033196564113e-02
9.045751569546471582e-02 9.074082039864635185e-02
9.064295699563541808e-02 9.241269577012567460e-02
9.144932084828197305e-02 9.194580746786731873e-02
9.162848990958541440e-02 9.187245483312003747e-02
9.193601095830138126e-02 9.245043350063028575e-02
9.194368156953376670e-02 9.235031345368817368e-02
9.219323048684308075e-02 9.533460745109172130e-02
9.373496994528519866e-02 9.474360129398742836e-02
9.452173686967033084e-02 9.452730894112960913e-02
9.487272304895054409e-02 9.516949432776007634e-02
9.531019789199014769e-02 9.541585804347700595e-02
9.646618367520637394e-02 9.655660245888171567e-02
9.708203648863153457e-02 9.718738130408581533e-02
9.709961859934866657e-02 9.752651134414087875e-02
9.787663133397461745e-02 9.790194747354784288e-02
9.820512834627329046e-02 9.828339485949762200e-02
9.824003756610044658e-02 9.832212221136991948e-02
9.881025656185712935e-02 9.979127578272541099e-02
9.898175923283054900e-02 9.953405859994886307e-02
9.901396885340951748e-02 1.007915293129128392e-01
9.922667939420803940e-02 9.945134553306342329e-02
9.923633677105536677e-02 9.929563798941351549e-02
1.000376645664887570e-01 1.002848488025406409e-01
1.001344277628628404e-01 1.001404227774382039e-01
1.001517085222925763e-01 1.008611887954771191e-01
1.004037415178501425e-01 1.004098599110770512e-01
1.004079117383205322e-01 1.004815728918102141e-01
1.006394316144917089e-01 1.009874387003895091e-01
1.006543749429268803e-01 1.006789652228909093e-01
1.007411761865869837e-01 1.036954525788630482e-01
1.017004177030793877e-01 1.017710688064987906e-01
1.025560494783391285e-01 1.039007833379338441e-01
1.026412057516929016e-01 1.027857909610042086e-01
1.027709154906987776e-01 1.030833065115464298e-01
1.030209125267874254e-01 1.050830144889158685e-01
1.032390249163117474e-01 1.032889482403655385e-01
1.032908506487022621e-01 1.041453038528343117e-01
1.034852716754146029e-01 1.054517495426561952e-01
1.036758710038880177e-01 1.037076362435349897e-01
1.040244803100761756e-01 1.041396515282742019e-01
1.044434556494660826e-01 1.044477205673733089e-01
1.050204330663562918e-01 1.056852748005434467e-01
1.051098710197576891e-01 1.057610866297458430e-01
1.051765082471051299e-01 1.063941263915604840e-01
1.053772682522691045e-01 1.056249924349816766e-01
1.054151926384774701e-01 1.057064358652909375e-01
1.055364233120651141e-01 1.055915860676596291e-01
1.059173417917404908e-01 1.063668254831483528e-01
1.062350750541001948e-01 1.062352482297509865e-01
1.066762049759322067e-01 1.066859945362309686e-01
1.072290196069225626e-01 1.073395908015766231e-01
1.077521312260715375e-01 1.080260429625217178e-01
1.078358343934595620e-01 1.080382931237632987e-01
1.080056680515863732e-01 1.096710830458958036e-01
1.084269980968004671e-01 1.084351261587062354e-01
1.084393858392786736e-01 1.084519124323242989e-01
1.085735663567648779e-01 1.086302772915761633e-01
1.086530950550855107e-01 1.091394277799022511e-01
1.086792317454456785e-01 1.102624748283154016e-01
1.088402659663817162e-01 1.088522767494373988e-01
1.089742271570031951e-01 1.090811641520297859e-01
1.090631353576784618e-01 1.093265070502076192e-01
1.098815225017421987e-01 1.099995358033941800e-01
1.099866334690201841e-01 1.118015881341266754e-01
1.100285718227044934e-01 1.100337110060231882e-01
1.103287577403658098e-01 1.103679747503460706e-01
1.103645250825868868e-01 1.130402751838647801e-01
1.103875734064587999e-01 1.123894930733913139e-01
1.105646671976397294e-01 1.147934818345310998e-01
1.111144830025082991e-01 1.111976070268593519e-01
1.114385070208403217e-01 1.114448187306221749e-01
1.121002260321046218e-01 1.133239734558416922e-01
1.121086289464001962e-01 1.121808613153685574e-01
1.123485497157195173e-01 1.123827311863297845e-01
1.129926977822056089e-01 1.157279168429301147e-01
1.139717360374330191e-01 1.139772385575622687e-01
1.139745380692500920e-01 1.142872665150030387e-01
1.140726121256884912e-01 1.146900165796734677e-01
1.141492789501235977e-01 1.143946123274609677e-01
1.141581658100359331e-01 1.143962334643471163e-01
1.144686745076569229e-01 1.155376780340194309e-01
1.147314397559781596e-01 1.177628436981553728e-01
1.149970205082607722e-01 1.152188304124255325e-01
1.152920959241038462e-01 1.182975197363530240e-01
1.155423054682379602e-01 1.155618593548435880e-01
1.156031313209809480e-01 1.157089901340482702e-01
1.158707489445174044e-01 1.189971279312824065e-01
1.158988689836135538e-01 1.182267557307343370e-01
1.159250972651216932e-01 1.186163437765783285e-01
1.162396878535915390e-01 1.165786896996399286e-01
1.164099846004690159e-01 1.175445138109987436e-01
1.167955138727961029e-01 1.180251640201530616e-01
1.168922863879006124e-01 1.211557163859035835e-01
1.169124480535395638e-01 1.178235010090490920e-01
1.169512791876391455e-01 1.171519831495688724e-01
1.170969761531085729e-01 1.171049014600948485e-01
1.172406006809363216e-01 1.172899070338340177e-01
1.175818809844757368e-01 1.189439114105097783e-01
1.179445984156863581e-01 1.182520323366779286e-01
1.186119726122949053e-01 1.187967065867343158e-01
1.188595682815732496e-01 1.201352298896496140e-01
1.188718347271882914e-01 1.192522476531785031e-01
1.189025341418805670e-01 1.189751390018317923e-01
1.190167618763184054e-01 1.190609028044742612e-01
1.190653147134763251e-01 1.190669923020105658e-01
1.191241817711627959e-01 1.213442535177042120e-01
1.191946864158483499e-01 1.218877362468961667e-01
1.193988681714605316e-01 1.197209318914159021e-01
1.194109830182501358e-01 1.196657473304623132e-01
1.198570558894279658e-01 1.200712311981480263e-01
1.200093422225678719e-01 1.200097892465113447e-01
1.200971935892333475e-01 1.207005289317517327e-01
1.200978031669877460e-01 1.201008709471995256e-01
1.204667579547664957e-01 1.210141227819269832e-01
1.205108214734459671e-01 1.205536719905153098e-01
1.205154781133303543e-01 1.205291441057819435e-01
1.206193738561908702e-01 1.227367793227747556e-01
1.209162637777583260e-01 1.209405431476439224e-01
1.209961087824775045e-01 1.213202591599040203e-01
1.210029484899482616e-01 1.210150551121490226e-01
1.210463356351076797e-01 1.217643446817357061e-01
1.210635492181171002e-01 1.248861035709646627e-01
1.213072634384725901e-01 1.224360790683094863e-01
1.213671442673649459e-01 1.213672122944402521e-01
1.213775494753142059e-01 1.217016720575537087e-01
1.214275947091607577e-01 1.236385825791403437e-01
1.217128008728771971e-01 1.238412394792415133e-01
1.217221368158744599e-01 1.219403737969936979e-01
1.217979688217806084e-01 1.241076423580232263e-01
1.218074201530998379e-01 1.221634007502098579e-01
1.218823141442356428e-01 1.284983659400015799e-01
1.219353808484712060e-01 1.230371055002681957e-01
1.219730028406431910e-01 1.268113213297910880e-01
1.224013622052702727e-01 1.224013824385581373e-01
1.227762403347701231e-01 1.229477838567363118e-01
1.228202418330922030e-01 1.228373518389383051e-01
1.232867215357256740e-01 1.234390600934973936e-01
1.233748876644088083e-01 1.279428064799636444e-01
1.234095653646485602e-01 1.234456276922750867e-01
1.234203888226996643e-01 1.234462390599399134e-01
1.238399612221357388e-01 1.239613032526010045e-01
1.240484525593943677e-01 1.266798980390620999e-01
1.241201234232544026e-01 1.242796168003104246e-01
1.243268094930108647e-01 1.245303966228459153e-01
1.245058116763732015e-01 1.245261580283086728e-01
1.247163778835063408e-01 1.247208347851311017e-01
1.247476945115005009e-01 1.247482784426357239e-01
1.248812068232890149e-01 1.248852341934654081e-01
1.248893789554427203e-01 1.260723391630848844e-01
1.251688582520333604e-01 1.253926118228609055e-01
1.253187379897240383e-01 1.253473770609676019e-01
1.253985936787302968e-01 1.254297459616255939e-01
1.254076859768721020e-01 1.255028591170319341e-01
1.259088250234757789e-01 1.261339191320876851e-01
1.261712279453890695e-01 1.275918416002075895e-01
1.263949112216653792e-01 1.352875369955054141e-01
1.264337236073029003e-01 1.267824251464002572e-01
1.266632370583574974e-01 1.268961334441049693e-01
1.266693871585159725e-01 1.266694814882926567e-01
1.267968276461063082e-01 1.269650495930729761e-01
1.268932576036125026e-01 1.292218805740439902e-01
1.268981526384997949e-01 1.280714284237908784e-01
1.270851248163349101e-01 1.271435164474193080e-01
1.273527167477136735e-01 1.274037710251155475e-01
1.276893297307016006e-01 1.277370261167280197e-01
1.279721332032248415e-01 1.282946736609856808e-01
1.281818731907075071e-01 1.335674268663809006e-01
1.282114712733916362e-01 1.282117689085496004e-01
1.284371244904312370e-01 1.388278795315731340e-01
1.284962480267980711e-01 1.295213826246920663e-01
1.287538649943387459e-01 1.288687130839064887e-01
1.289415557814177493e-01 1.289742339327901166e-01
1.291538090858075916e-01 1.291622772015901532e-01
1.292360555884674855e-01 1.292538644774042511e-01
1.294024066138401707e-01 1.294996489697547160e-01
1.294370222537895576e-01 1.317978231363242936e-01
1.297167280321787075e-01 1.297768664549567852e-01
1.298158316956267710e-01 1.307432909859740089e-01
1.299520996669611683e-01 1.301242728796964399e-01
1.299596107413216461e-01 1.352749503690283128e-01
1.302352205135043350e-01 1.316125450180622436e-01
1.303628167357604450e-01 1.310047939684041152e-01
1.304100101472451256e-01 1.304485971956648171e-01
1.305732566822792040e-01 1.318133735545815866e-01
1.306127616359200327e-01 1.307419386030750363e-01
1.307693878610871052e-01 1.325312955468223863e-01
1.307702418075775419e-01 1.316463976500358568e-01
1.307809452183189003e-01 1.319185762912989390e-01
1.307865234768786078e-01 1.314726811168878962e-01
1.307940219803672144e-01 1.329510900369462734e-01
1.312872215063183579e-01 1.313361905558063092e-01
1.315016224628231256e-01 1.377221457398150328e-01
1.316060568489345883e-01 1.316921307827611798e-01
1.322478579648154184e-01 1.335464967962039229e-01
1.322866378606386839e-01 1.327251268376384297e-01
1.323214243280832758e-01 1.324434506796802469e-01
1.323751014310605156e-01 1.325969931968529747e-01
1.323922111634865117e-01 1.338089655679679524e-01
1.324161934506626059e-01 1.324748585542914470e-01
1.324728576148822556e-01 1.337793216695254139e-01
1.324893640123690208e-01 1.324921123705484760e-01
1.325177822803561001e-01 1.452716603102593151e-01
1.326302115141555771e-01 1.330420502294242802e-01
1.326332729439064495e-01 1.355095772947862154e-01
1.326651718350561893e-01 1.333255380932183431e-01
1.330854599716667919e-01 1.404427069825661956e-01
1.331043024277802356e-01 1.331090132382378444e-01
1.331062439742932701e-01 1.334854272065764125e-01
1.331599954731260693e-01 1.333545633300484423e-01
1.332010524087819670e-01 1.335943046175958049e-01
1.333458354125397760e-01 1.338300733170552093e-01
1.334169651277449520e-01 1.334296454741164539e-01
1.335174517936776606e-01 1.335188014745039564e-01
1.335347508530529137e-01 1.344369276889462728e-01
1.336140735835192883e-01 1.350952885787583269e-01
1.337119081005745114e-01 1.346363954222426496e-01
1.338557134600331378e-01 1.339736969523484533e-01
1.339775994755032229e-01 1.342266422986717056e-01
1.339815312695035454e-01 1.358864347128288519e-01
1.339854085498764225e-01 1.343425814839244725e-01
1.340410435946993439e-01 1.347694612353794730e-01
1.340713986585546913e-01 1.341492987604151199e-01
1.340832927035906508e-01 1.345270830865221701e-01
1.343592201117689011e-01 1.343695372816035571e-01
1.345191071706029751e-01 1.347007381710597085e-01
1.346271157368530980e-01 1.355342305793449387e-01
1.346400415857927912e-01 1.415230860124651324e-01
1.346595912547264573e-01 1.354995535242748406e-01
1.347552748868737216e-01 1.367478414960735800e-01
1.347591332074937753e-01 1.348126526582134332e-01
1.348005004746661017e-01 1.357137183523393353e-01
1.348724468532003229e-01 1.349162522646676354e-01
1.349851087100314428e-01 1.373114972811464718e-01
1.354192628481941385e-01 1.363042091670944311e-01
1.355792577870367221e-01 1.357525849557128517e-01
1.356197912159771146e-01 1.361245267510747536e-01
1.357668856052933748e-01 1.364336069177377875e-01
1.357845998581908020e-01 1.368271632302977270e-01
1.358811682799518639e-01 1.359478409768392349e-01
1.361210978317323739e-01 1.394529055418289865e-01
1.361827888340129411e-01 1.364736891962628207e-01
1.363633483662156642e-01 1.363786563907220806e-01
1.363821542905579443e-01 1.363821594655354463e-01
1.363949210525354505e-01 1.391353032175043081e-01
1.364705010876274272e-01 1.382099082288645586e-01
1.368453658733251865e-01 1.430868662998533991e-01
1.369549877009506589e-01 1.369604738144540590e-01
1.370859517400146999e-01 1.406183397678920088e-01
1.372619483529918805e-01 1.385764610943868991e-01
1.372963831024241466e-01 1.433901574546088964e-01
1.377902206105239558e-01 1.379880035634994950e-01
1.378243488395968219e-01 1.381304598459303368e-01
1.382524818995415072e-01 1.384438042533640556e-01
1.382707922849471527e-01 1.386676657850220706e-01
1.382817112200755150e-01 1.384676145610017894e-01
1.383222752354024976e-01 1.403288678234148046e-01
1.383825693576257732e-01 1.453061936008238353e-01
1.385813967479805342e-01 1.386908486446116751e-01
1.387265222871034431e-01 1.411243537064912623e-01
1.387762009187205881e-01 1.389940939837717160e-01
1.389517533780481595e-01 1.466689173192164131e-01
1.389598600265380401e-01 1.414349240878852165e-01
1.389710044215453355e-01 1.433461449348660544e-01
1.389884800666022213e-01 1.392846709870308730e-01
1.389967008458406206e-01 1.395067954259373022e-01
1.390035414783025725e-01 1.438579647402795925e-01
1.391334613190305936e-01 1.406591732546116358e-01
1.391457617750344600e-01 1.420203474116374931e-01
1.392851244194871219e-01 1.401053836985550194e-01
1.393233306249554437e-01 1.462852326678274473e-01
1.393795406434368001e-01 1.393965157007308886e-01
1.394033899325632653e-01 1.394653817922648364e-01
1.394110673893424190e-01 1.402432021970242970e-01
1.394615657266478626e-01 1.415562700283556630e-01
1.395317515311221557e-01 1.395318279342373791e-01
1.395420251434189574e-01 1.426221895417335017e-01
1.397134160260126434e-01 1.398500320929587371e-01
1.404381778195055441e-01 1.406310339785432351e-01
1.405075236495668678e-01 1.409983863980906471e-01
1.405288340192082652e-01 1.409052341122331020e-01
1.405816483034617592e-01 1.408559189952031665e-01
1.405989480021868632e-01 1.407388723578527623e-01
1.406213950090891562e-01 1.459475511022290117e-01
1.409203235193851045e-01 1.424079017266090541e-01
1.409377497748792174e-01 1.411649155626316654e-01
1.409463684330521105e-01 1.412902897454644813e-01
1.409879600942883504e-01 1.439512913853400189e-01
1.410220600357701692e-01 1.410487778381429858e-01
1.410541341497281442e-01 1.410708006806631332e-01
1.410621329425548187e-01 1.410883690541813729e-01
1.413278465638110604e-01 1.487492570974576211e-01
1.416664072262384388e-01 1.416965732368246911e-01
1.419519970166383538e-01 1.424753036807325235e-01
1.421005825903848829e-01 1.421097443117026460e-01
1.421243830369108008e-01 1.422084195100271620e-01
1.421658145027571429e-01 1.838757032078026932e-01
1.421942209239154264e-01 1.465037862802282820e-01
1.422524290478042186e-01 1.423701848881333554e-01
1.422624045662806702e-01 1.436686170331734902e-01
1.423665186086662815e-01 1.434496353396186030e-01
1.423711996640382171e-01 1.423913482184404888e-01
1.424334747703157877e-01 1.495524309465662838e-01
1.425335155392048747e-01 1.426619392920878693e-01
1.425900897667843337e-01 1.480279320604700188e-01
1.426820748111106429e-01 1.448353036280474182e-01
1.427264380724102832e-01 1.428291076052844166e-01
1.429360607190145738e-01 1.468348785228046072e-01
1.429603233005968810e-01 1.460483471271705469e-01
1.430860133564904602e-01 1.436179600553069424e-01
1.431188378728098232e-01 1.473073997689200720e-01
1.431268108719744303e-01 1.437969062247742291e-01
1.431616431688568225e-01 1.463729722139538170e-01
1.432092197008347778e-01 1.563968391737432795e-01
1.432717217730561654e-01 1.501954658714112767e-01
1.433357232863664010e-01 1.433367249751370809e-01
1.433519314533698019e-01 1.436557830165657579e-01
1.435142795560615248e-01 1.435221678462277051e-01
1.435648317209600455e-01 1.489092576113155153e-01
1.436421863685495015e-01 1.474257745401452158e-01
1.436483791559109435e-01 1.579125975700487461e-01
1.437867895421678643e-01 1.438364603124975272e-01
1.438094185788326984e-01 1.438172769162501807e-01
1.438857575759612539e-01 1.506498629101368225e-01
1.439706972628416459e-01 1.441317952619193266e-01
1.445476706628590069e-01 1.497251259832347581e-01
1.446190058263116807e-01 1.459463845364853685e-01
1.448290662879506141e-01 1.448771412834759520e-01
1.448821991567561251e-01 1.450399058442060074e-01
1.450348163839744464e-01 1.490255790626066612e-01
1.451421856366184038e-01 1.473600815096439698e-01
1.452167808200323373e-01 1.453032147026516729e-01
1.452760168740719338e-01 1.607566446942150784e-01
1.452968798288709618e-01 1.481189784169532619e-01
1.453684362397082430e-01 1.456890102865234515e-01
1.454111501268263162e-01 1.476804949414640689e-01
1.455220735394812115e-01 1.459497638040731793e-01
1.455665624571065853e-01 1.471677518192862633e-01
1.456209892083321356e-01 1.460365418942770332e-01
1.458280710290897064e-01 1.458282734020018290e-01
1.459402069904749133e-01 1.485643989647572605e-01
1.460176099196572874e-01 1.751993171121523085e-01
1.460828590760206436e-01 1.553804509351268126e-01
1.461075212558657632e-01 1.465844848671106759e-01
1.462256901877310722e-01 1.472753827506667335e-01
1.463234270447880403e-01 1.464163438559854258e-01
1.463477302958226811e-01 1.514967519567398391e-01
1.464109473242986292e-01 1.491932296951933024e-01
1.465074109774148758e-01 1.476765608606235292e-01
1.465119745661538353e-01 1.465139562543323892e-01
1.465685974059856012e-01 1.476773934551397494e-01
1.466828295519713721e-01 1.468140892591492663e-01
1.467013353708229717e-01 1.477918233307912721e-01
1.467176231342029735e-01 1.467759024705589666e-01
1.467846960148984081e-01 1.475569342332401779e-01
1.468783077682112304e-01 1.471222740142767715e-01
1.469080595037154380e-01 1.469087350502685518e-01
1.469299830674294927e-01 1.473761126264885868e-01
1.469393511741392822e-01 1.520847468606014996e-01
1.469396791407922842e-01 1.670973343171421877e-01
1.469979150154387126e-01 1.470494070294011690e-01
1.474573561551875134e-01 1.522946976936084273e-01
1.477649287271684819e-01 1.477650017440713670e-01
1.478047107568059571e-01 1.482922577899728755e-01
1.478194010952868509e-01 1.513877000903648407e-01
1.479538953876568530e-01 1.499082914992371784e-01
1.480425448421466561e-01 1.496834766296022412e-01
1.481956164682145249e-01 1.492021185214144618e-01
1.482102356253447439e-01 1.482930586936768713e-01
1.482681560290987632e-01 1.482807648155106961e-01
1.482874407774795733e-01 1.865350645471278712e-01
1.483226556800911200e-01 1.483330815781314926e-01
1.484306934440290104e-01 1.514122105382461614e-01
1.484622179845746792e-01 1.494219790864655395e-01
1.485095052685468653e-01 1.491697508877006251e-01
1.486167548874852973e-01 1.524883825878052823e-01
1.486764996376907788e-01 1.489216864679616670e-01
1.486850171906632379e-01 1.487125372232926679e-01
1.489891743648531219e-01 1.505537578182870317e-01
1.490476991356283198e-01 1.524801428362532740e-01
1.490501668069297569e-01 1.496265890241404717e-01
1.490664107722741993e-01 1.511374351384456305e-01
1.493244725171090082e-01 1.501711362442278153e-01
1.493640904780533796e-01 1.531134403467023508e-01
1.494224486258111106e-01 1.494313738117746815e-01
1.495196642861872094e-01 1.502560411643516780e-01
1.496252444521332658e-01 1.513438805452184122e-01
1.497101922359342085e-01 1.497430324112813682e-01
1.498652986265721077e-01 1.501575103065911354e-01
1.498992406217053985e-01 1.501032667309871171e-01
1.499126783267019924e-01 1.499162846370956925e-01
1.499874777407464999e-01 1.626952770633260936e-01
1.501442818382989763e-01 1.502578427535817551e-01
1.502232418048117246e-01 1.522079238933057577e-01
1.502837645656091292e-01 1.512007799574323352e-01
1.502924779314956383e-01 1.602979338588260139e-01
1.503464558319627387e-01 1.509453813442148962e-01
1.504341888743626898e-01 1.512713776224486883e-01
1.504556684559246182e-01 1.509320015301264251e-01
1.507081099033307225e-01 1.509182431495819654e-01
1.511279356848080069e-01 1.513354451277071355e-01
1.511833985706838857e-01 1.522421291421605094e-01
1.513089342810654270e-01 1.513162011750698865e-01
1.516276709099157460e-01 1.517372315753421907e-01
1.519733656019703061e-01 1.520569669340233188e-01
1.519940600865713476e-01 1.597770555651927549e-01
1.520386975879980673e-01 1.524624704694464983e-01
1.520567974153001489e-01 1.521198487275759181e-01
1.522385802952530565e-01 1.527734861722916948e-01
1.525870421923792852e-01 1.626261675443100574e-01
1.525878343118118319e-01 1.533564191823830192e-01
1.527277587805469516e-01 1.528131080202767555e-01
1.528891373178224433e-01 1.529991422001380497e-01
1.528950901976031118e-01 1.542904567791424097e-01
1.529443222246428535e-01 1.530674532445712166e-01
1.529991576804485276e-01 1.533708974340513564e-01
1.534529626484950060e-01 1.546499173226970614e-01
1.534805604381386523e-01 1.579896132846240753e-01
1.541764037491621386e-01 1.604870543472384226e-01
1.544076620674559308e-01 1.585810111580844006e-01
1.545084344014721056e-01 1.549073324348416714e-01
1.547270196996817226e-01 1.559331577942298930e-01
1.548645246557543154e-01 1.554969666677707696e-01
1.548710314804229438e-01 1.565753507867513883e-01
1.550162217168893908e-01 1.579664006641506857e-01
1.550890060533311188e-01 1.601121883890897490e-01
1.551205850816809728e-01 1.571248102473574715e-01
1.552577535671450792e-01 1.627227266470115119e-01
1.553104324354170340e-01 1.554214425512959463e-01
1.554557858718753627e-01 1.596611560974660060e-01
1.554644329320995499e-01 1.607022230074378888e-01
1.556207049545119681e-01 1.556656468905203705e-01
1.558629360064118508e-01 1.558776806165944051e-01
1.559510114219808952e-01 1.560472117544442761e-01
1.559592446549733780e-01 1.619664598220852958e-01
1.559798135822553777e-01 1.569654660660177725e-01
1.560780391295748248e-01 1.561829339788066706e-01
1.561323445651065511e-01 1.567668318325532995e-01
1.565021854156481429e-01 1.569597511790171707e-01
1.565423456692647541e-01 1.567803833177248141e-01
1.567150466361428574e-01 1.568455300066887437e-01
1.569559768451703474e-01 1.591520191781093940e-01
1.570039983757295088e-01 1.598574370616761831e-01
1.573906286256902265e-01 1.584251030985264763e-01
1.574451034256458826e-01 1.579209763256100019e-01
1.575863696264808989e-01 1.585064448211955246e-01
1.576328850414185911e-01 1.577920747264102697e-01
1.576657658106701831e-01 1.576699172451070941e-01
1.578057869864267215e-01 1.580545048348886150e-01
1.579407787903846783e-01 1.579463500418763489e-01
1.580402877591416400e-01 1.596969482220904069e-01
1.582343577575719973e-01 1.583460495918984912e-01
1.583398149010948608e-01 1.597706026003967439e-01
1.583793803248410015e-01 1.587465056405115982e-01
1.584388178954906912e-01 1.590967671722693655e-01
1.586514833068919106e-01 1.586929867557530516e-01
1.586984079776347645e-01 1.588384365665695686e-01
1.587999113597793610e-01 1.601295482121627423e-01
1.589648906283214480e-01 1.593534643573006893e-01
1.589712829600824218e-01 1.641736253501763776e-01
1.590025931606536547e-01 1.590037938242881421e-01
1.590779186431222625e-01 1.628398003505004410e-01
1.591095861444613013e-01 1.596282808619944871e-01
1.592185460910382766e-01 1.679921856229061039e-01
1.592211200499170642e-01 1.596674655201071324e-01
1.593298020686237104e-01 1.594148464737950022e-01
1.596012302931203442e-01 1.600402664107362649e-01
1.598287189980924505e-01 1.598300622911910107e-01
1.600755697538934763e-01 1.601393131820881277e-01
1.603941650115124629e-01 1.607319300612291557e-01
1.603998769045895667e-01 1.662774575057416604e-01
1.604457474052252419e-01 1.653319969410032286e-01
1.605170665174321665e-01 1.623263485893446378e-01
1.607436654375690999e-01 1.650436246376138505e-01
1.609091086717630292e-01 1.613313143441381381e-01
1.611263134450317824e-01 1.641998068842551728e-01
1.611572794900291428e-01 1.634065925965645372e-01
1.612738689350317056e-01 1.622673338474866500e-01
1.614435865086809863e-01 1.619279306967430776e-01
1.615248000924592309e-01 1.637416384852912465e-01
1.617556934449621286e-01 1.620521239255066082e-01
1.623653824839535742e-01 1.624126444117418577e-01
1.624293121618435032e-01 1.678317580637786466e-01
1.625837245942656217e-01 1.629489702797771167e-01
1.628685787469471569e-01 1.635405092736287036e-01
1.628770242847441818e-01 1.631574141357848007e-01
1.628829197975168452e-01 1.630106756671081680e-01
1.629537135077278043e-01 1.629610440295049811e-01
1.630211088280636433e-01 1.636735700376799607e-01
1.631436228868807792e-01 1.701475148271820170e-01
1.635396490424899374e-01 1.692104296619690307e-01
1.635431208134510705e-01 1.662965848080973918e-01
1.637586672308893321e-01 1.646112317648006362e-01
1.637897669994177463e-01 1.640146089491636150e-01
1.638487162051789348e-01 1.670271145109193944e-01
1.641480230578837018e-01 1.665294622774687594e-01
1.641577090809270834e-01 1.653964614333934269e-01
1.641947174739053772e-01 1.647494139082187059e-01
1.642206153953879588e-01 1.642206725702247405e-01
1.642301530708824286e-01 1.642925123702589640e-01
1.642605561116224078e-01 1.642749329445491180e-01
1.643165993889929843e-01 1.644196126062694441e-01
1.645217523951460759e-01 1.650656840191638275e-01
1.646158525881144252e-01 1.650276885390353776e-01
1.648522706629691192e-01 1.723671696790571861e-01
1.650020172978035049e-01 1.673385466960153056e-01
1.652931750721573501e-01 1.654034387003235351e-01
1.653044131254202131e-01 1.758049786155993499e-01
1.653182357121599499e-01 1.654512182846874790e-01
1.654269814003259398e-01 1.660549089355227992e-01
1.655717879776033574e-01 1.702403336603472428e-01
1.656571439191404094e-01 1.809821588518941149e-01
1.657894829759443966e-01 1.708934855638557793e-01
1.661108013381419890e-01 1.706539576752394982e-01
1.661128615045076307e-01 1.661461752537423120e-01
1.663632894998605949e-01 1.695202823075502296e-01
1.663731792097920825e-01 1.663871023755315037e-01
1.668413494921602291e-01 1.670738595646012736e-01
1.672082649198581294e-01 1.675665140755653593e-01
1.673057103307848126e-01 1.679146163577248940e-01
1.674058498664185157e-01 1.674362426899909106e-01
1.678270955161941247e-01 1.806551934501736401e-01
1.683803099943527448e-01 1.685727443842760520e-01
1.685286307126705185e-01 1.716982779579095397e-01
1.687332550150639765e-01 1.687416366302276483e-01
1.694739585845794483e-01 1.694740950108010735e-01
1.697512739815595084e-01 1.700084398131586350e-01
1.702139540389723260e-01 1.704158042700475717e-01
1.705623031126992650e-01 1.713710543239703732e-01
1.706421657248901047e-01 1.706793296901311097e-01
1.706508068107115694e-01 1.706643822848834813e-01
1.711198952409136720e-01 1.713398267655690255e-01
1.713220068378072947e-01 1.717164672962974981e-01
1.714794955208046034e-01 1.717199975533646727e-01
1.718808102518517289e-01 1.724990056623925128e-01
1.720850457296325686e-01 1.731862803636917136e-01
1.727033841875210696e-01 1.731506523013229826e-01
1.730306253969891572e-01 1.839577692347254823e-01
1.732633638457614644e-01 1.734421206776287361e-01
1.733765849700165673e-01 1.767014799853835749e-01
1.734411279966016350e-01 1.734420716501759718e-01
1.734496059388075384e-01 1.766092187620685872e-01
1.735636180955242025e-01 1.739679482000228705e-01
1.735711779270154576e-01 1.756899648115514689e-01
1.739448771980242336e-01 1.746054598130177271e-01
1.741099302729321729e-01 1.741138140715738081e-01
1.746491711331084606e-01 1.746492208983112526e-01
1.750127892155124154e-01 1.766277430246408209e-01
1.755466304321839643e-01 1.798320198484784915e-01
1.765188367410859549e-01 1.773457031519890259e-01
1.765849733846215353e-01 1.766206153450218252e-01
1.766311820338145322e-01 1.767237111785306680e-01
1.770456018975217760e-01 1.826704890625304167e-01
1.770500743081423189e-01 1.770669318514403734e-01
1.770545800162879324e-01 1.828820631450496503e-01
1.771026396071849474e-01 1.814797235925578178e-01
1.771649569262781498e-01 1.771797667870621817e-01
1.774517249099656635e-01 1.797910207134570115e-01
1.780119281029886869e-01 1.792282039808336391e-01
1.786176719360053622e-01 1.789494813608027979e-01
1.787510149299151585e-01 1.794360987148612696e-01
1.789466851937593084e-01 1.821931653178616994e-01
1.793122317751024708e-01 1.795886234850259111e-01
1.798704230073189803e-01 1.804908626653121961e-01
1.799625745872686366e-01 1.803325545012109676e-01
1.801184261922256780e-01 1.844682022753875994e-01
1.812444741999000020e-01 1.812517960915565607e-01
1.812545400265407058e-01 2.108173162703563808e-01
1.816210005540445094e-01 1.880580039245856594e-01
1.823522066316609902e-01 1.831476719519663510e-01
1.837358828325133253e-01 1.868077949902880452e-01
1.840125526443422144e-01 1.841052236078172255e-01
1.847763722150560506e-01 1.848009106071955288e-01
1.848427873377022634e-01 1.853020381031115493e-01
1.848659508112269756e-01 1.855105808322054239e-01
1.851817406714933723e-01 1.851866066382275855e-01
1.859071527868471629e-01 1.863422639252737267e-01
1.874841904415974758e-01 2.090770302088326427e-01
1.894424811328195291e-01 1.905518226408130233e-01
1.900527706229995506e-01 1.944536668640892418e-01
1.941842041572822974e-01 1.942683160245371743e-01
1.957178309864258947e-01 1.964867468218162716e-01
1.961174760203055201e-01 1.997076990196971769e-01
1.962538817254364798e-01 2.256667732902135348e-01
1.963217730926368199e-01 2.006021767350847917e-01
1.967325516545924968e-01 2.108670715936963314e-01
1.974972478937169484e-01 2.016287193469381012e-01
1.977412838042191812e-01 1.985032731984208987e-01
1.980451719266840549e-01 1.993552558393408836e-01
1.983057922908745552e-01 1.983145097766709219e-01
1.983672235764499803e-01 2.018130019392807561e-01
1.984930594072694954e-01 1.991974488556213785e-01
1.985504563326498939e-01 1.990208540445017049e-01
1.990773775155907366e-01 2.080362957581926020e-01
1.993842084386985569e-01 2.111333970259246240e-01
2.009118811985349251e-01 2.009149866513926519e-01
2.011863979217433374e-01 2.015455606170595826e-01
2.019475051620775452e-01 2.019475399148098482e-01
2.028728167405005334e-01 2.038144079617777993e-01
2.029867933449496231e-01 2.034596947292816316e-01
2.034465202144143670e-01 2.034630389232506276e-01
2.035189167094770268e-01 2.037124058635490786e-01
2.038852049867721783e-01 2.141068728348903549e-01
2.054922789558423779e-01 2.084045608677155548e-01
2.055281204271755258e-01 2.062148322386117283e-01
2.058469802533529347e-01 2.073321511507611459e-01
2.070711776613195776e-01 2.115978634350091647e-01
2.073630223369315462e-01 2.077588833430596693e-01
2.079834083387519517e-01 2.082742341832944932e-01
2.084575718793979515e-01 2.084604182361057823e-01
2.141992861165551432e-01 2.154367785344787900e-01
2.175921900357366545e-01 2.182998581901100243e-01
2.184653383672732208e-01 2.190627227412629829e-01
2.187525619911510066e-01 2.188031181051079688e-01
2.194537472536695344e-01 2.194545788194204317e-01
2.206657163885050732e-01 2.240942416243040802e-01
2.235568368186234001e-01 2.254437199359626276e-01
2.235896427331626191e-01 2.246400403857075345e-01
2.257951677785537681e-01 2.276595746020037836e-01
2.343680452169387141e-01 2.343707165780825330e-01
