6.188996435938542290e-02 6.194582526222552898e-02
7.312341124900173517e-02 7.315457070092268310e-02
7.631937888516295010e-02 7.826002422251766844e-02
7.655030596479410476e-02 7.655285632325656286e-02
7.673426330144238194e-02 7.673429147031472775e-02
7.926416113560867671e-02 8.076672402929235828e-02
8.424960527469969873e-02 8.439867297442589511e-02
8.437357835485682911e-02 8.446191888853743501e-02
8.522824947251383954e-02 8.579911112102789339e-02
8.617379597031550598e-02 8.779807425580637981e-02
8.687164895680164756e-02 8.697004474402611485e-02
8.821682054033502807e-02 8.836171537720688418e-02
8.973961605654817708e-02 9.035954952321736955e-02
9.037263344442625357e-02 9.220633029476069109e-02
9.038833715987208695e-02 9.087251700100097696e-02
9.103985035282538552e-02 9.116834714257081307e-02
9.199150234960358496e-02 9.535241229957444609e-02
9.199725131143840495e-02 9.199790283117142975e-02
9.221087505641702153e-02 9.226437346409809004e-02
9.370709416764015642e-02 9.384387118698027386e-02
9.436642891164892522e-02 9.481129702822749250e-02
9.491883414743776393e-02 9.886704975911958515e-02
9.528174101000068397e-02 9.554685096149365120e-02
9.529381407979661822e-02 9.540049311716597424e-02
9.541352789791177069e-02 9.621133829395622783e-02
9.592046056405492682e-02 9.597565921353139184e-02
9.611218865791638921e-02 9.643396327683001479e-02
9.655104303861394843e-02 9.655581154073726580e-02
9.674858143350403838e-02 9.676499801088433994e-02
9.710276687036102639e-02 9.714897885643659914e-02
9.720414619475019335e-02 9.722221540815226271e-02
9.776292142639092519e-02 9.985110256580111143e-02
9.787905767794463641e-02 9.797960319371279425e-02
9.879833415717735601e-02 9.977461401662982010e-02
9.908665045957310014e-02 9.928923758152700951e-02
9.973099401774920825e-02 9.975216485535777500e-02
9.976572827512998620e-02 1.011123219052603162e-01
1.002564207583899608e-01 1.002624084247032005e-01
1.005631264675477948e-01 1.018081566178519470e-01
1.005717712951979814e-01 1.006242986536197703e-01
1.007121647885542426e-01 1.008616878115674714e-01
1.007859586423925646e-01 1.007877866552989998e-01
1.008442577892422337e-01 1.014268888985745409e-01
1.008628864740642728e-01 1.014713929398014941e-01
1.011965731912543298e-01 1.012213632540991531e-01
1.017107775208894310e-01 1.038711236859679032e-01
1.018923788423167220e-01 1.018941277223028574e-01
1.022795852604605343e-01 1.022795853282163075e-01
1.026573947525877689e-01 1.036580964624357754e-01
1.030918106476801654e-01 1.033371314507404159e-01
1.035804144755554795e-01 1.039135222357515098e-01
1.036610869543735242e-01 1.036613243236782500e-01
1.038028803627591423e-01 1.038627302416831738e-01
1.038295783214721324e-01 1.043198735342215772e-01
1.038550568874579139e-01 1.043018789169280619e-01
1.038613653815786131e-01 1.055223791868317440e-01
1.047420796240431246e-01 1.049067795366257216e-01
1.048735010254989580e-01 1.062593741148005200e-01
1.049785544158155504e-01 1.050202034388640765e-01
1.053732696619492787e-01 1.058776738711398463e-01
1.053906065519927410e-01 1.061089161540170744e-01
1.060863494563913517e-01 1.061871657985790918e-01
1.064229141267843681e-01 1.097487226265874971e-01
1.070648382364277201e-01 1.071553358171297293e-01
1.072424969715081583e-01 1.074994595720638740e-01
1.074479157480847102e-01 1.074838762929101049e-01
1.076551173165944675e-01 1.076711194016145567e-01
1.077588530243304976e-01 1.084280597358154297e-01
1.080221373264346335e-01 1.189357243170010014e-01
1.085747584242255648e-01 1.105397454680786679e-01
1.087157152353876305e-01 1.120431115912171316e-01
1.087400619520314388e-01 1.087407614492549163e-01
1.089442044960654693e-01 1.094715500172448175e-01
1.089453450702076720e-01 1.119363190544322845e-01
1.089964023533712412e-01 1.097409970626641446e-01
1.091495281860171279e-01 1.097920750968071624e-01
1.093154139294965771e-01 1.118983883209682950e-01
1.093782773012196563e-01 1.095792904117279393e-01
1.094712996464086013e-01 1.096866773285522650e-01
1.096738848361166752e-01 1.110858738053005085e-01
1.098323848875258774e-01 1.099248846062760576e-01
1.099054153278853085e-01 1.100919558128111153e-01
1.099549899562675404e-01 1.102179604383583672e-01
1.106472720430165674e-01 1.106823687253064153e-01
1.107176259677643548e-01 1.110877411830556993e-01
1.107498164369900284e-01 1.128846482642112681e-01
1.108321159947350670e-01 1.151880332822697167e-01
1.110659634089455755e-01 1.120051769704917127e-01
1.118543651839245812e-01 1.135710365228693314e-01
1.119678799377804013e-01 1.121950496084119508e-01
1.120341232997630887e-01 1.125824726656859537e-01
1.123510820783618636e-01 1.127252948551747541e-01
1.124545127108867448e-01 1.124806119233171392e-01
1.130098670665213439e-01 1.180142350449518152e-01
1.133812069446751281e-01 1.134179459138191376e-01
1.146127838141918764e-01 1.147405450024711199e-01
1.147256659489100522e-01 1.159111458197139150e-01
1.152020944769093225e-01 1.155859560600758784e-01
1.155955324221102226e-01 1.156651190616520830e-01
1.157952375063737160e-01 1.167830510780590025e-01
1.157969177646866604e-01 1.166458799219456943e-01
1.159239919389520590e-01 1.163571313752848613e-01
1.159405955052539294e-01 1.179099271272682770e-01
1.160284860308137683e-01 1.160300768738839611e-01
1.160599683551541278e-01 1.160899635562269855e-01
1.162123300510131685e-01 1.169643825486240546e-01
1.162548617248287119e-01 1.163143076151849364e-01
1.166510468094129060e-01 1.188781408027127368e-01
1.168037348339107245e-01 1.172587918971826487e-01
1.169114355316475395e-01 1.176831367857509997e-01
1.169852149708349304e-01 1.172939560237873657e-01
1.171844325269613962e-01 1.181354275324009578e-01
1.175301031447699568e-01 1.178930053206306006e-01
1.176371217307076583e-01 1.176405370914748866e-01
1.178740829702778492e-01 1.178847114371952554e-01
1.179101090603295182e-01 1.179105326261051384e-01
1.179252930794977006e-01 1.179314004486289175e-01
1.180683143917829053e-01 1.181776360053661407e-01
1.183174056773552141e-01 1.209576439678361204e-01
1.192813278627606888e-01 1.192930315436429994e-01
1.193678463097975762e-01 1.195666797946795812e-01
1.194274880437247860e-01 1.194858264538802700e-01
1.194919321570656195e-01 1.215605443713664857e-01
1.195939785872791872e-01 1.196362110209526208e-01
1.198036204315028330e-01 1.208715575801932451e-01
1.201178755826086547e-01 1.204892465212983876e-01
1.201842936711657733e-01 1.201849210523662920e-01
1.204136682758142757e-01 1.247762136730477533e-01
1.204234204861786700e-01 1.209594259790621323e-01
1.204653326227633214e-01 1.204784185323433954e-01
1.208756539283076664e-01 1.212600182185351455e-01
1.210884302557986708e-01 1.223386211532165729e-01
1.211679913500776223e-01 1.258710883093265009e-01
1.211849460621980679e-01 1.242135849967125200e-01
1.213452600971068607e-01 1.213471999333186474e-01
1.214264666166885581e-01 1.214341505279428468e-01
1.214367558180753509e-01 1.233496402655780283e-01
1.214389010898535431e-01 1.214933317768305820e-01
1.214614714351576752e-01 1.214745702672449940e-01
1.214970048434539512e-01 1.230475550278983671e-01
1.215624782128329612e-01 1.216628963094034122e-01
1.217116732678936025e-01 1.218867449263808522e-01
1.218774635559580904e-01 1.222455268122782657e-01
1.219209643004631333e-01 1.224638976455811323e-01
1.219896956933589766e-01 1.221794347616758231e-01
1.221178578489697797e-01 1.221215765114915669e-01
1.221850431880973781e-01 1.224126877831222399e-01
1.222852416248070562e-01 1.246824530596113006e-01
1.223907208295071242e-01 1.224004213710810363e-01
1.224398603902424609e-01 1.285770389255214974e-01
1.225559205961827824e-01 1.225824097111598288e-01
1.225794625813387828e-01 1.230270823928247964e-01
1.228777800426469335e-01 1.249361487574232460e-01
1.229692288761114749e-01 1.229799660131188632e-01
1.230378504351439806e-01 1.310727109553262160e-01
1.232674700801288104e-01 1.261034576057935563e-01
1.233592683460211920e-01 1.236348893470131521e-01
1.234257541786526746e-01 1.234342147122115679e-01
1.235672191968988504e-01 1.235691263796256933e-01
1.241770725374095885e-01 1.271641433785787867e-01
1.241939542800066243e-01 1.242236175269063742e-01
1.242182001916781464e-01 1.242684669176111062e-01
1.244581714488555424e-01 1.246157826477089919e-01
1.246594728462042528e-01 1.248531421631817323e-01
1.247090749961742434e-01 1.250495554812048604e-01
1.248306848619361031e-01 1.259485402958464839e-01
1.248375195215687267e-01 1.251976608451381145e-01
1.249084516693796942e-01 1.253118528238403029e-01
1.249609624580647338e-01 1.250021103676210443e-01
1.250460714677973373e-01 1.259640430268168798e-01
1.256916772599558640e-01 1.256934239486688087e-01
1.257287897825231926e-01 1.259261749053634805e-01
1.258912412620146193e-01 1.376173389304393979e-01
1.261276188988109115e-01 1.263906908311152044e-01
1.263503752555004134e-01 1.270839122441639879e-01
1.264215687523611298e-01 1.280607790500627452e-01
1.264643038904003092e-01 1.271632380298013121e-01
1.266742548833461046e-01 1.342190981072659550e-01
1.270571507534817568e-01 1.271021046628173778e-01
1.270921258010105637e-01 1.271524571747701948e-01
1.272278754409358614e-01 1.279521660801972716e-01
1.273597809645925782e-01 1.275124496287514952e-01
1.274154358334374793e-01 1.286805671382370841e-01
1.275347281349901440e-01 1.275350337646635468e-01
1.278312545405228540e-01 1.278371561665974931e-01
1.281036066240444915e-01 1.283072472929740748e-01
1.282782367356125885e-01 1.283664011348656098e-01
1.283589759785245810e-01 1.287831846441255812e-01
1.283905181372800852e-01 1.284063011084171646e-01
1.285181461125528557e-01 1.326810517584667282e-01
1.287927734699208515e-01 1.294169724928087573e-01
1.289013177831016266e-01 1.321393572228536650e-01
1.289844752173301690e-01 1.299641414344084589e-01
1.290957432926520543e-01 1.312941178839691914e-01
1.291904931601955686e-01 1.303373922844283384e-01
1.294541555601285143e-01 1.347777206320331655e-01
1.294550201114140209e-01 1.318920491567452113e-01
1.294638157228131248e-01 1.327586323037034111e-01
1.294958698621031246e-01 1.296212788355061429e-01
1.295394549251066008e-01 1.296395184208143925e-01
1.297581546818086240e-01 1.327699158013548597e-01
1.302840889730591534e-01 1.307617002371468107e-01
1.304161784625724185e-01 1.304340695715701659e-01
1.304183417480423435e-01 1.309181233711451120e-01
1.304279164174620420e-01 1.305766984390694940e-01
1.304905995685413100e-01 1.304910209549505762e-01
1.305030030809543051e-01 1.305222146684752726e-01
1.306838477374117624e-01 1.314646417575141557e-01
1.307356645123278205e-01 1.332003147922337649e-01
1.308518928362937261e-01 1.322636710379088421e-01
1.310506337058232329e-01 1.363263796593229271e-01
1.311955216791486079e-01 1.323218861689287595e-01
1.314072787878168835e-01 1.314822132399308674e-01
1.314621587541494607e-01 1.316428176924939741e-01
1.315480401519887321e-01 1.338023746485571819e-01
1.315503551489772827e-01 1.338598814614524180e-01
1.318995472609231501e-01 1.319112430478501241e-01
1.323158735433184185e-01 1.338480281024221619e-01
1.323321850826056356e-01 1.325704688995218150e-01
1.323642895254912299e-01 1.343721086163407186e-01
1.325341338664436652e-01 1.326904378623457448e-01
1.325482484718381315e-01 1.331509082442535741e-01
1.328381653659428396e-01 1.328391966898785359e-01
1.328977956497141566e-01 1.346268957570200264e-01
1.329101374664317103e-01 1.329695361479808491e-01
1.329680243510570348e-01 1.507841222496510980e-01
1.330247751362945985e-01 1.332402314771887475e-01
1.332042977625465252e-01 1.412541957028396467e-01
1.332855559086264796e-01 1.352846010751183325e-01
1.333249334131435537e-01 1.333441990913465380e-01
1.333786202861437786e-01 1.341009470359145195e-01
1.334133539267654267e-01 1.337941648905142944e-01
1.335264139714761322e-01 1.402472440191419867e-01
1.336741627356115569e-01 1.344664018981188980e-01
1.336920615768368292e-01 1.337939240056582602e-01
1.337431506523539537e-01 1.355036428584467656e-01
1.338575832469943161e-01 1.348884134330969875e-01
1.339952194282783005e-01 1.451625223254215946e-01
1.340822288035181109e-01 1.340880363176801815e-01
1.341298804355231522e-01 1.342067957175780979e-01
1.342226036167545322e-01 1.363352574043694421e-01
1.342229531150107291e-01 1.345423179340724251e-01
1.342962629300202826e-01 1.345045467438878151e-01
1.342968738980467591e-01 1.354138618634911639e-01
1.344904686910606550e-01 1.348598071811181187e-01
1.345286053792778824e-01 1.346382549233432202e-01
1.347771773604267698e-01 1.352021689548056071e-01
1.350585293039391621e-01 1.375372919247005166e-01
1.350726861050078054e-01 1.350838825011203004e-01
1.353488520147943797e-01 1.370907417180173282e-01
1.353695157564460960e-01 1.388271449027166649e-01
1.354292581967089792e-01 1.415877705809079068e-01
1.356238443033536412e-01 1.360595340917866714e-01
1.356411821139647533e-01 1.372230322920310053e-01
1.357241449028214197e-01 1.370851176732008903e-01
1.357799060281356940e-01 1.357865394927392222e-01
1.358105300118208347e-01 1.365280187452973248e-01
1.358552068447699823e-01 1.366623738321234571e-01
1.358994781636058968e-01 1.359445102651679338e-01
1.359581892640694123e-01 1.370945438987583309e-01
1.360896088024634853e-01 1.362270815108988231e-01
1.361130598845602113e-01 1.364719081161788194e-01
1.363601375882037559e-01 1.374172059535109236e-01
1.365151504509665992e-01 1.365782762393908112e-01
1.366035273563123154e-01 1.367065564967240021e-01
1.369873090429591378e-01 1.370132978921554667e-01
1.375099762851112184e-01 1.492193671242721953e-01
1.375278402190915072e-01 1.375782017608925267e-01
1.375575180469315040e-01 1.377562573477996433e-01
1.376143577987373745e-01 1.388414325276325356e-01
1.378053479617570298e-01 1.393866623015962980e-01
1.378684244912646295e-01 1.383370540716209185e-01
1.380729220460470696e-01 1.491705605518940381e-01
1.381208023687366393e-01 1.381895058361178319e-01
1.387429385655927494e-01 1.388663377343842820e-01
1.387513221184386580e-01 1.388661506773294363e-01
1.388597075314360885e-01 1.430549192441536721e-01
1.388923188722353264e-01 1.388937842446442694e-01
1.389521567320261830e-01 1.438883418730968478e-01
1.390081255685307604e-01 1.408358863912070602e-01
1.390911345327125181e-01 1.432615372150267130e-01
1.390960556870897147e-01 1.415036260882160113e-01
1.396741605312108170e-01 1.483330175288680164e-01
1.400053081712387959e-01 1.425671540007411309e-01
1.401037214736747527e-01 1.409021722329966420e-01
1.402016203305514186e-01 1.402074624502044897e-01
1.402032533317825735e-01 1.415305032329952639e-01
1.402185053892262834e-01 1.403617733441824833e-01
1.402185966204945455e-01 1.402351830748872208e-01
1.402197785079709880e-01 1.402264132057766399e-01
1.402523604163107285e-01 1.413846334910532077e-01
1.404753938868713581e-01 1.406603437317735239e-01
1.405088944392898775e-01 1.423133600500592066e-01
1.405566092659877031e-01 1.407951865645590828e-01
1.406192608863345572e-01 1.412133201672710892e-01
1.407162011765316356e-01 1.409910972279923014e-01
1.408290211686192839e-01 1.408293307526854721e-01
1.409377801182851442e-01 1.409414044555085677e-01
1.411240424557194950e-01 1.434452020775342507e-01
1.413639655079073909e-01 1.418578594218041777e-01
1.415636299719079394e-01 1.415706006582019005e-01
1.415916697286331016e-01 1.416768194716854501e-01
1.417842767464080334e-01 1.453879045725602892e-01
1.419260893229432607e-01 1.429128056488564169e-01
1.421079363971844978e-01 1.421623157788322878e-01
1.422455091419844997e-01 1.424626928812529614e-01
1.423414763352980617e-01 1.492936893586981617e-01
1.424242832108935652e-01 1.664057183222047431e-01
1.424308686464449414e-01 1.425727123132882468e-01
1.424977504036711307e-01 1.425491529867744245e-01
1.426253109714545331e-01 1.451972326355317477e-01
1.426978478954603335e-01 1.427937216728976111e-01
1.427414869449543378e-01 1.432333955300972850e-01
1.427835219397956823e-01 1.663882692196725632e-01
1.428984815126341235e-01 1.580779100345396093e-01
1.430021449459772942e-01 1.445908687347059740e-01
1.430685973991161486e-01 1.431579215804549277e-01
1.431682933863238083e-01 1.443021611687001771e-01
1.433512015722964994e-01 1.454715828861250504e-01
1.435112328999951226e-01 1.437901250347280169e-01
1.438030256579340138e-01 1.439732913207138476e-01
1.439533461282472004e-01 1.453766931812266738e-01
1.443466719150125199e-01 1.454478421512168385e-01
1.445137492141560509e-01 1.523168202053485909e-01
1.446011455300126314e-01 1.461517999206524143e-01
1.446223945853020443e-01 1.454252762998494708e-01
1.448085019485810532e-01 1.448293012412580349e-01
1.451497071297536412e-01 1.459787564730465614e-01
1.451928522351338680e-01 1.456207671424278038e-01
1.453579699706828154e-01 1.532863813013202459e-01
1.454833189881859501e-01 1.483192619921271660e-01
1.455868548112044525e-01 1.479221540502294319e-01
1.457625468482917908e-01 1.458548220925178218e-01
1.457907588560246603e-01 1.457920802211704336e-01
1.457964347670867578e-01 1.458054231553568558e-01
1.459580582736545729e-01 1.462013986442599334e-01
1.459674446763678246e-01 1.460462512021656334e-01
1.460645381516689212e-01 1.495583272525764507e-01
1.461912621669880785e-01 1.473262780280032158e-01
1.464624571781434348e-01 1.464624875470559862e-01
1.465062887497331212e-01 1.519311104519391886e-01
1.465067431671053244e-01 1.466722522653146343e-01
1.467992826621470626e-01 1.600666896167780018e-01
1.469402804825995779e-01 1.501435027725220306e-01
1.469440974104940789e-01 1.610234640463915345e-01
1.470636457517856821e-01 1.471407494348742351e-01
1.471239962914227817e-01 1.477338635272674172e-01
1.472175926210619601e-01 1.472673581677809984e-01
1.476411656999628286e-01 1.480423054130326765e-01
1.478898718918127964e-01 1.516655267570970189e-01
1.478982372599703110e-01 1.487617116507931603e-01
1.479271239940531946e-01 1.539951760731797514e-01
1.479798986787610737e-01 1.479891810336903535e-01
1.480067855152810696e-01 1.480604710397806223e-01
1.481602724106765023e-01 1.485288069356447416e-01
1.482185713887892997e-01 1.482405873042604572e-01
1.482827330027982615e-01 1.485702686754474533e-01
1.484585476731355436e-01 1.518308464538984937e-01
1.484818836945616394e-01 1.493943747989082138e-01
1.485780236669198562e-01 1.613099644911468733e-01
1.486506731469421916e-01 1.498935294883763369e-01
1.487075242697623034e-01 1.504150409860816329e-01
1.489486005409677294e-01 1.502473396808464423e-01
1.490513120429951543e-01 1.490744963481091534e-01
1.490932013199954276e-01 1.491270001642079346e-01
1.492569922770475566e-01 1.541049884675624315e-01
1.493794661499049381e-01 1.533693003577731584e-01
1.495745160799943352e-01 1.495788132447604113e-01
1.497004430202674985e-01 1.497348931634430724e-01
1.497063738590714010e-01 1.497761252950382538e-01
1.498548589272443721e-01 1.499153680694911561e-01
1.499736422124849922e-01 1.507980404729770407e-01
1.502630869572215977e-01 1.502864882821271786e-01
1.508170706044837384e-01 1.508312115685807309e-01
1.510629177582637206e-01 1.539912475834218086e-01
1.512327139807954079e-01 1.512446425179442000e-01
1.513264968742829009e-01 1.514010821637155613e-01
1.515057125868318755e-01 1.515851952111973711e-01
1.516130925746462799e-01 1.624609034138335961e-01
1.521221390451215627e-01 1.600603524334608674e-01
1.522254982139030766e-01 1.522948111046900643e-01
1.525557888809417617e-01 1.530062350368073809e-01
1.526616112037764705e-01 1.527596463600109644e-01
1.528225672303471228e-01 1.539793723208478238e-01
1.531015552830163329e-01 1.542105368150886724e-01
1.531405909354806028e-01 1.531630022189594265e-01
1.535971250323569515e-01 1.535978918285591799e-01
1.536589535268055029e-01 1.548432386958136509e-01
1.537216885534609667e-01 1.539272206559406109e-01
1.538449403913789426e-01 1.545752382958328619e-01
1.538700172921084186e-01 1.539327504730308160e-01
1.539576017139038799e-01 1.640200215574720011e-01
1.543023530312324088e-01 1.561506839059607910e-01
1.543177560678553606e-01 1.545817999028405998e-01
1.543977469729455043e-01 1.545926092460939427e-01
1.544205029659277417e-01 1.550749955790478307e-01
1.545172012809763185e-01 1.593976678927891966e-01
1.545351305964653144e-01 1.548483726455229803e-01
1.547580402488455131e-01 1.580148201416630427e-01
1.548077536113715291e-01 1.552182962702327029e-01
1.549252828214610911e-01 1.565701129431187610e-01
1.550872994661716964e-01 1.551308774972619542e-01
1.552917795793275491e-01 1.561576381822061821e-01
1.553300021534370357e-01 1.558276038486283710e-01
1.553656740045041562e-01 1.600902900502318427e-01
1.555547548635397570e-01 1.559388173248553167e-01
1.557218560312973454e-01 1.599701529765577279e-01
1.557419519510839234e-01 1.561901022273243234e-01
1.560352315949387891e-01 1.586433196047800087e-01
1.564299350395347288e-01 1.564780110087753695e-01
1.567178423657980546e-01 1.572015137806719309e-01
1.571166769981297284e-01 1.573648227334026872e-01
1.575438128330330367e-01 1.582040814181340793e-01
1.578046991306452096e-01 1.618545869436505968e-01
1.580799694298139768e-01 1.596104996788375863e-01
1.585058805909068669e-01 1.712505236645240625e-01
1.588850113282257726e-01 1.593511248414994363e-01
1.589402821601593185e-01 1.677666307391997569e-01
1.589748234200776544e-01 1.590693838116359893e-01
1.590954918710225652e-01 1.591273986083859282e-01
1.592108667216859119e-01 1.651878070458766001e-01
1.592417057664220759e-01 1.594659150193304675e-01
1.593910291783716682e-01 1.602821191044727367e-01
1.594536228283058577e-01 1.620186601321605691e-01
1.597631668107333813e-01 1.598299278050548389e-01
1.598115164662764487e-01 1.655178288181378132e-01
1.599623622296386660e-01 1.603454397914913510e-01
1.603761221616168131e-01 1.616400585203232043e-01
1.604508974958883394e-01 1.604921043900817690e-01
1.605045706679315842e-01 1.617998022179958084e-01
1.605098661750345435e-01 1.735660876126862429e-01
1.606051808100294465e-01 1.636013739642347420e-01
1.606118270171448537e-01 1.610303609107678613e-01
1.607792959065976746e-01 1.655930484334141584e-01
1.608283382366887393e-01 1.609536237299415973e-01
1.610098033659079497e-01 1.611132788679605077e-01
1.612166384287222476e-01 1.613136375070649831e-01
1.613571963359861916e-01 1.625130157413614551e-01
1.613983876252066685e-01 1.620918749112150170e-01
1.614939868732345185e-01 1.616609656039749154e-01
1.619190198440564055e-01 1.619197028307205188e-01
1.619235526082807575e-01 1.619336556058018350e-01
1.620424476950538817e-01 1.628390469353336589e-01
1.620981688215965832e-01 1.655172890022180709e-01
1.624171646472715724e-01 1.662768458927010307e-01
1.626319664405938281e-01 1.630706687675358979e-01
1.628148368852002648e-01 1.637753647535984958e-01
1.629371924120018023e-01 1.629397615674162969e-01
1.629599030934564541e-01 1.635759125424851856e-01
1.631066620196546246e-01 1.631083766700044402e-01
1.633412652029496703e-01 1.633589698559081982e-01
1.635524230398441858e-01 1.680196479865063985e-01
1.637867284989512062e-01 1.639275464929651482e-01
1.640269854175308850e-01 1.675229036033430430e-01
1.641718812095830926e-01 1.642185281381650930e-01
1.642820899309985483e-01 1.647229233663136672e-01
1.642971532373594112e-01 1.647703255411701595e-01
1.643261224264684628e-01 1.645425048752248154e-01
1.644332518863131087e-01 1.659202040142833123e-01
1.645014387196556960e-01 1.646804612210273633e-01
1.647966015358244274e-01 1.650568028315504143e-01
1.648174055658616077e-01 1.661291247110862068e-01
1.648699069209801082e-01 1.667615273728166037e-01
1.648793124793139497e-01 1.652058647560479265e-01
1.650039819600594704e-01 1.652334613142660280e-01
1.654778599522653271e-01 1.657573588232293671e-01
1.655911700421757449e-01 1.656591139647923816e-01
1.656721057050382362e-01 2.278077548660781826e-01
1.660210687189841161e-01 1.661306421564663627e-01
1.661134294222629815e-01 1.664633296550789565e-01
1.662897991442238432e-01 1.663265146293224639e-01
1.664418665170606104e-01 1.664530925698373964e-01
1.665488704091404593e-01 1.665831841111134193e-01
1.667051913424611176e-01 1.670325210481850564e-01
1.667193456533022367e-01 1.667194549529576186e-01
1.668525555820658535e-01 1.673184328709298452e-01
1.671783868995762590e-01 1.672111082425591921e-01
1.672182336970756966e-01 1.675456803185096100e-01
1.673607474655411653e-01 1.690095593762651338e-01
1.675757384920321669e-01 1.725550767862112367e-01
1.675980351886053876e-01 1.717911632177424874e-01
1.677752927812769246e-01 1.679554326511618068e-01
1.678983633128181829e-01 1.739656636423232150e-01
1.679384080478592278e-01 1.680321482181272308e-01
1.687505935878639840e-01 1.689953525295411207e-01
1.689793526413821412e-01 1.703500979455068731e-01
1.693683344807697666e-01 1.693988422665881621e-01
1.695722791763961679e-01 1.704257803008348560e-01
1.709694231773128958e-01 2.206497959688925592e-01
1.719638430521314154e-01 1.838559181414861909e-01
1.723325185049593422e-01 1.740965250749505477e-01
1.723518805229710404e-01 1.725950854480088614e-01
1.725595730135265071e-01 1.727127263921723610e-01
1.725926003074843562e-01 1.738873596019662460e-01
1.730315167579163094e-01 1.772637880814808276e-01
1.731959108168214523e-01 1.734252898156373734e-01
1.732400391884761637e-01 1.733348678758174777e-01
1.736614028323670844e-01 1.736739292812728985e-01
1.738210366802255269e-01 1.741273245551879789e-01
1.738884625594533939e-01 1.739385609715711212e-01
1.739228216570366248e-01 1.740640425109990785e-01
1.740638808227325252e-01 1.745261997108000229e-01
1.741814923494599820e-01 1.744786862025515251e-01
1.741820700115324916e-01 1.827778817092703123e-01
1.744423260000842468e-01 1.745361927414228187e-01
1.747485345961516112e-01 1.793275409346982707e-01
1.753074003094700350e-01 1.827347886963661405e-01
1.753387106571304421e-01 1.755483876966034695e-01
1.754054594914902510e-01 1.779876743893628044e-01
1.764563299611167091e-01 1.779725685226831722e-01
1.769396940459512235e-01 1.770085426942183682e-01
1.769441378070100712e-01 1.769484383543342143e-01
1.772253220190601886e-01 1.772427186828224865e-01
1.775087827986558675e-01 2.048552884229275228e-01
1.786337329644067939e-01 1.787974393156675779e-01
1.788345116326669204e-01 1.811898468888169245e-01
1.788362436777398978e-01 1.789258131543874364e-01
1.788900173309450892e-01 1.817792264143511527e-01
1.790669262890648428e-01 1.794499205488280791e-01
1.797419158486428803e-01 1.802940598656444515e-01
1.804328813155852695e-01 1.816288226118620841e-01
1.805902916540861602e-01 1.839003801017076722e-01
1.816794650082246554e-01 1.862942824018000432e-01
1.817701164476764608e-01 1.820468281532392762e-01
1.819233755186120127e-01 1.820293110465545927e-01
1.819241645916545580e-01 1.859586856894178131e-01
1.820225260578013926e-01 1.867493921504588261e-01
1.827618612575590828e-01 1.828223247374013982e-01
1.839558451359077640e-01 1.839815006337395809e-01
1.855009430489235889e-01 1.858080836098192634e-01
1.858590535511722153e-01 1.891049283180318008e-01
1.859270798385498913e-01 1.865367296416006460e-01
1.868237679410746088e-01 1.871831908586909787e-01
1.898867628892178805e-01 1.900084574040384611e-01
1.900118378849649237e-01 2.143347551032111498e-01
1.918134823143133882e-01 1.927128688567060488e-01
1.937482511877145208e-01 2.058806093255503011e-01
1.956449032233172625e-01 1.964694038767027806e-01
2.010084557641563241e-01 2.017752670544052662e-01
2.011798855595327840e-01 2.014165405532407638e-01
2.014260712837121492e-01 2.026080356795175175e-01
2.022000638032817599e-01 2.044016378367940479e-01
2.022028438938146266e-01 2.022033418295764440e-01
2.023173015016878074e-01 2.023211578706724800e-01
2.029167843321415809e-01 2.220053299412890757e-01
2.056360688083739563e-01 2.165828216443493048e-01
2.057302492544176575e-01 2.065156540011030273e-01
2.069131449293622749e-01 2.069500759554849245e-01
2.072581025325269666e-01 2.075743129152996802e-01
2.074847756387369069e-01 2.076049473074751961e-01
2.083849871646535346e-01 2.121175990700988334e-01
2.084362592257597846e-01 2.091543109920577792e-01
2.111285421903625614e-01 2.117570043264979385e-01
2.115465122053745428e-01 2.116412715896419106e-01
2.116646434935437471e-01 2.161632339561553318e-01
2.122683049751209472e-01 2.129049776150081785e-01
2.140009391975290498e-01 2.157510218651220446e-01
2.147075737265486117e-01 2.154851370200414062e-01
2.153371563973844049e-01 2.153495766045994964e-01
2.153378043876618964e-01 2.153435503492383829e-01
2.191425273219740066e-01 2.192303479895606477e-01
2.232712253754637610e-01 2.371294795265505018e-01
2.275034198691703036e-01 2.275053153357528835e-01
