0.000000000000000000e+00 6.942717238097027843e-02
0.000000000000000000e+00 7.873028385961002018e-02
0.000000000000000000e+00 6.639506651194040932e-02
0.000000000000000000e+00 6.016862351911079348e-02
0.000000000000000000e+00 9.222744085906134370e-02
0.000000000000000000e+00 6.837218510366012414e-02
0.000000000000000000e+00 8.244631705087626661e-02
0.000000000000000000e+00 8.177391073162873503e-02
0.000000000000000000e+00 7.366662202938577264e-02
0.000000000000000000e+00 6.151432086175492864e-02
0.000000000000000000e+00 8.175435493243006502e-02
0.000000000000000000e+00 7.097409730922214777e-02
0.000000000000000000e+00 8.473578278903917682e-02
0.000000000000000000e+00 7.251230905596373066e-02
0.000000000000000000e+00 7.874389374249227136e-02
0.000000000000000000e+00 7.654100141798876600e-02
0.000000000000000000e+00 5.545461494809614950e-02
0.000000000000000000e+00 6.895475379208000632e-02
0.000000000000000000e+00 8.465378189129818542e-02
0.000000000000000000e+00 7.032411870860354186e-02
0.000000000000000000e+00 7.561251966344184616e-02
0.000000000000000000e+00 7.351819368083992168e-02
0.000000000000000000e+00 6.904312514790671151e-02
0.000000000000000000e+00 4.848892546660615172e-02
0.000000000000000000e+00 5.924087941078523545e-02
0.000000000000000000e+00 6.280674806282647571e-02
0.000000000000000000e+00 3.848977268536652591e-02
0.000000000000000000e+00 5.945874408790162435e-02
0.000000000000000000e+00 7.966824649785320123e-02
0.000000000000000000e+00 8.101486683626049623e-02
0.000000000000000000e+00 7.526015169630284607e-02
0.000000000000000000e+00 8.635236956260629315e-02
0.000000000000000000e+00 7.292867820399125123e-02
0.000000000000000000e+00 6.177275334735450596e-02
0.000000000000000000e+00 6.670007465448384021e-02
0.000000000000000000e+00 4.648657791238413467e-02
0.000000000000000000e+00 8.117755740477036741e-02
0.000000000000000000e+00 5.324475166352016925e-02
0.000000000000000000e+00 6.451421678341259791e-02
0.000000000000000000e+00 6.366054870362769513e-02
0.000000000000000000e+00 5.600140232336762308e-02
0.000000000000000000e+00 5.480946484222085774e-02
0.000000000000000000e+00 7.472513646163339573e-02
0.000000000000000000e+00 3.700668204880693674e-02
0.000000000000000000e+00 7.209354490243091718e-02
0.000000000000000000e+00 6.398853257956502172e-02
0.000000000000000000e+00 4.805863832894134019e-02
0.000000000000000000e+00 5.497903648134951776e-02
0.000000000000000000e+00 5.298618907435471981e-02
0.000000000000000000e+00 8.089789016241569208e-02
0.000000000000000000e+00 5.846577046749126122e-02
0.000000000000000000e+00 6.028211272563693129e-02
0.000000000000000000e+00 7.575774285426516153e-02
0.000000000000000000e+00 6.150561993948405748e-02
0.000000000000000000e+00 5.013155090426796995e-02
0.000000000000000000e+00 3.880319688047369903e-02
0.000000000000000000e+00 7.274244055753990856e-02
0.000000000000000000e+00 6.509263566923331745e-02
0.000000000000000000e+00 5.985589695346957978e-02
0.000000000000000000e+00 8.556136749802545349e-02
0.000000000000000000e+00 6.997139964030404946e-02
0.000000000000000000e+00 4.649506431904062986e-02
0.000000000000000000e+00 7.291646492272280122e-02
0.000000000000000000e+00 1.207015649243686206e-01
0.000000000000000000e+00 6.029713056422043860e-02
0.000000000000000000e+00 7.451405690114776270e-02
0.000000000000000000e+00 5.858126794597953713e-02
0.000000000000000000e+00 5.701664288456684965e-02
0.000000000000000000e+00 3.592570686709245509e-02
0.000000000000000000e+00 4.239048990790351967e-02
0.000000000000000000e+00 8.581964025747496061e-02
0.000000000000000000e+00 6.479467405015468251e-02
0.000000000000000000e+00 3.877418775943943657e-02
0.000000000000000000e+00 7.068072234933911457e-02
0.000000000000000000e+00 7.136078146245858345e-02
0.000000000000000000e+00 7.708037961219860179e-02
0.000000000000000000e+00 7.569350652112885602e-02
0.000000000000000000e+00 6.209667126367587192e-02
0.000000000000000000e+00 6.006939551335489097e-02
0.000000000000000000e+00 5.531801433841624510e-02
0.000000000000000000e+00 5.831836634598184382e-02
0.000000000000000000e+00 7.535576737870383623e-02
0.000000000000000000e+00 5.043366173619087678e-02
0.000000000000000000e+00 6.813686984167453831e-02
0.000000000000000000e+00 6.982202961156279419e-02
0.000000000000000000e+00 5.838753145764660757e-02
0.000000000000000000e+00 5.334338833917177947e-02
0.000000000000000000e+00 6.232448749445470421e-02
0.000000000000000000e+00 8.944516476572486607e-02
0.000000000000000000e+00 6.621767185193301597e-02
0.000000000000000000e+00 4.739663961808901482e-02
0.000000000000000000e+00 5.425488880092539656e-02
0.000000000000000000e+00 6.844557119162124337e-02
0.000000000000000000e+00 6.519479586357666834e-02
0.000000000000000000e+00 5.902358861067814183e-02
0.000000000000000000e+00 6.275728078621266304e-02
0.000000000000000000e+00 5.013337492420012059e-02
0.000000000000000000e+00 5.391999725244018410e-02
0.000000000000000000e+00 4.554216035675561630e-02
0.000000000000000000e+00 6.402688256371456832e-02
0.000000000000000000e+00 6.216103519716529441e-02
0.000000000000000000e+00 5.762103903717024495e-02
0.000000000000000000e+00 5.849637100014409147e-02
0.000000000000000000e+00 6.774750729748696410e-02
0.000000000000000000e+00 3.891869165730612451e-02
0.000000000000000000e+00 8.022632971204364527e-02
0.000000000000000000e+00 3.152848704305506733e-02
0.000000000000000000e+00 5.488276498117181795e-02
0.000000000000000000e+00 3.288684293988086704e-02
0.000000000000000000e+00 6.124916585526142543e-02
0.000000000000000000e+00 5.518887803592033986e-02
0.000000000000000000e+00 6.575913278022044173e-02
0.000000000000000000e+00 7.014162163947938733e-02
0.000000000000000000e+00 5.818816064212435635e-02
0.000000000000000000e+00 3.016918049679452596e-02
0.000000000000000000e+00 6.791549875237264111e-02
0.000000000000000000e+00 6.482079533214343825e-02
0.000000000000000000e+00 5.310931336569488931e-02
0.000000000000000000e+00 5.496899205727011350e-02
0.000000000000000000e+00 6.510994611498917284e-02
0.000000000000000000e+00 5.818375229824006289e-02
0.000000000000000000e+00 5.762158543572529212e-02
0.000000000000000000e+00 6.080101651341745378e-02
0.000000000000000000e+00 8.385111984058714329e-02
0.000000000000000000e+00 5.682487922662796814e-02
0.000000000000000000e+00 4.369853279753743713e-02
0.000000000000000000e+00 8.706814913262383993e-02
0.000000000000000000e+00 8.868983588208644020e-02
0.000000000000000000e+00 5.565537011617509994e-02
0.000000000000000000e+00 7.525260746137825418e-02
0.000000000000000000e+00 5.825538389430969660e-02
0.000000000000000000e+00 6.051272889545614153e-02
0.000000000000000000e+00 6.120809974265908893e-02
0.000000000000000000e+00 6.028056307677938375e-02
0.000000000000000000e+00 4.351520781180265307e-02
0.000000000000000000e+00 7.531849204585241986e-02
0.000000000000000000e+00 4.566665473610358877e-02
0.000000000000000000e+00 2.903196242148615644e-02
0.000000000000000000e+00 7.166160234430124509e-02
0.000000000000000000e+00 6.741073939473127274e-02
0.000000000000000000e+00 6.561632147087838318e-02
0.000000000000000000e+00 7.354431849950399114e-02
0.000000000000000000e+00 3.742257802502903935e-02
0.000000000000000000e+00 5.252786414378301377e-02
0.000000000000000000e+00 6.588954676181527081e-02
0.000000000000000000e+00 7.049986259152933588e-02
0.000000000000000000e+00 4.869973713149533534e-02
0.000000000000000000e+00 5.544715633748039524e-02
0.000000000000000000e+00 5.507626300886785814e-02
0.000000000000000000e+00 5.472717411259903769e-02
0.000000000000000000e+00 4.869692170246312651e-02
0.000000000000000000e+00 8.076368356673176152e-02
0.000000000000000000e+00 6.001479905867853487e-02
0.000000000000000000e+00 5.878750739631137534e-02
0.000000000000000000e+00 3.779347698858135512e-02
0.000000000000000000e+00 5.660937927836342393e-02
0.000000000000000000e+00 7.260914160730187750e-02
0.000000000000000000e+00 8.164041957305111230e-02
0.000000000000000000e+00 2.844575037649510821e-02
0.000000000000000000e+00 5.234578356500028951e-02
0.000000000000000000e+00 6.376285896493810723e-02
0.000000000000000000e+00 6.340500367273224636e-02
0.000000000000000000e+00 5.564596196856030907e-02
0.000000000000000000e+00 7.164172030395066226e-02
0.000000000000000000e+00 5.867070411677274139e-02
0.000000000000000000e+00 1.212923985972468553e-02
0.000000000000000000e+00 6.633955997788211489e-02
0.000000000000000000e+00 6.934163768176269949e-02
0.000000000000000000e+00 5.541762778053056088e-02
0.000000000000000000e+00 6.173503159193370615e-02
0.000000000000000000e+00 5.290148930793203697e-02
0.000000000000000000e+00 2.861787879822632122e-02
0.000000000000000000e+00 2.947803385226867301e-02
0.000000000000000000e+00 5.691238123873165050e-02
0.000000000000000000e+00 8.858580729787217389e-02
0.000000000000000000e+00 5.135337134310480334e-02
0.000000000000000000e+00 4.921202506937689264e-02
0.000000000000000000e+00 3.622780025937692022e-02
0.000000000000000000e+00 3.590714918913141124e-02
0.000000000000000000e+00 5.024915369188230618e-02
0.000000000000000000e+00 9.720420810178413695e-02
0.000000000000000000e+00 6.057590520462849404e-02
0.000000000000000000e+00 4.778461606702266024e-02
0.000000000000000000e+00 7.902527130928342636e-02
0.000000000000000000e+00 3.702440843521614955e-02
0.000000000000000000e+00 3.843831116647153379e-02
0.000000000000000000e+00 4.323150995728453072e-02
0.000000000000000000e+00 6.637243320700839111e-02
0.000000000000000000e+00 3.789536557312581100e-02
0.000000000000000000e+00 5.807479399783928992e-02
0.000000000000000000e+00 5.270687925795739665e-02
0.000000000000000000e+00 8.678823519796380337e-02
0.000000000000000000e+00 2.552375215213712259e-02
0.000000000000000000e+00 4.463989307292765690e-02
0.000000000000000000e+00 7.037164760035150013e-02
0.000000000000000000e+00 8.299856505509349558e-02
0.000000000000000000e+00 5.334521679533948957e-02
0.000000000000000000e+00 3.583552326488954887e-02
0.000000000000000000e+00 3.485079586275643265e-02
0.000000000000000000e+00 7.657622918821017921e-02
0.000000000000000000e+00 5.073293845704807820e-02
0.000000000000000000e+00 7.319547947341227545e-02
0.000000000000000000e+00 6.343114775138829209e-02
0.000000000000000000e+00 4.081204893393541866e-02
0.000000000000000000e+00 6.369614085245670076e-02
0.000000000000000000e+00 7.593862132751061367e-02
0.000000000000000000e+00 1.026722075089532421e-01
0.000000000000000000e+00 3.598992152358869434e-02
0.000000000000000000e+00 4.312804578366912639e-02
0.000000000000000000e+00 4.569438959788967719e-02
0.000000000000000000e+00 5.263788612819130658e-02
0.000000000000000000e+00 5.227448662853228373e-02
0.000000000000000000e+00 5.721002460005859824e-02
0.000000000000000000e+00 1.548369375814684541e-02
0.000000000000000000e+00 1.692955482470851619e-02
0.000000000000000000e+00 6.297151810635795433e-02
0.000000000000000000e+00 8.656125883224460860e-02
0.000000000000000000e+00 4.497224221700406310e-02
0.000000000000000000e+00 5.408449971931644090e-02
0.000000000000000000e+00 2.014606872529044884e-02
0.000000000000000000e+00 6.610546726879645840e-02
0.000000000000000000e+00 4.722391134098188892e-02
0.000000000000000000e+00 3.446033531562552737e-02
0.000000000000000000e+00 6.625078498762658474e-02
0.000000000000000000e+00 2.531195286938322381e-02
0.000000000000000000e+00 4.936596064371544246e-02
0.000000000000000000e+00 6.111563725913448514e-02
0.000000000000000000e+00 4.948168097143542526e-02
0.000000000000000000e+00 4.062855114518045679e-02
0.000000000000000000e+00 4.261184296242611497e-02
0.000000000000000000e+00 1.818465804163032357e-02
0.000000000000000000e+00 5.385824104961680486e-02
0.000000000000000000e+00 8.601423668566915426e-02
0.000000000000000000e+00 6.389819185816617009e-02
0.000000000000000000e+00 3.481312978528874891e-02
0.000000000000000000e+00 2.255380627991242573e-02
0.000000000000000000e+00 6.330011446851388501e-02
0.000000000000000000e+00 2.493514391764740587e-02
0.000000000000000000e+00 7.040793803556237573e-02
0.000000000000000000e+00 4.147550108020353621e-02
0.000000000000000000e+00 5.663335226559027685e-02
0.000000000000000000e+00 8.733532598878979147e-02
0.000000000000000000e+00 5.157114046996894019e-02
0.000000000000000000e+00 4.276721811000395307e-02
0.000000000000000000e+00 6.300598102037638371e-02
0.000000000000000000e+00 1.312044138316395721e-02
0.000000000000000000e+00 7.597072501697249569e-02
0.000000000000000000e+00 6.162517514592490142e-02
0.000000000000000000e+00 5.152133423544733720e-02
0.000000000000000000e+00 5.849220033298739574e-02
0.000000000000000000e+00 5.953566001090180443e-02
0.000000000000000000e+00 2.073195222366418927e-02
0.000000000000000000e+00 4.832069154301903841e-02
0.000000000000000000e+00 3.746750123166536078e-02
0.000000000000000000e+00 6.206431520121600404e-02
0.000000000000000000e+00 4.104744692221064944e-02
0.000000000000000000e+00 1.044253912574630294e-01
0.000000000000000000e+00 5.456200274554295210e-02
0.000000000000000000e+00 7.828786025998919762e-02
0.000000000000000000e+00 7.551923289589217159e-02
0.000000000000000000e+00 2.446074888332942787e-02
0.000000000000000000e+00 4.856226778034806318e-02
0.000000000000000000e+00 6.900972284108067289e-02
0.000000000000000000e+00 6.013103436493105053e-02
0.000000000000000000e+00 5.677449046797079790e-02
0.000000000000000000e+00 6.421865328405830520e-02
0.000000000000000000e+00 3.718913894887071470e-02
0.000000000000000000e+00 7.133766499793608995e-02
0.000000000000000000e+00 4.025567129694656437e-02
0.000000000000000000e+00 3.864803833982263792e-02
0.000000000000000000e+00 4.602613308029483014e-02
0.000000000000000000e+00 6.832418984616359103e-02
0.000000000000000000e+00 4.760341006279426163e-02
0.000000000000000000e+00 7.351024900954743202e-02
0.000000000000000000e+00 5.317382242853633395e-02
0.000000000000000000e+00 4.228584117826356126e-02
0.000000000000000000e+00 4.123753579306279476e-02
0.000000000000000000e+00 3.362832688093266714e-02
0.000000000000000000e+00 7.265228169902827882e-02
0.000000000000000000e+00 2.481153055281395611e-02
0.000000000000000000e+00 2.214260857689996295e-02
0.000000000000000000e+00 5.837227629409039859e-02
0.000000000000000000e+00 6.643050820158045988e-02
0.000000000000000000e+00 3.527868704602195316e-02
0.000000000000000000e+00 4.657011479138780524e-02
0.000000000000000000e+00 6.454852909092163860e-02
0.000000000000000000e+00 5.908601956732896510e-02
0.000000000000000000e+00 6.084862035165804900e-02
0.000000000000000000e+00 7.290923414292103943e-02
0.000000000000000000e+00 5.635671810858395442e-02
0.000000000000000000e+00 3.383712091368960145e-02
0.000000000000000000e+00 5.428696148474556477e-02
0.000000000000000000e+00 5.416157820166941916e-02
0.000000000000000000e+00 2.540270139833908716e-02
0.000000000000000000e+00 4.102130000182121344e-02
0.000000000000000000e+00 5.488229182655265936e-02
0.000000000000000000e+00 2.003365490146332209e-02
0.000000000000000000e+00 4.766050033363724431e-02
0.000000000000000000e+00 4.814270136023202779e-02
0.000000000000000000e+00 5.307184162355117751e-02
0.000000000000000000e+00 8.875711460186803958e-02
0.000000000000000000e+00 6.018986483926917763e-02
0.000000000000000000e+00 4.507235053075798331e-02
0.000000000000000000e+00 5.471561427791284821e-02
0.000000000000000000e+00 2.880454296038845868e-02
0.000000000000000000e+00 2.642961787237955648e-02
0.000000000000000000e+00 5.438236601003462040e-02
0.000000000000000000e+00 2.927130598903499373e-02
0.000000000000000000e+00 4.916211019844483887e-02
0.000000000000000000e+00 4.387085525223732158e-02
0.000000000000000000e+00 3.367564368335581454e-02
0.000000000000000000e+00 5.268080284723015289e-02
0.000000000000000000e+00 4.483628199604468290e-02
0.000000000000000000e+00 4.074592552401061496e-02
0.000000000000000000e+00 3.099583995025886191e-02
0.000000000000000000e+00 5.838287727482814604e-02
0.000000000000000000e+00 3.261461153203715213e-02
0.000000000000000000e+00 4.590361615650616345e-02
0.000000000000000000e+00 4.932779688723036571e-02
0.000000000000000000e+00 4.677388087427958308e-02
0.000000000000000000e+00 2.656664009997452766e-02
0.000000000000000000e+00 3.061422729232176482e-02
0.000000000000000000e+00 6.859926416766386204e-02
0.000000000000000000e+00 6.329148782010408925e-02
0.000000000000000000e+00 5.761869319786386279e-02
0.000000000000000000e+00 4.573809721182595794e-02
0.000000000000000000e+00 6.447832515056775571e-02
0.000000000000000000e+00 3.040058029651184629e-02
0.000000000000000000e+00 2.683648884818892050e-02
0.000000000000000000e+00 1.422993853758166768e-02
0.000000000000000000e+00 6.469702461187731846e-02
0.000000000000000000e+00 4.182685329823897930e-02
0.000000000000000000e+00 6.907828140196316247e-02
0.000000000000000000e+00 5.329037271097205458e-02
0.000000000000000000e+00 2.456893297413069097e-02
0.000000000000000000e+00 5.082973366365637485e-02
0.000000000000000000e+00 1.872378494604079111e-02
0.000000000000000000e+00 3.792558323170594492e-02
0.000000000000000000e+00 2.491046245675957588e-02
0.000000000000000000e+00 6.745379691923671095e-02
0.000000000000000000e+00 4.506516067844499457e-02
0.000000000000000000e+00 4.515358532392165641e-02
0.000000000000000000e+00 3.133809086956255291e-02
0.000000000000000000e+00 4.026484472934569597e-02
0.000000000000000000e+00 1.884386159907460237e-02
0.000000000000000000e+00 6.494187530477361914e-02
0.000000000000000000e+00 5.551087267203189818e-02
0.000000000000000000e+00 2.872535281352712674e-02
0.000000000000000000e+00 5.145559347764757513e-02
0.000000000000000000e+00 6.315740833193816961e-02
0.000000000000000000e+00 6.278236897239654335e-02
0.000000000000000000e+00 4.378258420576834620e-02
0.000000000000000000e+00 4.599741326714899825e-02
0.000000000000000000e+00 4.633694711301661329e-02
0.000000000000000000e+00 5.258141841268068606e-02
0.000000000000000000e+00 4.737525562508235893e-02
0.000000000000000000e+00 7.194768216397191829e-02
0.000000000000000000e+00 3.982175292872350281e-02
0.000000000000000000e+00 6.528341972025708539e-02
0.000000000000000000e+00 5.687499014540726983e-02
0.000000000000000000e+00 4.654157019317983757e-02
0.000000000000000000e+00 4.043594036013706955e-02
0.000000000000000000e+00 6.854972406516512962e-02
0.000000000000000000e+00 7.808424853849195435e-02
0.000000000000000000e+00 3.944277526563180758e-02
0.000000000000000000e+00 6.955857089765271617e-02
0.000000000000000000e+00 3.662146982251796717e-02
0.000000000000000000e+00 5.364835702061659245e-02
0.000000000000000000e+00 5.822675249941796499e-02
0.000000000000000000e+00 7.258919872470173673e-02
0.000000000000000000e+00 5.630371780766570133e-02
0.000000000000000000e+00 5.218736706143484866e-02
0.000000000000000000e+00 4.564046191967194299e-02
0.000000000000000000e+00 3.134911097664096896e-02
0.000000000000000000e+00 4.678979407119184669e-02
0.000000000000000000e+00 6.960353221938518631e-02
0.000000000000000000e+00 8.934213701996365775e-02
0.000000000000000000e+00 5.221417871734145011e-02
0.000000000000000000e+00 6.898476996089204782e-02
0.000000000000000000e+00 2.767553033274386051e-02
0.000000000000000000e+00 4.492969807166486557e-02
0.000000000000000000e+00 4.553361898508113959e-02
0.000000000000000000e+00 3.195494049840796880e-02
0.000000000000000000e+00 7.213589446203751143e-02
0.000000000000000000e+00 7.714759442006474677e-02
0.000000000000000000e+00 3.610778195412632507e-02
0.000000000000000000e+00 7.554000715319528214e-02
0.000000000000000000e+00 5.541988780234607254e-02
0.000000000000000000e+00 6.305395527524351729e-02
0.000000000000000000e+00 4.790755511273486061e-02
0.000000000000000000e+00 5.057932269993326013e-02
0.000000000000000000e+00 5.014780475755095668e-02
0.000000000000000000e+00 5.781824748677558828e-02
0.000000000000000000e+00 8.240585782895031020e-02
0.000000000000000000e+00 6.186767583274119242e-02
0.000000000000000000e+00 3.867221486342013043e-02
0.000000000000000000e+00 3.897451004689168191e-02
0.000000000000000000e+00 5.722656991380505737e-02
0.000000000000000000e+00 3.351156312993429365e-02
0.000000000000000000e+00 4.753678016138700169e-02
0.000000000000000000e+00 4.222128862997797522e-02
0.000000000000000000e+00 2.031959511862642745e-02
0.000000000000000000e+00 6.707417001584843608e-02
0.000000000000000000e+00 3.283106070277665850e-02
0.000000000000000000e+00 5.335521822782324231e-02
0.000000000000000000e+00 3.096786566084406417e-02
0.000000000000000000e+00 1.008275949760954054e-01
0.000000000000000000e+00 4.171528479247951782e-02
0.000000000000000000e+00 6.011211086919664159e-02
0.000000000000000000e+00 6.404945229561416487e-02
0.000000000000000000e+00 6.938625694025597757e-02
0.000000000000000000e+00 9.413774384367655512e-02
0.000000000000000000e+00 5.954402029783942285e-02
0.000000000000000000e+00 3.778648389020027726e-02
0.000000000000000000e+00 3.674753072213289562e-02
0.000000000000000000e+00 4.195483021334625584e-02
0.000000000000000000e+00 3.476795300043931947e-02
0.000000000000000000e+00 3.845854709703429297e-02
0.000000000000000000e+00 3.823004041221669813e-02
0.000000000000000000e+00 1.763655804856320217e-02
0.000000000000000000e+00 2.693874090580701194e-02
0.000000000000000000e+00 2.972044034087070047e-02
0.000000000000000000e+00 3.467617780649378395e-02
0.000000000000000000e+00 3.831258281239707797e-02
0.000000000000000000e+00 4.451283631400953372e-02
0.000000000000000000e+00 4.101761254108696880e-02
0.000000000000000000e+00 4.883640845892468774e-02
0.000000000000000000e+00 5.137470089376212912e-02
0.000000000000000000e+00 3.112637490228618506e-02
0.000000000000000000e+00 4.128412330065815011e-02
0.000000000000000000e+00 4.883219035241279787e-02
0.000000000000000000e+00 4.321670762439099728e-02
0.000000000000000000e+00 4.533465722464712772e-02
0.000000000000000000e+00 6.668782416526040924e-02
0.000000000000000000e+00 3.877796152745912467e-02
0.000000000000000000e+00 8.294438768876009893e-02
0.000000000000000000e+00 6.132224926793004155e-02
0.000000000000000000e+00 3.716249285517736478e-02
0.000000000000000000e+00 2.876036696835675144e-02
0.000000000000000000e+00 3.402696668390165630e-02
0.000000000000000000e+00 7.504415844920313272e-02
0.000000000000000000e+00 9.081964764443709037e-02
0.000000000000000000e+00 4.096054464886662860e-02
0.000000000000000000e+00 2.189324493510760861e-02
0.000000000000000000e+00 7.833896768099916919e-02
0.000000000000000000e+00 1.125941222767622985e-01
0.000000000000000000e+00 4.717665789839016466e-02
0.000000000000000000e+00 7.495995321096200759e-02
0.000000000000000000e+00 7.263224506956271476e-02
0.000000000000000000e+00 6.958476431756313585e-02
0.000000000000000000e+00 4.637746930798745254e-02
0.000000000000000000e+00 3.128311095859646201e-02
0.000000000000000000e+00 4.050034368909080640e-02
0.000000000000000000e+00 2.046447068215196535e-02
0.000000000000000000e+00 7.565807962057165270e-02
0.000000000000000000e+00 2.504602843105195598e-02
0.000000000000000000e+00 4.625158033930699270e-02
0.000000000000000000e+00 6.513096011976360344e-02
0.000000000000000000e+00 3.868391039524160524e-02
0.000000000000000000e+00 3.580607213153164103e-02
0.000000000000000000e+00 3.000661666120591972e-02
0.000000000000000000e+00 8.961522698176523083e-02
0.000000000000000000e+00 1.329562436454585078e-02
0.000000000000000000e+00 4.883263235115421069e-02
0.000000000000000000e+00 3.198834334985272559e-02
0.000000000000000000e+00 5.882889525676642667e-02
0.000000000000000000e+00 2.885765445315479835e-02
0.000000000000000000e+00 3.661867370789476800e-02
0.000000000000000000e+00 1.973053722061701015e-02
0.000000000000000000e+00 6.467849177011113226e-02
0.000000000000000000e+00 4.667469960259740952e-02
0.000000000000000000e+00 5.519041597002577459e-02
0.000000000000000000e+00 8.549495686497747549e-02
0.000000000000000000e+00 1.220945179101521998e-02
0.000000000000000000e+00 4.396061081024384143e-02
0.000000000000000000e+00 7.981296569040909061e-02
0.000000000000000000e+00 2.392416924383502022e-02
0.000000000000000000e+00 1.961444857302546696e-02
0.000000000000000000e+00 7.643398424206114539e-02
0.000000000000000000e+00 7.154012798416672925e-02
0.000000000000000000e+00 2.624568259137930251e-02
0.000000000000000000e+00 3.699105111241434568e-02
0.000000000000000000e+00 2.775144961455004028e-02
0.000000000000000000e+00 5.859634860222872471e-02
0.000000000000000000e+00 7.871142796176933132e-02
0.000000000000000000e+00 3.979381982310446070e-02
0.000000000000000000e+00 3.227337895132131873e-02
0.000000000000000000e+00 6.114571878067767696e-02
0.000000000000000000e+00 6.008588899838879921e-02
0.000000000000000000e+00 7.721282068671221632e-02
0.000000000000000000e+00 8.113973141145916501e-02
0.000000000000000000e+00 5.969524292762704021e-02
0.000000000000000000e+00 3.706064220823607896e-02
0.000000000000000000e+00 6.308002814859375862e-02
0.000000000000000000e+00 2.807832469928510724e-02
0.000000000000000000e+00 3.846159964539924703e-02
0.000000000000000000e+00 3.811004980358098648e-02
0.000000000000000000e+00 5.900053173908643284e-02
0.000000000000000000e+00 6.821076132411822701e-02
