2.832527308140530414e-02 3.202963891600645041e-02
3.024103083569926187e-02 3.474524878321944704e-02
3.037457762094236333e-02 3.440713329555246391e-02
3.056941879877331236e-02 3.415395011193475550e-02
3.142539504521385529e-02 3.418585241286791615e-02
3.472989767032693548e-02 3.631537062561473322e-02
3.570284047552291229e-02 3.583352204740006264e-02
3.648511998982380961e-02 3.661490745554564497e-02
3.649210911362846949e-02 3.716238532838907205e-02
3.778007617801902585e-02 3.788479092848204971e-02
3.949055994783902401e-02 4.044807109060859912e-02
4.077883265400290141e-02 4.087692743448194388e-02
4.342615574281371432e-02 4.681568896298202165e-02
4.360445540567361306e-02 4.441688815934592000e-02
4.531628736440985322e-02 4.555485698357583657e-02
4.628386499638478813e-02 4.975354893068712619e-02
4.674704220589569886e-02 4.688010950574472702e-02
4.685120116789825290e-02 4.685216630338309013e-02
4.748176456119816702e-02 5.035241362906243967e-02
4.777240390379096369e-02 4.796877753119297566e-02
4.991425371022542579e-02 5.156202684535746844e-02
5.002178373653760196e-02 5.377691778091276548e-02
5.013088462004144930e-02 5.706078800721114952e-02
5.076874990028535511e-02 5.199823317450110588e-02
5.231403224213580783e-02 5.438893218916839717e-02
5.233626370419475204e-02 6.499820927762399447e-02
5.260903038333206161e-02 5.841690224749410132e-02
5.267353048372640928e-02 5.638787937210976153e-02
5.268423854770926118e-02 5.539041920934480862e-02
5.297628286869722480e-02 5.701736832739086325e-02
5.307955285005094143e-02 5.346362476255216156e-02
5.373481627640663838e-02 5.388875516721197689e-02
5.388098349594802605e-02 5.440677571667657669e-02
5.465081690294457811e-02 5.747256355974957043e-02
5.470486426245077527e-02 6.006849825188440711e-02
5.518871894998476219e-02 5.732982725466802959e-02
5.538934626637469216e-02 5.990125003230765965e-02
5.578727150532962475e-02 5.673954062820069089e-02
5.589864120321686586e-02 5.613742092932502009e-02
5.596236483443476489e-02 5.596506309563448883e-02
5.601927166939638797e-02 5.904279800774985681e-02
5.617165981740047248e-02 5.800845562517919357e-02
5.628772955567412639e-02 6.561420108591908829e-02
5.637950650642682693e-02 6.189388932909208746e-02
5.638116322120479557e-02 5.694366846888582884e-02
5.684097150698785156e-02 5.732893464481479684e-02
5.685030727932980504e-02 5.735404653820293935e-02
5.694189855596886590e-02 6.686728530387288372e-02
5.704493830147114308e-02 5.913004658963829513e-02
5.712853675541994941e-02 6.230397370547122171e-02
5.713165757183388815e-02 6.395052913040891185e-02
5.713494747358715403e-02 6.739790766057496274e-02
5.713786625874912872e-02 6.029262244904803891e-02
5.724797712350078449e-02 5.792719923484550282e-02
5.805811558994865285e-02 5.810807860259568219e-02
5.835072996151241531e-02 5.862687294493753448e-02
5.893439988111433964e-02 5.925460630197151857e-02
5.967792608889454370e-02 6.524349257897286980e-02
5.973912902780893069e-02 6.243309573134519369e-02
5.993519074477196562e-02 6.036652318662530381e-02
6.020589995823858592e-02 6.128097346412152147e-02
6.026208367357203943e-02 6.369357322232799268e-02
6.033117043861330187e-02 6.102597233086164141e-02
6.077728731264254308e-02 6.389837916146759444e-02
6.085086127454644722e-02 6.407141228459400928e-02
6.092672687273884002e-02 6.377774509140356207e-02
6.113916247460397801e-02 6.229372796176187166e-02
6.115746702835807291e-02 6.129718277090053652e-02
6.126322353304133189e-02 7.043033666772405277e-02
6.155588685887903450e-02 6.169607509922551969e-02
6.157806578837896061e-02 6.532130863008384081e-02
6.183858584409158282e-02 6.184700479001990769e-02
6.193200191142229222e-02 6.193536962035595117e-02
6.204657575343329456e-02 6.902847080899460197e-02
6.246106027838319030e-02 7.197124964905327049e-02
6.248895981270628786e-02 6.914879946425797619e-02
6.250344057171634826e-02 6.520590350394972479e-02
6.269368006119073466e-02 6.325671256965101352e-02
6.286439693585456345e-02 6.323844362230854332e-02
6.340804050107547163e-02 6.349055727053257159e-02
6.350194312292771481e-02 6.394530508452149486e-02
6.363282130144336246e-02 6.958278519222069192e-02
6.374460267719929407e-02 6.490304664829603387e-02
6.386321723867596778e-02 6.981766674011369300e-02
6.389404072677441759e-02 6.394715022000173332e-02
6.411319854380735650e-02 6.616852018330955654e-02
6.420965571224564183e-02 6.423232852103795409e-02
6.439847939008983002e-02 6.765582607228770584e-02
6.454574464447403181e-02 6.454665930148413555e-02
6.464508854446981978e-02 7.078204875320617817e-02
6.470509853716613358e-02 6.827840225679919495e-02
6.473305440961936441e-02 7.999269035830258723e-02
6.491653593129190214e-02 7.065479680151084962e-02
6.505097119800938577e-02 6.749270081775600449e-02
6.524704745348619550e-02 6.569137105480793437e-02
6.528214477973513785e-02 6.789823663487366823e-02
6.553382696788337403e-02 1.042986833650067641e-01
6.553527066571164517e-02 8.000314527116564323e-02
6.565002604453010204e-02 6.565488355168495882e-02
6.595412126672793585e-02 6.601387675363772078e-02
6.598509893741021093e-02 6.602782875040592858e-02
6.600954757293658881e-02 9.355011572524464525e-02
6.619260481710619037e-02 6.969042094672374399e-02
6.626605737838718591e-02 7.114868459983315907e-02
6.636496848342923749e-02 6.802878691575957315e-02
6.644882550103332897e-02 7.202217705912268564e-02
6.657282930222976902e-02 9.284737465521226973e-02
6.668983002473662103e-02 7.694953172351007287e-02
6.675383690383872304e-02 6.675402037573126279e-02
6.688549705363651399e-02 6.763731648944987240e-02
6.694372491351049947e-02 6.767664990237462486e-02
6.705121028312424625e-02 6.825829273802243302e-02
6.714311242878223673e-02 7.700272789172489529e-02
6.723301591510667807e-02 7.587934842635220278e-02
6.753526387000989561e-02 1.346597106507808617e-01
6.781384432688553066e-02 6.946021363598516019e-02
6.790429619525677196e-02 7.105745440595662155e-02
6.796996314775442805e-02 6.813018559370337401e-02
6.829459741528269567e-02 6.833764360302839458e-02
6.847015013988670684e-02 7.410172778581906872e-02
6.853840491116514055e-02 8.008423066240738519e-02
6.865746572618525168e-02 6.886317545228809456e-02
6.878404151653942644e-02 6.980709848982581678e-02
6.918072556890954294e-02 8.113530911426793113e-02
6.928554513025207695e-02 8.168137682589179938e-02
6.958787044376846254e-02 9.314392481269345714e-02
6.962896459446099584e-02 1.003870687448780025e-01
6.963635407716016468e-02 6.968431117122228513e-02
6.965218972317310797e-02 7.274090652263523471e-02
6.977726755826903215e-02 7.000692520597973090e-02
6.982025000711748752e-02 6.985745573977897305e-02
6.984570447749550992e-02 7.585314799885753412e-02
6.992118718969282665e-02 8.795083712902203310e-02
6.996161681493605344e-02 7.519555417262752117e-02
7.005272549056429376e-02 7.235797882339116416e-02
7.005368939632045100e-02 7.145849961899944369e-02
7.008705740117801564e-02 7.329168077739946219e-02
7.035646636062997672e-02 7.110436843845886756e-02
7.046504481643028894e-02 7.127139240128585462e-02
7.057314273549192274e-02 7.194852547117683295e-02
7.058844442568117106e-02 7.971411979012249516e-02
7.064596538496463463e-02 8.587271740359128658e-02
7.065590293886693518e-02 7.074090919981962378e-02
7.093264982704738930e-02 7.108219828199717483e-02
7.119285671652336722e-02 7.769943150816710498e-02
7.123870991265041086e-02 7.151895667954688562e-02
7.123988941649515849e-02 7.336278296550358125e-02
7.157696230590282482e-02 7.387184665853480103e-02
7.176589847670979128e-02 9.851845534169458019e-02
7.176767898151079073e-02 7.315515377606765512e-02
7.184694378610756438e-02 9.877726824678831341e-02
7.214103688707394768e-02 7.300976030521852400e-02
7.255536437692589047e-02 7.506150315905020520e-02
7.262231860783036064e-02 7.262961409633124366e-02
7.266923724572710297e-02 7.408578407065942451e-02
7.271668647772190630e-02 7.339539406611889083e-02
7.271682735921883300e-02 8.251821570154126151e-02
7.343076260441272485e-02 1.184310024062663058e-01
7.352678336624196564e-02 7.367676010473682424e-02
7.366292484180247957e-02 9.091577835273360886e-02
7.370697674211980355e-02 7.740492739922559540e-02
7.375480155568389651e-02 8.985438929932801355e-02
7.379810382417588410e-02 7.450018766751231869e-02
7.391880295641284349e-02 8.607768520926843692e-02
7.415144070785106845e-02 8.011174305587549782e-02
7.415769709816091848e-02 7.422823861990965333e-02
7.420698411796827765e-02 7.566111006292040864e-02
7.423686757870245900e-02 7.836847971229982113e-02
7.429040496358486900e-02 7.799619698074536367e-02
7.434404059585780766e-02 8.102114745511339311e-02
7.447239981712079626e-02 7.767636286827084291e-02
7.457127735277781222e-02 7.617408585555755784e-02
7.460052449062458402e-02 8.952898507815254536e-02
7.462879963042588771e-02 7.532399445199865207e-02
7.468931344549462059e-02 7.626272311512190261e-02
7.469532410327217598e-02 7.982054256228818256e-02
7.470203516182669090e-02 8.378579256949993115e-02
7.470508420959325047e-02 8.156540322552612021e-02
7.471967200371297524e-02 8.513160076961480416e-02
7.502833338778859551e-02 7.536476181614515379e-02
7.512776490140295194e-02 7.618538236072355807e-02
7.514115751091737794e-02 7.994814881173518961e-02
7.529680385377386653e-02 7.729878710196534664e-02
7.529813207550170584e-02 7.541180339890432571e-02
7.535237210675124753e-02 9.137497695222972227e-02
7.541149577182623687e-02 7.552305881444089375e-02
7.548456232286522571e-02 7.714306582440207116e-02
7.561648211960399213e-02 7.711255163105781851e-02
7.567105002873782127e-02 7.581257859363067786e-02
7.586519000053280892e-02 7.627834521636210618e-02
7.589815125711496524e-02 7.626359515195933747e-02
7.596419749586258430e-02 7.911746530258845223e-02
7.608194446852925563e-02 8.014973234818610626e-02
7.611201580939098987e-02 7.611294575426491571e-02
7.620032352589374558e-02 8.134388677068450646e-02
7.623387612607582242e-02 8.198991573818621703e-02
7.642303922139682959e-02 8.315632927064063595e-02
7.642459196304542124e-02 8.507202201088774618e-02
7.643658283557701327e-02 8.221251430542321492e-02
7.645395530305292009e-02 8.272455256060347317e-02
7.649167309755020017e-02 1.040483055528165363e-01
7.649634336603090834e-02 7.652794337649840295e-02
7.683197514517778326e-02 7.691245569919923086e-02
7.691030271687687714e-02 7.861384568126969508e-02
7.697052357455186344e-02 8.227936376886994807e-02
7.715653086500184887e-02 8.025880465532826691e-02
7.721001004794915412e-02 1.250282789135574446e-01
7.730475904255371122e-02 7.986045480770551097e-02
7.730546819513232915e-02 7.770781265822535033e-02
7.733981886617663504e-02 8.719137947056868065e-02
7.736598749161607835e-02 7.756755637190665409e-02
7.739434168820513715e-02 8.624492915897075118e-02
7.744734697201532958e-02 7.790070181552437301e-02
7.755381659613699852e-02 9.971725041709579573e-02
7.756466480970927724e-02 8.145122422556000386e-02
7.760924962323496878e-02 1.185470122660217812e-01
7.764028028440499163e-02 7.814689040883428250e-02
7.769334551132651978e-02 7.847462444783431801e-02
7.774297190949422398e-02 8.432591562116749373e-02
7.775352258674766981e-02 7.804796998650451179e-02
7.777323724864686205e-02 7.904517119165950512e-02
7.780253614779453208e-02 7.801709940038611957e-02
7.780559337639796069e-02 8.972125709457259846e-02
7.787212513410665671e-02 8.075518626647459897e-02
7.792762136947672946e-02 1.555560261523524779e-01
7.794327217281475650e-02 8.177641505142264899e-02
7.795351120629198660e-02 7.840038498952237034e-02
7.798409190253330348e-02 9.397934869115291689e-02
7.799378525280581398e-02 8.562900905330879386e-02
7.803826987453069131e-02 1.515255934393252013e-01
7.806211353020650612e-02 1.173761391855936559e-01
7.814438497993977939e-02 8.187121674995288811e-02
7.820922717253403489e-02 7.887573826735433391e-02
7.823927798909244280e-02 7.955566341147085607e-02
7.838962386363756973e-02 1.444289310462937292e-01
7.840327071239516776e-02 7.844149036930016250e-02
7.840520510653202491e-02 8.089814354767779769e-02
7.845542734766441928e-02 7.845811254084508746e-02
7.862941593786956784e-02 7.870515974043885976e-02
7.868494450238638915e-02 7.963429192779898635e-02
7.899375888640400301e-02 7.908425750931175058e-02
7.922230304035771109e-02 8.083631245905700813e-02
7.927742000176285497e-02 8.318332281818432983e-02
7.932146301254340559e-02 7.999053146149739946e-02
7.940749468906245501e-02 8.347460654592002427e-02
7.940935304016261131e-02 8.093927863908741138e-02
7.943218208686630977e-02 8.502263187192284077e-02
7.945711270909695811e-02 8.169622673101367694e-02
7.956256608084326387e-02 8.469467875977901294e-02
7.976847556910132697e-02 1.022233729641141287e-01
7.978473280316331073e-02 8.052878415829430037e-02
7.983245308817021879e-02 8.217389365430588510e-02
8.015189783881714047e-02 9.206734688993117866e-02
8.016630571648583614e-02 8.293271583434018435e-02
8.022726891033285512e-02 9.284986124622346404e-02
8.025326759877104976e-02 8.189767860679106337e-02
8.032065752970184158e-02 9.445321318567510838e-02
8.036391929016380165e-02 8.515137938093481074e-02
8.043855315126556549e-02 8.239540185009271156e-02
8.054087815646095161e-02 1.620265792317407694e-01
8.055961789948030971e-02 8.371821075428334535e-02
8.071977960634398042e-02 1.305215174348144380e-01
8.080282083615787647e-02 8.239317375155866263e-02
8.091210129351024405e-02 9.296174263275731875e-02
8.098250887361112260e-02 1.398365044431336968e-01
8.099065447002634643e-02 8.324248104008122318e-02
8.113046211997312906e-02 8.604294375613927293e-02
8.115282589861187723e-02 9.541134069289004815e-02
8.115299474746849595e-02 9.770592103526749839e-02
8.116666789097676249e-02 8.979739039052196670e-02
8.123883022767917905e-02 9.487034776454011942e-02
8.126406721152915069e-02 1.062190171480364154e-01
8.129106333725233391e-02 8.228209634942527939e-02
8.129457240402228335e-02 9.593922362919367341e-02
8.130146247267436288e-02 9.530253990831430433e-02
8.139412503669682386e-02 8.293901008137859188e-02
8.173007043872597410e-02 8.312957141656611426e-02
8.173811453958851336e-02 8.757233137085650154e-02
8.176196464135901398e-02 8.404764194441551040e-02
8.177746617551208408e-02 8.353032588687056559e-02
8.179008452124190975e-02 8.979778096252961916e-02
8.180072434028928807e-02 8.184505348750528708e-02
8.182678947876508013e-02 8.428305543597403027e-02
8.199746923472943372e-02 1.269557345219380073e-01
8.203322655166173094e-02 8.804586975802944360e-02
8.207422548669172924e-02 9.049890503260912822e-02
8.209304657911557779e-02 8.371553488818109234e-02
8.210643064553513337e-02 8.230968689045749243e-02
8.214536971434316381e-02 9.231877223475325189e-02
8.230585536371071154e-02 8.339171644419168805e-02
8.233981691428085559e-02 1.185188980029899530e-01
8.239507988289127005e-02 1.453937417003707822e-01
8.248385201297958602e-02 1.190954633844467925e-01
8.251993731077326977e-02 8.519435540368715254e-02
8.266607220605930173e-02 8.537240481140329074e-02
8.268234877924281190e-02 8.272995344114843219e-02
8.277798155666897528e-02 8.279029324262757172e-02
8.282069699029653842e-02 8.618464060041705621e-02
8.290498509168196806e-02 8.884117205777586346e-02
8.295940754230138325e-02 8.385925128849512633e-02
8.296154458914800633e-02 8.297527236689938857e-02
8.298818985375125412e-02 9.057522526123674977e-02
8.298910399611730826e-02 8.379195783062112768e-02
8.299296005869744031e-02 1.101951114380017444e-01
8.306912982648134713e-02 8.316177998639377733e-02
8.315927974871177575e-02 8.688594527926801758e-02
8.354812898455307724e-02 9.022663114525826533e-02
8.358800052582594786e-02 8.389603811498323738e-02
8.365273295697260580e-02 8.432465316019188695e-02
8.365715994064300276e-02 1.433304008378663841e-01
8.377549233543066243e-02 8.873072089586195310e-02
8.377938386375004265e-02 8.595841349252540675e-02
8.387151521339608617e-02 8.411559591548659065e-02
8.406740385041440444e-02 8.854805273253307796e-02
8.412824644664124163e-02 9.122515295028987836e-02
8.413668688930554806e-02 9.132068318162406273e-02
8.418776737907657237e-02 8.426573814943628948e-02
8.425090969617245185e-02 8.461218903779631206e-02
8.427982825933530431e-02 8.495180651346252720e-02
8.441187578255497648e-02 8.511554218012563899e-02
8.447216087996103906e-02 9.484529156477072842e-02
8.451447920857144136e-02 8.483673083336686072e-02
8.462587177012265149e-02 8.618844717193621663e-02
8.465855059583690667e-02 8.484767374101258308e-02
8.481792982233939127e-02 9.094616111505937628e-02
8.487219032371919047e-02 8.644841657428055381e-02
8.491387096587239836e-02 9.183764313109162025e-02
8.492877179541778732e-02 9.974815819201371392e-02
8.499900150948712374e-02 8.577213801326122322e-02
8.511605681126739598e-02 1.255963335023806693e-01
8.512328973641247742e-02 8.579192505525595758e-02
8.512923625592241916e-02 8.563120040852398307e-02
8.518347185313397685e-02 1.017258419847129475e-01
8.526308332085377750e-02 8.764318230494580475e-02
8.531355195064702079e-02 9.604011983753915627e-02
8.537862377981086937e-02 9.291028319022835713e-02
8.539935802467921167e-02 1.472758162112045022e-01
8.551562693672007387e-02 8.551975182626456173e-02
8.558745211542634346e-02 1.059229468284756670e-01
8.612112350686357276e-02 8.932777987305529077e-02
8.615885373952439363e-02 8.712029376981503259e-02
8.622987559151747139e-02 8.622988091015322543e-02
8.623388400121345665e-02 9.122281490885640609e-02
8.625868813612901087e-02 8.719979938078499526e-02
8.627821621114235839e-02 9.908847596766257038e-02
8.628316894523818670e-02 8.634442735282014947e-02
8.630977143528070772e-02 8.960777401013739207e-02
8.633168457731880963e-02 8.639956134526013964e-02
8.638047569249789059e-02 1.340341063954046397e-01
8.638145691545630334e-02 1.092962943420080352e-01
8.648559690397969457e-02 9.126919700753349796e-02
8.657990535133514021e-02 9.484628894409830036e-02
8.677917140720396716e-02 9.375644163182821067e-02
8.678501630456054994e-02 9.235082829396569493e-02
8.681908447947858654e-02 8.924732493811649015e-02
8.686083970801479481e-02 8.687232455787723129e-02
8.688175339051991408e-02 8.954050273304071939e-02
8.690610981462644491e-02 9.106390054508621545e-02
8.701574167081753408e-02 8.976146263252593460e-02
8.704474903000515573e-02 9.431947399103991769e-02
8.707726027288983928e-02 9.115400807161617991e-02
8.711781530860585043e-02 8.967820069342416489e-02
8.715788408918259678e-02 8.746546576097603831e-02
8.721413573838104893e-02 9.839518924266167643e-02
8.722148274843437299e-02 8.726008892953300566e-02
8.722496528034706653e-02 1.176017047520250963e-01
8.722687064265331747e-02 1.160108473816820890e-01
8.728847626712184227e-02 1.118414868856783817e-01
8.735272269553240321e-02 1.057002784698383296e-01
8.738877258043196983e-02 9.312765617529282502e-02
8.742062059390302842e-02 8.866633090032975673e-02
8.744207687702187926e-02 8.752701853437054591e-02
8.745177828500963479e-02 8.816947192554402957e-02
8.756464396988523913e-02 1.113607785417410623e-01
8.761590434588109599e-02 8.824245578351760932e-02
8.762893584227139654e-02 8.941317755455449601e-02
8.777663402246550783e-02 9.035037722581390485e-02
8.788721786126908742e-02 1.445951291665147076e-01
8.792269166807728520e-02 8.905977859953037590e-02
8.799480766146629274e-02 1.497356700564224652e-01
8.803105388731395642e-02 8.914806117342567726e-02
8.815787241829281529e-02 8.848232015585394405e-02
8.836302949716390298e-02 1.046254308581546777e-01
8.841816473222079142e-02 8.975566224050854358e-02
8.845701991629907612e-02 1.224628232991574889e-01
8.878769598944870334e-02 8.997668509883607890e-02
8.885751263648104803e-02 1.177645314180916780e-01
8.886908533786193332e-02 9.099945605520329273e-02
8.892139887244965291e-02 8.948310270363216135e-02
8.900461468630403716e-02 9.061156241537665634e-02
8.915967731208354619e-02 9.797086874620376806e-02
8.921180419700773523e-02 9.693567100980056417e-02
8.931211927813950680e-02 1.092543553466665263e-01
8.936102583265582988e-02 9.741009393065913624e-02
8.938210891969720906e-02 9.131216361779813384e-02
8.942858503380603230e-02 9.972670126494255494e-02
8.945891310900726257e-02 9.105654843984872793e-02
8.947368736211107343e-02 8.980876598687863310e-02
8.948977819717594817e-02 1.098633566987864407e-01
8.955188947119283038e-02 9.140430980407783512e-02
8.975559593417709037e-02 1.460690894014526897e-01
8.981047534963547407e-02 9.354024322136925140e-02
8.981270157265909548e-02 9.106896666968601617e-02
8.982106360014908975e-02 9.023385843504287684e-02
8.985990383292703776e-02 9.002949503355348049e-02
8.986569816707670744e-02 9.470333668865907328e-02
9.004256478717478918e-02 1.246531692461039231e-01
9.022702946416917558e-02 9.083695462582266900e-02
9.032980707563700862e-02 9.034982868041810389e-02
9.035601727736219946e-02 1.368254695502239549e-01
9.040243117550109120e-02 9.616640703923562405e-02
9.045688709045078546e-02 9.496633960887951309e-02
9.045835886919223467e-02 9.046045189958842880e-02
9.048646783621694389e-02 1.261113158429093550e-01
9.059239017734845023e-02 9.113837034939513415e-02
9.064277413248529591e-02 9.530111093176030224e-02
9.067421164227822128e-02 1.039445294936531261e-01
9.085510824738805835e-02 9.108908742155256977e-02
9.086643025372984073e-02 1.037511033306938446e-01
9.088165654208502087e-02 9.331542842143908389e-02
9.100577589106011167e-02 9.139413284814631999e-02
9.102322148739161456e-02 1.014263591561479633e-01
9.108155228444915485e-02 9.335734714829112268e-02
9.109970702773102780e-02 9.208797361760205635e-02
9.113403445061013519e-02 9.432915298267863236e-02
9.120691849190513956e-02 9.229668045453084946e-02
9.133495366129608384e-02 1.021982139531134592e-01
9.140631424218399748e-02 9.162819226912388704e-02
9.155716464145242928e-02 9.163113386889953915e-02
9.158723842016394667e-02 1.135247196364353034e-01
9.159830338458796462e-02 9.513419688941814056e-02
9.162560821321052984e-02 1.027073167945101034e-01
9.178657276098593776e-02 9.448802083051208167e-02
9.180719561488936975e-02 1.210843775789988142e-01
9.193934022038975640e-02 9.252927935007813909e-02
9.210218824992055797e-02 9.928274036050181717e-02
9.217802935592503411e-02 9.223376807447641879e-02
9.222322932691603969e-02 9.355320070483101602e-02
9.260391629927806900e-02 9.287674804053958066e-02
9.265263814010850363e-02 1.238627185844381889e-01
9.266228004083817971e-02 1.593990937441312483e-01
9.269681102778744297e-02 9.371463094386303649e-02
9.283986006688325909e-02 1.026243518243584174e-01
9.287204112611890938e-02 9.408477429120928881e-02
9.288054151849443885e-02 1.076210102046755157e-01
9.288882181394220172e-02 9.324500234881079319e-02
9.292074965772713357e-02 1.255284832843897580e-01
9.292917923070734276e-02 1.232547240648976528e-01
9.297655492354311990e-02 9.325177078395537056e-02
9.306483279218287497e-02 1.236266517478674803e-01
9.312246354280977190e-02 9.350150932134730641e-02
9.328461476937879859e-02 1.042095459919670508e-01
9.329818933291587901e-02 1.001098622421278256e-01
9.333712977814798140e-02 9.522383387387316211e-02
9.338434580244896199e-02 9.552900075133780033e-02
9.355878168229554703e-02 9.401451237972864583e-02
9.359981255090571439e-02 1.129386984951433748e-01
9.368627368661849864e-02 9.402138136656114364e-02
9.370782086171186576e-02 1.145323939983191874e-01
9.371658985708775091e-02 9.422159925886409992e-02
9.372159544199898384e-02 9.447625047531718612e-02
9.376659848182236634e-02 9.376954628590428165e-02
9.377616887271479629e-02 1.177995118062001439e-01
9.382194187674505748e-02 9.480795597159279164e-02
9.393259091446971853e-02 9.413324751440681204e-02
9.395153509687656501e-02 9.692021248459946337e-02
9.395804309943324439e-02 1.244481615022371146e-01
9.398581801840590055e-02 9.448066092939295946e-02
9.406401024414856593e-02 9.508306142123455762e-02
9.410465570808100588e-02 9.498527620657916393e-02
9.412894354538384190e-02 9.460463340279932909e-02
9.412932597732413809e-02 9.414797255976896373e-02
9.413028484582018629e-02 9.564653695669311784e-02
9.424376820363127016e-02 9.664668411372959178e-02
9.435422883388040749e-02 9.687636130648621946e-02
9.435429600080670609e-02 9.512457750050323790e-02
9.436398249985676612e-02 9.436402430661552931e-02
9.439347422635423202e-02 1.072844167305423563e-01
9.444119560157887561e-02 9.697924123479303993e-02
9.455147511240269420e-02 9.548847551746066087e-02
9.465327779403501229e-02 9.467695794087364891e-02
9.467457648958840788e-02 1.008970515009632446e-01
9.471764887768829855e-02 9.876652243992725677e-02
9.473047259733172187e-02 1.443937569186215797e-01
9.479052141764229833e-02 9.633912316581970392e-02
9.480628289233977712e-02 9.618365512532994765e-02
9.481988981389070925e-02 9.773985981313081106e-02
9.483666911283472611e-02 9.531365220661774940e-02
9.484173242442595075e-02 1.068308141476953105e-01
9.501049061869289158e-02 1.224377478517505030e-01
9.501437175981475303e-02 9.513252992772705530e-02
9.503683166940003757e-02 9.749521412311583368e-02
9.513643406465774333e-02 1.014226601542525114e-01
9.521598097990507936e-02 1.034894036006014234e-01
9.525612806547839595e-02 1.434259177866626933e-01
9.537557693252739222e-02 1.062723611830021508e-01
9.546526387532237867e-02 1.102399505727417184e-01
9.547441327869408967e-02 9.574213318949804929e-02
9.549186342657904614e-02 1.260620391415181174e-01
9.549920110996991396e-02 1.277865934704141837e-01
9.553658769600230360e-02 9.555446905431855265e-02
9.562308587446612107e-02 1.053303941610574390e-01
9.569680780986696000e-02 1.055129321614992621e-01
9.583943177464755714e-02 1.096800382160653675e-01
9.591050443762921818e-02 9.597610930978434096e-02
9.591477026080369450e-02 9.765252451619284291e-02
9.595668302073823153e-02 1.067554880712753840e-01
9.603854349557087999e-02 9.973066072535023696e-02
9.604522390021938416e-02 9.847807800239789799e-02
9.604543747821239763e-02 1.057734620088117000e-01
9.609878909501597122e-02 1.278162175493642028e-01
9.611162783390422848e-02 9.652195792492565540e-02
9.620210511978354029e-02 1.057386642405153815e-01
9.621691347062462374e-02 1.032226955002598090e-01
9.623980761921674398e-02 1.011845769443882742e-01
9.624283680747376668e-02 9.823296775721636342e-02
9.639276480149142068e-02 9.639289187402337589e-02
9.640387404590583520e-02 9.722960869293709174e-02
9.641912186801376849e-02 9.806885904861681325e-02
9.644285916054244623e-02 1.287841258327520055e-01
9.644566296946253947e-02 1.017087781942596081e-01
9.646010753093509082e-02 1.033821387633754169e-01
9.650084940564830627e-02 9.983241709038516432e-02
9.650780609525420883e-02 9.902199459781030333e-02
9.652246006585936400e-02 9.906846983041946164e-02
9.656082612519556463e-02 1.259031877550585987e-01
9.656935823088541593e-02 1.029775031377310329e-01
9.660342468422607187e-02 1.005562218086178683e-01
9.662171430764310287e-02 9.674416550696590678e-02
9.662952041352618204e-02 9.775666896008458617e-02
9.673522283429018820e-02 1.431533656554931921e-01
9.675688063688876739e-02 1.224920952165499399e-01
9.677212874324278569e-02 9.759802401877024081e-02
9.684398069956834387e-02 9.685797215693658924e-02
9.686350826909213840e-02 9.788469430389031001e-02
9.690395337248330909e-02 1.123656504714067444e-01
9.704131497951871965e-02 9.777369254177083191e-02
9.706687363999931539e-02 1.050960098908734625e-01
9.716341118988086611e-02 9.721485671620960778e-02
9.724368056984643294e-02 9.735336901968690004e-02
9.725680226257155114e-02 1.021666562951005774e-01
9.727793563497169615e-02 1.117523392060413290e-01
9.731931458213126385e-02 9.776257173207077156e-02
9.733867230170571705e-02 9.739830873152696689e-02
9.735033098580855859e-02 9.886295869071075326e-02
9.738946426409531010e-02 9.764792999991021849e-02
9.745541171272900649e-02 9.803608286371523484e-02
9.747868879413980336e-02 9.757880816102984523e-02
9.747891756796242535e-02 1.008746852401756905e-01
9.749604361743252623e-02 9.805756375787055834e-02
9.754847528024992998e-02 9.947403389018745490e-02
9.764026425308520996e-02 9.918687917634043394e-02
9.767521979623021433e-02 9.779134735132834211e-02
9.769193754503797955e-02 1.118786522187101978e-01
9.769252793352677100e-02 1.044829613989573525e-01
9.769943851710891081e-02 1.534014309764130113e-01
9.770269543128630441e-02 9.815592566035240274e-02
9.771999115051380191e-02 9.802582061865176832e-02
9.787516286191151604e-02 9.805669875602932017e-02
9.798440850825086701e-02 1.143265370908017609e-01
9.798951807494807320e-02 9.925115415195724655e-02
9.799098558858321262e-02 9.939610004217629136e-02
9.821493346022960869e-02 9.906885614325453004e-02
9.826200970492458830e-02 1.309853281414584958e-01
9.827560811348307057e-02 1.022462547034527491e-01
9.845594136906886396e-02 1.110865450758049128e-01
9.845696047986385313e-02 9.990902248070440694e-02
9.862983571825213736e-02 1.232713284950415766e-01
9.870573132806335914e-02 1.008428641253208968e-01
9.874825934560212126e-02 1.008855082900155103e-01
9.875227634198813220e-02 9.910249915177325730e-02
9.881592321615025043e-02 1.002778081604408372e-01
9.886602310697234497e-02 1.114375355860212635e-01
9.888801843992230112e-02 1.077590167704070151e-01
9.889283046232551222e-02 9.943891842849213181e-02
9.893843692348242014e-02 1.011725899183597288e-01
9.894813213712035094e-02 9.894816069751426191e-02
9.897742394088154816e-02 1.000793321871262381e-01
9.908785212321621905e-02 1.210697956010525628e-01
9.909196561342788201e-02 1.060526300654437010e-01
9.909866476061281182e-02 1.021876475540108020e-01
9.911890262293557297e-02 9.934960854597900404e-02
9.930506937112529298e-02 1.067733619996781846e-01
9.931052219085491350e-02 9.931096818897323930e-02
9.931276899201604835e-02 1.002319890475474318e-01
9.935479332993965573e-02 1.069914481984586968e-01
9.967498946014902161e-02 1.025769571145169062e-01
9.969979370484088887e-02 1.008613572250990076e-01
9.986007091149831649e-02 9.988901339566406967e-02
9.990346945957985503e-02 1.010496539424675377e-01
9.991591775047921342e-02 9.991683306251063212e-02
9.993075214769826797e-02 1.085072193011225039e-01
9.995940578015738431e-02 1.125309212173423445e-01
1.000112501430600043e-01 1.075663125916015150e-01
1.000281028168314296e-01 1.215822589654354247e-01
1.000390118563322384e-01 1.028147868161685408e-01
1.000848179646311870e-01 1.027289758952963511e-01
1.000870038913471982e-01 1.068977022533097732e-01
1.002692235929594222e-01 1.050091893057370912e-01
1.003867895409818745e-01 1.265497471141204255e-01
1.005429155024527010e-01 1.235104373425750662e-01
1.005537287081369885e-01 1.007645578481946858e-01
1.005987332241032456e-01 1.152130916953460898e-01
1.006502939820380083e-01 1.190328317373233191e-01
1.007447149092545041e-01 1.163664948165866048e-01
1.007478473929707963e-01 1.011922905070940099e-01
1.008281426031542444e-01 1.086337785944836432e-01
1.009450457941715312e-01 1.069873676154285552e-01
1.010521282998282505e-01 1.038785044688297771e-01
1.011583564877676089e-01 1.013960647364978013e-01
1.012105346377719928e-01 1.178234134976266917e-01
1.012313878918141979e-01 1.043492026171110032e-01
1.012548361264158786e-01 1.012836657287800174e-01
1.014193864538673884e-01 1.231744224231905716e-01
1.015327167005319053e-01 1.154525858736693694e-01
1.015474867616699972e-01 1.031448927494969109e-01
1.017621077251034400e-01 1.081546425739679240e-01
1.018641578055626135e-01 1.034072970651537388e-01
1.019025112606708611e-01 1.037751171036156300e-01
1.019465396922603490e-01 1.025047144256365922e-01
1.019551846930527167e-01 1.025095617086893007e-01
1.020017086291356151e-01 1.051801618887782258e-01
1.020393133753304260e-01 1.117785453670534085e-01
1.020435119395959184e-01 1.126653637745847897e-01
1.020492343937716151e-01 1.028872781076319853e-01
1.021412442366353424e-01 1.253650619597072302e-01
1.022395424943170483e-01 1.101958849666730272e-01
1.022834466047317092e-01 1.072744259341931600e-01
1.022917372569032840e-01 1.029191417810035175e-01
1.023262012427205853e-01 1.026176736064976364e-01
1.024265121572093401e-01 1.024360745678034174e-01
1.024640545043125905e-01 1.244546555826895745e-01
1.024688374964263377e-01 1.078781532979814495e-01
1.024711501971062311e-01 1.126331298411462900e-01
1.025031849861372801e-01 1.356782043648715463e-01
1.025075647152744046e-01 1.030446124295151811e-01
1.025223756686079735e-01 1.084918234907924217e-01
1.025405435332051168e-01 1.029327125553584493e-01
1.025996534808388261e-01 1.073657675117965365e-01
1.028216657908090498e-01 1.074477639699071146e-01
1.028524861823550129e-01 1.035323249464525919e-01
1.030329143436572864e-01 1.041995573692235666e-01
1.033738039780935924e-01 1.037921567586954780e-01
1.035039033647555257e-01 1.257317378175307754e-01
1.038124774411381818e-01 1.048635377212861070e-01
1.039229071786867964e-01 1.042898448345676993e-01
1.039256906703027034e-01 1.067310406769658299e-01
1.039545130348605156e-01 1.042825243265604884e-01
1.040145606660959343e-01 1.047333193565919141e-01
1.040434182408559172e-01 1.186612453238275744e-01
1.040507549337094245e-01 1.052487925708229660e-01
1.041947778720396234e-01 1.062968589973226630e-01
1.043342392053093481e-01 1.177858912841078520e-01
1.043581770145209503e-01 1.087243405861699902e-01
1.043629933950853267e-01 1.125900242054227590e-01
1.045755404343735595e-01 1.103483656512851963e-01
1.046438609021206056e-01 1.380758212990977063e-01
1.046867774985732469e-01 1.052693396297253309e-01
1.047573190130254850e-01 1.064436303878165957e-01
1.048265615047258292e-01 1.049724154664318787e-01
1.049550910534342435e-01 1.063227037727389884e-01
1.049971157706918179e-01 1.089212964507511039e-01
1.050321053466792276e-01 1.130356698312008773e-01
1.050592494236882030e-01 1.128670491482622468e-01
1.051154589150632701e-01 1.429526402045181721e-01
1.052328799548574584e-01 1.052859702556739191e-01
1.052434619196440935e-01 1.078216642786205409e-01
1.054062147942938371e-01 1.103088778750310750e-01
1.054281500909271113e-01 1.061827545813867901e-01
1.054502376364823552e-01 1.192325864884046516e-01
1.054566422624834132e-01 1.054598935872034238e-01
1.058243875715647042e-01 1.061752040719576157e-01
1.059156360777432498e-01 1.061846685108996519e-01
1.059519793346408167e-01 1.064202533396298861e-01
1.060133136536322851e-01 1.097000652894325745e-01
1.060223157525052862e-01 1.060630301289310906e-01
1.060509214278989865e-01 1.143425774387009930e-01
1.060852922570658802e-01 1.080062455321088993e-01
1.061841577279535320e-01 1.073127498516529971e-01
1.063192481214908641e-01 1.075110246226501920e-01
1.063326122086841879e-01 1.329650362596059010e-01
1.063876871744589142e-01 1.080853780311963608e-01
1.064922990461398405e-01 1.125182461364614833e-01
1.065167491579298159e-01 1.065926867173475900e-01
1.065712912731880957e-01 1.117732562209672459e-01
1.066132352017505197e-01 1.093465241446156255e-01
1.066572545548366280e-01 1.067780073312157019e-01
1.066772753162446297e-01 1.159159308952559808e-01
1.067099838724464150e-01 1.136954300089969144e-01
1.067988317502783085e-01 1.071565114266769952e-01
1.068807949090686132e-01 1.468730293338481874e-01
1.068924747290336819e-01 1.412605568862062011e-01
1.069253783438915140e-01 1.075316220318448257e-01
1.071065527982415777e-01 1.124220341414946533e-01
1.071087155209734659e-01 1.123632082046003428e-01
1.071574517940887400e-01 1.109274274790528481e-01
1.073065452254400726e-01 1.073252126332352591e-01
1.073455227042706961e-01 1.101894213450123755e-01
1.073497834682824725e-01 1.194594614342523314e-01
1.074400430140294849e-01 1.114484022382444400e-01
1.074508496186108025e-01 1.166372666937183777e-01
1.075606971388322480e-01 1.166730622605636619e-01
1.076739729198896156e-01 1.093956983913035863e-01
1.078066033772510784e-01 1.087898168525295306e-01
1.078085223069070037e-01 1.555268030999286122e-01
1.078805279153530472e-01 1.089771562730604132e-01
1.080046501073576581e-01 1.099574739588688316e-01
1.081248974369720395e-01 1.081279272355116922e-01
1.082252241825863021e-01 1.142304828207032080e-01
1.082682948794075894e-01 1.116016344692969675e-01
1.084283987152403761e-01 1.102883756247226427e-01
1.084366250454301267e-01 1.145654337728728156e-01
1.086426706976696549e-01 1.142885319326046034e-01
1.087130949903231669e-01 1.097306942408554503e-01
1.088456753214670086e-01 1.093109025001805790e-01
1.088786271767639702e-01 1.088958507811248061e-01
1.089096183799267148e-01 1.089185997368488368e-01
1.089936847680955390e-01 1.398179810069822837e-01
1.090066904631505906e-01 1.102402391790910097e-01
1.091454436758071134e-01 1.098750824467561588e-01
1.092447738342978841e-01 1.093420359616189275e-01
1.093947872294823848e-01 1.127479036069348739e-01
1.094622958426996473e-01 1.160706495409498384e-01
1.095416945880210435e-01 1.125651274619659525e-01
1.095659575437591127e-01 1.227863971891652028e-01
1.095716691682483007e-01 1.206551103570140671e-01
1.096559470098027733e-01 1.101085874920895852e-01
1.097067371281571224e-01 1.111242705175539275e-01
1.097294166262924586e-01 1.233446976358066188e-01
1.098039755448676491e-01 1.102951497491160698e-01
1.099499128122908009e-01 1.101489318874066259e-01
1.101683374679911648e-01 1.105589893978274341e-01
1.102117378314026036e-01 1.171868113268603601e-01
1.102525803757442302e-01 1.234583092570874091e-01
1.102528281586201003e-01 1.113081697055417207e-01
1.103637105392281242e-01 1.115167366099101276e-01
1.106252401869742413e-01 1.142720454572556665e-01
1.106362547357756243e-01 1.115150785614500983e-01
1.106739129026134139e-01 1.188370549426884804e-01
1.107805694856521805e-01 1.108785436369942451e-01
1.108159298309454172e-01 1.116083728387460422e-01
1.109582328069171342e-01 1.240355635583410832e-01
1.111719811764358412e-01 1.129689909846052775e-01
1.112789361849161190e-01 1.114595394496265823e-01
1.112868437317371256e-01 1.112970615190180534e-01
1.118329636686513223e-01 1.120533459755354982e-01
1.118523154342893344e-01 1.118935935542586246e-01
1.118888263751715573e-01 1.119331424047385476e-01
1.119004684677672029e-01 1.129204447708164888e-01
1.119766209051942379e-01 1.122703952113708048e-01
1.120690717199517711e-01 1.127743368988884110e-01
1.120836724959453912e-01 1.120864340154511390e-01
1.121227221255033796e-01 1.186446977315056134e-01
1.121307289966022996e-01 1.152750434856132378e-01
1.121506908050934476e-01 1.345035080957001639e-01
1.123435914147762477e-01 1.234093218290561039e-01
1.124626453265624437e-01 1.190869911759837585e-01
1.124634141756886696e-01 1.376819136602688842e-01
1.124848383149120723e-01 1.165796458590676460e-01
1.125574332306656100e-01 1.146972593274937502e-01
1.125906833612396879e-01 1.140235847700059035e-01
1.125930137601392905e-01 1.315288486668199086e-01
1.126015165013247860e-01 1.126077876391479576e-01
1.127375059964971366e-01 1.131723440467326952e-01
1.128286648516705487e-01 1.133735410979630348e-01
1.129397776847868434e-01 1.184545018748874023e-01
1.129536513654844088e-01 1.136888498060841107e-01
1.129918339062909866e-01 1.344687900179996898e-01
1.129923546463435374e-01 1.170525864801110483e-01
1.132047170675503089e-01 1.132773255379915245e-01
1.132148848612831715e-01 1.137729719081813778e-01
1.132595386080935962e-01 1.133483892626328537e-01
1.132838426062397624e-01 1.203049512000152477e-01
1.133536438646999822e-01 1.135975820909108092e-01
1.133621947382923989e-01 1.138802345034636010e-01
1.134447538687301388e-01 1.311375499921751675e-01
1.134466200066430175e-01 1.151645461737052234e-01
1.135219250007697689e-01 1.136206246453358715e-01
1.135696042039426729e-01 1.146858466189884518e-01
1.136560222628259231e-01 1.136645053192210514e-01
1.136658733284563183e-01 1.291728592287732236e-01
1.137335500515450210e-01 1.137717630560935583e-01
1.137588777091865511e-01 1.143521076512379053e-01
1.137873542899020957e-01 1.151401293610737064e-01
1.138438666692997009e-01 1.213351298003443046e-01
1.139514719841393520e-01 1.315910795171135739e-01
1.140830016812931086e-01 1.366523111474360341e-01
1.141174946205742724e-01 1.155771844130664833e-01
1.142362761855235526e-01 1.147389299617499608e-01
1.142608490447308278e-01 1.293734869524091613e-01
1.142622431430676266e-01 1.283690092640551172e-01
1.143033625613596171e-01 1.143058253132712282e-01
1.143171614316858264e-01 1.160830937634725751e-01
1.143178937178053745e-01 1.205266968888451529e-01
1.143814762255754708e-01 1.149741245753382740e-01
1.144547805794385170e-01 1.144549813399918098e-01
1.145354556570140903e-01 1.147962416717533268e-01
1.146040796082627572e-01 1.319487392410476079e-01
1.147020670835591227e-01 1.184100761790677081e-01
1.147250652682466066e-01 1.218007804952924850e-01
1.147933000823220667e-01 1.149194032693919981e-01
1.148514270426501810e-01 1.168393217325216782e-01
1.150204197314204091e-01 1.154784352848034767e-01
1.150364301715615517e-01 1.152280117302878493e-01
1.150758354795463206e-01 1.151463305193353021e-01
1.152428344220267215e-01 1.157903756545699686e-01
1.152744277998058869e-01 1.152905768603401798e-01
1.152787410970246978e-01 1.172337587709272877e-01
1.153062103013681589e-01 1.184978371865668401e-01
1.153117893321244092e-01 1.156784318818290108e-01
1.153744141749867419e-01 1.173640285222038865e-01
1.153810279643156106e-01 1.154574070299920763e-01
1.155159029904434392e-01 1.156997466165796407e-01
1.156491849815593081e-01 1.228632742872234757e-01
1.157860197603147734e-01 1.210940782534797727e-01
1.160653534729937791e-01 1.164944783916384008e-01
1.160697105615965952e-01 1.171208522928082474e-01
1.161159936419265959e-01 1.184871645139307789e-01
1.161474876348361218e-01 1.203677968044546270e-01
1.161531280981959596e-01 1.161958385144900158e-01
1.161612146903298476e-01 1.231050780973931558e-01
1.161743629759205976e-01 1.165900331973644954e-01
1.163028611216885139e-01 1.169550418925662666e-01
1.163279982288396436e-01 1.202981748609751600e-01
1.163530759216527266e-01 1.170543378264984474e-01
1.164308928880671001e-01 1.175438853161601266e-01
1.164918560410704990e-01 1.171034029769860568e-01
1.167824442977180438e-01 1.169242621142310562e-01
1.168235083101252098e-01 1.284450186172277908e-01
1.169353513084457896e-01 1.177841965415456632e-01
1.169511725773469540e-01 1.173470653372350458e-01
1.169638119626044970e-01 1.169728238370977697e-01
1.170696615863342505e-01 1.508204284829056385e-01
1.171403664835767716e-01 1.174136565873686172e-01
1.173353022648617877e-01 1.360281736247705708e-01
1.173999871408365064e-01 1.223481954256198240e-01
1.175922050357541410e-01 1.308628371588123618e-01
1.177397714660549100e-01 1.264149155096204735e-01
1.177610439410060467e-01 1.223035857508790597e-01
1.178341244209261535e-01 1.184112894389487830e-01
1.180260479062586881e-01 1.199594634862662934e-01
1.180313815754315682e-01 1.190796055235533168e-01
1.181974669559628655e-01 1.211713855310889015e-01
1.182026404565642425e-01 1.226277839382694107e-01
1.183162602581369349e-01 1.187763109730363420e-01
1.184100923124214999e-01 1.264409727923291593e-01
1.185166513405731814e-01 1.185888857998795287e-01
1.185587127375891253e-01 1.195549822355040509e-01
1.187130994670295842e-01 1.297849698551817033e-01
1.187876261026130920e-01 1.268408086588856953e-01
1.187899781127513127e-01 1.203144304646051876e-01
1.188375325428023405e-01 1.188378814420574942e-01
1.188445196593006098e-01 1.207368865532564145e-01
1.188613797999108768e-01 1.333288968778616745e-01
1.191715138938144458e-01 1.191977080840600639e-01
1.193871314711635045e-01 1.197814660783354940e-01
1.194092508944924469e-01 1.220972136558226562e-01
1.194127464092327590e-01 1.430845467509768987e-01
1.196954520281342804e-01 1.550887104829807295e-01
1.198005851303446528e-01 1.207382731826824457e-01
1.198457798219299680e-01 1.304215399410377230e-01
1.198501574706099249e-01 1.205227064750187121e-01
1.198674101284394333e-01 1.198698345135376236e-01
1.198913459391579284e-01 1.216243955297527379e-01
1.199298505512867985e-01 1.222846787088701787e-01
1.199682329049786972e-01 1.231397486104642836e-01
1.200930405845991727e-01 1.232207873935054904e-01
1.201266889112197478e-01 1.270823410518703289e-01
1.201964580223956469e-01 1.225598577155277841e-01
1.202452975328169582e-01 1.218425924126373128e-01
1.203169321438711525e-01 1.297037299392113097e-01
1.203564727077165442e-01 1.334117631512347080e-01
1.205277835066148467e-01 1.265171367801048163e-01
1.206586401813139198e-01 1.207480002322346424e-01
1.207488614119291148e-01 1.212587893661941779e-01
1.208724290377659744e-01 1.221294256833731912e-01
1.208913271585166788e-01 1.233773022865042868e-01
1.210363538886105594e-01 1.224499565557227859e-01
1.211261094645552649e-01 1.220767482599444953e-01
1.211736011925913792e-01 1.213921415419642325e-01
1.212047591589816009e-01 1.217156988772033072e-01
1.214311612139170465e-01 1.230003171700513320e-01
1.214603427332898028e-01 1.280450672113405131e-01
1.214914163681038994e-01 1.239424609880792755e-01
1.215263465166743356e-01 1.242717685734631428e-01
1.216569778382335237e-01 1.268954443832783774e-01
1.216691003306543811e-01 1.222849009834650058e-01
1.217667786742514247e-01 1.257747917623136535e-01
1.217974806423933881e-01 1.492685465745227924e-01
1.218500005093309246e-01 1.219240771972810305e-01
1.218582063078380712e-01 1.312688595250625367e-01
1.222465355313905322e-01 1.257803344865756900e-01
1.222555035894528352e-01 1.240801960306068402e-01
1.222704976633670615e-01 1.224186418358688133e-01
1.223410181406534430e-01 1.243899692205368834e-01
1.225272676911500075e-01 1.291722519644456779e-01
1.226646547431062273e-01 1.230581169755686627e-01
1.226884036997505922e-01 1.233601522099114361e-01
1.228057153501899423e-01 1.240278603947340685e-01
1.228481333650832952e-01 1.229198517622961673e-01
1.229010482486731642e-01 1.229021435139862339e-01
1.229599193225985598e-01 1.251654446651072061e-01
1.229795449594138085e-01 1.237418214546427558e-01
1.230601976651376217e-01 1.250220731033408195e-01
1.232369351296271481e-01 1.267512205349679288e-01
1.232535136093423772e-01 1.320914804784092955e-01
1.233739939686132880e-01 1.328537412782093974e-01
1.235071665556551901e-01 1.240361679341249329e-01
1.235868290478362719e-01 1.236615166283728251e-01
1.236057656713419467e-01 1.297624121513194229e-01
1.236224907029561670e-01 1.422948418380768909e-01
1.236302672447179424e-01 1.255643442451567504e-01
1.237127274732246207e-01 1.237233252167778824e-01
1.238001761706525733e-01 1.245927927346932168e-01
1.238040105708787531e-01 1.261418423882837703e-01
1.238442612829783046e-01 1.307127326395642053e-01
1.238678741347381679e-01 1.248796960406261952e-01
1.240229419527068694e-01 1.247859654199805213e-01
1.241041828591376989e-01 1.251239580882921587e-01
1.244626296280718913e-01 1.462957202964294545e-01
1.244947569353182792e-01 1.244981679647284151e-01
1.244998555690113168e-01 1.302443787835526057e-01
1.250320030447318320e-01 1.252960923768537405e-01
1.250961751776862030e-01 1.332535209162896139e-01
1.251229443286276666e-01 1.344174575715371134e-01
1.251307845434167509e-01 1.260515008939630810e-01
1.252652265361821338e-01 1.359345246214997693e-01
1.253515254545590762e-01 1.253547476778137937e-01
1.254336707815003893e-01 1.260382199407360237e-01
1.254455403333193664e-01 1.258403689578448670e-01
1.254823703167445847e-01 1.403963094025375558e-01
1.255361936008849433e-01 1.263689574742928312e-01
1.255716855285211875e-01 1.255864893477262878e-01
1.255835926222589050e-01 1.360911885814053701e-01
1.257808981806189108e-01 1.259293785800221499e-01
1.259107950507185880e-01 1.262254074855961861e-01
1.261736276757786379e-01 1.269200508936280392e-01
1.261930696414422792e-01 1.262226126352078426e-01
1.265648523325232921e-01 1.394917908531807249e-01
1.270290159091191640e-01 1.273552711538773474e-01
1.270789505343740133e-01 1.271452959712601194e-01
1.271877652794830005e-01 1.273328361941997444e-01
1.272137192690445118e-01 1.277647470116356210e-01
1.272485207219094805e-01 1.329843584837595294e-01
1.273153787509496149e-01 1.287636490265345324e-01
1.273579636852414654e-01 1.365209156836301729e-01
1.274455880042920375e-01 1.275597603243075473e-01
1.276361687497791220e-01 1.276366474532453221e-01
1.276464935258022071e-01 1.299321458217018999e-01
1.277002651885629503e-01 1.278355595828188362e-01
1.281590507246184174e-01 1.282465613366929602e-01
1.285609333244683294e-01 1.376377912153010363e-01
1.285964507525708123e-01 1.328156652550361583e-01
1.287284949449870597e-01 1.326508694767163099e-01
1.287579847764517837e-01 1.287580097768475096e-01
1.287788380218361783e-01 1.294871157138604290e-01
1.294251073275816122e-01 1.295412861905986535e-01
1.296861941898744819e-01 1.346288948431579313e-01
1.297475963227285867e-01 1.297741113197380391e-01
1.297563717163058850e-01 1.324032636085964165e-01
1.297730649859526741e-01 1.392656013347001454e-01
1.298313543839839379e-01 1.320318046986837524e-01
1.302734815276396230e-01 1.329555756323025362e-01
1.304724057149768690e-01 1.306116137795990118e-01
1.305437488587356254e-01 1.321623843233857010e-01
1.306944824201249911e-01 1.330049973061608326e-01
1.307215332180448331e-01 1.366228777810924722e-01
1.307684193741706358e-01 1.324075746821568589e-01
1.313473610499855670e-01 1.379670638535082927e-01
1.314676901160400924e-01 1.346445954710742410e-01
1.317780177329835600e-01 1.323689797320020123e-01
1.318108114613879278e-01 1.320592095838347135e-01
1.318700655645952124e-01 1.324338798297979569e-01
1.322652886011837225e-01 1.324956188921413147e-01
1.323478446745602055e-01 1.390140367411269173e-01
1.325253330695486120e-01 1.398255342999319140e-01
1.325715279617672437e-01 1.344201913176358842e-01
1.325720498329384378e-01 1.328679076797766034e-01
1.329995849796668239e-01 1.340571779850706635e-01
1.331248164277471224e-01 1.334312635500523314e-01
1.331258605385914617e-01 1.340340224765369792e-01
1.331779787879663890e-01 1.350982680180320694e-01
1.332411582005608996e-01 1.346307058911197785e-01
1.333025470824963921e-01 1.418538510540194586e-01
1.333361948230935845e-01 1.337928838152386835e-01
1.334151144314205395e-01 1.335564402028688036e-01
1.335209443573545374e-01 1.335890926769264242e-01
1.335763888871870919e-01 1.338046648183573162e-01
1.336383730247111268e-01 1.340685508888261879e-01
1.340116524275446475e-01 1.340176448169285439e-01
1.340283017306612423e-01 1.379394130302674937e-01
1.340385528846205210e-01 1.399915662711572195e-01
1.340456401802597453e-01 1.342954102557962215e-01
1.343279807690487548e-01 1.343302721443961067e-01
1.343476442882346744e-01 1.343502872683666749e-01
1.344149376891144165e-01 1.357766088314412700e-01
1.345780758895900875e-01 1.418016304178041642e-01
1.347932139297810528e-01 1.354143094872456432e-01
1.349315663456709113e-01 1.368642626217887737e-01
1.349931350482835302e-01 1.359373636296347665e-01
1.352526556890266130e-01 1.354599571847402983e-01
1.353211094560703986e-01 1.374242222562807869e-01
1.354206800245469633e-01 1.413363907232355887e-01
1.354246707103709813e-01 1.821640491591674516e-01
1.355661489543087961e-01 1.362459626127557333e-01
1.357170957580101089e-01 1.442565257798417155e-01
1.357324836747809682e-01 1.358159616414117421e-01
1.358962502807761485e-01 1.380808539678553271e-01
1.360202591919459636e-01 1.361623421416311985e-01
1.360314838909016111e-01 1.420195496233406796e-01
1.360334435623752614e-01 1.365682391887848568e-01
1.366610105476373516e-01 1.369552697186876278e-01
1.368213852432254019e-01 1.369086790953115140e-01
1.368665726414192152e-01 1.369266317869771710e-01
1.370819327485516270e-01 1.381865544981596694e-01
1.371149061870915731e-01 1.401530415511954564e-01
1.375918836361005315e-01 1.383148623337394911e-01
1.377272727284683251e-01 1.408138010230886583e-01
1.377423057825500896e-01 1.383112831453197078e-01
1.382038075846100111e-01 1.386916173410023545e-01
1.387913593900622911e-01 1.421141388172948161e-01
1.390793397466310310e-01 1.465180117314426322e-01
1.391102109390755792e-01 1.400731440466887745e-01
1.394333996730009739e-01 1.405186005177051223e-01
1.395233698647576626e-01 1.405258666427491865e-01
1.397692941560429725e-01 1.418609709534757457e-01
1.397878658734990898e-01 1.426233293905775079e-01
1.402569094152332774e-01 1.412969101294275776e-01
1.402690849528441253e-01 1.413268379459740876e-01
1.404435528388133236e-01 1.407781045185937108e-01
1.405000460755677916e-01 1.421933682651468356e-01
1.409179289092757914e-01 1.420417301870818827e-01
1.411460582306693912e-01 1.552994412433177651e-01
1.414318105464343611e-01 1.467283777930566413e-01
1.414477358723693345e-01 1.431502068592527266e-01
1.415588135004287318e-01 1.415802515161974917e-01
1.418596707326981732e-01 1.421545242761194650e-01
1.419866704123838308e-01 1.420205735662267987e-01
1.421626431131087775e-01 1.426035498743399854e-01
1.423647703537712361e-01 1.438975538731025461e-01
1.428000283292319983e-01 1.469524326351544230e-01
1.428666583225602915e-01 1.446949260533635651e-01
1.434242885097659626e-01 1.444514368799502402e-01
1.434437988336435821e-01 1.440177049165052015e-01
1.435789790684702527e-01 1.453508262675835272e-01
1.437525523801506389e-01 1.447686853411324082e-01
1.437542287708803435e-01 1.445061093150636078e-01
1.438413247972141484e-01 1.440488411529718682e-01
1.438842935601549189e-01 1.438935208700443391e-01
1.440127678858343918e-01 1.441506639890931807e-01
1.441181667817859335e-01 1.445981453133514394e-01
1.445831783772642265e-01 1.452383241666716784e-01
1.446932220037195349e-01 1.447488327810474706e-01
1.449115577715619496e-01 1.450620500491771048e-01
1.451954820600069029e-01 1.452360935746219994e-01
1.452228776292304735e-01 1.463191678041374788e-01
1.453028623297631661e-01 1.453132812623300074e-01
1.457509721669409675e-01 1.459913865087991980e-01
1.459757463240455300e-01 1.462958954595976746e-01
1.460871388379493818e-01 1.464361160875085055e-01
1.466075525897085063e-01 1.592907953358103645e-01
1.476944191989836563e-01 1.538947195335732265e-01
1.477194325789815410e-01 1.477204523743770592e-01
1.485321517464745777e-01 1.485859081886601873e-01
1.485470362292542756e-01 1.490177298757542623e-01
1.490631999758093573e-01 1.500455734768873506e-01
1.495247358829239204e-01 1.544499084398853195e-01
1.498747834657576938e-01 1.502720222580622156e-01
1.498932212308902445e-01 1.498946423064586586e-01
1.499077147859000647e-01 1.514122428977647261e-01
1.499926455045022256e-01 1.502054697407307626e-01
1.502627437188628068e-01 1.512405974612281712e-01
1.504914699322974503e-01 1.506500964244348595e-01
1.505160850394539895e-01 1.510568631019369445e-01
1.505552197009890625e-01 1.506737431700418406e-01
1.508289419420899558e-01 1.522835620147310332e-01
1.508748339517360648e-01 1.519450424562981128e-01
1.508896167922737508e-01 1.509116424354491337e-01
1.513194042103442605e-01 1.519799955734357222e-01
1.514162443546853976e-01 1.541009706075800456e-01
1.518432804454652174e-01 1.531329562986454007e-01
1.520377778251963408e-01 1.547066164987282999e-01
1.529887223915681604e-01 1.530465275222971655e-01
1.530795509790619235e-01 1.633453529489726219e-01
1.531079352752663381e-01 1.536947352903088593e-01
1.532779187278849320e-01 1.532854509226059814e-01
1.538368614565822079e-01 1.538478705023310911e-01
1.542480707553464947e-01 1.597705985487295199e-01
1.548589814750489790e-01 1.567629985487136446e-01
1.549827561342289051e-01 1.562646847432256625e-01
1.551234732778705161e-01 1.552440488664074136e-01
1.561014730209849821e-01 1.633218401994587510e-01
1.569157233325779166e-01 1.580148975466859340e-01
1.572007147028508522e-01 1.572345753613499375e-01
1.572856743366827792e-01 1.575288807474941322e-01
1.582772274007796520e-01 1.629196699646747459e-01
1.586342990708136114e-01 1.588779728438562133e-01
1.586865621738038634e-01 1.603112681450200028e-01
1.590502515888345125e-01 1.599936553079816248e-01
1.596933330917277571e-01 1.614208721596122054e-01
1.599472279074683756e-01 1.629639916218814655e-01
1.609906451293657836e-01 1.620890756893065277e-01
1.616286417058746538e-01 1.628608707492557872e-01
1.621990561004510722e-01 1.639899016633757367e-01
1.623202719544373784e-01 1.648373251163892939e-01
1.626018421976207218e-01 1.629744323439709652e-01
1.628902365208101943e-01 1.630367048162470467e-01
1.633603229933965062e-01 1.731448776538982992e-01
1.633695551126805590e-01 1.644915719196931858e-01
1.639443557807657159e-01 1.639641634851817242e-01
1.640307381542702447e-01 1.684571294080661752e-01
1.641669957703112692e-01 1.654146365874354929e-01
1.648773252698665093e-01 1.654302538702461245e-01
1.649651108336260830e-01 1.652256674679739301e-01
1.653292092605730401e-01 1.656886591914415729e-01
1.654037014265088423e-01 1.664010109453653019e-01
1.661108530611493939e-01 1.661114674510893452e-01
1.664728975891559548e-01 1.666985620168268400e-01
1.665156502125084148e-01 1.666025487364015956e-01
1.693122947511255805e-01 1.736716694417013707e-01
1.696976082186733570e-01 1.697829133071604713e-01
1.714395324777445440e-01 1.734142198809952296e-01
1.718441900974159442e-01 1.750966908884438733e-01
1.718897000456095503e-01 1.728955665301332434e-01
1.746762467066079183e-01 1.751954539160045787e-01
1.788816202764441643e-01 1.854113893234652644e-01
1.798754217927782395e-01 1.805939016658215379e-01
1.818198270207147249e-01 1.818581609412728284e-01
1.845706352861113675e-01 1.872660416512757775e-01
1.847093120520996445e-01 1.863836413372933209e-01
1.851544993432971686e-01 1.851920177739050377e-01
1.853044101432592128e-01 1.877492248746791270e-01
1.872171426745777578e-01 1.872566617285639778e-01
1.875618210824430698e-01 1.875637748219192991e-01
1.880353112273158156e-01 1.889686067184422613e-01
1.924962730610888517e-01 1.924973755888349791e-01
1.926025277751232667e-01 1.927653899747033273e-01
1.989497112205098339e-01 1.996226590927364097e-01
2.032057759511686490e-01 2.035041244443657471e-01
2.047377408423957657e-01 2.065994263518853291e-01
2.095016119447913050e-01 2.096033700583923298e-01
2.133363873453582304e-01 2.137322518177026676e-01
2.176060780442218012e-01 2.176318058907893704e-01
