1.230297675128626256e-02 1.276724081897434929e-02
1.288962443105022906e-02 1.343254047588644112e-02
1.343021322257106215e-02 1.380528515634660801e-02
1.444639861220252917e-02 1.651910004955796374e-02
1.503249124306360596e-02 1.586600497274117186e-02
1.527780211089366583e-02 1.638349743460176464e-02
1.541179395883399833e-02 1.544765130565927194e-02
1.561137274991205789e-02 1.583621069617584601e-02
1.599540899559192056e-02 2.122348876418917243e-02
1.630322978546032420e-02 2.067295842535974218e-02
1.657654979066220530e-02 1.733965222148647900e-02
1.714151796792657417e-02 1.738339344779952361e-02
1.806971471366794479e-02 1.998183134703989533e-02
1.855069839750676450e-02 1.976908546966547539e-02
1.869695570429613651e-02 1.915827629664709070e-02
1.874779894513210407e-02 1.898245343233156274e-02
1.931286225744625537e-02 1.945303381402089388e-02
1.978326484167293453e-02 2.093171460080744603e-02
1.988429914645646612e-02 2.470927520718641315e-02
2.081935672954648639e-02 2.761871517374785492e-02
2.082407295080317480e-02 2.424844910511517876e-02
2.095727039952906962e-02 2.269347833900662789e-02
2.100376049051089905e-02 2.611569117371156587e-02
2.112833895790822841e-02 2.388059835543073287e-02
2.123784814719361508e-02 2.228904635735393797e-02
2.150025195793599589e-02 2.339317459019666506e-02
2.261128444040861815e-02 3.212122272221033109e-02
2.276214043706881532e-02 2.661793336483917957e-02
2.361333606306997845e-02 2.669186340255265411e-02
2.385540083518108631e-02 2.885087413488040403e-02
2.390267263985180676e-02 3.281548459590948041e-02
2.401806093838413855e-02 3.299369049082067490e-02
2.455907873591953866e-02 2.752638307449434621e-02
2.476278867651336701e-02 3.334341537010170053e-02
2.506719306292366084e-02 2.510606109952000231e-02
2.560599591959094798e-02 3.023578101987409172e-02
2.594225832396339707e-02 2.788831903809180918e-02
2.597317090535162382e-02 2.726843815703564738e-02
2.680410609334825736e-02 2.868816043670673749e-02
2.686755790272942965e-02 3.878721009924287338e-02
2.728495865113666000e-02 3.240709605624986223e-02
2.770968113743046968e-02 3.020197881777110863e-02
2.772433247214492816e-02 2.790356737869096465e-02
2.788013140806548315e-02 2.829390821723492752e-02
2.802918309293401383e-02 2.844263322248955991e-02
2.904671805800349699e-02 3.278321201838731158e-02
2.926989965581059186e-02 4.077325030760634711e-02
2.927657428976428861e-02 3.409117647159675552e-02
2.943959723941850029e-02 2.951112925331743353e-02
2.974094636870470640e-02 2.997008986939572739e-02
2.979781400108898540e-02 3.007244847013641406e-02
3.008921508659335650e-02 3.836554086948981701e-02
3.043383707570374713e-02 3.093204065651334808e-02
3.069328227512471002e-02 3.228644504554540468e-02
3.070877945318409991e-02 3.695786347377031517e-02
3.157932561764774382e-02 3.873926598328462922e-02
3.158851694327335924e-02 3.776133392331587624e-02
3.197678167907951063e-02 3.998291451018418097e-02
3.318185502700077977e-02 3.487342565950467266e-02
3.320982906194354378e-02 4.069443028684871511e-02
3.352519161234175649e-02 3.810872263741637428e-02
3.381027941384589369e-02 5.128144816614490370e-02
3.385669500051487202e-02 3.895791522479311736e-02
3.433784794325307754e-02 3.454938761877505288e-02
3.449429134148247061e-02 3.630476585366888831e-02
3.485999901319057626e-02 3.759200993843648392e-02
3.493458474006666536e-02 3.566383068240520232e-02
3.500317263046880123e-02 3.577283281056679864e-02
3.565905458660160315e-02 3.646930928573773045e-02
3.725233520535211479e-02 3.820416875408463170e-02
3.737884605162411500e-02 3.761102114878049629e-02
3.788439496679844171e-02 4.651056571025300596e-02
3.823499790156369149e-02 4.097908551570841190e-02
3.825769420695877138e-02 4.285817280679575514e-02
3.859085810200261341e-02 4.412193045601366798e-02
3.910264667322754101e-02 4.021648415801463289e-02
4.048733269097729015e-02 4.625784905349199921e-02
4.267065317892819454e-02 4.662450590729971117e-02
4.289480394745832231e-02 4.359536659916838502e-02
4.292273686640960678e-02 4.323385833742623974e-02
4.408448944751076209e-02 4.477850125739323700e-02
4.428870246516963816e-02 4.628550542159047543e-02
5.595872613472392676e-02 5.620959460704878785e-02
5.896438753159123636e-02 5.945472163653780368e-02
6.487818610975146227e-02 8.903510772522558181e-01
6.786704357506530283e-02 7.926147445223716281e-02
