0.000000000000000000e+00 3.848753125060858787e-02
0.000000000000000000e+00 3.608349449429893580e-02
0.000000000000000000e+00 3.663078893437674705e-02
0.000000000000000000e+00 3.510085733019329551e-02
0.000000000000000000e+00 2.778904479384169610e-02
0.000000000000000000e+00 2.679949413121838347e-02
0.000000000000000000e+00 2.020521372260720289e-02
0.000000000000000000e+00 2.964093584012904639e-02
0.000000000000000000e+00 3.185334642203777739e-02
0.000000000000000000e+00 2.677730570732738541e-02
0.000000000000000000e+00 2.746228400836430925e-02
0.000000000000000000e+00 1.967207880821753713e-02
0.000000000000000000e+00 3.864211414043491194e-02
0.000000000000000000e+00 1.397294783105464296e-02
0.000000000000000000e+00 2.557248932781661446e-02
0.000000000000000000e+00 2.947369476510074485e-02
0.000000000000000000e+00 2.805510424950626372e-02
0.000000000000000000e+00 2.958798200116773136e-02
0.000000000000000000e+00 1.921935932415663739e-02
0.000000000000000000e+00 2.064720147597082570e-02
0.000000000000000000e+00 2.246100299360567765e-02
0.000000000000000000e+00 1.830615424885307513e-02
0.000000000000000000e+00 6.867765860440578664e-03
0.000000000000000000e+00 2.701909081863022866e-02
0.000000000000000000e+00 2.820659153949270706e-02
0.000000000000000000e+00 2.199654142269681645e-02
0.000000000000000000e+00 6.765613088623840220e-03
0.000000000000000000e+00 3.469995151151164525e-02
0.000000000000000000e+00 3.287025998876912797e-02
0.000000000000000000e+00 1.742574834496146696e-02
0.000000000000000000e+00 2.393855373271154899e-02
0.000000000000000000e+00 3.628301255633742395e-02
0.000000000000000000e+00 2.311219629771600614e-02
0.000000000000000000e+00 2.724320020535615783e-02
0.000000000000000000e+00 1.968410847021784954e-02
0.000000000000000000e+00 2.100556997677482940e-02
0.000000000000000000e+00 3.158720351525106523e-02
0.000000000000000000e+00 3.261728943249014162e-02
0.000000000000000000e+00 1.705597798911237875e-02
0.000000000000000000e+00 1.901839131486759635e-02
0.000000000000000000e+00 2.350687593666618211e-02
0.000000000000000000e+00 1.535466093616704927e-02
0.000000000000000000e+00 3.029979426190552300e-02
0.000000000000000000e+00 1.210772434653914660e-02
0.000000000000000000e+00 1.705415503592020571e-02
0.000000000000000000e+00 2.665346104233040289e-02
0.000000000000000000e+00 1.400565580991602541e-02
0.000000000000000000e+00 1.509672624898549149e-02
0.000000000000000000e+00 1.494193058497534504e-02
0.000000000000000000e+00 1.839499265630721581e-02
0.000000000000000000e+00 1.586953064671527830e-02
0.000000000000000000e+00 1.251796448113291077e-02
0.000000000000000000e+00 1.730881170725014073e-02
0.000000000000000000e+00 1.848231693183767510e-02
0.000000000000000000e+00 1.609982031566140059e-02
0.000000000000000000e+00 2.807029026877064584e-02
0.000000000000000000e+00 1.493098079560519799e-02
0.000000000000000000e+00 1.909318269936185683e-02
0.000000000000000000e+00 2.220967468525648914e-02
0.000000000000000000e+00 2.293165977503469274e-02
0.000000000000000000e+00 1.940947514551514055e-02
0.000000000000000000e+00 7.091994062765423837e-03
0.000000000000000000e+00 1.467763946120019536e-02
0.000000000000000000e+00 2.498474109933170040e-02
0.000000000000000000e+00 1.286626437398405605e-02
0.000000000000000000e+00 2.584059815904397525e-02
0.000000000000000000e+00 1.864906431387714988e-02
0.000000000000000000e+00 1.500462397991389994e-02
0.000000000000000000e+00 2.323212514881142776e-02
0.000000000000000000e+00 2.320193985496140851e-02
0.000000000000000000e+00 1.048848325528948383e-02
0.000000000000000000e+00 2.338389232987184499e-02
0.000000000000000000e+00 2.296305701249992670e-02
0.000000000000000000e+00 9.472721648286323848e-03
0.000000000000000000e+00 1.655184105308281708e-02
0.000000000000000000e+00 2.310087744983542815e-02
0.000000000000000000e+00 2.656947100274928419e-02
0.000000000000000000e+00 2.264016894858391499e-02
0.000000000000000000e+00 3.543437410685909561e-02
0.000000000000000000e+00 1.624674133091923503e-02
0.000000000000000000e+00 2.858026207161376911e-02
0.000000000000000000e+00 1.782705209537241778e-02
0.000000000000000000e+00 2.176677083704202029e-02
0.000000000000000000e+00 1.420228443570483064e-02
0.000000000000000000e+00 1.494337198708790837e-02
0.000000000000000000e+00 2.643649210566503469e-02
0.000000000000000000e+00 1.437676739088023826e-02
0.000000000000000000e+00 1.978102894661932024e-02
0.000000000000000000e+00 1.266707123594131360e-02
0.000000000000000000e+00 2.072792235652690801e-02
0.000000000000000000e+00 5.793683580259509705e-03
0.000000000000000000e+00 2.566579835900915235e-02
0.000000000000000000e+00 1.704923545135243398e-02
0.000000000000000000e+00 2.457001639764688772e-02
0.000000000000000000e+00 1.210693402287994595e-02
0.000000000000000000e+00 2.563490507081543635e-02
0.000000000000000000e+00 2.608859594061876258e-02
0.000000000000000000e+00 7.469453609359539420e-03
0.000000000000000000e+00 1.543096551279043646e-02
0.000000000000000000e+00 1.538961379607322807e-02
0.000000000000000000e+00 2.594068396720319164e-02
0.000000000000000000e+00 1.205173790058894530e-02
0.000000000000000000e+00 1.897969607547074847e-02
0.000000000000000000e+00 1.995283605907583954e-02
0.000000000000000000e+00 1.209864635434899569e-02
0.000000000000000000e+00 1.674968200209464922e-02
0.000000000000000000e+00 1.815407044409799234e-02
0.000000000000000000e+00 1.047380489266351751e-02
0.000000000000000000e+00 2.578138688346483590e-02
0.000000000000000000e+00 1.898727367213857986e-02
0.000000000000000000e+00 1.331356254279249945e-02
0.000000000000000000e+00 6.052914566834446085e-03
0.000000000000000000e+00 2.696491869781267314e-02
0.000000000000000000e+00 1.511602893735421518e-02
0.000000000000000000e+00 2.150243803032117831e-02
0.000000000000000000e+00 1.609623559250789038e-02
0.000000000000000000e+00 1.271082826018915361e-02
0.000000000000000000e+00 3.289899037308956914e-02
0.000000000000000000e+00 8.117817252242942941e-03
0.000000000000000000e+00 1.365430981818479411e-02
0.000000000000000000e+00 3.951242319701987055e-02
0.000000000000000000e+00 3.576057279711339354e-02
0.000000000000000000e+00 1.898839353580259598e-02
0.000000000000000000e+00 1.302359907784951532e-02
0.000000000000000000e+00 1.037071950220359515e-02
0.000000000000000000e+00 2.337484484909923763e-02
0.000000000000000000e+00 2.492956496332713115e-02
0.000000000000000000e+00 9.200064574852071311e-03
0.000000000000000000e+00 2.067033127348911689e-02
0.000000000000000000e+00 1.283764573507174302e-02
0.000000000000000000e+00 1.088675789839169128e-02
0.000000000000000000e+00 1.116746175709418080e-02
0.000000000000000000e+00 2.568862676129527248e-02
0.000000000000000000e+00 2.850980520744522684e-02
0.000000000000000000e+00 8.716179833202693586e-03
0.000000000000000000e+00 1.704340555236643490e-02
0.000000000000000000e+00 6.782796059734355273e-03
0.000000000000000000e+00 2.447025144000554431e-02
0.000000000000000000e+00 1.838733849476339652e-02
0.000000000000000000e+00 1.623744983140747167e-02
0.000000000000000000e+00 1.964145597189129525e-02
0.000000000000000000e+00 5.996790539981062575e-03
0.000000000000000000e+00 2.521877054840210991e-02
0.000000000000000000e+00 1.125146745479083804e-02
0.000000000000000000e+00 2.458176568551764460e-02
0.000000000000000000e+00 3.013989940892833688e-02
0.000000000000000000e+00 1.769033691901741520e-02
0.000000000000000000e+00 1.202828123592302248e-02
0.000000000000000000e+00 1.724229971466280376e-02
0.000000000000000000e+00 1.485883715630137089e-02
0.000000000000000000e+00 1.385628858998747426e-03
0.000000000000000000e+00 1.344037614638599748e-02
0.000000000000000000e+00 1.474246724228634765e-02
0.000000000000000000e+00 1.441918179639469465e-02
0.000000000000000000e+00 1.846950496688793894e-02
0.000000000000000000e+00 1.740273447768938761e-02
0.000000000000000000e+00 1.976381040865533151e-02
0.000000000000000000e+00 2.206090833938487497e-02
0.000000000000000000e+00 9.975426400478191319e-03
0.000000000000000000e+00 2.409492361525933726e-02
0.000000000000000000e+00 2.998154993875083371e-02
0.000000000000000000e+00 8.512026852696502610e-03
0.000000000000000000e+00 9.772877090721877186e-03
0.000000000000000000e+00 1.278753584025806717e-02
0.000000000000000000e+00 2.213394450555062482e-02
0.000000000000000000e+00 1.390850512931601432e-02
0.000000000000000000e+00 2.500985263949666651e-02
0.000000000000000000e+00 1.760706541782936646e-02
0.000000000000000000e+00 9.120964724140735724e-03
0.000000000000000000e+00 1.800866673507749496e-02
0.000000000000000000e+00 5.838603531741682305e-03
0.000000000000000000e+00 2.647313907906763408e-02
0.000000000000000000e+00 1.200667550535786977e-02
0.000000000000000000e+00 1.075020397026645903e-02
0.000000000000000000e+00 1.298670543856742486e-02
0.000000000000000000e+00 2.133143637003351301e-02
0.000000000000000000e+00 3.593407587117667529e-02
0.000000000000000000e+00 1.262485836721759062e-02
0.000000000000000000e+00 3.416646508300891227e-02
0.000000000000000000e+00 1.811011933895260995e-02
0.000000000000000000e+00 8.525520347629982065e-03
0.000000000000000000e+00 2.980697699134276114e-03
0.000000000000000000e+00 2.297145342820616082e-02
0.000000000000000000e+00 8.610093992447675343e-03
0.000000000000000000e+00 1.543734833935750048e-02
0.000000000000000000e+00 7.597888293240014426e-03
0.000000000000000000e+00 5.548531475164419739e-03
0.000000000000000000e+00 1.018988606760753632e-02
0.000000000000000000e+00 1.241992429324276052e-02
0.000000000000000000e+00 1.010610413162457005e-02
0.000000000000000000e+00 1.482338172837429670e-02
0.000000000000000000e+00 3.752425904719984551e-02
0.000000000000000000e+00 1.824391984723364168e-02
0.000000000000000000e+00 1.827032822805442491e-02
0.000000000000000000e+00 9.703595585981467098e-03
0.000000000000000000e+00 6.301698448339164947e-03
0.000000000000000000e+00 2.009325332261483257e-02
0.000000000000000000e+00 8.092854350521995130e-03
0.000000000000000000e+00 1.766538308304232627e-02
0.000000000000000000e+00 2.904753660019569403e-02
0.000000000000000000e+00 1.732786943531014826e-02
0.000000000000000000e+00 3.000871448400426258e-02
0.000000000000000000e+00 1.090681975397351025e-02
0.000000000000000000e+00 7.890210580252019976e-03
0.000000000000000000e+00 1.329901118786503723e-02
0.000000000000000000e+00 4.856506055983200731e-03
0.000000000000000000e+00 9.416837302824429545e-03
0.000000000000000000e+00 1.745972573266694680e-02
0.000000000000000000e+00 1.024578090367386958e-02
0.000000000000000000e+00 1.601069222869789740e-02
0.000000000000000000e+00 2.938343935495086809e-02
0.000000000000000000e+00 1.994533414291127169e-02
0.000000000000000000e+00 1.995358945262320355e-02
0.000000000000000000e+00 1.143665650554114878e-02
0.000000000000000000e+00 1.086367018796223841e-02
0.000000000000000000e+00 3.554631739187044410e-03
0.000000000000000000e+00 1.432763154063542398e-02
0.000000000000000000e+00 1.987521862234830836e-02
0.000000000000000000e+00 2.286907933816053479e-02
0.000000000000000000e+00 8.518488418879447896e-03
0.000000000000000000e+00 1.431004164920451904e-02
0.000000000000000000e+00 1.768001307800719582e-02
0.000000000000000000e+00 2.018987036653763223e-02
0.000000000000000000e+00 1.006763209525552392e-02
0.000000000000000000e+00 1.235192538969328777e-02
0.000000000000000000e+00 1.415153407240999327e-02
0.000000000000000000e+00 1.734397620263354719e-03
0.000000000000000000e+00 1.995284742618202642e-02
0.000000000000000000e+00 1.194698103636876972e-02
0.000000000000000000e+00 1.902147686784956201e-02
0.000000000000000000e+00 1.850192739139497333e-02
0.000000000000000000e+00 8.024167211182958726e-03
0.000000000000000000e+00 3.311078121374170548e-03
0.000000000000000000e+00 4.887405122346139344e-03
0.000000000000000000e+00 1.875509394796711846e-02
0.000000000000000000e+00 4.775319481636400125e-03
0.000000000000000000e+00 5.437005384803653314e-03
0.000000000000000000e+00 1.531203271468938032e-02
0.000000000000000000e+00 9.564861692858788594e-03
0.000000000000000000e+00 6.340873581583379888e-03
0.000000000000000000e+00 9.189257479697869255e-03
0.000000000000000000e+00 1.369335036467364021e-02
0.000000000000000000e+00 1.933254099333584983e-02
0.000000000000000000e+00 1.861811066395232042e-02
0.000000000000000000e+00 2.868822093804444459e-02
0.000000000000000000e+00 8.645312378730063418e-03
0.000000000000000000e+00 2.072688739381765843e-02
0.000000000000000000e+00 7.828804882593649178e-03
0.000000000000000000e+00 2.798334946277768187e-02
0.000000000000000000e+00 2.051228163256967746e-02
0.000000000000000000e+00 1.524345272105613082e-02
0.000000000000000000e+00 3.884281170457260131e-03
0.000000000000000000e+00 1.974139251982024237e-02
0.000000000000000000e+00 7.838528583697020394e-03
0.000000000000000000e+00 8.731119776354897763e-03
0.000000000000000000e+00 3.439630935930097257e-03
0.000000000000000000e+00 4.436516006841037876e-03
0.000000000000000000e+00 2.464862589615873789e-02
0.000000000000000000e+00 1.679395797192333173e-02
0.000000000000000000e+00 1.190295737217699802e-02
0.000000000000000000e+00 2.110762375441551861e-02
0.000000000000000000e+00 7.063992322461492245e-03
0.000000000000000000e+00 2.633477025886048206e-02
0.000000000000000000e+00 1.517809623314977582e-02
0.000000000000000000e+00 5.798441901036796922e-03
0.000000000000000000e+00 1.411427827568499660e-02
0.000000000000000000e+00 2.829552472255423071e-02
0.000000000000000000e+00 1.999035157633074263e-03
0.000000000000000000e+00 1.132230145361427277e-02
0.000000000000000000e+00 1.265138337927512215e-02
0.000000000000000000e+00 8.816692023012960566e-03
0.000000000000000000e+00 1.219023081055757921e-02
0.000000000000000000e+00 1.177227477597497622e-02
0.000000000000000000e+00 1.582941181460101321e-02
0.000000000000000000e+00 2.754948832885774357e-02
0.000000000000000000e+00 1.158457208527866565e-02
0.000000000000000000e+00 1.247504151236439145e-02
0.000000000000000000e+00 1.180240797384755208e-02
0.000000000000000000e+00 1.282834867161968505e-02
0.000000000000000000e+00 4.462228823570733686e-03
0.000000000000000000e+00 7.674343265708507417e-03
0.000000000000000000e+00 1.662186991875573214e-02
0.000000000000000000e+00 1.759136093207245774e-02
0.000000000000000000e+00 1.379762043101848482e-02
0.000000000000000000e+00 6.575761663177215680e-03
0.000000000000000000e+00 3.592979320377743049e-03
0.000000000000000000e+00 7.849409287612789388e-03
0.000000000000000000e+00 1.313021449603393211e-02
0.000000000000000000e+00 1.124963297794820925e-02
0.000000000000000000e+00 1.652800428105493866e-02
0.000000000000000000e+00 1.539807429281815285e-02
0.000000000000000000e+00 1.833162666280726064e-02
0.000000000000000000e+00 1.544284510838882848e-03
0.000000000000000000e+00 1.236050244542117628e-02
0.000000000000000000e+00 6.586496221394150252e-03
0.000000000000000000e+00 3.504434342849464812e-03
0.000000000000000000e+00 1.612969606976574766e-02
0.000000000000000000e+00 8.367681326771620257e-03
0.000000000000000000e+00 7.455604238058643335e-03
0.000000000000000000e+00 1.573912485292427998e-02
0.000000000000000000e+00 5.514914725959401201e-03
0.000000000000000000e+00 1.758484173672443876e-02
0.000000000000000000e+00 2.584351177945701933e-02
0.000000000000000000e+00 1.367894050298648460e-02
0.000000000000000000e+00 1.791880419830559415e-02
0.000000000000000000e+00 1.996157965880916707e-02
0.000000000000000000e+00 2.150000533263829103e-02
0.000000000000000000e+00 5.468307151931198033e-03
0.000000000000000000e+00 1.469970211288999448e-02
0.000000000000000000e+00 4.231117644450524580e-03
0.000000000000000000e+00 1.001496341952593135e-02
0.000000000000000000e+00 8.769873393649660689e-03
0.000000000000000000e+00 1.198401306589887312e-02
0.000000000000000000e+00 6.529399583530074054e-03
0.000000000000000000e+00 1.155393769331899967e-02
0.000000000000000000e+00 1.695639169673889349e-02
0.000000000000000000e+00 8.740524284542177530e-03
0.000000000000000000e+00 2.676449341303735723e-03
0.000000000000000000e+00 1.170973352579500124e-02
0.000000000000000000e+00 3.969393790940477923e-03
0.000000000000000000e+00 1.151227114241739485e-02
0.000000000000000000e+00 1.217005652895581866e-02
0.000000000000000000e+00 2.868716110311134854e-02
0.000000000000000000e+00 1.040946193009154204e-02
0.000000000000000000e+00 2.693555158347500297e-02
0.000000000000000000e+00 7.725369112017759811e-03
0.000000000000000000e+00 2.208596540868750305e-02
0.000000000000000000e+00 1.299953719655635130e-02
0.000000000000000000e+00 1.070871239187797495e-02
0.000000000000000000e+00 7.198189593393421008e-03
0.000000000000000000e+00 2.303619982070583341e-02
0.000000000000000000e+00 1.394308292009702015e-02
0.000000000000000000e+00 2.336011493672678421e-02
0.000000000000000000e+00 1.183141886423542607e-02
0.000000000000000000e+00 8.978852471213506423e-03
0.000000000000000000e+00 1.684972901549004407e-02
0.000000000000000000e+00 1.156035660227181655e-02
0.000000000000000000e+00 1.173213234528144681e-02
0.000000000000000000e+00 1.667193171745656385e-02
0.000000000000000000e+00 1.529188354223782846e-02
0.000000000000000000e+00 2.081784732929925497e-02
0.000000000000000000e+00 1.559314712516475347e-02
0.000000000000000000e+00 9.522462404845711409e-03
0.000000000000000000e+00 1.709754639650854294e-02
0.000000000000000000e+00 3.527422229389725467e-02
0.000000000000000000e+00 8.841704564048036286e-03
0.000000000000000000e+00 1.868524939323097656e-02
0.000000000000000000e+00 1.035805650340182286e-02
0.000000000000000000e+00 2.474031525919834565e-02
0.000000000000000000e+00 1.894632973608930543e-02
0.000000000000000000e+00 5.358513261114783086e-03
0.000000000000000000e+00 1.540839747828743646e-02
0.000000000000000000e+00 6.922383712195449151e-03
0.000000000000000000e+00 7.806981161213828041e-03
0.000000000000000000e+00 1.715106021527251084e-02
0.000000000000000000e+00 1.066017092326831603e-02
0.000000000000000000e+00 1.906584001063871617e-02
0.000000000000000000e+00 4.058909408500350167e-03
0.000000000000000000e+00 2.808767232050841597e-02
0.000000000000000000e+00 2.426318159919887280e-02
0.000000000000000000e+00 7.736233494867151943e-03
0.000000000000000000e+00 6.673523819210927174e-03
0.000000000000000000e+00 1.260319528818847415e-02
0.000000000000000000e+00 3.725199464093327528e-02
0.000000000000000000e+00 1.365512417801619492e-02
0.000000000000000000e+00 6.283368368812321941e-03
0.000000000000000000e+00 1.667975785001799688e-02
0.000000000000000000e+00 1.423947915034399700e-02
0.000000000000000000e+00 2.231148623729619154e-02
0.000000000000000000e+00 1.125217753327949557e-02
0.000000000000000000e+00 1.088378916355330767e-02
0.000000000000000000e+00 4.380506974689580939e-03
0.000000000000000000e+00 1.843247928097089053e-02
0.000000000000000000e+00 1.144025440950686805e-02
0.000000000000000000e+00 1.628980093595037287e-02
0.000000000000000000e+00 1.590482759448463845e-02
0.000000000000000000e+00 1.005760593902096933e-02
0.000000000000000000e+00 6.227313900429646588e-03
0.000000000000000000e+00 2.386744145908671275e-02
0.000000000000000000e+00 9.191467109265974780e-03
0.000000000000000000e+00 5.627371074782556819e-03
0.000000000000000000e+00 1.509924275608022504e-02
0.000000000000000000e+00 1.182838284968782717e-02
0.000000000000000000e+00 1.076916411227477749e-02
0.000000000000000000e+00 1.142490421609077163e-02
0.000000000000000000e+00 1.638927843353974595e-02
0.000000000000000000e+00 1.354973353974334507e-02
0.000000000000000000e+00 3.127668708010656468e-02
0.000000000000000000e+00 1.535334220297065316e-02
0.000000000000000000e+00 7.281685477321921986e-03
0.000000000000000000e+00 1.597419182286827222e-02
0.000000000000000000e+00 1.432813490899248129e-02
0.000000000000000000e+00 1.024737860711119435e-02
0.000000000000000000e+00 1.125883406648741682e-02
0.000000000000000000e+00 2.209718857798644367e-02
0.000000000000000000e+00 9.168676242286162223e-03
0.000000000000000000e+00 2.334113282147417395e-02
0.000000000000000000e+00 6.312872324662053940e-03
0.000000000000000000e+00 2.245157295406469047e-03
0.000000000000000000e+00 1.967823923677724726e-02
0.000000000000000000e+00 2.302356817536059443e-03
0.000000000000000000e+00 7.037760736347732464e-03
0.000000000000000000e+00 2.010993643956705823e-02
0.000000000000000000e+00 6.663355925119664180e-03
0.000000000000000000e+00 1.278796704579310620e-02
0.000000000000000000e+00 1.506644477899381565e-02
0.000000000000000000e+00 1.576120074358513048e-02
0.000000000000000000e+00 8.899052658803472890e-03
0.000000000000000000e+00 9.902099506253290301e-03
0.000000000000000000e+00 1.006047792923073225e-02
0.000000000000000000e+00 1.221557640689487426e-03
0.000000000000000000e+00 6.977611333489197945e-03
0.000000000000000000e+00 1.795248950552212272e-02
0.000000000000000000e+00 6.727961990030931552e-03
0.000000000000000000e+00 6.355348727378081625e-03
0.000000000000000000e+00 2.088365679018642715e-02
0.000000000000000000e+00 1.851803913502399895e-02
0.000000000000000000e+00 2.582736248857258558e-03
0.000000000000000000e+00 1.537477160789128654e-02
0.000000000000000000e+00 9.415030786993105680e-03
0.000000000000000000e+00 8.831111897721304407e-03
0.000000000000000000e+00 4.816339622313712925e-03
0.000000000000000000e+00 1.280327375111604132e-02
0.000000000000000000e+00 1.361263234233780692e-02
0.000000000000000000e+00 1.313448887569634502e-02
0.000000000000000000e+00 2.365894773652821650e-02
0.000000000000000000e+00 1.775113704419625446e-02
0.000000000000000000e+00 2.089191990609438193e-02
0.000000000000000000e+00 1.786509258563191704e-02
0.000000000000000000e+00 2.653158993474214952e-02
0.000000000000000000e+00 7.054763536833557128e-03
0.000000000000000000e+00 1.117293692480980649e-03
0.000000000000000000e+00 1.179390322758438157e-02
0.000000000000000000e+00 3.080443789739126248e-02
0.000000000000000000e+00 1.587311440591614858e-02
0.000000000000000000e+00 3.260282928433979200e-03
0.000000000000000000e+00 5.437831881054429675e-03
0.000000000000000000e+00 2.097796627147129750e-02
0.000000000000000000e+00 2.436527612237391824e-03
0.000000000000000000e+00 8.010354886851761211e-03
0.000000000000000000e+00 5.178277070169701873e-03
0.000000000000000000e+00 1.303099463163869508e-03
0.000000000000000000e+00 5.899187563456792689e-03
0.000000000000000000e+00 2.094478946254669724e-02
0.000000000000000000e+00 2.533827864741943197e-03
0.000000000000000000e+00 1.288496667273091034e-02
0.000000000000000000e+00 1.269841252720469923e-02
0.000000000000000000e+00 7.191287958785612736e-03
0.000000000000000000e+00 1.127952445748841084e-02
0.000000000000000000e+00 3.290249999354105410e-03
0.000000000000000000e+00 5.046673346121604252e-03
0.000000000000000000e+00 1.567658364935124032e-02
0.000000000000000000e+00 6.382925975779729817e-03
0.000000000000000000e+00 7.854111138519418583e-03
0.000000000000000000e+00 1.179912383483386687e-02
0.000000000000000000e+00 1.187757542936287471e-02
0.000000000000000000e+00 5.483609580224816510e-03
0.000000000000000000e+00 2.115573226210388028e-02
0.000000000000000000e+00 3.171495976743017586e-02
0.000000000000000000e+00 5.390365465015393640e-03
0.000000000000000000e+00 7.955861908164144417e-03
0.000000000000000000e+00 1.856621766556049505e-02
0.000000000000000000e+00 1.305961127489840140e-02
0.000000000000000000e+00 1.721635752626268778e-02
0.000000000000000000e+00 1.167905964747543122e-02
0.000000000000000000e+00 1.501399373935685677e-02
0.000000000000000000e+00 1.031871954198637815e-02
0.000000000000000000e+00 6.440279472881481511e-03
0.000000000000000000e+00 8.476990020432294964e-03
0.000000000000000000e+00 1.788305109958550094e-03
0.000000000000000000e+00 1.314436018474749585e-02
0.000000000000000000e+00 9.241179437058436724e-03
0.000000000000000000e+00 1.719180199543254373e-03
0.000000000000000000e+00 1.989281748280360626e-02
0.000000000000000000e+00 1.271397174482589293e-02
0.000000000000000000e+00 1.803121084780787489e-02
0.000000000000000000e+00 2.585311572513892403e-02
0.000000000000000000e+00 1.168456395021458608e-02
0.000000000000000000e+00 1.261990188731272958e-02
0.000000000000000000e+00 3.204666785762607002e-03
0.000000000000000000e+00 8.554980025333261753e-03
0.000000000000000000e+00 1.234061801499123159e-02
0.000000000000000000e+00 1.347285938526342902e-02
0.000000000000000000e+00 1.468778713046019722e-02
0.000000000000000000e+00 2.104595804449944929e-02
0.000000000000000000e+00 5.446413989775665716e-03
0.000000000000000000e+00 2.719601472002110276e-02
0.000000000000000000e+00 1.100420366860840014e-02
0.000000000000000000e+00 2.690765757410241207e-03
0.000000000000000000e+00 7.600843203214181949e-03
0.000000000000000000e+00 1.895568906183164133e-03
0.000000000000000000e+00 7.234006791502796754e-03
0.000000000000000000e+00 2.071833740750912006e-02
0.000000000000000000e+00 9.235163397659711809e-03
0.000000000000000000e+00 4.880792754052166310e-03
0.000000000000000000e+00 2.072766243225625249e-02
0.000000000000000000e+00 1.080485137661932847e-02
0.000000000000000000e+00 1.382988297923267405e-02
0.000000000000000000e+00 1.544946733316635012e-02
