4.214153909705130666e-03 4.502645938199781317e-03
4.746221924114265266e-03 5.770386073568854746e-03
5.110540440751953385e-03 5.490642692780598952e-03
5.118179177316242896e-03 5.331341853534772232e-03
6.551928904934051570e-03 7.369860913353992043e-03
6.702475020545526491e-03 6.768166903061978434e-03
7.306164422702416880e-03 8.452012463083656557e-03
7.594541646046702038e-03 8.054280631912696248e-03
8.725839123126346783e-03 1.009546505037129359e-02
8.877548205040532159e-03 8.913144179228721722e-03
9.770317931582721271e-03 1.184880226443152038e-02
9.880988772313725396e-03 1.137972581218438597e-02
1.002428152724093961e-02 1.167082239788554479e-02
1.020459257348405209e-02 1.343599470664336680e-02
1.172387434659164125e-02 1.336971516613286691e-02
1.222880148464936152e-02 1.231780720529307600e-02
1.229294489731052632e-02 1.516854818710612791e-02
1.255432848181434538e-02 1.440190551756260866e-02
1.271613238679910468e-02 1.346734025548987877e-02
1.283988313500146819e-02 1.481212052863728132e-02
1.290072749832861347e-02 1.331363540812243243e-02
1.318951214667198578e-02 1.346201857769748801e-02
1.328028758409874853e-02 1.352381669407577182e-02
1.373967121364306002e-02 1.637724826711599649e-02
1.389920548390122940e-02 1.469131166872580420e-02
1.392555068302677411e-02 2.145770127963663246e-02
1.407645516827865130e-02 1.829652679795724241e-02
1.483715304081854175e-02 1.582675960787764680e-02
1.500162368130669895e-02 1.552148187559396902e-02
1.502403534941301917e-02 2.636304834582059789e-02
1.503097371740615314e-02 1.866478702744284526e-02
1.561078549551429828e-02 1.803203429541407402e-02
1.625016093022466426e-02 1.903281546231992000e-02
1.687168162144567218e-02 2.148977810080703738e-02
1.743155841742488610e-02 1.786877746412599693e-02
1.761526521907152629e-02 1.814151219295485201e-02
1.764119358552476702e-02 2.235821788886638989e-02
1.772140062545975517e-02 2.162026659432279146e-02
1.814066194782706920e-02 1.920707902224261590e-02
1.821399422106436197e-02 2.288306571005420051e-02
1.825559204369572516e-02 2.106894333671365666e-02
1.829377864113500632e-02 2.186512029454279124e-02
1.839401689913196594e-02 2.206098979184912753e-02
1.842352783155604135e-02 1.920787066129465634e-02
1.847369536636809736e-02 2.015116844900324833e-02
1.862457305354207893e-02 1.986049450224430454e-02
1.876325012973553349e-02 1.917104597990784351e-02
1.881251828278048682e-02 1.900839985034810664e-02
1.893543814968436795e-02 2.263091670685661583e-02
1.901143176048356725e-02 1.907313049033669550e-02
1.917718511407720886e-02 2.003567212522251381e-02
1.927040616279332777e-02 2.410845335922404131e-02
1.946339145970364323e-02 2.097908688962677251e-02
1.949663103079034288e-02 2.133093089886094543e-02
1.968274737532118776e-02 2.040100962893786479e-02
1.991729824982606256e-02 2.286169979157207793e-02
2.010198602263416068e-02 2.372922296367827727e-02
2.047686221384608513e-02 2.535478701905222523e-02
2.063485620704363574e-02 2.680289770539092536e-02
2.083240193628939363e-02 2.131404516649300016e-02
2.251461189266350249e-02 2.401288311766063693e-02
2.258180129245850737e-02 4.818441045896461328e-02
2.260528267716716000e-02 2.376175682310447887e-02
2.264968428411074167e-02 2.998713552336732327e-02
2.336842708855957004e-02 2.815718998260889616e-02
2.381242283453584990e-02 2.652382749350686020e-02
2.392274712777110734e-02 2.501827549391496402e-02
2.421832206455236738e-02 2.471245707613373491e-02
2.464035339310017420e-02 2.560138549951431614e-02
2.472572490494388472e-02 3.206643090747499786e-02
2.487978494842978811e-02 2.835558257679431787e-02
2.497746580051762172e-02 2.938269196708381478e-02
2.539793561415688156e-02 2.545135695381098295e-02
2.558670324626789727e-02 2.847698857119590130e-02
2.577609154330773311e-02 2.676452102479751419e-02
2.597380052847928292e-02 2.835558257679431787e-02
2.605010554477176984e-02 2.778969880074767113e-02
2.635875380061334858e-02 2.686616631488849063e-02
2.643564521584644555e-02 4.069258088521335998e-02
2.691848709101207771e-02 2.725005335100649448e-02
2.731015410613305341e-02 3.083678472897570869e-02
2.742157304978978458e-02 2.897552876896970428e-02
2.751926808560578239e-02 2.868340210857886832e-02
2.754403764469078378e-02 2.770731002114586866e-02
2.755455347754031531e-02 3.258687966382724233e-02
2.790593934436982892e-02 3.139854273121431977e-02
2.826458157559801759e-02 2.897552876896970428e-02
2.826865374636245223e-02 2.943523937761369572e-02
2.829701834887131742e-02 3.463635196554863682e-02
2.850692667015088111e-02 3.411430693861269153e-02
2.907958812457453121e-02 3.156265728566973183e-02
2.970048022066662172e-02 3.270996402979205880e-02
2.985608689086917747e-02 2.990109792845697251e-02
3.061228290587585457e-02 3.827210473164116555e-02
3.099594700492984412e-02 3.402012606250865573e-02
3.104737649347570974e-02 3.329078339217167448e-02
3.106088158968629831e-02 3.184214293740843943e-02
3.108896967820353602e-02 5.020903619063559614e-02
3.120133773187478907e-02 3.664598144886099806e-02
3.184727534833853291e-02 3.289404612361836178e-02
3.217624179947172619e-02 4.588101081401937953e-02
3.232405254276216749e-02 3.289774644837980405e-02
3.236002563976105723e-02 5.054254413811048313e-02
3.242071661270042732e-02 3.421465904411519904e-02
3.250202387921432429e-02 3.390328256343912161e-02
3.268500071535256069e-02 4.037267320383756269e-02
3.269929833642730432e-02 4.197012732360166226e-02
3.295021251110679533e-02 3.628944678672845620e-02
3.320750193565685099e-02 4.071959815407896754e-02
3.336657359519234339e-02 3.962530710063260492e-02
3.343541312679620264e-02 3.902052318486790711e-02
3.440621656248864235e-02 4.427947014423142674e-02
3.441971271464955989e-02 3.481007921039084435e-02
3.482394952566018193e-02 3.541111927216274852e-02
3.495484626087454194e-02 3.522986251086306086e-02
3.506315096046583313e-02 3.603548236109746505e-02
3.524682116051029018e-02 4.704460827684742164e-02
3.525094094492105257e-02 4.283575696216580103e-02
3.546230765843228633e-02 3.574568754056720726e-02
3.576492911576553690e-02 4.431536307198440799e-02
3.589188963649963399e-02 4.647161155142674749e-02
3.619376230485195356e-02 5.004254894053201952e-02
3.664527581599332645e-02 3.762387331248479710e-02
3.693226565966437058e-02 5.451987800305931053e-02
3.746023789091031120e-02 3.746688605686826490e-02
3.795103442222712981e-02 3.955315498102660032e-02
3.808412171291448295e-02 4.528779616159486765e-02
3.813182237332308350e-02 4.836092000679027142e-02
3.815937153282814021e-02 4.175744262477121965e-02
3.836440492402795610e-02 4.813765988980100996e-02
3.882486689559717929e-02 3.950122803544459799e-02
3.899826196493633851e-02 3.986142305795958851e-02
3.929085848250866292e-02 3.991529315022453173e-02
3.951261163292899697e-02 4.169266344394952084e-02
3.983805021652257750e-02 4.223039699992452156e-02
4.020008154943516265e-02 4.206130703206828469e-02
4.045098833962876977e-02 4.788804557868198836e-02
4.123657446932815079e-02 4.151262588789007835e-02
4.134925859180282187e-02 4.894358473653459551e-02
4.179776547390891273e-02 4.240599132218136197e-02
4.190878737973868090e-02 4.816348340445177761e-02
4.226694996801366039e-02 4.596347999485445035e-02
4.275426966484952712e-02 4.419541524948012584e-02
4.279222616326360668e-02 4.582645281469060333e-02
4.310003283050330147e-02 4.812057253295231457e-02
4.319975631411784867e-02 4.775171258930070717e-02
4.384374236719984497e-02 4.642751915881267177e-02
4.395560927910498183e-02 5.112073685490282904e-02
4.420221385450065488e-02 4.759734920745901932e-02
4.493342184257696076e-02 4.736955999540560375e-02
4.506324706493580745e-02 5.093089748408340112e-02
4.525843511361228588e-02 5.882217199193304213e-02
4.535354685898345534e-02 4.710157936481493973e-02
4.535469106907138309e-02 4.549346789269869545e-02
4.538514978386814364e-02 5.027658678496210731e-02
4.551699269002705550e-02 7.033122563204144417e-02
4.563833340973993957e-02 5.598327028759638585e-02
4.603841737263744682e-02 5.286767582201146176e-02
4.604290946560712222e-02 5.040117676649487344e-02
4.690889845980458772e-02 5.883767195834403718e-02
4.729126692951458877e-02 6.040495287655679030e-02
4.745536539444344948e-02 5.725227818065446034e-02
4.751740244458545898e-02 5.216571472014488314e-02
4.762215103097539037e-02 5.353879071017021013e-02
4.769064802128910457e-02 6.207217141049406472e-02
4.770189067746335304e-02 4.793566478804805325e-02
4.809482054586584898e-02 7.243019163460870380e-02
4.945715322506350625e-02 5.577598677268118949e-02
5.147865522374229369e-02 5.235300531241883493e-02
5.265874152112647033e-02 5.796804872806535919e-02
5.271269960619471423e-02 5.635356509413339682e-02
5.333102570646638257e-02 6.130713217931185732e-02
5.358855095433864846e-02 5.435057407104989385e-02
5.638711319233526142e-02 6.489845480181696824e-02
5.776537880955009280e-02 6.161378905697809799e-02
5.787175694813016108e-02 5.964685406569621151e-02
5.868644415827953265e-02 7.206382947165029806e-02
6.003678593236581179e-02 6.510017264231053591e-02
6.393331371993905832e-02 7.118798971746714832e-02
6.756917222356255415e-02 6.861191829485849270e-02
7.269627827370690742e-02 7.359536128136483224e-02
4.942977159589686531e-01 4.977567232117738327e-01
