2.341760142855385095e-03 2.768111957788393484e-03
2.508479954501912929e-03 2.588228056790464835e-03
3.135186511444616134e-03 3.300727691875345472e-03
3.191018898644736642e-03 3.563178075814323314e-03
3.606957525456497369e-03 4.470657459254867919e-03
3.769827143616304947e-03 3.833079699359434600e-03
4.080957602583094174e-03 4.233707052911971427e-03
4.273793828533296348e-03 4.499175827657407242e-03
4.905653789642219070e-03 4.947310715504754305e-03
4.969604739463027131e-03 5.158743013687972119e-03
5.698995342038861746e-03 6.279765411026156340e-03
5.732991105630428665e-03 5.884694938110848761e-03
6.327363307308079936e-03 7.481301669106488195e-03
6.560363810890145440e-03 6.597199472035923141e-03
7.000145357722931290e-03 8.432464815270091646e-03
7.302894274787193746e-03 8.124190780724033917e-03
7.459223198617984975e-03 8.039446718865576880e-03
7.552536233538975803e-03 1.107551815526641552e-02
7.652235923554747722e-03 9.959443358099699314e-03
7.655815756473854754e-03 7.892193397693977180e-03
8.162197502554396911e-03 9.031140311501829540e-03
8.420646052954505745e-03 8.517162956918475011e-03
8.421055171926849700e-03 9.046323037221198557e-03
8.614605867049533738e-03 9.577639962043917390e-03
8.765389288820816388e-03 1.057166147561283166e-02
8.908183917217076669e-03 9.399548502678050851e-03
8.920687345729446868e-03 9.812476097427224805e-03
8.927910855835363355e-03 1.168612992918166213e-02
8.964744000565426363e-03 1.023253985565928184e-02
9.057870740881251298e-03 1.014476879125742782e-02
9.221241570160323281e-03 9.812605607633003227e-03
9.289405020901427001e-03 9.400793253416766040e-03
9.294478266342184533e-03 1.001594893751018428e-02
9.301360711094660422e-03 1.280086946804737981e-02
9.498169964544174448e-03 1.232352581937938389e-02
9.705346405181803152e-03 1.105310405116122219e-02
9.819760476816883146e-03 1.237546924611109163e-02
1.024518310786300471e-02 1.043906843798831675e-02
1.034258490015466103e-02 1.279174272030098036e-02
1.071139167016725395e-02 1.243330450629638421e-02
1.072979628658474183e-02 1.495072969696403450e-02
1.083951958610678869e-02 1.102270068599829449e-02
1.104925259819973180e-02 1.248750721124512568e-02
1.121081373623626296e-02 1.269632116120786650e-02
1.131247644566769038e-02 1.286900236305718766e-02
1.131608546891351742e-02 1.190807671208624942e-02
1.132497424200102666e-02 1.186794611395532509e-02
1.137380883612450211e-02 1.197649849752880497e-02
1.139577234514787228e-02 1.451593471264809622e-02
1.146316509351093769e-02 1.516427749563584518e-02
1.152981723522965123e-02 1.155169012922718091e-02
1.165195545551273026e-02 1.259531850520215560e-02
1.175076799203115391e-02 1.216692214936324415e-02
1.183388337964238687e-02 1.197504169839303662e-02
1.183747331136244564e-02 1.366716598975544796e-02
1.204812599245102395e-02 1.721432745344794041e-02
1.217520095080429701e-02 1.380600283964322945e-02
1.220786075989830494e-02 1.334814678306473455e-02
1.221366112986000188e-02 1.476961257305800697e-02
1.232345065360936597e-02 1.354743053805716399e-02
1.237441316690268168e-02 1.417645769833676510e-02
1.240968323980059899e-02 1.306584240518462656e-02
1.250232847546378818e-02 1.297221282745808675e-02
1.254685907742854843e-02 1.457612592240614853e-02
1.276638759128947455e-02 1.391233091329695769e-02
1.295345105756163205e-02 1.302390783702608336e-02
1.307326823437967959e-02 1.436604496690160014e-02
1.319408644479063905e-02 1.569227360988214789e-02
1.332035189348251651e-02 2.045122437094885545e-02
1.343923060468108985e-02 1.495072969696403450e-02
1.353748044328229906e-02 1.444311191343199824e-02
1.364069180900682673e-02 1.606493989075750278e-02
1.364592853999224698e-02 1.620439012646246804e-02
1.396953906742174137e-02 1.492694205900172745e-02
1.405333508793093350e-02 1.854738157775522034e-02
1.411894446030002859e-02 1.584722112060078097e-02
1.418187376342446709e-02 1.572204451782108908e-02
1.423506426460046694e-02 1.588936553680189018e-02
1.424592873099117529e-02 1.436417371065545380e-02
1.425583612778622868e-02 1.663067409452370637e-02
1.428382917626985597e-02 1.457612592240614853e-02
1.430869602878761908e-02 2.240021336753509132e-02
1.435383039093963628e-02 2.188333925274434794e-02
1.440993585735698621e-02 1.465866000022574001e-02
1.442179254811287552e-02 1.708153889295882175e-02
1.471421005117769416e-02 1.696368148037958809e-02
1.476090690111372256e-02 1.476361056749786807e-02
1.478894721996688692e-02 1.587579792855245767e-02
1.495383889152921905e-02 1.540796038911593398e-02
1.497174825200286649e-02 1.535020368687206246e-02
1.497776355426429229e-02 1.612987672196241479e-02
1.502962280531589673e-02 1.770266559474381260e-02
1.507779694457049915e-02 1.625220605797665988e-02
1.513265025914531207e-02 2.651658172747316244e-02
1.515995952497911636e-02 1.570201312070385047e-02
1.530508764095050468e-02 1.888111608410012257e-02
1.541044605089602823e-02 2.267362728171141290e-02
1.541187131162938262e-02 1.845740721152700978e-02
1.550717091332015282e-02 1.655192542897267541e-02
1.553150469550445764e-02 1.640041073186772336e-02
1.555297917122511198e-02 2.461774851056755531e-02
1.563794137174244481e-02 1.836556207829761686e-02
1.564047718620837843e-02 1.732437998611598487e-02
1.564326224643084601e-02 1.656556243552429961e-02
1.573966765048526520e-02 2.205481964401610762e-02
1.612376315713133501e-02 1.658216073294368001e-02
1.614262354841284469e-02 1.750894042635681505e-02
1.625314578670296328e-02 1.846874581483538488e-02
1.634403783483285438e-02 1.653730857433456658e-02
1.637501221810852906e-02 1.731462533380232968e-02
1.645814394371133277e-02 1.996311863290044578e-02
1.658736069333471841e-02 1.769411307794844374e-02
1.660142692408490828e-02 2.315605907808190173e-02
1.667595313810478139e-02 1.840469816378297388e-02
1.674548629884656248e-02 1.704911377520835006e-02
1.685299692762382007e-02 1.721624748022453771e-02
1.687816665060978133e-02 2.396428934204462846e-02
1.692634590720482751e-02 1.744235538167127758e-02
1.705145604927251618e-02 2.877301239819924153e-02
1.711086732264064866e-02 1.760727446660819914e-02
1.721215155056832896e-02 1.749642694890677849e-02
1.738661326722081013e-02 1.847228223115553528e-02
1.740951388107467648e-02 1.766777994463638105e-02
1.743058076233614667e-02 2.235758534585431320e-02
1.752657361319924501e-02 2.103190635004831277e-02
1.763376951330141232e-02 1.864859690833518477e-02
1.765356570399975733e-02 2.322040028791521465e-02
1.782467428158919162e-02 1.789464168733245417e-02
1.783929786127486095e-02 1.839765317007108214e-02
1.807014167313515662e-02 2.429126299458679930e-02
1.810406548559375176e-02 2.004125218260512445e-02
1.819107694781182255e-02 1.991642688016706519e-02
1.828323981633232093e-02 1.935865613243684807e-02
1.839115906870404313e-02 2.681198392417817600e-02
1.882455111761579744e-02 2.369475276784010348e-02
1.908002784351110759e-02 1.993498236528367176e-02
1.910445285332845744e-02 1.963712080627226866e-02
1.927761737640246512e-02 1.998901219312354191e-02
1.951608651108507897e-02 2.345231171617144159e-02
1.980676557544358909e-02 2.007355508744279246e-02
1.981921608210568397e-02 2.367751322588257726e-02
1.985631731506094788e-02 2.633116378194272703e-02
1.991844415630698167e-02 2.056237892603348175e-02
2.010350363890629419e-02 2.025174582167988194e-02
2.016127698744335853e-02 2.139336351082930104e-02
2.018864577435687188e-02 2.180457419973216501e-02
2.021233762107135096e-02 2.184302076565996023e-02
2.039064089019213336e-02 2.923621856616678491e-02
2.053287770815637181e-02 2.600240993307969053e-02
2.064789407012497871e-02 2.489428524516993507e-02
2.089217403241239515e-02 2.781933422464417591e-02
2.098640119969824233e-02 2.568998555981880788e-02
2.112461832588463997e-02 2.564895862395029369e-02
2.118753611520626801e-02 2.324515558799632522e-02
2.127503595682466581e-02 2.655175335380853888e-02
2.134415789593141488e-02 2.261415331929270481e-02
2.152755450262930359e-02 2.325125365734508412e-02
2.159822174917480284e-02 2.275339933889851049e-02
2.192596215572462787e-02 2.296490849125276679e-02
2.195844933356282114e-02 2.277539025985988314e-02
2.201935724821750887e-02 2.352191072187752308e-02
2.225827993489697468e-02 2.401785859161923928e-02
2.238507901419178533e-02 2.405066502870125550e-02
2.241002357946906762e-02 2.739476910651898051e-02
2.279746281655789172e-02 2.641501367440627149e-02
2.304588064312710488e-02 2.766119517582655771e-02
2.321632422540905599e-02 2.371300163462951999e-02
2.453877793937150539e-02 2.588955967864549693e-02
2.464112878554702499e-02 2.677881979767444964e-02
2.469545048465896300e-02 2.537370703120752150e-02
2.478844439974232233e-02 2.525129656549731857e-02
2.486232390742035975e-02 3.107138059518186127e-02
2.542731649463690624e-02 2.611118490984806056e-02
2.545294551617937120e-02 2.606704143560440931e-02
2.549148135696379519e-02 2.686563370607734924e-02
2.654218193345564414e-02 2.725277102212021046e-02
2.664972089455277041e-02 3.263259577545302853e-02
2.685043984582995841e-02 2.998166632922040498e-02
2.706443777442405635e-02 2.929868801252052610e-02
2.742828285058783108e-02 2.812559033904235908e-02
2.803119486652441358e-02 2.965262913775850231e-02
2.836849183905683358e-02 3.173251033774482366e-02
3.068423259618477741e-02 3.091593524888049463e-02
3.086527099289132492e-02 3.654532629988245518e-02
3.132308608096786434e-02 3.183807189609162008e-02
3.285852732620908601e-02 3.773715862652148728e-02
3.408207338718462209e-02 3.809536243939718597e-02
3.515186114700320774e-02 3.575549031105680620e-02
3.589998503905427601e-02 3.683742215577141821e-02
