1.825097169197033254e-03 1.888790595348039964e-03
2.043059990372430614e-03 2.264142861999217035e-03
2.539262104158361219e-03 2.755414444392857449e-03
4.196219313081904316e-03 4.743255635216071624e-03
4.308259452508990395e-03 5.191388971578638628e-03
4.393336196392368803e-03 5.460509569752861753e-03
5.251272614175411454e-03 5.547478761080957589e-03
5.392288101727918045e-03 7.830772286336617344e-03
5.762775950039638467e-03 7.231480308799407251e-03
5.804925410765824842e-03 6.190976848406710281e-03
5.898993286983252211e-03 6.561288864046574063e-03
6.154422973991815690e-03 8.518506762287162554e-03
6.218305164792030208e-03 6.479771264098968878e-03
6.351341471802874478e-03 7.213037174642725896e-03
6.362328984734024785e-03 7.932547391880311050e-03
7.120145247474595103e-03 7.618235602879710675e-03
7.221071017814831988e-03 7.323671596185345363e-03
8.055657543610792587e-03 1.051295625920798879e-02
8.157450700165077076e-03 8.445788948694729625e-03
8.461005068297309389e-03 1.024906007686921666e-02
8.610481696257851411e-03 8.898575925435506587e-03
8.612693878662609076e-03 1.045432946972807767e-02
8.708698955853773696e-03 9.865216106649844774e-03
8.833716372760352237e-03 9.799160035713523620e-03
8.935850603178929069e-03 9.578518574933360744e-03
8.948835990826447401e-03 1.010461657736231797e-02
8.995067094287012913e-03 1.115651294090758833e-02
9.164608341273940834e-03 9.987358742784377408e-03
9.293286393463173062e-03 1.185324138709453919e-02
9.668316026302229207e-03 1.021811152903067191e-02
9.964684093588254896e-03 9.970880392043929979e-03
1.037366368153929373e-02 1.116195710526055561e-02
1.043389324057670924e-02 1.409923603898043630e-02
1.057037875251220019e-02 1.095801631454780892e-02
1.081194381093563903e-02 1.405346316726840440e-02
1.083736497933465888e-02 1.215609701739783430e-02
1.104376638919202236e-02 1.444769261141696896e-02
1.109505336093833706e-02 1.537835718356035664e-02
1.116672101649824472e-02 1.349494313866357771e-02
1.151143129043868084e-02 1.344383849066257616e-02
1.179942455838548301e-02 1.755514814725216144e-02
1.191714703009406906e-02 1.475105088908265985e-02
1.191945223235803090e-02 1.219209820109674706e-02
1.205097836494471719e-02 1.408155824753136443e-02
1.208161195818056866e-02 1.315681969928565037e-02
1.232941024879991194e-02 2.333866685670761554e-02
1.259978658487831589e-02 2.064910635849100118e-02
1.265345748848309762e-02 1.362518226714545637e-02
1.268092666795254085e-02 1.335389193145427277e-02
1.268818016091402892e-02 1.655602315207446718e-02
1.286166121705096393e-02 1.514304078385622469e-02
1.293246891483150300e-02 1.299097576383007220e-02
1.302107353158682077e-02 1.753462914479493942e-02
1.323702203141987818e-02 1.404652767264108829e-02
1.323976540795307986e-02 1.426725870496493853e-02
1.337478936922953214e-02 1.647373727854580666e-02
1.347719293155393190e-02 1.561043695677113118e-02
1.356669465819965344e-02 2.118658110841044676e-02
1.357604417660296381e-02 1.603296097859616132e-02
1.371619700266766238e-02 1.405092501421553210e-02
1.373704128044138037e-02 1.695671026189319100e-02
1.403167882858986394e-02 2.116638966703400862e-02
1.413704726413385002e-02 1.533417419433508178e-02
1.419814286697067968e-02 1.554517251528223128e-02
1.424004554498564147e-02 1.686875612674916189e-02
1.431111884836158005e-02 1.873707021301937448e-02
1.457838356321648245e-02 2.127906634222008139e-02
1.459090333472041860e-02 1.769675896614093455e-02
1.466122655345620043e-02 1.528310214948387646e-02
1.476324167953072669e-02 1.816323101638941256e-02
1.477544428385694011e-02 1.672437485607055838e-02
1.483169042232223428e-02 1.489790218635993202e-02
1.486472497505263862e-02 1.673029996491253238e-02
1.499075614083042116e-02 1.784228836038741217e-02
1.505067763524159212e-02 1.710774210885346314e-02
1.523562647678719344e-02 2.215308682190959139e-02
1.529073553773784878e-02 1.967257290437691639e-02
1.544737722453846072e-02 1.693157228125548655e-02
1.544759554253721280e-02 1.624632934418418495e-02
1.546222174051007855e-02 1.751628433348005609e-02
1.546447098744346306e-02 2.186898813477195988e-02
1.564830593790058830e-02 1.928931255525727709e-02
1.575434014440892094e-02 1.708723965915391954e-02
1.587714449339892170e-02 1.804933417614309338e-02
1.593013998986513025e-02 1.610852493377469899e-02
1.597327937851766855e-02 2.111322025802277874e-02
1.609001937906948468e-02 1.931211140616993782e-02
1.616766126481767804e-02 2.017678854148594395e-02
1.626971669437601506e-02 2.094480016088606789e-02
1.645445367953089766e-02 1.892998667504172672e-02
1.647086043135094144e-02 1.847430122473984679e-02
1.659256312771498210e-02 2.095289043936739148e-02
1.670980678184297991e-02 1.872629211675951033e-02
1.679091991279852564e-02 2.118910521455161580e-02
1.683586995144480125e-02 2.226314257532458277e-02
1.684884405916746083e-02 1.762857225109869599e-02
1.685057987764079085e-02 1.746035373542755009e-02
1.686482601017708777e-02 1.730761010644362233e-02
1.687236743559096530e-02 1.964103308070735965e-02
1.698203709128175143e-02 2.423864690092389709e-02
1.698537663349266452e-02 2.001993884094808301e-02
1.711532216193479422e-02 1.903658494549403599e-02
1.711692784918963928e-02 1.949190665190085256e-02
1.721275573113863894e-02 1.733076091621946549e-02
1.727014268175703846e-02 1.762990374248235223e-02
1.731592002757521495e-02 2.199072683778811876e-02
1.732124771508071828e-02 1.941869745641804784e-02
1.735699410351782684e-02 1.740727089298402600e-02
1.741228556037947850e-02 2.533328083752361265e-02
1.749143785937956955e-02 2.075514637372652751e-02
1.765051746253382126e-02 1.836405708759489622e-02
1.767273400696414351e-02 1.778452803541765923e-02
1.771063899073161557e-02 1.822884521964812654e-02
1.797527422956866211e-02 2.067488820852746850e-02
1.804230368189113989e-02 1.804839864202259503e-02
1.826346105051035798e-02 2.240722610006846971e-02
1.867970660486413526e-02 2.017678854148594395e-02
1.883223785887369606e-02 1.996172939848573843e-02
1.896662614436597089e-02 2.261932621645708699e-02
1.902429245559925444e-02 2.126346013595980036e-02
1.907476994293232087e-02 2.260784540716200691e-02
1.913784171753174154e-02 2.077129920289792764e-02
1.921565924683268228e-02 2.148598309594889483e-02
1.926555835483961809e-02 2.037478402874092626e-02
1.931886180613314602e-02 1.975154613955234367e-02
1.931944611085120722e-02 1.935159841622133281e-02
1.976936092849794491e-02 2.198906952190731595e-02
1.986609462767297343e-02 1.993149758405871053e-02
1.999479736782173306e-02 2.070952057605860569e-02
2.007838500537382706e-02 2.023359140506972992e-02
2.023028965602898660e-02 3.158860839836041129e-02
2.038300366556013848e-02 2.543206852363796844e-02
2.067609927347048918e-02 2.379269808507734896e-02
2.079318267130222248e-02 2.640206726424210518e-02
2.087983706799846975e-02 2.224263186486974408e-02
2.104946118548171180e-02 2.197158081321645695e-02
2.114149139915186965e-02 2.234489261146008904e-02
2.145519266730941399e-02 2.208418300149129002e-02
2.152101667918842470e-02 2.183977317944366808e-02
2.178099616545033437e-02 2.772701767143265564e-02
2.215904768279666412e-02 2.577776417641455473e-02
2.222355725118194472e-02 2.285747451756098975e-02
2.225754786211743205e-02 2.229322832232499829e-02
2.228823114623734725e-02 2.584475347422546254e-02
2.254561077854630446e-02 2.581422641173178670e-02
2.265193651530781130e-02 2.339648223587809106e-02
2.301416043115838209e-02 2.474970556920813927e-02
2.324961853952341867e-02 2.436948676112677195e-02
2.343449830080808483e-02 2.502040776770337108e-02
2.348033124236633198e-02 2.735686978890026350e-02
2.375705355708700520e-02 2.545108827419109709e-02
2.388844611098271675e-02 2.665168115462112144e-02
2.392382637264964945e-02 2.667713919299793263e-02
2.415465383765437457e-02 2.485927599597767546e-02
2.507437008119494173e-02 2.531538009753115520e-02
2.516616577997905432e-02 2.971489515239350565e-02
2.570591516125866893e-02 3.133919506890821965e-02
2.575178413692682036e-02 3.097792884625926238e-02
2.677317875651284360e-02 3.361717167832468239e-02
2.723666383575422401e-02 3.902303769586942112e-02
2.813395489498732305e-02 2.979257093706136339e-02
2.857125429181582230e-02 3.499533484252804333e-02
2.860001903271684048e-02 2.968190120340134103e-02
2.894567857528828475e-02 3.218711842688233571e-02
2.898170062694382237e-02 3.224497781868283786e-02
2.986794520558757118e-02 3.534996122811760039e-02
3.095948626369884188e-02 3.097730790291107136e-02
3.329655557580619291e-02 3.358304374763478733e-02
3.335907685426432040e-02 3.542932832970233092e-02
3.430270592009945774e-02 3.567836215647438025e-02
3.547411836839813731e-02 3.800881570726093173e-02
7.945615767542594243e-01 7.954807070689938753e-01
