8.047671165082278741e-03 8.390598890881888205e-03
1.210844633221976226e-02 1.348341753956682973e-02
1.276834334157860018e-02 1.278929989179605591e-02
1.406531493135260678e-02 1.607829784267946968e-02
1.476026824527833063e-02 1.497382261497708610e-02
1.477468539094889052e-02 1.538836825805241573e-02
1.699303635943985591e-02 2.400468373236670783e-02
1.699835025255826484e-02 1.987749362598999550e-02
1.753646701584474915e-02 1.836418649459195529e-02
1.759042909305425298e-02 1.763315431815454942e-02
1.762720480807653325e-02 2.069485605810785639e-02
1.785021041546853288e-02 1.803896501361716004e-02
1.798078782789036545e-02 1.872667461019040386e-02
1.828269833994953034e-02 1.840801739159279513e-02
1.880901307921145280e-02 2.486766468212620040e-02
1.897376719760787006e-02 2.136523781183418541e-02
1.909734483319299944e-02 1.940474418279868746e-02
1.943033124297996114e-02 2.061349365284014315e-02
1.963185935089173037e-02 2.033252750799003847e-02
1.990231907557887814e-02 2.104360709155833273e-02
2.026275171487952956e-02 2.326944185792665168e-02
2.032386095607315382e-02 2.199427215991205456e-02
2.079680409799712290e-02 2.136523781183418541e-02
2.109081815706214530e-02 2.151755150533583155e-02
2.132083326121424899e-02 2.305069756482226728e-02
2.138270058063876725e-02 2.328561817612661775e-02
2.138741226308163434e-02 2.153287488522438037e-02
2.194041892286570025e-02 2.262911557775949822e-02
2.216289640145771914e-02 2.573400271202853223e-02
2.224198661402670973e-02 2.384927033574412575e-02
2.282019303795649462e-02 2.597875695654082787e-02
2.287525031912025775e-02 3.113530153066961653e-02
2.306181569763305142e-02 3.332929250769733204e-02
2.346937382186314175e-02 2.467932510934809850e-02
2.359443882159214384e-02 2.585358481495659069e-02
2.400799153972328279e-02 2.841651826187747282e-02
2.407309228308247145e-02 4.676055838169092260e-02
2.410999939078229543e-02 2.683883720719060229e-02
2.416416014437131748e-02 2.693860694216867677e-02
2.442867364807169844e-02 3.071967900512825173e-02
2.449621574381929609e-02 2.509349210907109787e-02
2.460932508170544930e-02 2.469062410006860053e-02
2.510490620516879490e-02 3.366078651986001424e-02
2.519098751491995539e-02 2.759917182870568961e-02
2.556042266004164912e-02 3.199705516601743932e-02
2.596547049422661541e-02 3.152580575493902498e-02
2.602200007946281826e-02 3.840360620780504386e-02
2.603687121382265712e-02 2.607623685896331631e-02
2.617917191010963804e-02 2.758798104774613791e-02
2.648492166147477928e-02 2.816304323854541825e-02
2.664467687677009658e-02 4.115860806221565554e-02
2.677966903955433450e-02 3.636512693017601716e-02
2.683061761001710038e-02 2.881278052431406403e-02
2.714784311154009797e-02 3.672834356968139591e-02
2.764798322180048173e-02 3.126598714207249469e-02
2.788463652553651445e-02 3.469070902402836970e-02
2.802477189632660709e-02 2.921444724069895138e-02
2.831074777231340836e-02 3.034373601977095533e-02
2.853347320166722129e-02 3.610234887819364219e-02
2.887165110417546504e-02 3.564892797316293604e-02
2.903815346684987184e-02 3.694030887231253973e-02
2.910324997172316838e-02 3.903757808864681544e-02
2.942372838141433036e-02 3.104763544774239922e-02
2.952629309394504825e-02 4.193574342823529894e-02
2.972733230355896136e-02 3.591233564745109630e-02
2.994727200126335795e-02 3.323134958542989931e-02
2.997881085835928452e-02 3.427113057721978967e-02
3.018072938260681418e-02 4.026407663079474564e-02
3.059170027522209109e-02 3.210339881476420576e-02
3.061885147267652887e-02 3.351183964750978350e-02
3.082965817618248811e-02 3.483931438720256485e-02
3.113218618076937089e-02 3.434109782153023371e-02
3.115527536089740535e-02 3.874266327435713780e-02
3.140070046611531662e-02 3.245711533582537611e-02
3.147694012667916902e-02 4.435547912275938226e-02
3.163674428397576094e-02 3.634372866316227385e-02
3.170024987099201441e-02 3.267308179609378777e-02
3.174305633468594429e-02 3.179709420219723609e-02
3.197861748058779263e-02 3.684962456132524766e-02
3.200617918611665946e-02 3.249112755815628667e-02
3.201280940571837180e-02 3.315764188672375157e-02
3.210177787692986007e-02 4.623788767042118220e-02
3.229424699048338149e-02 3.535956508757129996e-02
3.246579202466372965e-02 3.287106892359030474e-02
3.301522609524249613e-02 4.246502356748337731e-02
3.307756255879901880e-02 4.129815238727910925e-02
3.313027477442243018e-02 3.326986072257020338e-02
3.395179417482340617e-02 3.897020369988691418e-02
3.427425160557621975e-02 4.352479051145526773e-02
3.460050157515694863e-02 3.996485461042404569e-02
3.461094446003748493e-02 4.193597498057608647e-02
3.477063547372481050e-02 4.756246464269169721e-02
3.510009229155296173e-02 3.931336449490632767e-02
3.518039539485583178e-02 3.546374973924054652e-02
3.518442486215518639e-02 3.564692034066326010e-02
3.521106039130229154e-02 4.504476255239427129e-02
3.524256919783479852e-02 3.778863943713001855e-02
3.568485341060562144e-02 4.247699847617671803e-02
3.575766980535562134e-02 3.959301656909068601e-02
3.593919374888349810e-02 3.878795596112517147e-02
3.598282788078215749e-02 4.226136470859414435e-02
3.634662721824477583e-02 3.659872300985830135e-02
3.647347135646590577e-02 4.750859312368876930e-02
3.652722417115907699e-02 3.949688267735099872e-02
3.661273928245836751e-02 3.681578021400955247e-02
3.671129981804394093e-02 4.263840206344791939e-02
3.702567080751800743e-02 4.941576672742536286e-02
3.733614651852137922e-02 4.211811290221084692e-02
3.742066223255647445e-02 5.662523522814704585e-02
3.753532559673464913e-02 4.946912760864467795e-02
3.788817654069272234e-02 3.883537452425264713e-02
3.795872980688892034e-02 4.559243322250822877e-02
3.818069779339228892e-02 3.972887253958824055e-02
3.819407783415462720e-02 3.882278596429208223e-02
3.853895937129075966e-02 5.618834240492622673e-02
3.877783918812972158e-02 4.043353395082547458e-02
3.904308125217795938e-02 4.019607398607524112e-02
3.955258919347741375e-02 4.403935002860080716e-02
3.959758472606722535e-02 4.324464595859059401e-02
4.041509510709274250e-02 4.477328949725254553e-02
4.051392157342657147e-02 4.110883908051495006e-02
4.094361382155057433e-02 4.207215789620379065e-02
4.094779451246199908e-02 4.877690533572341669e-02
4.099363853115702006e-02 4.413948232264316984e-02
4.112404122746003698e-02 4.277362425063987311e-02
4.130180367660080121e-02 4.546834934385909910e-02
4.140482165724019420e-02 4.685967558953232220e-02
4.192891671440719670e-02 4.482810301198140307e-02
4.193808991734586378e-02 4.565411078371774817e-02
4.203550535804442823e-02 4.352138012219396168e-02
4.217649896303927309e-02 5.123451404993037417e-02
4.293226640053034171e-02 4.387341135090606914e-02
4.317847296614767127e-02 4.700355011483985102e-02
4.343280761115773936e-02 4.633689108896693609e-02
4.427102754122996808e-02 4.568649284017368972e-02
4.494836172827049864e-02 5.440274466500746864e-02
4.495367199482172560e-02 5.023380536601530777e-02
4.537895274545980517e-02 4.863805777515368967e-02
4.572480447640914908e-02 5.328973955911474325e-02
4.604374774989270641e-02 4.826627671817911025e-02
4.634358377570113596e-02 4.815940295710622460e-02
4.653204796179793296e-02 6.082808648118162576e-02
4.764082321096495265e-02 4.970568548977912643e-02
4.965009354070857445e-02 5.519818643028198690e-02
4.974730403923650207e-02 5.094018937310352407e-02
5.023619408308009626e-02 5.801698407844957384e-02
5.023739378965723368e-02 6.334839541248105110e-02
5.107874595689145675e-02 5.413012476116375871e-02
5.159224277773370032e-02 5.339588423686123658e-02
5.181161343184909757e-02 5.294020941908086225e-02
5.256500779302229059e-02 6.603685844069896727e-02
5.362581085128412250e-02 5.500128457997684184e-02
5.418948773334118091e-02 6.099564769382310320e-02
5.564729079885902957e-02 5.922056082403483190e-02
5.597635775514803874e-02 6.110082110932398003e-02
5.701177366867837132e-02 5.720282544682113446e-02
5.719201766736853321e-02 6.127704546172264843e-02
5.938928973155086638e-02 5.996201561899215660e-02
5.970679182022588238e-02 6.099564769382310320e-02
6.003457909244376556e-02 6.031847485550359544e-02
6.021666708668609730e-02 6.335836536639626038e-02
6.231888480687547416e-02 7.135191557997505596e-02
6.373179608961287990e-02 7.497161993647996625e-02
6.378139236927307665e-02 7.408648203136514176e-02
6.446441976809222374e-02 7.174623982475678008e-02
6.668790146162512089e-02 6.920107436256903166e-02
7.236584885217968444e-02 7.933863481272417084e-02
7.915239706146041943e-02 8.357199472050734490e-02
8.753154369064705675e-02 9.243789294610592344e-02
1.122052435181863095e-01 1.129694216987107147e-01
