1.846014390236327398e-03 2.006659128903270049e-03
3.641100489850907646e-03 4.405829454110038630e-03
8.638219941345587349e-03 9.153176565698055087e-03
8.782592387339300047e-03 1.194794069773710138e-02
8.905228585726473675e-03 9.159620622655203701e-03
9.517766962260469643e-03 1.014707697387687117e-02
9.657783718598975109e-03 1.174974821022904507e-02
9.698905829495882425e-03 9.829484114387557897e-03
9.937050811793622998e-03 1.005692916923641052e-02
1.077002719525568461e-02 1.105621597441387022e-02
1.151643885260176560e-02 1.289297707198697532e-02
1.165400235773519574e-02 1.342097292294680902e-02
1.165540477871282628e-02 1.443827255174722282e-02
1.190934685738348833e-02 1.224457578944524415e-02
1.195863487547300062e-02 1.671221993454683960e-02
1.198651276666715115e-02 1.205243301910660300e-02
1.272498370044036070e-02 1.323894478798204842e-02
1.344742314513559453e-02 1.367537213928744430e-02
1.359631935111547257e-02 1.541582356817746725e-02
1.387772953409158183e-02 1.419511493248625487e-02
1.577126285041959702e-02 1.645608249829943678e-02
1.629395073393738805e-02 1.876967363353236606e-02
1.735426500923221982e-02 2.439694385999694598e-02
1.743934982610155851e-02 2.164107300137482759e-02
1.790430512275822603e-02 1.942450028883244140e-02
1.810405933052450234e-02 1.989929170332594907e-02
1.815940271278508253e-02 1.871522294178101092e-02
1.830832700423891748e-02 1.869984503700886092e-02
1.833311307723054298e-02 1.911851588219649553e-02
1.851163000783168089e-02 2.383312112933491309e-02
1.864751125678188945e-02 2.216991839693589414e-02
1.870294350471726763e-02 1.965149612588467862e-02
1.882625914252216218e-02 1.977413151910361461e-02
1.897576365974900509e-02 2.817551891449200652e-02
1.928323928482958416e-02 2.058652519220183219e-02
1.934250307091810173e-02 1.955033216532998594e-02
1.934793502996003112e-02 2.965007497866122346e-02
1.959652092503671658e-02 3.090605954225341540e-02
1.967574710485482659e-02 2.279477878269476135e-02
1.974287209205405347e-02 2.928882396155477880e-02
1.976238105404523604e-02 1.994674738962014596e-02
1.980333098164094308e-02 2.001311679040294542e-02
2.006010393955333024e-02 2.114678441738751177e-02
2.018542523937932529e-02 2.326414235123781468e-02
2.108026337766222974e-02 2.178295351176732023e-02
2.122366224178484986e-02 2.677391352188922963e-02
2.127870404530000578e-02 2.154140567761109876e-02
2.158915299759339365e-02 2.314584384735628858e-02
2.167631589352557106e-02 2.760371350511191951e-02
2.179106928324591255e-02 2.560591289598917672e-02
2.205972189505054498e-02 2.704358610069158841e-02
2.223373466600548146e-02 2.240027288185823459e-02
2.224836251460371797e-02 2.644991764903668885e-02
2.251439670664169904e-02 2.359066945412852459e-02
2.260454298689445335e-02 2.965007497866122346e-02
2.287037242093703862e-02 2.309407325951554416e-02
2.311632869641397359e-02 2.566176145478565179e-02
2.312441564252223566e-02 2.429489851058652672e-02
2.380227067893135595e-02 2.498180137535772199e-02
2.385153312897281969e-02 3.209880151218284100e-02
2.392929799340033983e-02 2.658222686131483936e-02
2.398134413079655927e-02 2.400122345883004202e-02
2.430259853990038299e-02 2.486082984485921479e-02
2.457868881601572505e-02 2.846162304602025545e-02
2.472785969803521430e-02 3.265914924799311753e-02
2.476727521556577188e-02 2.635950315689044796e-02
2.485849401622894361e-02 2.806140965465711568e-02
2.511056946007635127e-02 2.670215407690991125e-02
2.518345314673619759e-02 2.940395568425387129e-02
2.523842222067650826e-02 2.722893068084429602e-02
2.534940901326268592e-02 2.635669420283997741e-02
2.546826823231423953e-02 4.426209995425618021e-02
2.596092014521906785e-02 4.129118891242990197e-02
2.613338464211608855e-02 2.613394225369019414e-02
2.630310144322200658e-02 2.769130790970588882e-02
2.669062226549525491e-02 2.893587606009654506e-02
2.673154235819244842e-02 3.059508261588132425e-02
2.736972590978348566e-02 2.788602174880466800e-02
2.758302218813709489e-02 3.375067880272399068e-02
2.767297431755932208e-02 3.146616995118879656e-02
2.771258280680445260e-02 3.136865055017678400e-02
2.842961362560202446e-02 3.434409231011487096e-02
2.847961683359724952e-02 3.035720406901584040e-02
2.862438904637720424e-02 2.982969173932780924e-02
2.879678683663330560e-02 3.353029791799733150e-02
2.908678924025866197e-02 3.274821632963334506e-02
2.930950379131929198e-02 3.230356180673312622e-02
2.931093792331422240e-02 2.982969173932780924e-02
2.941871282545821184e-02 3.680124657088772872e-02
2.962666036028255984e-02 3.471562169715140117e-02
2.964580556597575661e-02 3.523576444542179942e-02
3.004759352470539463e-02 4.266146179718877107e-02
3.040503352432755504e-02 3.792766110928729589e-02
3.047804009859810676e-02 3.174309469766176117e-02
3.051804235895589495e-02 3.861838770447340030e-02
3.082282588867452447e-02 3.384309391778682341e-02
3.107024622820715731e-02 4.766665941771213583e-02
3.117863821417986986e-02 4.171905234820613706e-02
3.165137632595130951e-02 3.241834366440141113e-02
3.165418074154555811e-02 3.367407549431029878e-02
3.190520999604721381e-02 3.317573464081990942e-02
3.194454799205704437e-02 3.650043461990739452e-02
3.207457102013388378e-02 3.432411171279879658e-02
3.241830300817861304e-02 3.881592368288134393e-02
3.256006118872559196e-02 3.731448685358899897e-02
3.277608165726628164e-02 3.543602162583978088e-02
3.281259210508596230e-02 3.591164269464269809e-02
3.286008414454994614e-02 3.303724864245414367e-02
3.286889545655054951e-02 3.297862145689998969e-02
3.304948894221554356e-02 3.368983070098588439e-02
3.329572147371453322e-02 3.362434158449943006e-02
3.397150059921957149e-02 3.670176505831420494e-02
3.416809531696418656e-02 5.592422039142396634e-02
3.455717136406710049e-02 3.768444811548903733e-02
3.465292119066661763e-02 4.145903609272486717e-02
3.473789518030852286e-02 3.542373658157627753e-02
3.474044894495009750e-02 3.684442298718659803e-02
3.480743760611527265e-02 3.520558992682990690e-02
3.511773553044673229e-02 3.957430444606785391e-02
3.530173505001116957e-02 3.593926497279069376e-02
3.534960393002722218e-02 3.957792170973259416e-02
3.536080507943738932e-02 3.568203877785068590e-02
3.610583625797245122e-02 3.974463228499870021e-02
3.615215346872715368e-02 4.421964096657480386e-02
3.657456376726987007e-02 3.967464338094465331e-02
3.668196211050966243e-02 3.752761816720066868e-02
3.676196729569379540e-02 4.773456566833180620e-02
3.683843220913480404e-02 3.753301139903425510e-02
3.694147615614951780e-02 4.227094829472937548e-02
3.766531684134365870e-02 4.032689553417656558e-02
3.779377828675972717e-02 4.239375311412750535e-02
3.842331396619808048e-02 3.896452445076822174e-02
3.969261950455275911e-02 4.951287642892915342e-02
4.022632480892410212e-02 5.075227489296160049e-02
4.048659614992950601e-02 4.180871634224275074e-02
4.050497029999224063e-02 4.056943728269394450e-02
4.065463704595911193e-02 4.164965985840910628e-02
4.117030177580097844e-02 4.122371375194663901e-02
4.131641717682409121e-02 4.505265165843454905e-02
4.139301452504989126e-02 4.294887341627183497e-02
4.145770766893906029e-02 5.038290338322208572e-02
4.170001999933343334e-02 4.200761066158322649e-02
4.173441986150649291e-02 4.393468065175193393e-02
4.318784107094003621e-02 4.944425285227491140e-02
4.342919476525875649e-02 4.538492780265205445e-02
4.370825493250174443e-02 4.822756108869121622e-02
4.396880079019776372e-02 4.435114927835137610e-02
4.403777572081378489e-02 5.269280617571753256e-02
4.454274454185576382e-02 5.054129268736722719e-02
4.473554987302596347e-02 5.029613481367721517e-02
4.485603179813913571e-02 4.539952647186234341e-02
4.571168726772536356e-02 5.089960949920835365e-02
4.751577151156315126e-02 5.062987362118893248e-02
4.862267771133507721e-02 5.722512638988214162e-02
4.919658563208489238e-02 6.130143341255767792e-02
4.936953312117794285e-02 6.234622485401983272e-02
4.967651711797831104e-02 6.657039989194149521e-02
5.005962658236031565e-02 5.630148044727319862e-02
5.039751836153891912e-02 5.415658024153922195e-02
5.042281605034910907e-02 5.793179242704855902e-02
5.107913721154688780e-02 5.936399470030058467e-02
5.129083512759486513e-02 5.395929429851994280e-02
5.131182448387255901e-02 5.560784645207853677e-02
5.142867080585971501e-02 5.146757750677106308e-02
5.217182399091346845e-02 5.572614291678597981e-02
5.246226372643295749e-02 6.151171841977851051e-02
5.264414786614979996e-02 5.361973928663652661e-02
5.419450285234463788e-02 5.629599618254328697e-02
5.448697165597514436e-02 5.968209236792001299e-02
5.487364695709336798e-02 5.684398777686090753e-02
5.908730675098809726e-02 6.998591666874549866e-02
5.945124887129686619e-02 6.507488589645088473e-02
6.014866699677230699e-02 6.509105387817534782e-02
6.072166557134872633e-02 6.645907262655804948e-02
6.087579994258109778e-02 6.936497597238981683e-02
6.094284949346522734e-02 6.896252374872550994e-02
6.646001380827833149e-02 6.780661577088918646e-02
6.723924407614209620e-02 6.889199498243595010e-02
6.959067586636176472e-02 7.080474007015385984e-02
7.168493571746355209e-02 7.426267754421565781e-02
8.331626824912154172e-02 8.654461866076784693e-02
6.911241958275231578e-01 6.932622102277891107e-01
