2.935241243567205359e-03 3.003564356609021192e-03
6.785915412982073021e-03 7.272717638163634507e-03
6.969683528660055791e-03 7.467061696634022701e-03
7.587849595040460290e-03 7.975362962346906753e-03
9.206301447976458080e-03 1.423498304222965694e-02
9.869415105126969068e-03 1.011328720122578115e-02
9.944530835611061284e-03 1.105210430527339867e-02
1.019685813930615997e-02 1.194315126715497603e-02
1.041581060679369619e-02 1.099485694732970677e-02
1.129087962459178821e-02 1.390919363958311415e-02
1.166355172081161296e-02 1.300384983110071217e-02
1.220488977261583938e-02 1.236460867205110663e-02
1.243138011120367530e-02 1.462075881147065215e-02
1.248449391622028642e-02 1.328682874429205560e-02
1.263774138400969131e-02 1.343921556754590699e-02
1.269623649080301939e-02 1.605423801817849189e-02
1.291499363402450612e-02 1.562507482651205593e-02
1.307248473888200126e-02 1.729563337718288338e-02
1.340479756182256718e-02 1.869458263953400687e-02
1.343826259957646256e-02 1.356995307110146418e-02
1.391879607859781813e-02 1.486843566805539675e-02
1.400463089048123271e-02 1.592516268334858223e-02
1.419076799702391825e-02 1.826991375945909504e-02
1.471908286954594705e-02 1.769879922133351172e-02
1.479907600320237195e-02 1.480146836449404077e-02
1.502387434259847519e-02 1.910186844997269554e-02
1.545853441633790112e-02 1.688289121677192042e-02
1.568639345134957910e-02 1.804778948406583761e-02
1.614308002009949214e-02 2.129935665112255710e-02
1.619594484431598203e-02 1.641843169508332492e-02
1.626073944707842264e-02 1.743206647497660966e-02
1.632517526485887174e-02 1.951927118202980566e-02
1.646583214338324941e-02 2.258659942598328918e-02
1.677559292040007102e-02 1.773326794951101196e-02
1.719548658782321660e-02 1.812808239202095759e-02
1.741690712685574696e-02 1.848551715909958759e-02
1.745642605496493596e-02 1.777476635987658773e-02
1.760896508073437824e-02 1.904198885775605990e-02
1.761742854886160989e-02 2.536495132058327190e-02
1.764018821188591615e-02 2.106454731040468056e-02
1.770129601234560202e-02 1.951166714662188814e-02
1.793661217446269884e-02 1.917956377280019553e-02
1.832799512270791645e-02 2.090127463640497132e-02
1.847494681387578525e-02 2.399270342151398755e-02
1.857765892822471274e-02 2.096422782825619474e-02
1.860217040075398676e-02 1.910118131223480231e-02
1.875900819282934340e-02 2.001169457184780176e-02
1.878266959410470477e-02 3.045828168216920678e-02
1.909901188467474226e-02 2.250063161142244056e-02
1.912819111853944834e-02 1.987689607172534942e-02
1.914923326108354529e-02 2.062698687873000189e-02
1.917389835616249705e-02 1.951381473314205833e-02
1.965530040337949008e-02 1.984325011127020116e-02
1.973464207358367056e-02 2.108178368661357133e-02
1.997612787355840941e-02 2.232830193086116771e-02
2.044640878411317295e-02 3.256917281574873285e-02
2.060277922608649143e-02 2.374269413004489321e-02
2.086683174977350258e-02 2.203214511155230163e-02
2.091916505890153294e-02 2.649871247090798340e-02
2.106360413747531551e-02 2.314509900217618862e-02
2.124088126693093187e-02 3.098438646993835130e-02
2.163038155638003987e-02 2.579397786873401446e-02
2.163446102786334077e-02 2.425790971969191134e-02
2.163494482087009729e-02 2.677115529392663090e-02
2.171575612738137900e-02 3.098809635441993060e-02
2.198348103084214050e-02 2.386160649796211647e-02
2.199578658730412875e-02 2.302816079818488862e-02
2.211136691976903212e-02 2.662215578254611970e-02
2.227890992457200528e-02 2.729751784326778924e-02
2.232784279621763401e-02 3.366129766055071804e-02
2.234281708022346769e-02 2.628715583258167329e-02
2.262169643743586547e-02 2.424269559079433867e-02
2.262399790158529239e-02 2.429628069675630539e-02
2.264142385303023405e-02 2.829431934854516328e-02
2.294183669626443864e-02 2.587189587554129117e-02
2.299112120098123491e-02 2.327974325266712191e-02
2.300636632099640685e-02 2.875174846469574774e-02
2.310407330715581395e-02 2.541491232937148625e-02
2.314644128665858600e-02 2.547326737032185734e-02
2.330016599857336751e-02 2.492328398825330998e-02
2.365459180118859375e-02 2.453365059331253165e-02
2.383529812236102191e-02 2.669895709235755796e-02
2.399980725546263516e-02 2.749781943937081030e-02
2.420462324939469043e-02 2.912845459698982370e-02
2.429220206384913663e-02 2.829276785771143651e-02
2.429539984597776578e-02 2.570717898052575501e-02
2.430316380946727362e-02 3.143972310900856187e-02
2.443961469347765217e-02 2.619017351672289773e-02
2.463480705514082061e-02 4.040829479164224913e-02
2.465174035991173421e-02 2.670339528257615822e-02
2.474319346825548313e-02 2.575678730562973306e-02
2.478050596775776410e-02 2.533840500226049522e-02
2.479772580714832350e-02 3.169667191884550927e-02
2.488844458711985536e-02 2.784072967276348884e-02
2.507732343089675089e-02 2.624775349808048525e-02
2.508198684701829981e-02 2.882217565969526218e-02
2.520027127429509337e-02 2.597948072898862565e-02
2.527346074527508230e-02 2.914699155715632511e-02
2.547712377853797450e-02 2.751429720867410583e-02
2.549288899725685176e-02 3.066695773837669475e-02
2.555408527324522575e-02 3.229895035357541883e-02
2.556470104326091786e-02 3.405288695217790346e-02
2.558128612916726191e-02 2.782892167474158504e-02
2.568701512650328408e-02 3.007272957898849547e-02
2.576504571319310558e-02 2.688475688370246461e-02
2.585149949517872095e-02 2.766167664449167840e-02
2.585881957396433256e-02 3.404646326074224627e-02
2.601929710981071633e-02 2.897725677080663018e-02
2.628679279543954389e-02 3.204001131322200407e-02
2.685007608071451196e-02 2.803752338679195780e-02
2.687852317777093478e-02 2.748689065029323586e-02
2.693552000721982989e-02 3.190325305761231023e-02
2.706147453642145442e-02 2.780993744727611183e-02
2.713995987618465430e-02 2.852588001606066667e-02
2.714435503492717769e-02 3.118014624824907988e-02
2.759088518857770803e-02 3.093387343912085141e-02
2.772387326600446109e-02 3.586524465502665543e-02
2.840015997249160234e-02 2.852588001606066667e-02
2.847232196334667162e-02 3.232609549207444977e-02
2.851369233132356601e-02 2.905953301351640525e-02
2.885204155107935070e-02 4.099461492215700914e-02
2.921856083774778540e-02 3.937565395330749202e-02
2.966609003265244932e-02 3.930743663275294841e-02
2.972612198618757723e-02 3.843538645837558249e-02
2.977179270477640569e-02 3.274871507812471272e-02
2.993116060252932337e-02 3.555368429261187430e-02
3.026594362728338150e-02 3.415967476241235645e-02
3.030142148171398320e-02 3.194362706637436655e-02
3.038732534146777742e-02 3.113682828808431863e-02
3.049949412007627383e-02 3.163180891322526361e-02
3.104312845248802244e-02 3.641698424766483255e-02
3.106111972313851943e-02 3.690255091884027394e-02
3.123764466706956816e-02 3.228794770994528052e-02
3.124394860981073718e-02 3.353398065034038367e-02
3.130631280963340479e-02 3.388767839840863688e-02
3.134680175658324797e-02 3.251330183721486827e-02
3.146571939616300828e-02 3.324949283473518230e-02
3.150104790918219905e-02 3.195579013907007965e-02
3.163474460246857439e-02 4.747035388781839504e-02
3.167847977333416304e-02 3.974482691937542694e-02
3.194006321444616686e-02 3.374202003282582990e-02
3.210332985714869219e-02 3.594144913720184048e-02
3.245729166792718501e-02 4.050294102944666103e-02
3.280878882982691397e-02 4.125080863613683757e-02
3.281172821636571535e-02 3.362642691488722246e-02
3.337774349262036949e-02 4.428002017793767481e-02
3.401866047406915117e-02 3.963958188101926461e-02
3.408753045346708810e-02 4.515461110236330955e-02
3.433753704660331973e-02 3.494013589839760348e-02
3.442209901829411389e-02 3.543922662808290241e-02
3.471422961310909050e-02 3.474792062524317826e-02
3.485137650166454659e-02 4.091785865245148313e-02
3.605645336052494543e-02 4.123843215458330297e-02
3.608669950416984462e-02 3.714507468375532334e-02
3.629765555436974267e-02 3.791347836563267737e-02
3.708371657148728379e-02 4.028810316672297442e-02
3.789391506210242760e-02 4.105688277545207349e-02
3.840016733411587280e-02 3.997416917134707925e-02
3.848665736302623458e-02 4.618192701313385273e-02
3.866272632764262279e-02 4.393334357350489605e-02
3.871322919416119585e-02 4.647827470484474505e-02
3.960815748163606237e-02 4.579653969633660365e-02
4.024144053660092674e-02 4.125025471356731643e-02
4.058516205614851047e-02 4.708864133501549504e-02
4.182326039575490206e-02 4.453407855535934656e-02
4.246474095004946353e-02 4.468784557987969669e-02
4.259634202233068823e-02 4.288031448786943506e-02
4.285214350330915356e-02 4.339754143626388394e-02
4.356070215854172811e-02 4.540734044481420373e-02
4.389794850940632875e-02 4.545521044775820835e-02
4.539569282747610984e-02 4.851270917035489100e-02
4.612068318894513991e-02 5.129179680561583854e-02
4.630836181620234110e-02 5.800300885478502921e-02
4.700468583309145437e-02 4.823567792850655400e-02
4.740249887428010095e-02 5.058214325671350764e-02
4.780522600645323306e-02 4.823599258692230080e-02
4.828763911887434118e-02 4.829201923710393224e-02
4.881637642333467447e-02 5.343389782341452510e-02
4.884683235861168177e-02 5.335841898660399069e-02
4.896527801549121345e-02 4.944068205736412008e-02
4.923537909315801181e-02 5.232188061851265198e-02
5.102304895192669165e-02 6.002707363477136071e-02
5.115792925033439686e-02 5.493005771894704514e-02
6.439844875483967390e-02 6.651855931735790872e-02
6.661948869804507067e-02 7.496388778423247745e-02
7.320895703629652640e-02 9.792940519865803162e-02
7.980636734135074795e-01 8.006152769646956990e-01
