0.000000000000000000e+00 1.352196230562344170e-02
0.000000000000000000e+00 1.635477959301467887e-02
0.000000000000000000e+00 1.599591000307904951e-02
0.000000000000000000e+00 9.083142623348933881e-03
0.000000000000000000e+00 8.359085464335367505e-03
0.000000000000000000e+00 1.881134166120315698e-02
0.000000000000000000e+00 2.016102969122230207e-02
0.000000000000000000e+00 7.828982906951470477e-03
0.000000000000000000e+00 1.344054135098518739e-02
0.000000000000000000e+00 8.072124340068874068e-03
0.000000000000000000e+00 6.690955541219303047e-03
0.000000000000000000e+00 1.521105360089210386e-02
0.000000000000000000e+00 4.602111975944383343e-03
0.000000000000000000e+00 1.561996886204237989e-02
0.000000000000000000e+00 1.713145009100325300e-02
0.000000000000000000e+00 1.134266055595387936e-02
0.000000000000000000e+00 1.200935078730369816e-02
0.000000000000000000e+00 1.327388931316576814e-02
0.000000000000000000e+00 4.565376249695244845e-03
0.000000000000000000e+00 7.570768335020849026e-03
0.000000000000000000e+00 1.703524488785049251e-02
0.000000000000000000e+00 1.362575083782154896e-02
0.000000000000000000e+00 1.935281476794333336e-02
0.000000000000000000e+00 7.021707840196698101e-03
0.000000000000000000e+00 8.739729545350646486e-03
0.000000000000000000e+00 1.437422818452029245e-02
0.000000000000000000e+00 4.782609176969544219e-03
0.000000000000000000e+00 7.734503406386649370e-03
0.000000000000000000e+00 6.141943486390318181e-03
0.000000000000000000e+00 9.835519779213746511e-03
0.000000000000000000e+00 5.814107328427884497e-03
0.000000000000000000e+00 1.655816158523458828e-02
0.000000000000000000e+00 4.328882565183517217e-03
0.000000000000000000e+00 6.455433821692771988e-03
0.000000000000000000e+00 9.210570527105629499e-03
0.000000000000000000e+00 2.899660471925160059e-03
0.000000000000000000e+00 5.105752809188504257e-03
0.000000000000000000e+00 3.710134404951853215e-03
0.000000000000000000e+00 3.335407473650692754e-03
0.000000000000000000e+00 1.919564938705922794e-03
0.000000000000000000e+00 1.246216411626240202e-02
0.000000000000000000e+00 8.670773187951176433e-04
0.000000000000000000e+00 1.035425164276926324e-02
0.000000000000000000e+00 1.319040168560629313e-02
0.000000000000000000e+00 1.133682713889320147e-02
0.000000000000000000e+00 9.435588696321687771e-03
0.000000000000000000e+00 1.118014230314567578e-02
0.000000000000000000e+00 3.123350822393189136e-03
0.000000000000000000e+00 8.600173460225022173e-03
0.000000000000000000e+00 8.315123346119071557e-03
0.000000000000000000e+00 1.088740634236361540e-02
0.000000000000000000e+00 1.615443762940479630e-02
0.000000000000000000e+00 7.786288815173843941e-03
0.000000000000000000e+00 1.350497835673401120e-02
0.000000000000000000e+00 5.877455780721442535e-03
0.000000000000000000e+00 1.736718581224074671e-03
0.000000000000000000e+00 8.822150109979323349e-03
0.000000000000000000e+00 7.449358340614919624e-03
0.000000000000000000e+00 4.277582239669389629e-03
0.000000000000000000e+00 9.828779271792721303e-03
0.000000000000000000e+00 1.510891010707307580e-02
0.000000000000000000e+00 2.080881653488670865e-02
0.000000000000000000e+00 7.855480242357573001e-03
0.000000000000000000e+00 1.352333321069346637e-02
0.000000000000000000e+00 5.371999956687934299e-03
0.000000000000000000e+00 1.359605969365993740e-02
0.000000000000000000e+00 1.132055434436468611e-02
0.000000000000000000e+00 9.650465006827962239e-03
0.000000000000000000e+00 2.450417309953988737e-02
0.000000000000000000e+00 5.233153589857706886e-03
0.000000000000000000e+00 4.102646487225195676e-03
0.000000000000000000e+00 1.594375847783885067e-02
0.000000000000000000e+00 9.910808736690829984e-03
0.000000000000000000e+00 9.880922569589061996e-03
0.000000000000000000e+00 6.081599407553720839e-03
0.000000000000000000e+00 1.089104287456781756e-02
0.000000000000000000e+00 1.184732426454737815e-02
0.000000000000000000e+00 7.811713306244667289e-03
0.000000000000000000e+00 9.745160099378973040e-03
0.000000000000000000e+00 1.419662078969367684e-02
0.000000000000000000e+00 4.429496477920319419e-03
0.000000000000000000e+00 1.040713884679825632e-02
0.000000000000000000e+00 1.203732888475629592e-02
0.000000000000000000e+00 5.693540358051916647e-03
0.000000000000000000e+00 6.511285467207178664e-03
0.000000000000000000e+00 9.102849311366638732e-03
0.000000000000000000e+00 6.104017414480296215e-03
0.000000000000000000e+00 1.171965462530515263e-02
0.000000000000000000e+00 2.225635921643826648e-02
0.000000000000000000e+00 1.595694213289569965e-02
0.000000000000000000e+00 8.379609802652079886e-03
0.000000000000000000e+00 1.759270313875791955e-02
0.000000000000000000e+00 1.645922660084694900e-02
0.000000000000000000e+00 5.296201707032648955e-03
0.000000000000000000e+00 1.623184889749670554e-02
0.000000000000000000e+00 4.052255063077480138e-03
0.000000000000000000e+00 5.336312869106013893e-03
0.000000000000000000e+00 4.016833287086979225e-03
0.000000000000000000e+00 2.067422956762456077e-02
0.000000000000000000e+00 8.664073831610656640e-03
0.000000000000000000e+00 4.659941250174608370e-03
0.000000000000000000e+00 7.010031482001729229e-03
0.000000000000000000e+00 9.651733759271441740e-03
0.000000000000000000e+00 5.043064590738697422e-03
0.000000000000000000e+00 6.958178968764297707e-03
0.000000000000000000e+00 1.326174383960177297e-02
0.000000000000000000e+00 1.146400670530195801e-02
0.000000000000000000e+00 7.905778480609108524e-03
0.000000000000000000e+00 9.386982556495084701e-03
0.000000000000000000e+00 4.423548578571018589e-03
0.000000000000000000e+00 5.219135437941078114e-03
0.000000000000000000e+00 9.857825846729220340e-03
0.000000000000000000e+00 8.672522302531760277e-03
0.000000000000000000e+00 1.244171631686343850e-02
0.000000000000000000e+00 9.439863329633721087e-03
0.000000000000000000e+00 8.420754014296051235e-03
0.000000000000000000e+00 5.001077545200243932e-03
0.000000000000000000e+00 1.111114992252013565e-02
0.000000000000000000e+00 9.365090513942403785e-03
0.000000000000000000e+00 7.011973071176911924e-03
0.000000000000000000e+00 3.960068619756005812e-03
0.000000000000000000e+00 3.139727726785110969e-03
0.000000000000000000e+00 2.523137024112464578e-03
0.000000000000000000e+00 5.125461730579088104e-03
0.000000000000000000e+00 1.320258436038018995e-03
0.000000000000000000e+00 3.135829138240436159e-03
0.000000000000000000e+00 3.831283972462840720e-03
0.000000000000000000e+00 8.070985873820050310e-03
0.000000000000000000e+00 1.395528676842314880e-02
0.000000000000000000e+00 3.437923279990854133e-03
0.000000000000000000e+00 3.681036559178839027e-03
0.000000000000000000e+00 9.320940231259998779e-03
0.000000000000000000e+00 8.537902971848409031e-03
0.000000000000000000e+00 3.043816205778039543e-03
0.000000000000000000e+00 1.540780210874864373e-02
0.000000000000000000e+00 1.365173730271876211e-02
0.000000000000000000e+00 1.133631517817556373e-03
0.000000000000000000e+00 9.734252952063655873e-03
0.000000000000000000e+00 7.440905506962014297e-03
0.000000000000000000e+00 8.384906176775595160e-03
0.000000000000000000e+00 4.574190129818513258e-03
0.000000000000000000e+00 1.322594249254352254e-02
0.000000000000000000e+00 3.351782973343016194e-03
0.000000000000000000e+00 1.887813315827823260e-02
0.000000000000000000e+00 3.566267364998556687e-03
0.000000000000000000e+00 2.383071474378584131e-02
0.000000000000000000e+00 7.437968242477970525e-03
0.000000000000000000e+00 7.687464225187337283e-03
0.000000000000000000e+00 7.796791864180433775e-03
0.000000000000000000e+00 1.059791055890611441e-02
0.000000000000000000e+00 7.514416147417795526e-04
0.000000000000000000e+00 4.205075575169471037e-03
0.000000000000000000e+00 5.464168487385911294e-03
0.000000000000000000e+00 1.459642615351007186e-02
0.000000000000000000e+00 9.642242159660693174e-03
0.000000000000000000e+00 3.868786763866348139e-03
0.000000000000000000e+00 1.097038321218606755e-02
0.000000000000000000e+00 7.091362487055841331e-03
0.000000000000000000e+00 5.665854439109545282e-03
0.000000000000000000e+00 2.055533704221513148e-03
0.000000000000000000e+00 1.054128433401527523e-02
0.000000000000000000e+00 1.005143117571164792e-02
0.000000000000000000e+00 7.079841413233094356e-03
0.000000000000000000e+00 5.105205078087909215e-03
0.000000000000000000e+00 1.560721644858756394e-03
0.000000000000000000e+00 1.865631394108955426e-02
0.000000000000000000e+00 2.092018285440473344e-02
0.000000000000000000e+00 4.041657423283849526e-03
0.000000000000000000e+00 4.039717062986439809e-03
0.000000000000000000e+00 8.099175502408557589e-03
0.000000000000000000e+00 1.370811876517975293e-02
0.000000000000000000e+00 7.369331903576061861e-03
0.000000000000000000e+00 3.771936377021417597e-03
0.000000000000000000e+00 1.566390297568017245e-02
0.000000000000000000e+00 1.087322607671356058e-02
0.000000000000000000e+00 8.657770303192124581e-03
0.000000000000000000e+00 1.021395119356362929e-02
0.000000000000000000e+00 1.619153456476014018e-03
0.000000000000000000e+00 9.031005460770045318e-03
0.000000000000000000e+00 2.452571880846072042e-03
0.000000000000000000e+00 4.168384988873805562e-03
0.000000000000000000e+00 5.256123774659606993e-03
0.000000000000000000e+00 2.362588501963437497e-03
0.000000000000000000e+00 1.299415759178123957e-02
0.000000000000000000e+00 1.281090535008626123e-02
0.000000000000000000e+00 5.363994214208324222e-03
0.000000000000000000e+00 2.354906850953056210e-03
0.000000000000000000e+00 2.752387424369780872e-03
0.000000000000000000e+00 6.619989708792032301e-01
0.000000000000000000e+00 9.999624758183691536e-03
0.000000000000000000e+00 9.358560298311927386e-03
0.000000000000000000e+00 2.549788448817898179e-02
0.000000000000000000e+00 1.287630775005069519e-02
0.000000000000000000e+00 1.870553550563111220e-02
0.000000000000000000e+00 6.380620126592053722e-03
0.000000000000000000e+00 8.356891713116003720e-03
0.000000000000000000e+00 3.940244443262620917e-03
0.000000000000000000e+00 9.271714037609284087e-03
0.000000000000000000e+00 1.445030671745694065e-02
0.000000000000000000e+00 1.274607073728056469e-02
0.000000000000000000e+00 8.910551773858754049e-03
0.000000000000000000e+00 8.113277329517972272e-03
0.000000000000000000e+00 1.673912671974089883e-02
0.000000000000000000e+00 1.201354147030623404e-02
0.000000000000000000e+00 1.722052025811871001e-02
0.000000000000000000e+00 1.120170384841127215e-02
0.000000000000000000e+00 7.290252074125167479e-03
0.000000000000000000e+00 3.179072585026683148e-03
0.000000000000000000e+00 2.087536824623278942e-02
0.000000000000000000e+00 4.039473702595709065e-03
0.000000000000000000e+00 1.368434205120692623e-02
0.000000000000000000e+00 9.810510278486575531e-03
0.000000000000000000e+00 2.082832320932399318e-03
0.000000000000000000e+00 9.024560293434272587e-03
0.000000000000000000e+00 1.180774696620426334e-02
0.000000000000000000e+00 1.144725546566516781e-02
0.000000000000000000e+00 3.101196793223499979e-03
0.000000000000000000e+00 1.462428796734305432e-02
0.000000000000000000e+00 1.091493156185468529e-02
0.000000000000000000e+00 1.190292847463905734e-02
0.000000000000000000e+00 8.640509738973867551e-03
0.000000000000000000e+00 1.077602586106661715e-02
0.000000000000000000e+00 3.217140397243010031e-03
0.000000000000000000e+00 1.214027985044262639e-02
0.000000000000000000e+00 8.226312559071382452e-03
0.000000000000000000e+00 8.326258094280898636e-03
0.000000000000000000e+00 7.886067439180464642e-03
0.000000000000000000e+00 9.754210768516997573e-03
0.000000000000000000e+00 1.218129129806064422e-02
0.000000000000000000e+00 7.481026031107861074e-03
0.000000000000000000e+00 1.215765683966464270e-02
0.000000000000000000e+00 6.035778378920372833e-03
0.000000000000000000e+00 1.173463798202689645e-02
0.000000000000000000e+00 1.125735850384717955e-02
0.000000000000000000e+00 9.032505577319870430e-03
0.000000000000000000e+00 1.378287746304392852e-02
0.000000000000000000e+00 2.074101929657741050e-03
0.000000000000000000e+00 8.392915640971512770e-03
0.000000000000000000e+00 2.556001977717395693e-02
0.000000000000000000e+00 1.798677908779301379e-02
0.000000000000000000e+00 1.749131290602050012e-02
0.000000000000000000e+00 6.631933613657965167e-03
0.000000000000000000e+00 8.369869214279995057e-03
0.000000000000000000e+00 1.269265979968691414e-02
0.000000000000000000e+00 8.191405912323781319e-03
0.000000000000000000e+00 9.760109575255894454e-03
0.000000000000000000e+00 1.805437384798177017e-02
0.000000000000000000e+00 5.451308851498666910e-03
0.000000000000000000e+00 2.106708713996486085e-02
0.000000000000000000e+00 1.536730106522551237e-02
0.000000000000000000e+00 1.507359916057473062e-02
0.000000000000000000e+00 7.985543462653336977e-03
0.000000000000000000e+00 7.485511926325790627e-03
0.000000000000000000e+00 5.444207584297804103e-03
0.000000000000000000e+00 6.068817648988397533e-03
0.000000000000000000e+00 3.755488863934394739e-02
0.000000000000000000e+00 1.035012449012460978e-02
0.000000000000000000e+00 2.376126730335507455e-03
0.000000000000000000e+00 6.960678837949894025e-03
0.000000000000000000e+00 1.365097932326400469e-02
0.000000000000000000e+00 4.085580617838507900e-03
0.000000000000000000e+00 4.312224260257217605e-03
0.000000000000000000e+00 1.340436821141459574e-02
0.000000000000000000e+00 1.838807526651608029e-02
0.000000000000000000e+00 3.982257085780030979e-03
0.000000000000000000e+00 6.716906572565762082e-03
0.000000000000000000e+00 3.920142778232025421e-03
0.000000000000000000e+00 1.107256822068558404e-02
0.000000000000000000e+00 1.138094010553833586e-02
0.000000000000000000e+00 9.518592820548813990e-03
0.000000000000000000e+00 1.005972310916938492e-02
0.000000000000000000e+00 5.762859559445268273e-03
0.000000000000000000e+00 1.864599571007167708e-02
0.000000000000000000e+00 9.244376352360781507e-03
0.000000000000000000e+00 7.041624560203447666e-03
0.000000000000000000e+00 1.559448943283193480e-03
0.000000000000000000e+00 6.521576198446008173e-03
0.000000000000000000e+00 9.383541073523597384e-03
0.000000000000000000e+00 2.812716134689482311e-02
0.000000000000000000e+00 8.731966658764850689e-03
0.000000000000000000e+00 3.304489052143869815e-03
0.000000000000000000e+00 9.174117173660747970e-03
0.000000000000000000e+00 8.350627554042425876e-03
0.000000000000000000e+00 9.626481883908107398e-03
0.000000000000000000e+00 1.417575993977290144e-02
0.000000000000000000e+00 8.960173093479826406e-03
0.000000000000000000e+00 1.819427100023538954e-02
0.000000000000000000e+00 6.375949380024659857e-03
0.000000000000000000e+00 1.485671872335203939e-02
0.000000000000000000e+00 2.254888368102829499e-02
0.000000000000000000e+00 8.768189157857183072e-03
0.000000000000000000e+00 8.953655611656294658e-03
0.000000000000000000e+00 8.324216475670645835e-03
0.000000000000000000e+00 1.606799962441740615e-02
0.000000000000000000e+00 5.412878308916113483e-03
0.000000000000000000e+00 2.845678091742206636e-02
0.000000000000000000e+00 1.269240530835589499e-03
0.000000000000000000e+00 1.341405844213738137e-03
0.000000000000000000e+00 1.713717359681226141e-02
0.000000000000000000e+00 1.824617964983933985e-02
0.000000000000000000e+00 3.380804483721342769e-03
0.000000000000000000e+00 6.093191603964695502e-03
0.000000000000000000e+00 5.698561881781900526e-03
0.000000000000000000e+00 6.983200958841326821e-03
0.000000000000000000e+00 3.880711271768453458e-03
0.000000000000000000e+00 9.698295276558736855e-03
0.000000000000000000e+00 2.198313058104259254e-02
0.000000000000000000e+00 1.069469128527135611e-02
0.000000000000000000e+00 1.155395670737617217e-02
0.000000000000000000e+00 9.742850691182835740e-03
0.000000000000000000e+00 1.270522267530465070e-03
0.000000000000000000e+00 8.838452831575652202e-03
0.000000000000000000e+00 1.801843519764695020e-02
0.000000000000000000e+00 3.135192737777702399e-03
0.000000000000000000e+00 1.699547729690766007e-02
0.000000000000000000e+00 5.025623441288626196e-03
0.000000000000000000e+00 9.905083589278397202e-03
0.000000000000000000e+00 4.030857556047001515e-03
0.000000000000000000e+00 1.024620946429723525e-02
0.000000000000000000e+00 7.507238051539760586e-03
0.000000000000000000e+00 8.480896330893702983e-03
0.000000000000000000e+00 4.279881058786019592e-03
0.000000000000000000e+00 7.767865613940837521e-01
0.000000000000000000e+00 1.587461412346196504e-02
0.000000000000000000e+00 2.408899600385474432e-02
0.000000000000000000e+00 1.914429471567813054e-02
0.000000000000000000e+00 5.113032593903240816e-03
0.000000000000000000e+00 4.007296882353509303e-03
0.000000000000000000e+00 3.587936314570835863e-03
0.000000000000000000e+00 1.778486689449860700e-02
0.000000000000000000e+00 2.000317196187082966e-02
0.000000000000000000e+00 3.072665563345731207e-03
0.000000000000000000e+00 1.471474659403917452e-02
0.000000000000000000e+00 1.540129961001473861e-02
0.000000000000000000e+00 1.455254679771643932e-02
0.000000000000000000e+00 2.059265260947471671e-02
0.000000000000000000e+00 1.611813968019039627e-03
0.000000000000000000e+00 1.300024983093243762e-02
0.000000000000000000e+00 2.305311959355586110e-02
0.000000000000000000e+00 1.491393193493257413e-02
0.000000000000000000e+00 8.449271615997181600e-03
0.000000000000000000e+00 3.009814548076005566e-03
0.000000000000000000e+00 8.181519084082648774e-03
0.000000000000000000e+00 2.053243423282867519e-02
0.000000000000000000e+00 2.282729029107691959e-02
0.000000000000000000e+00 3.073790126359141062e-02
0.000000000000000000e+00 2.096044519841263123e-02
0.000000000000000000e+00 1.846200856878307817e-02
0.000000000000000000e+00 2.141694643310024931e-02
0.000000000000000000e+00 1.799844862048695718e-02
0.000000000000000000e+00 1.885410977059983131e-02
0.000000000000000000e+00 1.244637537483904259e-02
0.000000000000000000e+00 1.688193431448747894e-02
0.000000000000000000e+00 1.548740702286200387e-02
0.000000000000000000e+00 1.601849354473112649e-02
0.000000000000000000e+00 1.602555299568647271e-02
0.000000000000000000e+00 1.995763215260170850e-02
0.000000000000000000e+00 1.738927610880631677e-02
0.000000000000000000e+00 2.037704229498040268e-02
0.000000000000000000e+00 2.774086789848572224e-02
0.000000000000000000e+00 8.955809475813442805e-03
0.000000000000000000e+00 9.732452430199904289e-03
0.000000000000000000e+00 7.508065482756374337e-03
0.000000000000000000e+00 1.048733094868074985e-02
0.000000000000000000e+00 5.428641685208708025e-03
0.000000000000000000e+00 6.162227777972572804e-03
0.000000000000000000e+00 1.097554707043230104e-02
0.000000000000000000e+00 1.331072549393803352e-02
0.000000000000000000e+00 1.740464612541460163e-02
0.000000000000000000e+00 1.211145057732051535e-02
0.000000000000000000e+00 1.179159976305534270e-02
0.000000000000000000e+00 7.907634194095021496e-03
0.000000000000000000e+00 7.114548524292173964e-03
0.000000000000000000e+00 1.186631829787681072e-02
0.000000000000000000e+00 1.222074052884081219e-02
0.000000000000000000e+00 6.708015416815698607e-03
0.000000000000000000e+00 6.639949418939971280e-03
0.000000000000000000e+00 1.410538057721048497e-02
0.000000000000000000e+00 4.744896014320139875e-03
0.000000000000000000e+00 2.077143563198215193e-02
0.000000000000000000e+00 1.689121591657703411e-02
0.000000000000000000e+00 1.458993533982001246e-02
0.000000000000000000e+00 8.225297502294420804e-03
0.000000000000000000e+00 3.665005054829469349e-03
0.000000000000000000e+00 6.268768597024864525e-03
0.000000000000000000e+00 7.549002680016535238e-03
0.000000000000000000e+00 6.593116792834429613e-03
0.000000000000000000e+00 1.047585547751093624e-02
0.000000000000000000e+00 1.511033014605532403e-02
0.000000000000000000e+00 4.590882302455441891e-03
0.000000000000000000e+00 4.966208448838446178e-03
0.000000000000000000e+00 3.046718180042819538e-03
0.000000000000000000e+00 1.121187226982705079e-02
0.000000000000000000e+00 2.528563981891378699e-03
0.000000000000000000e+00 1.121468632383365062e-02
0.000000000000000000e+00 4.070732053079465819e-03
0.000000000000000000e+00 7.743664612315150769e-03
0.000000000000000000e+00 1.574534664155010158e-02
0.000000000000000000e+00 8.932087097624349589e-03
0.000000000000000000e+00 5.069816879185952765e-03
0.000000000000000000e+00 1.180898094569216884e-02
0.000000000000000000e+00 5.036396606820325167e-03
0.000000000000000000e+00 1.313824861104600020e-02
0.000000000000000000e+00 2.825689776739630232e-03
0.000000000000000000e+00 2.231459616652143284e-03
0.000000000000000000e+00 7.989757358452375530e-03
0.000000000000000000e+00 3.707828724404131984e-03
0.000000000000000000e+00 7.135868809354415157e-03
0.000000000000000000e+00 2.248428414153242141e-02
0.000000000000000000e+00 2.808602670619510331e-03
0.000000000000000000e+00 1.049353910433645579e-02
0.000000000000000000e+00 8.664824237918575256e-03
0.000000000000000000e+00 1.392932515488977396e-02
0.000000000000000000e+00 4.168863375175909519e-03
0.000000000000000000e+00 1.679390670146397148e-03
0.000000000000000000e+00 9.383452881710810725e-03
0.000000000000000000e+00 7.499328483000351070e-03
0.000000000000000000e+00 2.077659325758968861e-02
0.000000000000000000e+00 1.200421741989661679e-02
0.000000000000000000e+00 1.380170314592145744e-02
0.000000000000000000e+00 1.015564714100250857e-02
0.000000000000000000e+00 1.271719808655955714e-02
0.000000000000000000e+00 1.317493584001911029e-02
0.000000000000000000e+00 9.400538339274495600e-03
0.000000000000000000e+00 3.490178401465235218e-03
0.000000000000000000e+00 1.082081281369674970e-02
0.000000000000000000e+00 6.194772726287505263e-03
0.000000000000000000e+00 1.580051540976206217e-02
0.000000000000000000e+00 1.176790494631601604e-02
0.000000000000000000e+00 5.619126637055936110e-03
0.000000000000000000e+00 3.039183530992476973e-03
0.000000000000000000e+00 2.348451543645887953e-03
0.000000000000000000e+00 1.870677070205792845e-03
0.000000000000000000e+00 4.188079694094036520e-03
0.000000000000000000e+00 1.168550800510850113e-02
0.000000000000000000e+00 1.824695800090032904e-02
0.000000000000000000e+00 1.248158879551676190e-02
0.000000000000000000e+00 5.465836272998601982e-03
0.000000000000000000e+00 5.810192981183482167e-03
0.000000000000000000e+00 8.157454766071650307e-03
0.000000000000000000e+00 1.122727478616836021e-02
0.000000000000000000e+00 8.711769940781105212e-03
0.000000000000000000e+00 6.237007659117442190e-03
0.000000000000000000e+00 1.017993611024186132e-02
0.000000000000000000e+00 1.353899956498236419e-02
0.000000000000000000e+00 3.688470400840574825e-03
0.000000000000000000e+00 6.369677079311916214e-03
0.000000000000000000e+00 5.921254156994056571e-03
0.000000000000000000e+00 8.139044181492551683e-03
0.000000000000000000e+00 6.640536092130409906e-03
0.000000000000000000e+00 1.085959092051128755e-02
0.000000000000000000e+00 2.464039377148870193e-03
0.000000000000000000e+00 1.629222098462165466e-02
0.000000000000000000e+00 6.798836261497961247e-03
0.000000000000000000e+00 5.383059330443912618e-03
0.000000000000000000e+00 6.041654457088907124e-03
0.000000000000000000e+00 2.878713137481835136e-03
0.000000000000000000e+00 6.666390576344569628e-03
0.000000000000000000e+00 9.980839932349980237e-04
0.000000000000000000e+00 6.667695766980830802e-03
0.000000000000000000e+00 9.226455817644039006e-03
0.000000000000000000e+00 1.053419752606564799e-02
0.000000000000000000e+00 7.951431194609875214e-03
0.000000000000000000e+00 1.040557758086940211e-02
0.000000000000000000e+00 1.978848288282976115e-03
0.000000000000000000e+00 1.502253257425064173e-03
0.000000000000000000e+00 2.539757919276456298e-03
0.000000000000000000e+00 1.310825529892004418e-02
0.000000000000000000e+00 1.142202223882022444e-02
0.000000000000000000e+00 6.541232525350536633e-03
0.000000000000000000e+00 1.594019534046517417e-02
0.000000000000000000e+00 2.248998521971098605e-02
0.000000000000000000e+00 7.708016258275776460e-03
0.000000000000000000e+00 9.735778497409934909e-03
0.000000000000000000e+00 1.091087560317242737e-02
0.000000000000000000e+00 7.072251221814348891e-03
0.000000000000000000e+00 1.780396353512802080e-02
0.000000000000000000e+00 5.884987916549787833e-03
0.000000000000000000e+00 1.390672056734452294e-02
0.000000000000000000e+00 4.536419392437690719e-03
0.000000000000000000e+00 6.167558375000610493e-03
0.000000000000000000e+00 9.914905167638491529e-03
0.000000000000000000e+00 9.710373417787486472e-03
0.000000000000000000e+00 1.389442583698821503e-02
0.000000000000000000e+00 1.942914545909777205e-02
0.000000000000000000e+00 4.078847133171424437e-03
0.000000000000000000e+00 3.778785914272137815e-03
0.000000000000000000e+00 2.658270708064720041e-03
0.000000000000000000e+00 5.457979545574404186e-03
0.000000000000000000e+00 1.679210226268668463e-02
0.000000000000000000e+00 3.989650451432196279e-03
0.000000000000000000e+00 5.260442382922086990e-03
0.000000000000000000e+00 3.393742819702723606e-03
0.000000000000000000e+00 2.148565638429469730e-03
0.000000000000000000e+00 3.775973519698483209e-03
0.000000000000000000e+00 5.313470395291043646e-03
0.000000000000000000e+00 2.426808283612412118e-03
0.000000000000000000e+00 7.778144830020472349e-03
0.000000000000000000e+00 1.389225239036746828e-02
