3.307603543239242324e-03 3.988816123250579944e-03
4.906602287337936789e-03 5.528204319829763472e-03
5.068545191443080827e-03 5.524386126407489564e-03
5.197586137160385179e-03 5.262591747691900204e-03
5.422961108978946974e-03 5.489105582293601557e-03
6.404710937778943132e-03 8.212039902853896650e-03
6.544272002052981332e-03 6.620580096113461849e-03
6.737085719728889630e-03 7.972250327274946896e-03
6.822440952012362968e-03 7.552854536886915472e-03
7.448531492154749668e-03 7.856196174885974812e-03
7.672239449503793531e-03 1.225711712793841127e-02
7.705401212868838619e-03 8.374173519000015220e-03
7.869695843560321757e-03 8.236477675989471725e-03
7.995442270169648979e-03 8.260877964757402242e-03
8.076331328077619720e-03 8.961590793252855944e-03
8.076971410473251373e-03 8.375431859062986567e-03
8.491828194114639169e-03 1.005219310736746828e-02
8.565295084057129860e-03 8.775377926571304929e-03
8.844415232306864286e-03 1.238090188003701693e-02
9.079565089903929298e-03 9.906462134790579299e-03
9.464413360072938125e-03 1.040292131133133645e-02
9.528956675976496885e-03 9.990746662306254980e-03
9.590939125091776929e-03 1.106655153565825646e-02
1.046324371213505806e-02 1.214368591638767883e-02
1.059014976966631341e-02 1.387501920770876050e-02
1.078516407560241482e-02 1.285924794853250848e-02
1.078866818938867614e-02 1.151882027218945580e-02
1.096124059550646589e-02 1.154446394846007050e-02
1.106132392221319954e-02 1.167026629733142369e-02
1.111531459394533849e-02 1.150022382346116943e-02
1.118988836549932725e-02 1.168460292332094974e-02
1.136691782726189683e-02 1.202700630740960105e-02
1.137880395999228515e-02 1.178942612282322770e-02
1.140615668298340137e-02 1.291977879940338879e-02
1.140764054774502309e-02 1.210017983650793841e-02
1.143575409762819482e-02 1.378523058532444417e-02
1.144321019804404177e-02 1.310294611222343093e-02
1.154877269282411807e-02 1.286125265650176971e-02
1.159283247440797728e-02 1.452787961349221064e-02
1.165648039445904040e-02 1.281668492877640307e-02
1.203271930042431812e-02 1.457259028883255148e-02
1.204977554419696915e-02 1.371226493062943468e-02
1.205968287216471931e-02 1.216836347368186258e-02
1.208946732327738534e-02 1.214306142357845369e-02
1.210551377611197160e-02 1.287976535038374594e-02
1.220411414140522462e-02 1.677051122695394705e-02
1.227143320184392698e-02 1.456854832422485937e-02
1.230027045806512433e-02 1.277739901769870366e-02
1.242231061719706840e-02 1.246246847500783947e-02
1.258296641289684270e-02 1.388583416002434415e-02
1.276229452265031233e-02 1.370007370715387723e-02
1.293824362196812489e-02 1.310825685230261259e-02
1.305306733432764002e-02 1.580497612422374770e-02
1.346631228441895131e-02 1.450608863082036674e-02
1.385140699288769754e-02 1.396579947167274870e-02
1.397023771346906501e-02 1.688045205274844515e-02
1.398541500695754843e-02 1.591257368995709770e-02
1.407533320470185333e-02 1.986510770842205009e-02
1.418463628912200111e-02 1.568449114733930921e-02
1.456080086181873144e-02 1.574244948986354073e-02
1.469331691245105535e-02 1.525435633847828550e-02
1.475441856260461225e-02 1.530992922117397487e-02
1.498429474637854794e-02 1.570358207197254663e-02
1.508883108890441208e-02 1.780098182202589571e-02
1.516242745014941863e-02 1.597943464006350983e-02
1.519230943985683431e-02 1.658368687709742620e-02
1.527631234183775798e-02 1.690646661413471724e-02
1.548050591888295788e-02 1.878524948563576810e-02
1.564435060297151431e-02 1.618500499220735037e-02
1.567535414729837734e-02 1.601405244924427457e-02
1.578594505450212071e-02 1.874513646260262192e-02
1.585865356510385640e-02 1.926702302074856030e-02
1.591541606139722925e-02 1.608622386877869154e-02
1.592463978421787898e-02 1.785120950544204221e-02
1.595143578373424062e-02 1.849606688330084417e-02
1.607156245978268172e-02 1.769274258402032951e-02
1.611186868867265157e-02 1.738322279318784205e-02
1.644588756200873400e-02 1.666442846801601332e-02
1.663719640897289714e-02 2.059886686453470464e-02
1.674205731194290669e-02 1.875690891199894433e-02
1.675968211550559958e-02 1.832417574323466983e-02
1.705233213006938919e-02 1.828954935686875893e-02
1.719018452372480035e-02 1.835463656630085053e-02
1.742324755181209536e-02 2.074022590042211983e-02
1.761130592895498309e-02 1.908851386321421331e-02
1.790385126018393530e-02 1.874513646260262192e-02
1.793841661204761267e-02 1.816834026879084185e-02
1.796103777147490047e-02 2.861373576512880879e-02
1.805348533788663640e-02 1.844637616608563527e-02
1.808184893941490110e-02 2.073716495923233483e-02
1.816716705251514297e-02 2.011158367643802944e-02
1.831239324815972513e-02 1.849121561323168947e-02
1.833704456721984080e-02 2.003398167265012936e-02
1.845355321570859436e-02 2.155991253670489285e-02
1.856144368404443953e-02 2.845533644708658771e-02
1.859603541522927145e-02 2.346452520902470376e-02
1.893850203026321496e-02 2.403392786079535173e-02
1.902211831906747835e-02 2.354201375304017935e-02
1.906037707927472208e-02 2.003488006674621416e-02
1.916686448053414593e-02 1.969214253169451756e-02
1.922967618055236930e-02 2.358642495646121398e-02
1.923788520591647108e-02 2.100817364854258920e-02
1.933609770401979733e-02 2.806695507510884383e-02
1.954817586671060009e-02 2.575986748811222304e-02
1.967720987052368545e-02 2.661061970927047077e-02
1.975091544789670320e-02 2.285699580049959170e-02
1.989424791808733564e-02 1.999958508241840918e-02
1.990449366732933989e-02 2.858828150091761999e-02
1.991543597499048981e-02 2.014366435968713981e-02
1.994075019401166798e-02 2.301715800195390862e-02
2.001157662715038338e-02 2.154356321524422344e-02
2.028758653446770255e-02 2.646755329725859057e-02
2.053882680062561403e-02 2.293569309006029955e-02
2.063651235215807622e-02 2.620662135664167738e-02
2.090818065253857716e-02 2.126113710463013728e-02
2.091384958833157268e-02 2.224602530056069699e-02
2.096906849222940003e-02 2.223937078634256881e-02
2.102634821606936405e-02 2.751651487505293522e-02
2.129212773434215403e-02 2.381776833662102924e-02
2.156654004675240960e-02 2.214752870625043280e-02
2.159550495996880037e-02 2.423899786161341774e-02
2.160234315769636940e-02 2.541135972891841663e-02
2.176284033828586664e-02 2.190504083545252723e-02
2.179012967082027616e-02 2.631632679083256363e-02
2.182962187677528476e-02 2.617907731829949639e-02
2.183042115145062897e-02 2.437868443060585422e-02
2.193549488385301491e-02 2.989577612871902393e-02
2.203383256580742841e-02 2.565057720107945943e-02
2.231249475323788742e-02 2.505183190571239754e-02
2.249242246289803737e-02 2.290560132733236373e-02
2.250844858323200470e-02 2.653919462258055514e-02
2.272082184874876787e-02 2.418289581948826136e-02
2.273122528383285379e-02 2.411228386253239445e-02
2.276840376828494564e-02 2.317764420481602597e-02
2.287560814780127336e-02 2.358642495646121398e-02
2.296377064247601824e-02 2.786331117789685521e-02
2.301487554803867061e-02 2.747226199981855216e-02
2.309570975491592043e-02 2.333474031708903523e-02
2.312596362868797259e-02 2.912090746220677082e-02
2.345111430112059928e-02 2.416074835157977843e-02
2.359224678880899803e-02 2.738310042215813186e-02
2.386450957872468873e-02 2.567675369528940599e-02
2.400195355347252771e-02 2.475534689423884716e-02
2.406653962954599310e-02 3.594016575798483076e-02
2.438354334438083346e-02 2.879487228440805527e-02
2.438435645052438108e-02 2.895310720011592953e-02
2.446376251123736148e-02 2.546291859284399023e-02
2.458858014960690549e-02 2.543529458356467640e-02
2.491346441646151433e-02 2.704743719366839438e-02
2.509576029561806990e-02 2.644966364899459244e-02
2.528627073466769085e-02 2.615857785545513264e-02
2.529124924900436749e-02 3.598977411114179237e-02
2.539669028197231310e-02 2.651679186341787675e-02
2.550499042667035698e-02 3.255135489026954321e-02
2.580932654351181244e-02 2.649644737536266392e-02
2.607715836599580270e-02 3.176300846940750128e-02
2.647173448991575403e-02 2.683630798744649631e-02
2.753288940667134727e-02 3.357480158814804549e-02
2.783863277123400232e-02 3.076537461791661876e-02
2.853513750513424554e-02 2.874599133739643222e-02
3.045313397189880131e-02 3.390183753061058042e-02
3.127403945167374355e-02 3.419630125104607121e-02
3.362379781236644882e-02 3.638737187231379233e-02
3.388706185406247656e-02 3.875975914926421684e-02
3.452405711041288405e-02 3.830294662047148413e-02
3.462095594775758262e-02 3.747687476875564278e-02
