0.000000000000000000e+00 1.870262676065157295e-02
0.000000000000000000e+00 1.425225689531401350e-02
0.000000000000000000e+00 1.982817019952924642e-02
0.000000000000000000e+00 2.225942003221243262e-02
0.000000000000000000e+00 1.560286567154063782e-02
0.000000000000000000e+00 6.503333997252207059e-03
0.000000000000000000e+00 1.180666614624370329e-02
0.000000000000000000e+00 1.945084722081406869e-02
0.000000000000000000e+00 1.188676937037752221e-02
0.000000000000000000e+00 1.337701209095812360e-02
0.000000000000000000e+00 1.477348194560356180e-03
0.000000000000000000e+00 6.158812934665819187e-03
0.000000000000000000e+00 2.148327380583820584e-02
0.000000000000000000e+00 1.280573461943605371e-02
0.000000000000000000e+00 8.454792368044731013e-03
0.000000000000000000e+00 2.444170190218005259e-02
0.000000000000000000e+00 1.853631294566393875e-02
0.000000000000000000e+00 7.914699296105123794e-03
0.000000000000000000e+00 1.064869819275119853e-02
0.000000000000000000e+00 1.269851146353272002e-02
0.000000000000000000e+00 1.125194724075932913e-02
0.000000000000000000e+00 1.934806101918185028e-02
0.000000000000000000e+00 4.729476116952109274e-03
0.000000000000000000e+00 9.369653389646940070e-03
0.000000000000000000e+00 1.514044327432459945e-02
0.000000000000000000e+00 1.985030167763146558e-02
0.000000000000000000e+00 4.027249734730716478e-03
0.000000000000000000e+00 5.132011833964206411e-03
0.000000000000000000e+00 2.484087196890938376e-02
0.000000000000000000e+00 5.602070944523356022e-03
0.000000000000000000e+00 1.925759507739289653e-02
0.000000000000000000e+00 2.270894869796015458e-02
0.000000000000000000e+00 1.762316201315378486e-02
0.000000000000000000e+00 1.515614484010890245e-02
0.000000000000000000e+00 1.456823686627735370e-02
0.000000000000000000e+00 1.128234712915967761e-02
0.000000000000000000e+00 5.818019776354405904e-03
0.000000000000000000e+00 1.366771085660821623e-02
0.000000000000000000e+00 6.835342124366806243e-03
0.000000000000000000e+00 4.072531975762669343e-03
0.000000000000000000e+00 5.815584274200291323e-03
0.000000000000000000e+00 1.338828556577072865e-02
0.000000000000000000e+00 1.443732299019507767e-02
0.000000000000000000e+00 1.671483368111529449e-02
0.000000000000000000e+00 1.029896714062682184e-02
0.000000000000000000e+00 1.155576154642043267e-02
0.000000000000000000e+00 9.762703048643732451e-03
0.000000000000000000e+00 1.318023303462157597e-02
0.000000000000000000e+00 9.271273381387260329e-03
0.000000000000000000e+00 2.479156010461451218e-02
0.000000000000000000e+00 2.355025225265185498e-02
0.000000000000000000e+00 2.028770600211761421e-02
0.000000000000000000e+00 3.843087798495054171e-03
0.000000000000000000e+00 7.134061205757227797e-03
0.000000000000000000e+00 1.374476361908684267e-02
0.000000000000000000e+00 1.924360826146434902e-02
0.000000000000000000e+00 3.413299149799645625e-03
0.000000000000000000e+00 1.423914295439368712e-02
0.000000000000000000e+00 2.205921536285580103e-02
0.000000000000000000e+00 2.003135921902567812e-02
0.000000000000000000e+00 8.543834994007562175e-03
0.000000000000000000e+00 5.634207798530718563e-03
0.000000000000000000e+00 1.207491314811354362e-02
0.000000000000000000e+00 1.130790873127712239e-02
0.000000000000000000e+00 8.882212411668987534e-03
0.000000000000000000e+00 1.209500273169895543e-02
0.000000000000000000e+00 1.965415242210776653e-02
0.000000000000000000e+00 1.559538546088183944e-02
0.000000000000000000e+00 8.435428105325460182e-03
0.000000000000000000e+00 1.119286376104357099e-02
0.000000000000000000e+00 1.585762940181774036e-02
0.000000000000000000e+00 1.850208207887582904e-02
0.000000000000000000e+00 1.573285916784400440e-02
0.000000000000000000e+00 1.253252850266733248e-02
0.000000000000000000e+00 9.069721045239455617e-03
0.000000000000000000e+00 8.493864331327297471e-03
0.000000000000000000e+00 2.949187770570179876e-02
0.000000000000000000e+00 3.579410186603575791e-03
0.000000000000000000e+00 7.173887005760590241e-03
0.000000000000000000e+00 1.901902798041225223e-02
0.000000000000000000e+00 8.676892109571211764e-03
0.000000000000000000e+00 1.249477702970544502e-02
0.000000000000000000e+00 1.394249699624220198e-02
0.000000000000000000e+00 1.266255733104322545e-02
0.000000000000000000e+00 6.587238296553796744e-03
0.000000000000000000e+00 7.569950188271368750e-03
0.000000000000000000e+00 1.639552280137684254e-02
0.000000000000000000e+00 1.267584811451107941e-02
0.000000000000000000e+00 1.564387942538332174e-02
0.000000000000000000e+00 5.059794549787660980e-03
0.000000000000000000e+00 1.844176410478630401e-02
0.000000000000000000e+00 6.985708375660776119e-03
0.000000000000000000e+00 9.144170362671988003e-03
0.000000000000000000e+00 1.013207027968857435e-02
0.000000000000000000e+00 1.259764008163352829e-02
0.000000000000000000e+00 1.133936528708363867e-02
0.000000000000000000e+00 6.142217068547528060e-03
0.000000000000000000e+00 8.137081437263495379e-03
0.000000000000000000e+00 2.371068130177204566e-02
0.000000000000000000e+00 1.427903793912099588e-02
0.000000000000000000e+00 1.369203772904514955e-02
0.000000000000000000e+00 1.133422216988335882e-02
0.000000000000000000e+00 6.801781243248493846e-04
0.000000000000000000e+00 1.023156484612116821e-02
0.000000000000000000e+00 5.116669523038909831e-03
0.000000000000000000e+00 1.346065145549440838e-02
0.000000000000000000e+00 5.478493508559359633e-03
0.000000000000000000e+00 5.470067761297933880e-03
0.000000000000000000e+00 4.339953282516894120e-03
0.000000000000000000e+00 1.178930616292220637e-02
0.000000000000000000e+00 1.373336710407319257e-02
0.000000000000000000e+00 4.715288207344082647e-03
0.000000000000000000e+00 7.938629382958414110e-03
0.000000000000000000e+00 8.310410990547903096e-03
0.000000000000000000e+00 8.483930173536441063e-03
0.000000000000000000e+00 4.285779592633588014e-03
0.000000000000000000e+00 4.550628265544087725e-03
0.000000000000000000e+00 6.081730928319005469e-03
0.000000000000000000e+00 8.140476442713746527e-03
0.000000000000000000e+00 1.063043713851185949e-02
0.000000000000000000e+00 1.695264294539780212e-02
0.000000000000000000e+00 1.806046805144469192e-02
0.000000000000000000e+00 1.498699336758224643e-02
0.000000000000000000e+00 9.626858253126462789e-03
0.000000000000000000e+00 1.447637771509414396e-02
0.000000000000000000e+00 1.706379693410995865e-02
0.000000000000000000e+00 2.646208778162021519e-02
0.000000000000000000e+00 5.479337943881539275e-01
0.000000000000000000e+00 2.767670841140330851e-02
0.000000000000000000e+00 2.043855872987447239e-02
0.000000000000000000e+00 2.650183096940020300e-02
0.000000000000000000e+00 2.063844441596822399e-02
0.000000000000000000e+00 1.788431261687755194e-02
0.000000000000000000e+00 3.121974964456429927e-02
0.000000000000000000e+00 1.327766511538005026e-02
0.000000000000000000e+00 2.569826945060300558e-02
0.000000000000000000e+00 1.076022610870468535e-02
0.000000000000000000e+00 1.455893897751167447e-02
0.000000000000000000e+00 1.093821596415551003e-02
0.000000000000000000e+00 1.676986809122449698e-02
0.000000000000000000e+00 1.324875846974714853e-02
0.000000000000000000e+00 1.376903866604525621e-02
0.000000000000000000e+00 8.490991470523826315e-03
0.000000000000000000e+00 1.588099425804829004e-02
0.000000000000000000e+00 1.206680995734994710e-02
0.000000000000000000e+00 4.681701468775625007e-03
0.000000000000000000e+00 1.615569375678386696e-02
0.000000000000000000e+00 4.552061290620232348e-03
0.000000000000000000e+00 3.418579899260898100e-03
0.000000000000000000e+00 2.104178602690712826e-03
0.000000000000000000e+00 1.948613144062605676e-02
0.000000000000000000e+00 1.560827847024546557e-02
0.000000000000000000e+00 1.349869733580017286e-02
0.000000000000000000e+00 1.512652834803328641e-02
0.000000000000000000e+00 1.059861312087410565e-02
0.000000000000000000e+00 1.173371725712527361e-02
0.000000000000000000e+00 1.515375356630147864e-02
0.000000000000000000e+00 1.093460137893707829e-02
0.000000000000000000e+00 1.890704133786399316e-02
0.000000000000000000e+00 5.528344563947823476e-03
0.000000000000000000e+00 1.016190658085321975e-02
0.000000000000000000e+00 1.125735055150815095e-02
0.000000000000000000e+00 1.138217735554158949e-02
0.000000000000000000e+00 1.100201696711813198e-02
0.000000000000000000e+00 7.591707278981568371e-03
0.000000000000000000e+00 5.306623277638866654e-03
0.000000000000000000e+00 7.220036368274028449e-03
0.000000000000000000e+00 2.932587435544464164e-03
0.000000000000000000e+00 1.591208423192659246e-02
0.000000000000000000e+00 1.479773435917274699e-02
0.000000000000000000e+00 2.942686792592549144e-02
0.000000000000000000e+00 1.324554543899837504e-02
0.000000000000000000e+00 3.732769172424857309e-03
0.000000000000000000e+00 1.141485643427304561e-02
0.000000000000000000e+00 1.549017647326288161e-02
0.000000000000000000e+00 1.067147728552270483e-02
0.000000000000000000e+00 9.381822639777137249e-03
0.000000000000000000e+00 1.217456570062117049e-02
0.000000000000000000e+00 8.343667997995997399e-03
0.000000000000000000e+00 1.644837333986221006e-02
0.000000000000000000e+00 1.255845155164833984e-02
0.000000000000000000e+00 9.129955864098504917e-03
0.000000000000000000e+00 8.444169529081989659e-03
0.000000000000000000e+00 1.268089096252174135e-02
0.000000000000000000e+00 5.961767255220393191e-03
0.000000000000000000e+00 1.056317134651611409e-02
0.000000000000000000e+00 1.140281806134756451e-02
0.000000000000000000e+00 8.348470149492951201e-03
0.000000000000000000e+00 1.558852756676420113e-02
0.000000000000000000e+00 5.085948145235444189e-03
0.000000000000000000e+00 7.248456329099063448e-03
0.000000000000000000e+00 5.776091799088334255e-03
0.000000000000000000e+00 6.476792652329542259e-03
0.000000000000000000e+00 1.965741057141142181e-02
0.000000000000000000e+00 5.162722059608626859e-03
0.000000000000000000e+00 5.304627608597901368e-03
0.000000000000000000e+00 7.946152861697530767e-03
0.000000000000000000e+00 1.553686231515118317e-02
0.000000000000000000e+00 4.988108705510471003e-03
0.000000000000000000e+00 1.137807061433274321e-02
0.000000000000000000e+00 1.459211838038567896e-02
0.000000000000000000e+00 1.475109044299327890e-02
0.000000000000000000e+00 1.786360155371052513e-02
0.000000000000000000e+00 7.643505156524334383e-03
0.000000000000000000e+00 1.508679803029847749e-02
0.000000000000000000e+00 1.192530640694321707e-02
0.000000000000000000e+00 5.892273435928197141e-03
0.000000000000000000e+00 5.689480936415260669e-03
0.000000000000000000e+00 7.312408478546892493e-03
0.000000000000000000e+00 1.510412825772802607e-02
0.000000000000000000e+00 9.187285591445465416e-03
0.000000000000000000e+00 5.685498974654720414e-03
0.000000000000000000e+00 6.105593537702809666e-03
0.000000000000000000e+00 1.424660245314372103e-02
0.000000000000000000e+00 1.312685366851305130e-02
0.000000000000000000e+00 2.037601085718448828e-03
0.000000000000000000e+00 1.566680718437455169e-02
0.000000000000000000e+00 5.235223921420277537e-03
0.000000000000000000e+00 1.629601504867218831e-02
0.000000000000000000e+00 1.390956063541348535e-02
0.000000000000000000e+00 4.983716632500803483e-03
0.000000000000000000e+00 1.431445725147813611e-02
0.000000000000000000e+00 1.198429926870307576e-02
0.000000000000000000e+00 1.012490141393513135e-02
0.000000000000000000e+00 4.439582951231063612e-03
0.000000000000000000e+00 6.269496429810754966e-03
0.000000000000000000e+00 8.558885875527885018e-03
0.000000000000000000e+00 1.602646748211270997e-02
0.000000000000000000e+00 9.030605833340034708e-03
0.000000000000000000e+00 8.967656569781422629e-03
0.000000000000000000e+00 1.486294908086697140e-02
0.000000000000000000e+00 4.914559717888211969e-04
0.000000000000000000e+00 3.421767418544726259e-03
0.000000000000000000e+00 8.141650320897350634e-03
0.000000000000000000e+00 1.116818705480948984e-02
0.000000000000000000e+00 1.323324745877552285e-02
0.000000000000000000e+00 1.141568857818665676e-02
0.000000000000000000e+00 1.082923819983368403e-02
0.000000000000000000e+00 4.224409240483485706e-03
0.000000000000000000e+00 7.336674902399650290e-03
0.000000000000000000e+00 8.273718981807232087e-03
0.000000000000000000e+00 1.111945061986785530e-03
0.000000000000000000e+00 8.143000549092350646e-03
0.000000000000000000e+00 1.050969174181896199e-02
0.000000000000000000e+00 6.575041764862623976e-04
0.000000000000000000e+00 1.353582184528838092e-02
0.000000000000000000e+00 2.563011361645970917e-02
0.000000000000000000e+00 4.519278964898323925e-01
0.000000000000000000e+00 4.694222703158084341e-03
0.000000000000000000e+00 8.740493234714227441e-03
0.000000000000000000e+00 7.982306446021046262e-03
0.000000000000000000e+00 3.072255403926443373e-03
0.000000000000000000e+00 6.439055265231950938e-03
0.000000000000000000e+00 1.406085459765680709e-02
0.000000000000000000e+00 8.761038426969743054e-03
0.000000000000000000e+00 7.691946540195045666e-03
0.000000000000000000e+00 4.303507489246403625e-03
0.000000000000000000e+00 1.276076983365859001e-02
0.000000000000000000e+00 6.297554129101047039e-03
0.000000000000000000e+00 4.728981001062760280e-03
0.000000000000000000e+00 1.122095043402637597e-02
0.000000000000000000e+00 1.399866923468560086e-02
0.000000000000000000e+00 1.024757265240863399e-02
0.000000000000000000e+00 8.897888364139102182e-03
0.000000000000000000e+00 1.160569532307948598e-02
0.000000000000000000e+00 7.224711226431461235e-03
0.000000000000000000e+00 7.913623340615842661e-03
0.000000000000000000e+00 1.156409301558379392e-02
0.000000000000000000e+00 1.014654650129852807e-02
0.000000000000000000e+00 1.069737523499477219e-02
0.000000000000000000e+00 8.901799548282003302e-03
0.000000000000000000e+00 1.003201957784239859e-02
0.000000000000000000e+00 7.534816474661024631e-03
0.000000000000000000e+00 6.853512156223063971e-03
0.000000000000000000e+00 1.474090770316605938e-02
0.000000000000000000e+00 5.594023050218110103e-03
0.000000000000000000e+00 9.646619573704377781e-03
0.000000000000000000e+00 2.038902764661141773e-02
0.000000000000000000e+00 1.677781374631234172e-03
0.000000000000000000e+00 2.134290414901792669e-03
0.000000000000000000e+00 5.570613949830474122e-03
0.000000000000000000e+00 1.138889691064821907e-02
0.000000000000000000e+00 3.587975037428392609e-03
0.000000000000000000e+00 8.837268755821775512e-03
0.000000000000000000e+00 8.562492928472255349e-03
0.000000000000000000e+00 1.721058572916607521e-03
0.000000000000000000e+00 3.495132911210534297e-03
0.000000000000000000e+00 1.174109029638505976e-02
0.000000000000000000e+00 1.362766660456686194e-02
0.000000000000000000e+00 8.516317377194436086e-03
0.000000000000000000e+00 7.651334966576592289e-03
0.000000000000000000e+00 1.131391460205901159e-02
0.000000000000000000e+00 8.258215613998774740e-03
0.000000000000000000e+00 7.921694105760799381e-03
0.000000000000000000e+00 1.081397456701617410e-02
0.000000000000000000e+00 1.029854121721603122e-02
0.000000000000000000e+00 7.523974928846465134e-03
0.000000000000000000e+00 7.509285815817438002e-03
0.000000000000000000e+00 4.722149285188768572e-03
0.000000000000000000e+00 7.935565271614854199e-03
0.000000000000000000e+00 1.841265585343207500e-02
0.000000000000000000e+00 7.608807739586790665e-03
0.000000000000000000e+00 4.196561442215403746e-03
0.000000000000000000e+00 8.500603082494376152e-04
0.000000000000000000e+00 6.781267971058780805e-03
0.000000000000000000e+00 3.423813143590016123e-03
0.000000000000000000e+00 1.161811584652061059e-02
0.000000000000000000e+00 9.530777005067230315e-03
0.000000000000000000e+00 8.856686551862844384e-03
0.000000000000000000e+00 1.531979243563670427e-02
0.000000000000000000e+00 7.165974311456095591e-03
0.000000000000000000e+00 6.989678904309559564e-03
0.000000000000000000e+00 2.747336881688997815e-03
0.000000000000000000e+00 7.528099899195675286e-03
0.000000000000000000e+00 4.779042700629394617e-03
0.000000000000000000e+00 8.251667100518160491e-03
0.000000000000000000e+00 1.241257055772588061e-02
0.000000000000000000e+00 3.406806410432316676e-03
0.000000000000000000e+00 6.669806733022073074e-03
0.000000000000000000e+00 4.248952379600921293e-03
0.000000000000000000e+00 1.042054303658694961e-02
0.000000000000000000e+00 1.642112884248636551e-02
0.000000000000000000e+00 1.637220370848752309e-03
0.000000000000000000e+00 1.440752010937629626e-02
0.000000000000000000e+00 8.695404599039070412e-03
0.000000000000000000e+00 5.736923380682361177e-03
0.000000000000000000e+00 8.556783509810012012e-03
0.000000000000000000e+00 9.356541375715236820e-04
0.000000000000000000e+00 4.404749273925748741e-03
0.000000000000000000e+00 7.643252882837878875e-03
0.000000000000000000e+00 1.501471721490873178e-02
0.000000000000000000e+00 8.034633604717612149e-03
0.000000000000000000e+00 9.943998270696726219e-03
0.000000000000000000e+00 5.354220464474705905e-03
0.000000000000000000e+00 9.408727053565834469e-03
0.000000000000000000e+00 1.254925472309301876e-02
0.000000000000000000e+00 8.453387642016684314e-03
0.000000000000000000e+00 1.672688814885377531e-02
0.000000000000000000e+00 5.051157059166001655e-03
0.000000000000000000e+00 4.892522598498189219e-03
0.000000000000000000e+00 1.238493839309310002e-03
0.000000000000000000e+00 3.867480856765205619e-03
0.000000000000000000e+00 1.177928594989329121e-02
0.000000000000000000e+00 7.726172213500720476e-03
0.000000000000000000e+00 3.493078304166943957e-03
0.000000000000000000e+00 1.369297521273358034e-02
0.000000000000000000e+00 4.976955399094779714e-03
0.000000000000000000e+00 6.609212735723228593e-03
0.000000000000000000e+00 1.199208363614887030e-02
0.000000000000000000e+00 4.125139860307032100e-03
0.000000000000000000e+00 6.589965023416017101e-03
0.000000000000000000e+00 3.102389655532841045e-02
0.000000000000000000e+00 4.585792673041438547e-03
0.000000000000000000e+00 4.581922030969591900e-03
0.000000000000000000e+00 1.181491477524691282e-02
0.000000000000000000e+00 9.384460832048399648e-03
0.000000000000000000e+00 1.186097051466408411e-02
0.000000000000000000e+00 1.663263878237991253e-02
0.000000000000000000e+00 5.138549770132034601e-03
0.000000000000000000e+00 5.828528900567359755e-03
0.000000000000000000e+00 5.194418423951105250e-03
0.000000000000000000e+00 5.938813673481820911e-03
0.000000000000000000e+00 9.276302920497365339e-04
0.000000000000000000e+00 6.979928950359984979e-03
0.000000000000000000e+00 5.033937637226738870e-03
0.000000000000000000e+00 3.143732417384004305e-03
0.000000000000000000e+00 1.158677034285053933e-02
0.000000000000000000e+00 5.493257668325064215e-03
0.000000000000000000e+00 6.053919228243533936e-03
0.000000000000000000e+00 1.246129923286278841e-02
0.000000000000000000e+00 6.780648892310702988e-03
0.000000000000000000e+00 1.311785250270208758e-02
0.000000000000000000e+00 1.102007016235590463e-02
0.000000000000000000e+00 1.175938589390981663e-02
0.000000000000000000e+00 1.246512210482218861e-03
0.000000000000000000e+00 2.730829223259279275e-03
0.000000000000000000e+00 7.082908548656532272e-03
0.000000000000000000e+00 1.353797284372981399e-02
0.000000000000000000e+00 4.543274777207844881e-03
0.000000000000000000e+00 8.196262473529345241e-03
0.000000000000000000e+00 1.417612238267823219e-02
0.000000000000000000e+00 7.153408940572342223e-03
0.000000000000000000e+00 1.120532694145470569e-02
0.000000000000000000e+00 1.039968892268783134e-02
0.000000000000000000e+00 6.054935100982173149e-03
0.000000000000000000e+00 4.674844063891146762e-03
0.000000000000000000e+00 3.849067890086719027e-03
0.000000000000000000e+00 6.738548157795082143e-03
0.000000000000000000e+00 5.309777182731634411e-03
0.000000000000000000e+00 5.781770883374894379e-03
0.000000000000000000e+00 1.320592801430368239e-03
0.000000000000000000e+00 6.444329183060972140e-03
0.000000000000000000e+00 3.322346617808757605e-03
0.000000000000000000e+00 1.207488201440188105e-02
0.000000000000000000e+00 5.439467902383584436e-03
0.000000000000000000e+00 5.216241071573555176e-03
0.000000000000000000e+00 1.300482228452052962e-02
0.000000000000000000e+00 3.432607002567282170e-03
0.000000000000000000e+00 3.192329284140657877e-03
0.000000000000000000e+00 6.367885486454303266e-03
0.000000000000000000e+00 5.152198131599196144e-03
0.000000000000000000e+00 8.231973090653618361e-03
0.000000000000000000e+00 8.240382422259138334e-03
0.000000000000000000e+00 9.165137546326609236e-03
0.000000000000000000e+00 1.638065863575624559e-02
0.000000000000000000e+00 4.429099685494459517e-03
0.000000000000000000e+00 2.931199391868478856e-03
0.000000000000000000e+00 2.691035974412165147e-03
0.000000000000000000e+00 1.444137036884954838e-02
0.000000000000000000e+00 7.637646741162620531e-03
0.000000000000000000e+00 9.817062663016146856e-03
0.000000000000000000e+00 3.974417751044873048e-03
0.000000000000000000e+00 2.033631734507348326e-03
0.000000000000000000e+00 4.614936934377054933e-03
0.000000000000000000e+00 1.386248557544158232e-02
0.000000000000000000e+00 7.815967851834674032e-03
0.000000000000000000e+00 1.048465785642927091e-02
0.000000000000000000e+00 1.037616328585573740e-02
0.000000000000000000e+00 7.709650736093164904e-03
0.000000000000000000e+00 3.729969821778995193e-03
0.000000000000000000e+00 3.679945210245757874e-03
0.000000000000000000e+00 3.243784701974024905e-03
0.000000000000000000e+00 1.383963185331548579e-02
0.000000000000000000e+00 7.562872898833752217e-03
0.000000000000000000e+00 1.152540563040234736e-02
0.000000000000000000e+00 1.030705180689291817e-02
0.000000000000000000e+00 6.440131737409512773e-03
0.000000000000000000e+00 4.404027764749927909e-03
0.000000000000000000e+00 4.448274664069667636e-03
0.000000000000000000e+00 1.975461277594741175e-02
0.000000000000000000e+00 1.770717685011408919e-03
0.000000000000000000e+00 9.621208880580789727e-03
0.000000000000000000e+00 8.438052608956898501e-03
0.000000000000000000e+00 8.694142777500534630e-03
0.000000000000000000e+00 3.585244061950473415e-03
0.000000000000000000e+00 3.425677187908471137e-03
0.000000000000000000e+00 5.637858312495079224e-03
0.000000000000000000e+00 5.117802210761634128e-03
0.000000000000000000e+00 9.406561377799172938e-03
0.000000000000000000e+00 1.838459481037954535e-02
0.000000000000000000e+00 2.542986033456050114e-03
0.000000000000000000e+00 6.570396536780611328e-03
0.000000000000000000e+00 1.647784953698471638e-02
0.000000000000000000e+00 9.563526535435330767e-03
0.000000000000000000e+00 1.177333643564167434e-02
0.000000000000000000e+00 1.122602185005453293e-02
0.000000000000000000e+00 7.835547969581061270e-03
0.000000000000000000e+00 8.642348341135960843e-03
0.000000000000000000e+00 8.918627071137125856e-03
0.000000000000000000e+00 7.307789575528910418e-03
0.000000000000000000e+00 9.248914522397011506e-03
0.000000000000000000e+00 1.801493263724183915e-03
0.000000000000000000e+00 4.163317026520625685e-03
0.000000000000000000e+00 3.753281064666250024e-03
0.000000000000000000e+00 8.435867385367780760e-03
0.000000000000000000e+00 1.399331262947242985e-02
0.000000000000000000e+00 3.668793378211923639e-03
0.000000000000000000e+00 6.340703963443200704e-03
0.000000000000000000e+00 7.830870987119058560e-03
0.000000000000000000e+00 4.852541229345913067e-03
0.000000000000000000e+00 2.842614084847269219e-03
0.000000000000000000e+00 3.683312741755990615e-03
0.000000000000000000e+00 4.802758051869727117e-03
0.000000000000000000e+00 6.053493956425415497e-03
0.000000000000000000e+00 1.595499955460617444e-02
0.000000000000000000e+00 1.185298111078041117e-02
0.000000000000000000e+00 8.568320375835323729e-03
0.000000000000000000e+00 1.339974980848863094e-02
0.000000000000000000e+00 8.577353124887011557e-03
0.000000000000000000e+00 4.086873864963776366e-03
0.000000000000000000e+00 3.263584299828372129e-03
0.000000000000000000e+00 5.705116610531289247e-03
0.000000000000000000e+00 6.636878554910366490e-03
0.000000000000000000e+00 8.315032557503628310e-03
0.000000000000000000e+00 7.928179432190415876e-03
0.000000000000000000e+00 1.448774373917865663e-02
0.000000000000000000e+00 4.451631353852941037e-03
0.000000000000000000e+00 1.309323598356310937e-03
0.000000000000000000e+00 5.772857509952432006e-03
0.000000000000000000e+00 9.489960631120838291e-03
0.000000000000000000e+00 1.001218164370512110e-03
0.000000000000000000e+00 6.345223403652976157e-03
0.000000000000000000e+00 6.870878112979047526e-03
0.000000000000000000e+00 3.744857930604454915e-03
0.000000000000000000e+00 3.206415237573288952e-03
0.000000000000000000e+00 4.266126167897187765e-03
0.000000000000000000e+00 5.468296754435003279e-03
0.000000000000000000e+00 1.091017271972078567e-02
0.000000000000000000e+00 9.652823577060353974e-03
0.000000000000000000e+00 6.044985418378092702e-03
0.000000000000000000e+00 5.302245438001113378e-03
0.000000000000000000e+00 9.178624797156111764e-03
0.000000000000000000e+00 8.973281031352390354e-04
0.000000000000000000e+00 6.169061015996796758e-03
0.000000000000000000e+00 6.153215769824000626e-03
0.000000000000000000e+00 1.728096299987316601e-03
0.000000000000000000e+00 2.221163792927835761e-03
0.000000000000000000e+00 8.514142155584551036e-03
0.000000000000000000e+00 4.708671339528461113e-03
