1.539320459436747165e-03 1.539544526470981072e-03
1.784985358085569443e-03 1.975486108209131147e-03
2.254732941493051233e-03 2.310401514649825482e-03
2.267158246852496797e-03 2.271127271511068791e-03
2.773029417432747428e-03 3.083760646306716539e-03
2.890315225411177642e-03 2.958001038885438305e-03
2.945994064630714799e-03 3.541418261120241051e-03
2.959163301268242889e-03 3.028755630416016427e-03
3.068920583466515275e-03 3.107078860696330276e-03
3.085041021003657319e-03 3.137364950445455103e-03
3.124494272358409926e-03 3.129330907922728364e-03
3.139937698249608070e-03 3.168497460575803778e-03
3.151272407269077504e-03 3.272441692506918194e-03
3.260660920684437403e-03 3.264974689229646360e-03
3.268666757542924590e-03 3.556388550511685454e-03
3.293348979361891259e-03 3.305124553017963450e-03
3.348847326261382776e-03 3.459347124083334089e-03
3.396229055129101979e-03 3.400840865067061413e-03
3.473368177461032963e-03 3.782847005374429840e-03
3.493160374936717018e-03 3.671413780237926024e-03
3.494837833575701724e-03 3.815565903713479846e-03
3.606151657379218917e-03 3.713006920009352587e-03
3.628456846414035170e-03 3.981907087997578649e-03
3.648175875750654315e-03 3.693201590556441111e-03
3.686275695061556196e-03 3.743842701411253127e-03
3.738030406871556237e-03 3.764880001498038201e-03
3.851983861097264469e-03 3.882166112951491305e-03
3.919455594041739918e-03 3.936922109219345191e-03
3.924400832906287974e-03 3.933263148140195634e-03
3.933341049826028640e-03 4.031573057397053357e-03
4.010097640078049384e-03 4.065090031282941885e-03
4.043442974623855969e-03 4.069424685758588241e-03
4.118186784738549558e-03 4.497188394079723768e-03
4.147268575560441282e-03 4.151637663551262236e-03
4.159371510795737553e-03 4.284497958411547132e-03
4.165112167635372058e-03 4.293478812946771410e-03
4.222326679562377928e-03 4.403755585373371820e-03
4.261557453169318929e-03 4.479568613896916553e-03
4.304766039316448335e-03 4.478142343276858388e-03
4.382801174497849735e-03 4.436356534213863057e-03
4.401419804942020321e-03 4.523187965649806339e-03
4.405920765027848164e-03 4.700124683670676463e-03
4.512439687781764734e-03 4.768491666228974468e-03
4.609661760441846785e-03 6.172859429764592995e-03
4.612037831182115577e-03 4.639437611275517778e-03
4.614763157243687713e-03 5.501548084282842192e-03
4.651156803974211898e-03 4.713476176037258852e-03
4.655069572913420224e-03 4.817550063324283621e-03
4.688079737858323430e-03 4.703863669042565240e-03
4.725241796366885447e-03 4.824861183943393236e-03
4.849199355964325074e-03 5.172856236384954128e-03
4.873906457057150705e-03 5.272225036329193301e-03
4.903581436591340943e-03 4.943410487630356745e-03
4.923780893578966894e-03 4.971143667321239849e-03
4.948699843016784831e-03 5.023542902907716240e-03
5.121121855747094893e-03 5.620158369296164927e-03
5.123163294194081445e-03 5.266201325832375706e-03
5.135118494707868568e-03 5.444070888625386455e-03
5.154103393759094931e-03 5.370589474706533896e-03
5.156197645096232025e-03 5.436236988584280949e-03
5.176630598968412836e-03 5.197894634233386942e-03
5.228403463532589439e-03 5.235129259120541688e-03
5.276481705362615071e-03 5.825346316946374003e-03
5.349678720519733359e-03 5.402598909300258996e-03
5.437754361320557180e-03 5.569848919853568822e-03
5.442822172202234181e-03 5.455206076139726239e-03
5.481940226280655054e-03 5.606106682545672348e-03
5.524173954562526523e-03 5.757048456534243422e-03
5.590069783431343697e-03 5.630077709832551937e-03
5.606713442699759811e-03 5.694018232260806417e-03
5.628629073077439510e-03 5.869613231514803076e-03
5.651226324842537931e-03 5.693541705623320938e-03
5.676455784769283801e-03 6.125540135707182969e-03
5.723970209483444579e-03 5.723971138345140472e-03
5.741441446051765742e-03 6.873048733410723303e-03
5.968617383896807418e-03 6.013328714439093899e-03
5.980663003406380858e-03 5.982658973593917365e-03
6.006253082160599964e-03 6.616641713523528819e-03
6.024792196934808906e-03 6.106631461622123724e-03
6.030941464121479696e-03 6.230332805800953624e-03
6.041400405139330659e-03 6.414722907891136708e-03
6.056986471177219084e-03 6.062122553503969738e-03
6.085163349331852711e-03 6.189864616934487654e-03
6.098285522085253665e-03 6.127870104330268054e-03
6.139671911899856165e-03 6.196062737111540653e-03
6.171225334368307149e-03 8.593517006823795171e-03
6.172079462507456399e-03 7.388020823570064059e-03
6.191991520706670478e-03 7.712395919997716391e-03
6.206509248030663527e-03 6.725376234920976692e-03
6.224581989438841487e-03 6.307255051614466500e-03
6.249708615135188966e-03 8.588754371925064190e-03
6.296908474224675520e-03 8.528621152439878547e-03
6.307651720247223898e-03 6.377416636630580185e-03
6.315160295660049612e-03 6.634009965610504489e-03
6.340281027003987283e-03 6.352802432098496148e-03
6.342506617920422654e-03 6.367175781424195408e-03
6.359548793181451533e-03 6.807363304635443910e-03
6.366272042159954424e-03 6.690723054250829506e-03
6.371198890730804011e-03 6.609849052166185540e-03
6.408323427936460197e-03 6.966431546710173152e-03
6.453295032895107163e-03 6.575628205994468040e-03
6.454379272889503201e-03 7.259923179572988147e-03
6.497015058157151919e-03 6.553782298706959525e-03
6.514363640107761512e-03 6.575549594493980930e-03
6.531961037190186885e-03 6.640487118426600596e-03
6.535626694912111470e-03 6.873627416683707712e-03
6.554212836678389997e-03 8.279766250135069811e-03
6.555495345588102131e-03 6.562893730224923262e-03
6.569103255286826148e-03 6.702710261841373848e-03
6.571515712451872666e-03 6.906287617751705361e-03
6.574916907432615254e-03 6.640775271193564804e-03
6.579643041924971777e-03 8.227238576569283202e-03
6.580144573864939520e-03 6.581331375302882682e-03
6.598171622872166069e-03 6.654990075431996104e-03
6.602559126776913652e-03 7.118888975558203096e-03
6.662426970859153426e-03 6.777360916965807607e-03
6.673143019111805324e-03 6.740376512728783222e-03
6.693457930160694007e-03 6.774090250223463450e-03
6.733342505601072961e-03 7.022189018759280449e-03
6.747970544405671421e-03 6.935949194204897236e-03
6.770739410643876986e-03 6.822896886006088110e-03
6.785166669709540889e-03 7.000431582754191792e-03
6.806540710096460611e-03 6.961592151714546262e-03
6.807360258070428022e-03 7.329653495908075231e-03
6.814757808976695808e-03 6.865771692226878796e-03
6.867185872555903875e-03 7.167484865767155891e-03
6.887283422367903793e-03 8.166570535341694317e-03
6.892106082492215589e-03 8.503017215810291379e-03
6.910824212655570543e-03 7.473493062697737083e-03
6.921047193295234469e-03 8.658389005610261230e-03
6.931144653250688112e-03 7.064843012825704378e-03
6.945295340111959197e-03 7.081768994791014758e-03
6.945843792917428053e-03 7.721985651847964281e-03
6.945942506028894223e-03 7.017508186749258844e-03
6.968034730401990312e-03 7.739095815159424858e-03
7.007693342246465278e-03 7.831807130554721205e-03
7.012439832265456724e-03 7.738029381067841779e-03
7.024283066205703335e-03 7.089867241457182938e-03
7.025369604967806811e-03 7.045123128050888826e-03
7.042181063836593785e-03 7.717789463129856586e-03
7.051189283130208756e-03 7.085959841089548017e-03
7.079852793038489238e-03 7.682920018961013515e-03
7.103367565209990978e-03 7.195704502206829757e-03
7.113457505943297787e-03 7.197184973462725927e-03
7.121351809333866141e-03 7.151810631094425615e-03
7.122866762540700121e-03 7.150872231574049824e-03
7.124747086975914169e-03 8.042526498791958620e-03
7.150438368740938237e-03 7.290175429561327781e-03
7.151442799579607427e-03 7.227721070690435595e-03
7.230691851544104355e-03 7.283495015631819697e-03
7.234306968635755182e-03 9.868610333398097206e-03
7.236665678336407642e-03 7.278895131064670038e-03
7.254249428528343827e-03 7.852472364135899482e-03
7.257770841504494752e-03 8.144598626059961974e-03
7.261159313137378543e-03 7.286635727490079102e-03
7.264643278056952778e-03 7.659393253370997377e-03
7.306049224783021413e-03 7.580619123963528057e-03
7.311289247750979783e-03 7.723691444584638612e-03
7.343309117723315592e-03 8.317134928761684212e-03
7.350571782324604592e-03 7.375940736438523111e-03
7.351708197308462304e-03 8.356873318895103805e-03
7.353308213507983235e-03 7.387609211402739774e-03
7.355172611157881346e-03 7.756973827125565428e-03
7.404093513423509049e-03 7.422222293402971210e-03
7.435833220590495722e-03 8.053580961301673100e-03
7.441607744195788583e-03 1.231761343750075247e-02
7.443458234511392962e-03 7.519321380201877611e-03
7.445564224045707336e-03 7.689948160199456401e-03
7.491780227429016559e-03 8.061646206261242897e-03
7.547357834641154131e-03 9.506239721075121149e-03
7.547719635788793617e-03 7.649810340087811154e-03
7.578414048440713577e-03 7.671640879196276082e-03
7.587263875582265886e-03 7.588812712700752916e-03
7.588415526907736457e-03 8.033935499606847941e-03
7.599047347212847282e-03 7.605984421575798238e-03
7.663848760291887621e-03 7.831856317658461922e-03
7.673079288113881895e-03 7.695195515269812221e-03
7.681076380543452875e-03 7.897203793451195580e-03
7.692830614503912492e-03 8.430660736683104686e-03
7.719860779596170001e-03 8.474652111974304014e-03
7.729458897462855582e-03 7.731164054800072905e-03
7.734621512230466060e-03 7.746950059805202300e-03
7.736440259430075322e-03 7.741313790009729176e-03
7.770107111716341095e-03 7.938745330615075771e-03
7.788792782432423650e-03 7.944434644837568976e-03
7.791676550082356385e-03 7.799332897618049300e-03
7.798536400883315269e-03 7.851949287797256941e-03
7.817497884753887849e-03 7.829357645124348369e-03
7.820479734499610411e-03 7.966015869823364279e-03
7.851421252396288686e-03 1.252644851219740854e-02
7.864549136809227334e-03 7.867783388891914920e-03
7.880984416697480940e-03 7.995570338755071324e-03
7.906934168087605477e-03 8.007707791675687872e-03
7.924062150655181852e-03 7.938993082737100249e-03
7.925359355357595656e-03 8.404113175191237767e-03
7.925449957981250959e-03 9.597493769698817179e-03
7.937072075605915503e-03 7.964850866683782782e-03
7.950105935693700318e-03 9.697561089884045027e-03
7.974605186862798734e-03 7.982961409999446076e-03
7.987536967751947964e-03 8.637604127889868949e-03
7.994315896037714614e-03 8.050875598889298268e-03
8.000913249831537524e-03 8.028772345970653160e-03
8.065831629176473810e-03 8.406493428825791842e-03
8.071661187321652053e-03 8.173296425720510960e-03
8.085683245547625395e-03 8.761862385996363814e-03
8.154807990722840599e-03 8.162327885681381137e-03
8.173521064628657892e-03 8.174044086414358409e-03
8.182529721111914123e-03 8.413895457956066526e-03
8.183582083867662824e-03 9.321045970698604854e-03
8.192615907668040001e-03 9.363566826957265068e-03
8.228453452761751857e-03 9.273768342478368523e-03
8.311103382896010278e-03 8.313171902985555528e-03
8.315063512774074211e-03 9.148486048145746882e-03
8.338759851676053741e-03 9.625629674239582698e-03
8.387817501346020790e-03 8.863271756576912921e-03
8.393427032125181167e-03 8.572424150591267250e-03
8.393899260956049976e-03 1.130557462607222410e-02
8.394670327826760439e-03 8.753378842481517735e-03
8.397770932719858528e-03 9.211849811431721546e-03
8.399242287253704670e-03 8.400294013662627443e-03
8.452571443325295614e-03 8.834414269422091043e-03
8.461293363469355247e-03 8.469762044965342684e-03
8.466448926662940508e-03 8.504707498064855223e-03
8.502724395523362025e-03 8.748505344287825850e-03
8.506223603241854295e-03 8.790200711758381150e-03
8.532106939575248572e-03 9.323021548543704295e-03
8.538794094977906340e-03 9.220131386654688635e-03
8.559707228735035853e-03 8.560692062120374771e-03
8.592886494790024157e-03 1.098464355421320364e-02
8.636241247006799793e-03 8.712601777475442039e-03
8.643003675065425231e-03 9.455614837542711607e-03
8.661097075172074708e-03 1.134332725478861929e-02
8.677585697817406102e-03 9.303839320430877524e-03
8.688925987661516928e-03 1.005524735174216124e-02
8.725073217388561869e-03 8.738304387557280228e-03
8.738126680402047777e-03 8.753719560916348175e-03
8.745880961620638300e-03 8.845229742298781062e-03
8.756795932821925116e-03 8.852150044519106753e-03
8.779793895148367902e-03 9.436120086110284799e-03
8.825290250768431585e-03 8.860732464294638830e-03
8.826313218482819203e-03 8.990787037152083577e-03
8.829218958084732866e-03 9.214830812111248284e-03
8.831863790094790501e-03 1.021533460891790174e-02
8.836426550945426089e-03 9.462680646934560832e-03
8.849413075438851764e-03 8.851966917945935584e-03
8.916465483785690482e-03 8.940815344155542133e-03
8.929916875391590361e-03 9.246174720496172506e-03
8.929979692677501510e-03 8.984675810036191895e-03
8.937357743087976508e-03 9.440343049352570987e-03
8.971308066980071549e-03 9.294924938151157001e-03
8.986795784081180738e-03 9.289824118774393444e-03
8.990173562621153400e-03 9.679604499850396823e-03
9.035234347079560899e-03 9.396743114548253631e-03
9.058274105256886380e-03 9.062527222244577685e-03
9.079944024850418113e-03 9.093491899655598704e-03
9.096828372812048105e-03 9.096848600884503006e-03
9.097653537388391415e-03 9.103533717054352117e-03
9.102737002434663216e-03 9.110606772418873914e-03
9.133910204130367416e-03 9.947672178062087062e-03
9.153623266213124082e-03 1.029298116534783925e-02
9.184477736125367178e-03 9.586835250735711855e-03
9.191776978207701065e-03 9.664147656596438346e-03
9.194544464542840634e-03 9.412380108756954536e-03
9.196946021136501517e-03 1.020944280383202438e-02
9.220730424310570952e-03 9.229530588194163193e-03
9.262058370010430378e-03 1.462820989142118479e-02
9.276771761406413241e-03 9.450169781913821468e-03
9.288107700625851046e-03 1.507566083347604453e-02
9.314960417069233917e-03 9.403530087108679866e-03
9.322986364168041329e-03 9.398575576408368243e-03
9.427190503368218857e-03 9.581858304127574208e-03
9.434913175404614077e-03 1.057441380855344421e-02
9.439930462200867012e-03 1.166243294489082566e-02
9.448224228953258988e-03 9.653715866960180941e-03
9.450014839456665275e-03 1.065782204636446344e-02
9.459893235055588309e-03 9.483481996437295725e-03
9.465198051383556452e-03 1.024736474542392237e-02
9.472919499801633891e-03 1.051466027007529232e-02
9.491998558061215049e-03 9.531791746646881003e-03
9.506224018674893847e-03 9.507469879690845505e-03
9.530225130090724459e-03 1.063197529472728262e-02
9.573422324859475960e-03 9.601236010899464463e-03
9.591917849359716391e-03 9.657236593349473319e-03
9.596326956784556605e-03 9.807085356558862405e-03
9.634433457780682691e-03 9.990000324380672245e-03
9.665291027624284270e-03 1.214070099066043122e-02
9.706971711235771669e-03 1.148605832601392630e-02
9.721507874630165927e-03 1.021950690962233205e-02
9.725971445682169911e-03 9.725971835542033053e-03
9.726491913977376724e-03 9.823383035609187242e-03
9.758165064270794484e-03 1.027964890294224935e-02
9.809869695674260093e-03 1.100058687795916687e-02
9.811136312029251211e-03 9.839376521219652880e-03
9.821600460260782386e-03 1.004206673313589628e-02
9.833879518073509671e-03 1.087207909789281689e-02
9.841958863876634767e-03 1.019551426543067150e-02
9.875167958050296013e-03 1.015059048535887909e-02
9.887381153173689652e-03 1.039749677722871975e-02
9.912676583560499008e-03 1.056353012161250632e-02
9.918241089099990790e-03 1.001869806345189774e-02
9.920179041797434760e-03 1.120511621436725246e-02
9.927653862881866478e-03 9.958844846655150185e-03
9.937798325885685916e-03 1.008529046325016242e-02
9.947957602906188843e-03 1.068196859825783392e-02
9.971078589956610880e-03 1.005155950204057215e-02
1.004481106067639865e-02 1.307324482780002420e-02
1.009097244761433983e-02 1.149366935794660614e-02
1.010766488752012394e-02 1.013567672525104643e-02
1.013205032879247944e-02 1.013247895867174647e-02
1.015029113683440197e-02 1.045431881703231571e-02
1.015921896232543226e-02 1.018547214604381516e-02
1.017896764549607730e-02 1.023497593567149026e-02
1.018220786978986554e-02 1.044268897893813920e-02
1.018415372026410144e-02 1.414289520318270932e-02
1.018593799404278293e-02 1.053977217903410805e-02
1.021245086188161261e-02 1.044150315997498593e-02
1.021621348990453537e-02 1.053202087661642486e-02
1.022103014403738692e-02 1.077027193351274420e-02
1.025188739003654419e-02 1.205098891669607528e-02
1.025835285399836344e-02 1.109188903081340626e-02
1.027334488244627947e-02 1.028418081029201098e-02
1.028014809796894656e-02 1.028046414227602214e-02
1.028980355506911755e-02 1.071952539634674073e-02
1.029949105259339061e-02 1.046877334603644148e-02
1.030068932038294936e-02 1.034631613620905222e-02
1.031080410759783669e-02 1.077575635023495133e-02
1.033966277737018158e-02 1.084911845922751500e-02
1.034574126141070242e-02 1.203099218184621420e-02
1.037171271368344042e-02 1.103183647236292107e-02
1.039238474642496107e-02 1.047562303317492102e-02
1.042360303738863389e-02 1.144745315404689483e-02
1.045275066220814099e-02 1.320161455529773355e-02
1.045902243781613762e-02 1.461844793095108674e-02
1.045999304448825412e-02 1.144356676182850183e-02
1.046500115581519563e-02 1.196550979672401580e-02
1.051356599303985249e-02 1.138511462331982284e-02
1.053278273413810195e-02 1.088687563529250855e-02
1.053660739748831475e-02 1.054142157947151812e-02
1.057528588664087901e-02 1.108432533574644878e-02
1.062662472145487098e-02 1.063315242774872174e-02
1.066436523053732044e-02 1.552808535365576142e-02
1.066795468534464768e-02 1.299920341035738607e-02
1.069172110866205283e-02 1.111637839272753593e-02
1.070519351050623277e-02 1.074873979373892896e-02
1.073595728181367046e-02 1.097157008704326836e-02
1.075161962101682522e-02 1.212822134896668173e-02
1.079013500372792873e-02 1.303814806243589614e-02
1.084357361102508688e-02 1.089208987393518353e-02
1.085133225044002288e-02 1.091944209260226929e-02
1.086100994049627941e-02 1.089534389112020198e-02
1.088195189273098197e-02 1.404432801730952189e-02
1.088560774553949152e-02 1.111959367337587816e-02
1.088705362819812617e-02 1.166674375660449285e-02
1.090552038760988010e-02 1.153076151765100935e-02
1.090867600230132142e-02 1.150652969059821895e-02
1.092916342090130555e-02 1.117803498617033625e-02
1.096708822983729660e-02 1.108063679782937509e-02
1.103312399768402972e-02 1.118008096687812987e-02
1.104833001638580101e-02 1.207560317635242471e-02
1.107958893236964115e-02 1.117915942666701176e-02
1.108402254166245687e-02 1.249708601437330389e-02
1.109620113204431990e-02 1.166926670957636053e-02
1.110017132555693627e-02 1.122882088708873974e-02
1.111545169895542841e-02 1.354782332772473154e-02
1.112324403191565850e-02 1.282008581512052506e-02
1.117908704303594188e-02 1.117974795095171524e-02
1.119253139068426307e-02 1.292514136522482371e-02
1.124894868053404572e-02 1.131371505797217243e-02
1.126000095173272306e-02 1.126423580899075551e-02
1.127357756411885049e-02 1.164698965176916984e-02
1.127911448813363748e-02 1.134758824477157847e-02
1.128736368678300017e-02 1.129720600272271155e-02
1.129052752367363729e-02 1.278139501920801807e-02
1.131628005039965121e-02 1.137386210228904897e-02
1.132154971717843316e-02 1.321103218182450786e-02
1.133352253409319541e-02 1.133352269600262224e-02
1.134630138693771238e-02 1.550065943972510699e-02
1.134885079822924546e-02 1.212230470233533440e-02
1.137702495066230182e-02 1.189836895245731385e-02
1.140862737814788731e-02 1.267698444606782729e-02
1.145088616084507203e-02 1.230050174096957230e-02
1.146040459438834279e-02 1.151391074615803166e-02
1.152234986359247995e-02 1.154104693508193995e-02
1.152364327744091234e-02 1.171390786775342377e-02
1.154353588322475088e-02 1.199232396261426872e-02
1.154486024735183573e-02 1.228382415310800245e-02
1.154799454466498565e-02 1.204780057296133029e-02
1.159265264954042855e-02 1.177594146873344426e-02
1.161725511585618570e-02 1.169588577557274973e-02
1.162154009417603120e-02 1.350960227791661583e-02
1.163709341575267127e-02 1.243916059933763106e-02
1.165872666882281083e-02 1.418874802242128981e-02
1.168248407268737341e-02 1.262024144655172868e-02
1.168412042841631034e-02 1.263242475401579745e-02
1.169269576087965216e-02 1.183766012650115836e-02
1.169399254878969799e-02 1.264650702786288342e-02
1.173168409343222640e-02 1.199051311018821918e-02
1.176937120444913713e-02 1.231307732343386169e-02
1.178781221617363970e-02 1.192602135230424673e-02
1.179244405779618886e-02 1.194324173657862996e-02
1.179530485832153662e-02 1.181006868737350703e-02
1.183487925253780444e-02 1.222629672204512963e-02
1.185154327001037948e-02 1.231338229584580564e-02
1.185342181245464289e-02 1.196748625023176006e-02
1.189458339974622941e-02 1.203752999503968774e-02
1.189551460349120258e-02 1.264202772189491376e-02
1.189744731864064188e-02 1.196910557184936892e-02
1.191072704318889633e-02 1.191136851475731520e-02
1.191592989463874201e-02 1.193008440896357707e-02
1.193038718583664184e-02 1.242064444083738027e-02
1.193640412498440766e-02 1.195380344551316351e-02
1.195116395258766923e-02 1.195230600581287210e-02
1.197879563253204625e-02 1.232984552973719755e-02
1.199056750752747549e-02 1.253686587367501722e-02
1.201358710249574024e-02 1.203718058841067758e-02
1.202179747087324391e-02 1.224090934013644452e-02
1.206765514986329890e-02 1.219498563098159183e-02
1.210173202085121878e-02 1.251731204985465085e-02
1.212670516454019722e-02 1.284621046300338069e-02
1.212832267893847356e-02 1.229405428192912458e-02
1.213582910072459609e-02 1.219953372983511274e-02
1.214119957891286912e-02 1.306112585936089823e-02
1.215475571411290916e-02 1.225685600604057950e-02
1.217113983843212503e-02 1.218255860992350538e-02
1.217220715253382844e-02 1.888072657520125860e-02
1.217710280759275003e-02 1.218516212791099194e-02
1.222441726996893741e-02 1.248268709526511103e-02
1.223097950461729533e-02 1.356906937998453820e-02
1.223935821030873276e-02 1.282704057017030989e-02
1.230299464971736784e-02 1.285535803321702711e-02
1.230786084604049146e-02 1.244774676697309353e-02
1.232399074985541555e-02 1.232822742715208690e-02
1.240220391078278132e-02 1.260997749890298628e-02
1.240346976300835298e-02 1.258543549541855933e-02
1.241471599555555964e-02 1.316428539549733753e-02
1.244392976288543999e-02 1.266829193115813143e-02
1.246451204110881304e-02 1.263096267681045395e-02
1.247120550486910395e-02 1.381133821321160228e-02
1.247866151542694271e-02 1.260710773145849554e-02
1.248735248704623511e-02 1.609530214534405854e-02
1.249378806162858638e-02 1.252224341870747208e-02
1.249457605368325605e-02 1.406114094901992490e-02
1.250989869320594944e-02 1.251401518908991373e-02
1.254085588878322069e-02 1.584404505852617107e-02
1.254114243429877394e-02 1.396433693833265717e-02
1.256364002367082837e-02 1.273477422471989452e-02
1.258828888518586861e-02 1.308604985582149764e-02
1.262695641787832737e-02 1.377607040212828690e-02
1.264558043339515485e-02 1.265131987461862173e-02
1.264663681472209984e-02 1.266456228923655558e-02
1.273911435165161338e-02 1.445925731754936494e-02
1.279214830431047237e-02 1.279541063135098897e-02
1.280874733604734673e-02 1.293790670856472327e-02
1.281348809087950319e-02 1.303230650527523876e-02
1.285349457906532350e-02 1.299458719308466473e-02
1.285876072490307713e-02 1.331301378563506596e-02
1.293037319501973322e-02 1.301652888508646536e-02
1.293165102278270515e-02 1.391794685014837232e-02
1.294704608388161197e-02 1.354151365478552076e-02
1.296173883809667235e-02 1.316449611557137314e-02
1.296940590335048105e-02 1.411774166718419120e-02
1.299269938374950431e-02 1.320470502553268248e-02
1.304019012915967959e-02 1.313663231058897173e-02
1.305710120516474088e-02 1.308039278680629344e-02
1.305947460815242225e-02 1.309210908646179367e-02
1.308073298191254896e-02 1.661446667957758305e-02
1.311881131100715858e-02 1.324846448262722610e-02
1.313805577239718705e-02 1.343755841861650827e-02
1.317284722833953967e-02 1.340447795493929228e-02
1.319686449506254564e-02 1.322374363258260570e-02
1.323069168239780768e-02 1.325584182893362745e-02
1.323648924544388455e-02 1.360722863912940984e-02
1.323696574849239464e-02 1.348358140852927781e-02
1.330162499063154008e-02 1.430192326681099975e-02
1.330640986453327304e-02 1.337687425678450726e-02
1.331561603318647327e-02 1.518690517568665674e-02
1.334254946557142905e-02 1.544468704362960375e-02
1.335484730813164475e-02 1.414397133745107400e-02
1.336902371482279195e-02 1.434295918672542740e-02
1.339253327905062969e-02 1.401740471729766464e-02
1.345428346317250994e-02 1.360389728587979921e-02
1.347934144931855864e-02 1.389282721832368200e-02
1.348793394405593121e-02 1.348850372853072944e-02
1.354087681864116037e-02 1.393317871832358557e-02
1.355698156353708946e-02 1.405780421154111462e-02
1.355826413195633344e-02 1.433209390012863890e-02
1.357159978001355911e-02 1.358886071788063116e-02
1.359633746344256731e-02 1.624153457527078778e-02
1.362518758047593682e-02 1.399148976829224338e-02
1.370193991716925005e-02 1.419165232790477876e-02
1.374218170256839150e-02 1.442001380942108113e-02
1.375771693872205985e-02 1.385943455269478090e-02
1.377349212066294841e-02 1.381703804589147835e-02
1.378793246344171657e-02 1.413654874127022107e-02
1.381254714096911279e-02 1.400089409668214650e-02
1.383048817079174028e-02 1.412916310493944616e-02
1.384611881438031940e-02 1.384874057019758360e-02
1.386304086794584722e-02 1.769954024965582004e-02
1.387084520252217061e-02 1.392951845125359016e-02
1.388326527252533096e-02 1.397917596368156504e-02
1.391780027150631323e-02 1.456651818624978868e-02
1.394081938565237822e-02 1.396716639751715422e-02
1.396686571030067436e-02 1.440761265793133461e-02
1.397001170950483775e-02 1.430675086087413242e-02
1.399429248251634651e-02 1.414391642033726096e-02
1.401335413448025202e-02 1.537713677553400639e-02
1.401906954384351221e-02 1.402897373800274239e-02
1.407786499735222581e-02 1.441872566125405701e-02
1.412244021624364972e-02 1.417572918379957081e-02
1.415789569427520177e-02 1.658364122232103277e-02
1.417029251419579805e-02 1.914820100749129589e-02
1.419914748141851320e-02 1.460913520657633642e-02
1.421896386425755554e-02 1.429884520762100819e-02
1.423261438188412088e-02 1.601710597787691509e-02
1.423326173989659417e-02 1.429110794067580716e-02
1.423444685749140036e-02 1.457047040202162115e-02
1.425031471403478620e-02 1.459627415322312972e-02
1.425542593215659015e-02 1.439022902150965781e-02
1.426654971294477950e-02 1.428002010594261843e-02
1.429279003919251868e-02 1.441891747233010196e-02
1.429822046075549663e-02 1.940317090658381580e-02
1.431233684591577508e-02 1.464384323531842461e-02
1.435846118695225868e-02 1.538159527807588314e-02
1.438145402643932827e-02 1.618795375054597058e-02
1.440265061038916578e-02 1.445156081796550133e-02
1.445620871430767541e-02 1.466339179571257180e-02
1.452845535224786544e-02 1.720293115701953049e-02
1.453506001618124453e-02 1.454120749815485808e-02
1.454612501190650359e-02 1.499860194728011922e-02
1.454614036543053907e-02 1.633360251954199191e-02
1.455058760959516105e-02 1.880158472175198076e-02
1.458498226357760573e-02 1.674547682646742447e-02
1.461369471795689531e-02 1.464446503607180587e-02
1.464312148474534309e-02 1.475248180649069152e-02
1.469162194095354444e-02 1.666695979782124859e-02
1.469937552275134111e-02 1.559395425286503115e-02
1.471341637985489580e-02 1.576721664842098414e-02
1.477202094834782244e-02 1.477281070734462985e-02
1.479253560290167899e-02 1.538024869924813770e-02
1.482738047390504826e-02 1.566798217611278451e-02
1.483279364329584925e-02 1.717118865304924358e-02
1.483318399026193994e-02 1.571129271394856516e-02
1.488391563069594616e-02 1.497505434699795100e-02
1.490312677775298272e-02 1.565175922694396482e-02
1.491764875602378040e-02 1.512852016049837447e-02
1.493971947305462386e-02 1.513848378874546076e-02
1.496721375738748090e-02 1.504554127647837920e-02
1.500661732209421402e-02 1.532829117315770082e-02
1.502213519726211879e-02 1.615694692331093654e-02
1.504255316490027763e-02 1.505340075889822354e-02
1.504818653568435957e-02 1.519765738816060419e-02
1.509309188396953418e-02 1.546290431787000590e-02
1.514509240034554033e-02 1.633194411220831310e-02
1.518228712061129616e-02 1.672049002424651556e-02
1.519242308581042651e-02 2.827398868993556691e-02
1.520040725639473095e-02 1.657191212232355521e-02
1.521485378629577889e-02 1.539599718687830431e-02
1.521856092599306251e-02 1.533841363593300283e-02
1.523414344456473953e-02 1.524447372589965259e-02
1.524628567690664016e-02 1.524810574678237343e-02
1.527203774355923027e-02 1.528189859713825760e-02
1.527916076323860943e-02 1.530102302006422152e-02
1.529698531730920401e-02 1.733691410522387663e-02
1.535422328669347122e-02 1.586292315952399223e-02
1.539117483612973541e-02 1.732801672737566134e-02
1.541228665211977385e-02 1.761489977439748694e-02
1.541392958595063679e-02 1.694432650170223445e-02
1.547076711610402555e-02 1.668419553690849225e-02
1.547663129772225594e-02 1.669758159298141698e-02
1.547697324448867387e-02 1.548654349727042641e-02
1.548013604279822354e-02 1.647084287154461368e-02
1.550259429657238099e-02 1.618690988168317718e-02
1.551111612326859165e-02 1.883723258575094664e-02
1.563286237022915720e-02 1.572829096001296389e-02
1.567974106100570100e-02 1.631546292046285457e-02
1.569662877191460928e-02 1.581659271305625725e-02
1.572330354983873107e-02 1.575785553487315041e-02
1.572811592117433210e-02 1.859135407885397981e-02
1.577926807551111379e-02 1.628330183205452600e-02
1.581640597185374891e-02 1.671484088239974519e-02
1.582919731575885974e-02 1.609238956091722447e-02
1.585614141053317411e-02 1.686316482227724969e-02
1.588645002791593333e-02 1.588658988627954585e-02
1.593928283249781280e-02 1.596374465914399826e-02
1.596771323814179244e-02 1.669828164604586496e-02
1.600356919864222988e-02 1.605791905067410069e-02
1.600697248176093102e-02 1.876841787075548065e-02
1.600980732605538845e-02 1.607805495344849511e-02
1.601953893383590080e-02 1.602003416593359916e-02
1.603182965296877718e-02 1.613600307915042525e-02
1.603187324270731115e-02 1.603309593583434819e-02
1.604822628933938108e-02 1.608954880660907333e-02
1.605655138799767789e-02 1.740574046011341205e-02
1.608481099423659730e-02 1.637486894885327449e-02
1.609488840675832311e-02 2.043584306545594143e-02
1.610055808920730913e-02 1.669554762000314413e-02
1.613188671185710257e-02 1.616862746312325988e-02
1.613440423580725022e-02 1.653512355542622464e-02
1.614056305226667723e-02 1.731833762382573721e-02
1.616215882481364385e-02 1.630456305572627537e-02
1.616593879964658281e-02 2.247371916026228919e-02
1.617665026066031006e-02 1.799855098085027458e-02
1.619037674961625040e-02 1.857629816016111851e-02
1.625546142145164671e-02 1.626875743094001112e-02
1.625827651249740768e-02 1.909483850930928164e-02
1.626795557669139664e-02 1.631915026732735571e-02
1.628299332674076547e-02 1.804816980475049820e-02
1.633088518801545722e-02 1.796139808026506537e-02
1.636133566618115306e-02 1.639575346135848169e-02
1.636176297083725972e-02 2.107304456234103049e-02
1.640347708465112950e-02 1.651158722079525479e-02
1.642723742951484461e-02 1.744547460481626205e-02
1.646219817589188519e-02 1.866677244795507395e-02
1.647830126732089187e-02 1.698274388403853141e-02
1.649940065803676137e-02 1.656048803283040327e-02
1.650296238371319960e-02 1.654040061419240551e-02
1.651508043220154681e-02 1.714580506500475512e-02
1.651662911954821997e-02 1.653894933815208690e-02
1.651811297147052007e-02 1.659244690838828501e-02
1.653296349686259742e-02 1.686380486328037040e-02
1.656735498330520404e-02 1.666328977717618579e-02
1.657889730478922727e-02 1.725038816987060908e-02
1.659422871989391438e-02 1.959515039072861134e-02
1.665719945381841094e-02 1.665748140408877809e-02
1.672906616514605732e-02 1.698268618508556524e-02
1.672960753370550044e-02 2.042974765488057495e-02
1.672962107878417023e-02 1.761396380087632690e-02
1.675196081556914671e-02 1.723250306280445232e-02
1.676502421113201455e-02 1.965969271443386915e-02
1.676652135528219900e-02 1.906728489932186382e-02
1.683245571608013580e-02 1.696688299323110757e-02
1.688556194911880817e-02 1.690283006690009721e-02
1.689940308036771283e-02 1.711195552664148550e-02
1.693021873946263384e-02 1.702569783017497673e-02
1.695274140515097214e-02 1.701483028121502858e-02
1.696976136345078670e-02 2.021453733422385463e-02
1.703362037461043574e-02 1.729846199334581294e-02
1.709832693291916950e-02 1.717256115801096480e-02
1.712340204980963843e-02 1.773369707250589677e-02
1.712967712082777427e-02 1.731867612868107781e-02
1.713053923209323023e-02 1.720628272952989118e-02
1.714953295756696527e-02 1.801175231768262566e-02
1.717184428817530861e-02 1.746387018872844199e-02
1.717361266283526713e-02 1.717362827185557259e-02
1.719450385191262018e-02 1.759740549998234371e-02
1.720944838067688457e-02 1.721220848435797007e-02
1.721939069375421141e-02 1.894874508863505710e-02
1.723716215490663298e-02 1.736101282752102598e-02
1.724159981279010240e-02 1.724578271387727790e-02
1.725686995331204149e-02 1.738268147682655099e-02
1.726299461286918968e-02 1.726977538854384403e-02
1.727342364998364285e-02 1.732224575604921282e-02
1.730657242781366914e-02 1.761307822416475696e-02
1.731697126178769613e-02 1.732260871049395162e-02
1.732428445181825524e-02 1.758735114350788720e-02
1.733192778193791070e-02 1.769643294807060618e-02
1.733420822003547621e-02 1.815775868588853648e-02
1.739528438399549556e-02 1.740044268959560839e-02
1.740424848236491254e-02 1.783269178722127896e-02
1.740755710302390596e-02 1.747138712934483140e-02
1.742211124990045504e-02 1.904918123564217081e-02
1.743923342776057192e-02 2.229281273228136614e-02
1.744388859939317513e-02 2.010855372637282423e-02
1.747381619591389934e-02 1.756466843138834721e-02
1.748429503043137656e-02 2.029388255226584684e-02
1.753677408501654392e-02 1.786613891596528989e-02
1.756466137922431392e-02 1.773535303869857097e-02
1.758070928212556588e-02 1.768551282763679289e-02
1.761555416008919392e-02 2.117707527218669686e-02
1.770702626567307800e-02 1.774359858363668691e-02
1.772053088558746964e-02 2.214429336798505107e-02
1.777023041655505231e-02 1.791206382406037786e-02
1.778574763022068919e-02 1.820524944213264967e-02
1.778915624791702413e-02 2.006645657668246208e-02
1.781409185306277385e-02 1.789326048855532231e-02
1.782877599208149144e-02 2.046565889397164439e-02
1.783556125440418499e-02 1.923816715174161626e-02
1.783914346937869044e-02 1.794332288273898027e-02
1.788083151899575937e-02 2.052098872541874633e-02
1.788809382203309511e-02 2.613589431424483828e-02
1.788986677517488341e-02 1.853593415183236309e-02
1.790546254666452314e-02 1.810863800987406319e-02
1.790771262856366217e-02 1.818359734211828782e-02
1.791968885201776496e-02 1.821846428905628604e-02
1.795960881527537689e-02 2.558609640733832888e-02
1.801444629799061822e-02 1.801829247865124536e-02
1.802165335331440757e-02 1.806341820158322356e-02
1.803785906411906406e-02 1.956143936779481882e-02
1.805389100670438951e-02 1.807876487236023330e-02
1.805531522474997791e-02 1.828086345601042523e-02
1.805566894745174941e-02 1.918001859126850644e-02
1.811038064482366899e-02 1.811523966402132924e-02
1.816833594866905724e-02 1.842151836489439032e-02
1.820464288949856860e-02 2.003666315847493426e-02
1.820990028311308268e-02 2.094809088239858383e-02
1.825572534559525423e-02 1.902020704949830901e-02
1.834825423926680563e-02 2.527442076786357711e-02
1.842699071145313672e-02 1.844140766992483083e-02
1.852846410501969923e-02 1.859393172145744691e-02
1.854214216663507830e-02 1.905610202603090497e-02
1.855281828554988799e-02 1.863635047719834278e-02
1.864567636347668617e-02 1.937383749614559822e-02
1.865995506528938391e-02 1.867197992460780526e-02
1.872498989919743617e-02 1.979616943409499147e-02
1.872678735969908817e-02 2.161633037644965921e-02
1.873623766304394200e-02 2.523024874073591731e-02
1.874464267758224958e-02 2.132973539887809966e-02
1.874717383146687691e-02 1.926608931406957256e-02
1.876358994790814846e-02 1.877220133168910204e-02
1.879425535077937012e-02 1.880254845480213918e-02
1.879931683983383436e-02 1.943402406391139814e-02
1.881462069602114415e-02 1.912402004220281268e-02
1.885917824158403824e-02 1.948999071872961966e-02
1.886093223684295536e-02 1.970894905003468464e-02
1.887613846209131724e-02 1.902402238976636309e-02
1.893076800402384782e-02 2.031861157982977131e-02
1.898265107171138305e-02 1.920723150604219595e-02
1.904470672659486913e-02 2.049872184939135339e-02
1.905007866833427835e-02 2.384118921194155333e-02
1.908114885570879118e-02 1.970939075672071758e-02
1.910095046498990271e-02 1.914021964726606018e-02
1.912585239330874196e-02 1.976685573298244195e-02
1.913819948877463692e-02 1.976048579937651414e-02
1.916990283895630975e-02 2.324754683816283862e-02
1.922138508601408877e-02 2.002355676845351748e-02
1.927273289238737655e-02 2.074315782945279976e-02
1.931653614300150520e-02 2.036344687790681007e-02
1.933716812511080199e-02 1.960809829835517826e-02
1.940420660736256672e-02 2.159571660122018219e-02
1.943836615945392435e-02 1.949191207392910949e-02
1.946935172900558439e-02 1.966446592810132399e-02
1.951223949489720721e-02 1.970794506156843540e-02
1.953817977145869828e-02 1.953941490251763155e-02
1.954468682044191441e-02 1.954469921807605939e-02
1.956449883465629855e-02 1.957579639621627801e-02
1.957022565440627582e-02 2.262629415668273788e-02
1.957695765613611666e-02 1.977333255258233863e-02
1.964922676206441732e-02 1.981105353919426423e-02
1.968468247869328488e-02 1.969979239980507169e-02
1.972797657855088552e-02 1.977914083476008805e-02
1.976764582988436297e-02 2.006404748567763505e-02
1.976878428184008010e-02 2.055649359054013622e-02
1.977947314929732678e-02 1.988625279788005032e-02
1.982382913961280510e-02 2.105059159418085774e-02
1.984643594037151584e-02 1.986200723412498426e-02
1.986268027530117483e-02 1.994192864984737495e-02
1.988346209615219837e-02 2.003370854677092444e-02
1.990633490236309866e-02 2.048347487475431217e-02
1.991986615490190862e-02 1.993375349840467714e-02
1.994654947559677469e-02 1.997237621304207705e-02
1.999286301509953234e-02 3.007903012354455966e-02
2.003434151336614191e-02 2.092134855865276574e-02
2.005784930664663776e-02 2.123912857355005415e-02
2.010466939413534798e-02 2.232921330195263704e-02
2.011330817326393433e-02 2.011594458121721690e-02
2.018902123879100577e-02 2.041202425372785553e-02
2.020297904125246610e-02 2.097373603186006644e-02
2.021750061472065568e-02 2.132087468348685053e-02
2.022994596258679070e-02 2.654839363771064817e-02
2.023912136568910280e-02 2.036460359281890703e-02
2.030603122907316191e-02 2.461635595752702590e-02
2.032962398706988916e-02 2.040424255736898729e-02
2.035744213463246480e-02 2.095011357405521246e-02
2.038882837512806870e-02 2.053812800285431325e-02
2.041994113459854460e-02 2.042039270519496394e-02
2.043081925256678283e-02 2.046859161084964643e-02
2.045335056392566866e-02 2.144696168992041990e-02
2.049791377317562724e-02 2.186002404273065455e-02
2.049883686251771295e-02 2.050441279865115526e-02
2.052001765360740582e-02 2.117232315036096657e-02
2.052041863565911770e-02 2.076618524205655139e-02
2.056899368546877965e-02 2.081781467315074047e-02
2.063245249254665528e-02 2.063614290014004898e-02
2.067654599082551642e-02 2.070764983493407485e-02
2.085590105554470039e-02 2.086797673557458377e-02
2.087718899385416702e-02 3.095024273398330750e-02
2.088341385757757490e-02 2.111851649928504424e-02
2.097956718794823094e-02 2.098842611873548772e-02
2.106253471513233264e-02 2.119969981001291678e-02
2.107492852727258642e-02 2.121856391449499640e-02
2.109525704512866737e-02 2.111023614192185024e-02
2.111311656322453767e-02 2.153036656626994283e-02
2.112968857763848976e-02 2.139656986056381188e-02
2.121791939903642718e-02 2.144521326453065202e-02
2.123039473430999788e-02 2.168528234653069320e-02
2.128895466487870647e-02 2.204763577480486902e-02
2.136550357626119945e-02 2.170829680998816874e-02
2.136634280550078410e-02 2.216693652335538153e-02
2.139757931351407225e-02 2.153809685247861511e-02
2.148311659712190402e-02 2.155897233700930157e-02
2.150354600963883672e-02 2.227149729772244166e-02
2.152501058190410543e-02 2.663353008190128685e-02
2.159278564261935679e-02 2.213730568822648223e-02
2.164318773499039270e-02 2.222177631578888327e-02
2.180331534616043732e-02 2.245086741274666259e-02
2.187974402784609307e-02 2.199428553349950036e-02
2.190798716557865872e-02 2.569494379923950578e-02
2.192736981632652238e-02 2.214480794213703752e-02
2.193283655082810604e-02 2.327425052864860039e-02
2.195912800500920622e-02 2.197589463931719916e-02
2.200756353489046260e-02 2.214754603650946271e-02
2.201339490655196407e-02 2.372829321415962506e-02
2.201932276923865284e-02 2.203015250456819354e-02
2.216385463326959668e-02 2.221004208467476648e-02
2.216712811215644507e-02 2.451040219156375849e-02
2.217921643192770007e-02 2.225060982089639358e-02
2.224588577002049872e-02 2.232879935330862528e-02
2.225031243775435139e-02 2.284590312091365830e-02
2.233236762627386143e-02 2.234390935978491921e-02
2.236156594481703008e-02 2.236159604391625699e-02
2.236227649493508982e-02 2.684094811024787669e-02
2.247716515317554203e-02 2.611847437272864572e-02
2.249132974579862859e-02 2.262012239471379235e-02
2.250286026191475677e-02 2.264904835916334985e-02
2.253837534131408749e-02 3.160162842878330020e-02
2.254805916821479850e-02 2.398242544501518608e-02
2.258911389458170133e-02 2.260235263776539869e-02
2.262148043259292612e-02 2.262148240907130292e-02
2.263445182937724037e-02 2.583125594618293150e-02
2.266541931588883507e-02 2.268352436853760673e-02
2.270741335053259521e-02 2.457262989000903036e-02
2.287328250247216976e-02 2.528794171436766700e-02
2.289420683189400535e-02 2.348614187117854801e-02
2.292758058846841585e-02 2.467907984009588482e-02
2.316091117392570647e-02 2.358531811362504782e-02
2.316189698784919260e-02 2.317401585975684478e-02
2.316534804128302788e-02 2.349910534311880697e-02
2.318918797156967540e-02 2.498132879491521754e-02
2.321377581073576571e-02 2.416549395443192555e-02
2.322389141424816006e-02 3.480720472747787786e-02
2.324255723584649214e-02 2.403357718142752619e-02
2.325321178456751445e-02 2.345252461412682815e-02
2.327537498024720083e-02 2.331232468414229028e-02
2.328235912676598560e-02 2.358849359762129477e-02
2.330114213141241605e-02 2.377428446302295995e-02
2.334075790365364167e-02 2.372983308082919629e-02
2.334661521439113097e-02 2.471739549139905998e-02
2.339563597415740548e-02 2.455405519669492942e-02
2.349411891988610959e-02 2.367626252835494313e-02
2.351557699083653766e-02 2.434438017461348913e-02
2.358399286605743217e-02 2.629061772750561701e-02
2.359335601105880600e-02 2.367627434143031520e-02
2.371217267228034609e-02 2.406726756541697002e-02
2.372495859901429388e-02 2.392383280675266718e-02
2.377178058282561693e-02 2.379324564284272803e-02
2.378128807911633266e-02 2.585925393780833317e-02
2.380717532275486437e-02 2.509050905193076220e-02
2.382730314944624464e-02 2.392144260181392618e-02
2.394396335961842745e-02 2.432157273456887758e-02
2.400209088675416685e-02 2.429094392311684225e-02
2.423896670368103079e-02 2.450395319506395303e-02
2.425275465916067533e-02 2.425639220560210293e-02
2.429356647086048510e-02 3.061544542598121366e-02
2.431768266088511418e-02 2.432178467265067728e-02
2.439953337934022692e-02 2.537484140509150762e-02
2.441423411401356589e-02 2.446147111671023375e-02
2.443075075237143706e-02 2.443076493333355345e-02
2.443445752405639174e-02 2.459700252307123539e-02
2.449975487142357425e-02 2.469946983033388666e-02
2.453006607247711426e-02 2.454371626220687441e-02
2.454893764276219054e-02 2.530729533980023357e-02
2.455680613925583303e-02 2.482360051257684677e-02
2.459818167316819501e-02 2.479876848296050373e-02
2.462384240117598475e-02 2.500139425365396559e-02
2.462719576716761519e-02 2.546859747947745334e-02
2.465021981692423411e-02 2.471840083551801737e-02
2.467099827647380866e-02 3.198728884540612272e-02
2.467631642354676386e-02 2.627468516669469525e-02
2.478250429557914136e-02 2.483221239250500353e-02
2.481481189804980725e-02 2.514912068289013730e-02
2.486637486353822368e-02 2.496162795248025798e-02
2.489371749778121479e-02 2.500608953286194078e-02
2.495931149358278714e-02 2.629298512503400187e-02
2.498477146363427964e-02 2.543917860474033399e-02
2.503912898865229969e-02 2.609093066410577560e-02
2.507822890744700745e-02 2.547176404346912504e-02
2.516665418459241785e-02 2.661184405437215517e-02
2.524039137674811278e-02 2.554063791094447755e-02
2.529199171327898427e-02 2.615087730253359138e-02
2.531959443639037605e-02 3.010551369250562964e-02
2.533983333706945826e-02 2.536915994283785170e-02
2.539753765947795269e-02 2.843825508601664082e-02
2.545029166008913948e-02 2.545035488146292144e-02
2.546677372643173232e-02 2.898796387543436937e-02
2.550117941496654952e-02 2.574094995977405792e-02
2.559089618416003978e-02 2.886933958842562500e-02
2.561082664373737564e-02 2.562144933180567768e-02
2.564857885175235441e-02 2.648811542489303006e-02
2.573740577853586217e-02 2.618540080540472312e-02
2.574535120787148357e-02 3.387499107379945973e-02
2.582067688793935473e-02 2.633136646618735449e-02
2.587112303772790001e-02 2.634628995938468818e-02
2.593549160490550218e-02 3.185680619902553357e-02
2.594307400087600760e-02 2.645613284303529808e-02
2.599491982395506912e-02 2.599545377610376629e-02
2.607438074576180764e-02 2.753925379088803874e-02
2.609079028846783208e-02 2.966542290932500797e-02
2.610075126593336403e-02 3.049144857092241437e-02
2.616536434533447628e-02 2.637010394448167927e-02
2.620030978112014922e-02 2.699809480745861412e-02
2.625208072325256256e-02 2.667627157096461726e-02
2.627255867558025981e-02 2.627890383675442892e-02
2.636806273115276794e-02 2.646232937180249822e-02
2.638609585453969772e-02 2.638849116615382684e-02
2.643164726509189891e-02 2.818936944941149991e-02
2.652986654510322562e-02 2.775277477215460850e-02
2.655263725257116236e-02 2.715434596383332552e-02
2.656016633050973033e-02 2.689824572529049551e-02
2.659881832749744560e-02 2.998092604617432974e-02
2.688485668395809020e-02 2.736438329176735240e-02
2.695848792368085028e-02 3.127865911987696285e-02
2.698625431190115193e-02 2.700133846645466976e-02
2.704543139820403397e-02 2.757009132462690318e-02
2.708885014112341963e-02 2.957768968392405010e-02
2.710438420694485928e-02 2.768552711485746873e-02
2.718197492890257402e-02 2.948496372468912413e-02
2.726083131625266567e-02 2.750270368206741631e-02
2.732991011285832231e-02 2.749263356263449698e-02
2.736939897909337893e-02 2.744253691927243943e-02
2.743829757970738664e-02 2.748171208806034910e-02
2.746364458571974240e-02 2.759050264096315694e-02
2.746902774473044054e-02 2.752262708927695478e-02
2.747521650588992392e-02 2.857417173889447576e-02
2.758254723593071486e-02 2.798789605894755686e-02
2.763738351756818423e-02 2.797670556794880706e-02
2.769996728434381827e-02 2.802645768936687029e-02
2.775885072286724334e-02 2.881108117060627097e-02
2.777353069912323960e-02 3.500491071382755282e-02
2.779251271240039053e-02 2.793396076155668303e-02
2.789014539965144895e-02 2.794448088844542558e-02
2.791825429319093332e-02 2.870103396630685824e-02
2.795735985295969700e-02 2.837867994041838940e-02
2.798639440674515963e-02 3.034218283600038576e-02
2.800230752965384567e-02 2.820245066451387145e-02
2.805746461160655431e-02 2.845508610447755604e-02
2.819811291487374708e-02 2.898792452592317478e-02
2.821692177016634634e-02 2.822565844277326666e-02
2.826632219249265027e-02 2.873711912493278134e-02
2.830509895925369113e-02 2.841533716285744166e-02
2.832649721866912010e-02 2.947141357833099259e-02
2.832923623395253512e-02 2.833377202456702909e-02
2.834212903451320542e-02 2.905262733432078734e-02
2.838348400107186878e-02 2.916868966649997438e-02
2.861700941961594150e-02 2.901869684243189168e-02
2.862048013617148404e-02 3.016805437048686658e-02
2.867884967323445708e-02 2.872527156097924930e-02
2.875405337952988832e-02 3.039074586424910657e-02
2.881822010696145561e-02 2.882263580339613704e-02
2.882971083370391638e-02 2.938290410700901759e-02
2.884956229343255824e-02 3.104128522893112932e-02
2.890590829077827398e-02 4.103263266824437594e-02
2.894707466510700392e-02 3.827847156734438816e-02
2.925473597512099483e-02 2.994415022589866013e-02
2.931149099764734575e-02 2.995475164940429938e-02
2.940198081514937278e-02 3.066511391174220336e-02
2.948511670980998381e-02 3.036328887621514080e-02
2.952524111295109360e-02 2.981420279956787517e-02
2.965190395405259763e-02 2.991783473377384456e-02
2.966391901889306459e-02 3.047039446471903196e-02
2.967692366196731865e-02 2.967700132587438450e-02
2.968892503417750600e-02 2.973880976755002153e-02
2.977880608949994359e-02 3.005326237858308921e-02
2.991321156071820309e-02 2.991357949126810176e-02
3.005413662682563519e-02 3.379606559955870143e-02
3.010878079667304863e-02 3.072741049740667155e-02
3.013028647782006395e-02 3.021494492956940808e-02
3.014849992683210980e-02 3.014851614794476775e-02
3.031731043964386307e-02 3.128121797135167970e-02
3.032416005387011254e-02 3.034486288260040965e-02
3.045775376148207592e-02 3.097323998590683844e-02
3.059278501290408139e-02 3.067931302119807774e-02
3.087461954759096114e-02 3.691476837547465195e-02
3.092754143357258345e-02 3.093208937609842960e-02
3.101175527901268644e-02 3.110338907408835910e-02
3.105014852630339287e-02 3.146810911702451613e-02
3.128609397454056029e-02 3.166548303042891754e-02
3.132903171294326716e-02 3.141283633723533641e-02
3.135208644507767040e-02 3.135229333027221565e-02
3.150453187138194111e-02 3.151979528238666589e-02
3.154042900993257736e-02 3.194790281032470342e-02
3.177750370273388358e-02 3.193529503534339731e-02
3.180042733829503004e-02 3.257262547507911582e-02
3.187426315747469291e-02 3.206139236353812427e-02
3.188978566531738140e-02 3.220425317828731065e-02
3.192903473377506351e-02 3.214933541021002678e-02
3.195752599557036278e-02 3.201846013326531404e-02
3.198434481286704933e-02 3.207016539646114633e-02
3.218769743537151090e-02 3.262046619794706920e-02
3.235686608097806949e-02 3.244696780286025067e-02
3.238012058551757721e-02 3.369926361562944339e-02
3.238366206460784047e-02 3.256615625750110959e-02
3.238886092019513385e-02 3.257071467589144065e-02
3.260085584516584506e-02 3.265699298825824881e-02
3.261434394950665089e-02 3.644107357735296843e-02
3.266478442406563210e-02 3.421184549199900171e-02
3.268051048518279961e-02 3.562813133820252193e-02
3.272632310365135994e-02 3.443375532303634412e-02
3.276954964371404933e-02 3.277018500832306475e-02
3.287440103131770291e-02 3.297507901536653185e-02
3.306990275757220460e-02 3.714127988397812608e-02
3.326657744286690838e-02 3.326919893727687400e-02
3.355076430918359220e-02 3.355513587757100874e-02
3.370250339356999775e-02 3.384232152430579482e-02
3.373679285206376832e-02 3.375193718733274922e-02
3.374698653495955547e-02 3.407554703211149172e-02
3.392573275766243290e-02 3.460071031564482258e-02
3.394220988910756631e-02 3.598580904347484233e-02
3.398550850026019199e-02 3.449910702882959257e-02
3.429108276919565906e-02 3.454842133381316044e-02
3.436017315726698496e-02 3.450916903588195639e-02
3.454370171934464939e-02 3.547915732772060488e-02
3.510905446826539239e-02 3.512825319812232228e-02
3.519574566969817936e-02 3.766094489671648754e-02
3.558500652564516170e-02 3.594592921446400358e-02
3.585478747856594289e-02 3.703944335914272773e-02
3.608951984445332717e-02 3.722006433064220521e-02
3.618246114248230977e-02 3.645788174785839775e-02
3.630760343619500452e-02 3.632915579129768202e-02
3.631974111550083373e-02 3.660703385568921109e-02
3.679277583628381976e-02 3.688715821160406388e-02
3.681291330760168984e-02 3.718566100699584320e-02
3.741078882951074519e-02 3.764347459871032059e-02
3.817615984424087977e-02 3.869762303906398859e-02
3.819584761123778066e-02 3.834843008536605730e-02
3.849045810890248248e-02 3.885458965192606362e-02
3.873136326217942182e-02 3.874885270260599451e-02
3.886306569608413697e-02 3.888817815350346929e-02
3.937514676836381677e-02 3.939210852613569264e-02
3.968414954957446422e-02 3.968546807976142121e-02
3.981085121164047030e-02 4.126491725763758306e-02
3.982328221200422125e-02 3.993129420479406971e-02
4.001581600517363502e-02 4.009863340325695719e-02
4.098019553451850289e-02 4.106221390889177453e-02
4.100747282820872003e-02 4.103932699084912594e-02
4.111321660507575443e-02 4.135354029923220959e-02
4.128565263953677678e-02 4.529183257059003764e-02
4.153562187072076806e-02 4.154581939449861899e-02
4.281626361762569388e-02 4.285303782659566352e-02
4.500736640867934735e-02 4.502002586142096752e-02
5.254435372824189932e-01 5.255290825940319710e-01
5.854168039244636024e-01 5.854985858154413414e-01
