4.221766683746164782e-03 4.297302729150388745e-03
4.900811648584300559e-03 4.902739152158483438e-03
5.111624997769669346e-03 5.136195155538610287e-03
5.625258157522025106e-03 5.627181370101166057e-03
5.689736654140473485e-03 5.815159774986353169e-03
5.741429729695629591e-03 5.743657922813390042e-03
5.774237905885600680e-03 5.797965421506122083e-03
5.818683949847486964e-03 5.910403993601911522e-03
5.895285654321690688e-03 5.962474047175243472e-03
5.900556185287054306e-03 5.909759590509832544e-03
6.018993857569757654e-03 6.020985272255675001e-03
6.107042614764117243e-03 6.110352112330290353e-03
6.239738899521147554e-03 6.287358500331500025e-03
6.279133555331349592e-03 6.279405569332598483e-03
6.679397316951013290e-03 6.680888426207298898e-03
6.785490401592257637e-03 6.834007897924910223e-03
6.922571153550008405e-03 6.954783201514699864e-03
6.968052633078750634e-03 7.111480918423234050e-03
7.104730675773179675e-03 7.150622687017949182e-03
7.728058395462760084e-03 7.764561603913431968e-03
7.845506873054261185e-03 7.846180378773701114e-03
8.045635830587143100e-03 8.103233876820369400e-03
8.050711484262441237e-03 8.119276234297999328e-03
8.394576079354116108e-03 8.406605220775622764e-03
8.484835781631240234e-03 8.527538854989146627e-03
8.516514904296071387e-03 8.516790601364405966e-03
8.656391693137694202e-03 8.656398934437189996e-03
8.670487915428803233e-03 8.691701028357154760e-03
9.151072968553117595e-03 9.382545902092382512e-03
9.191673282409383236e-03 9.198573637741768935e-03
9.319284543083620337e-03 9.320077488116485995e-03
9.496767763305069901e-03 9.497399035741583423e-03
9.502935045392867097e-03 9.503522848953603955e-03
9.574029444550371734e-03 9.596511928525687171e-03
9.649162537709423185e-03 9.775354925243943949e-03
9.687841519419277542e-03 9.759098854990794214e-03
9.793335754025965165e-03 1.005045036492537881e-02
1.006050328690182363e-02 1.013654756427126435e-02
1.015712063927822623e-02 1.015725800547819489e-02
1.037756172114827520e-02 1.037759315421574874e-02
1.061164094928583254e-02 1.071408361586989599e-02
1.064287383273016495e-02 1.083006643722780361e-02
1.067928510421315563e-02 1.073201401376401402e-02
1.111458238122033440e-02 1.135717520972398011e-02
1.118693524693309925e-02 1.124880024913015031e-02
1.119985439992352005e-02 1.119985896287718774e-02
1.129303546627444775e-02 1.129527281422593003e-02
1.134153305042001278e-02 1.134251891826840337e-02
1.135407800890688920e-02 1.135660171235325540e-02
1.141842470019158867e-02 1.141894021777416571e-02
1.152184044540520771e-02 1.155783320277683525e-02
1.152930153476833773e-02 1.153209962748962848e-02
1.164231108042766694e-02 1.164917565033734594e-02
1.166810902851061170e-02 1.166812127417738397e-02
1.170457871017905292e-02 1.172657680661576274e-02
1.177172443694696896e-02 1.177266688087300409e-02
1.180192725920917000e-02 1.181509246203546644e-02
1.192256664772673412e-02 1.192927850906799932e-02
1.215233241611316829e-02 1.215572206445286393e-02
1.218088607099013058e-02 1.229095907094449568e-02
1.219149680424130681e-02 1.222756502740154211e-02
1.224165228039291939e-02 1.240920223875489545e-02
1.225227875073135395e-02 1.228134884129828894e-02
1.229333179333117788e-02 1.235264063921870034e-02
1.237994523968900806e-02 1.238770269131897819e-02
1.242192194363379507e-02 1.243419579754929429e-02
1.244297726142205504e-02 1.244575981476221671e-02
1.252267122088909779e-02 1.276186776253163124e-02
1.267053325591288408e-02 1.268620449692791675e-02
1.268471475100080119e-02 1.270799155039445925e-02
1.295524831521289305e-02 1.309090936457935929e-02
1.296320668243731641e-02 1.346153004509374751e-02
1.296413455516585295e-02 1.297845911753907171e-02
1.298518348632482673e-02 1.322124224902923931e-02
1.308564871080387763e-02 1.358232414398177074e-02
1.315204388396087019e-02 1.338708871190085956e-02
1.316039897898188364e-02 1.316062826423361649e-02
1.322006247172862956e-02 1.322036001460649354e-02
1.323373912774331376e-02 1.332989714980718776e-02
1.326585244515445308e-02 1.328034129445490250e-02
1.329287956339251370e-02 1.331072527047419754e-02
1.340070370027911760e-02 1.346429165132895234e-02
1.342838335999128711e-02 1.345005928416358187e-02
1.344218047894046170e-02 1.344261508841780237e-02
1.345239471482194936e-02 1.349791699461735245e-02
1.347289275065949136e-02 1.347291099352787222e-02
1.347458310751099494e-02 1.349411050945064847e-02
1.347521937186998975e-02 1.357210004515095776e-02
1.348138510412307325e-02 1.360477728652992498e-02
1.349437848021328712e-02 1.357220193241378929e-02
1.349478546762502770e-02 1.351127111632798722e-02
1.350106240656303094e-02 1.351234087444312497e-02
1.351527048517996502e-02 1.351943725643314775e-02
1.353412804822108455e-02 1.354058685059552833e-02
1.354430283852462759e-02 1.406075018612769692e-02
1.360973776550685431e-02 1.364184927151533902e-02
1.381308117856023220e-02 1.382693615654448024e-02
1.387960332257320850e-02 1.414543644084833608e-02
1.390205362705139447e-02 1.390206455158986970e-02
1.391041462880787845e-02 1.392943308265313408e-02
1.391128600329572494e-02 1.403109393336887840e-02
1.403063983314913402e-02 1.403668144247880410e-02
1.409224990964400188e-02 1.412520586270975612e-02
1.417981439513054699e-02 1.418001143155861975e-02
1.436157418087386992e-02 1.438080582170641643e-02
1.437721293159859547e-02 1.459267948191998905e-02
1.446061859498048302e-02 1.454438375799197054e-02
1.447058133096424878e-02 1.447105809849890540e-02
1.449757525554446098e-02 1.508747218346633868e-02
1.450573179655575452e-02 1.450955315745462888e-02
1.452618369551868065e-02 1.452968296830251319e-02
1.452966731814196895e-02 1.455788053807120092e-02
1.473382792432345600e-02 1.475469760354577303e-02
1.479141695822927885e-02 1.479161666219627226e-02
1.492215656126139045e-02 1.492247171552412745e-02
1.492970628193047815e-02 1.493386778179170600e-02
1.494059211411746975e-02 1.502498213088055215e-02
1.501761264314585564e-02 1.511195454353624588e-02
1.506580114812851312e-02 1.510446724919429183e-02
1.507046700008159504e-02 1.507508827676453007e-02
1.518602374959779691e-02 1.520283495885984583e-02
1.523117608798180492e-02 1.532220072743734063e-02
1.538685536133891502e-02 1.539119275547382211e-02
1.545266405048840302e-02 1.545373789958483582e-02
1.550042039188731166e-02 1.550810559041065038e-02
1.555003299470152783e-02 1.564840944453458477e-02
1.559429401569680830e-02 1.571586710416619445e-02
1.573951535557194248e-02 1.597453271246143669e-02
1.584462112042510709e-02 1.588377155007670086e-02
1.590158328772525026e-02 1.591081453002966828e-02
1.605627602044687116e-02 1.606739291423428181e-02
1.617377834792908115e-02 1.617496149451266851e-02
1.626682449293353691e-02 1.640084760359707475e-02
1.631586178914331761e-02 1.632206125332813854e-02
1.635467031342085695e-02 1.637582177098847666e-02
1.641083595589259286e-02 1.641991412188367055e-02
1.648732160985197023e-02 1.657280195956034943e-02
1.649497378226569277e-02 1.656869373882849730e-02
1.650215928259822842e-02 1.650290541848721190e-02
1.652119817058086970e-02 1.693940441937114016e-02
1.652218354852630355e-02 1.666958745740197353e-02
1.657418705503770767e-02 1.657979676208144043e-02
1.665768289431978147e-02 1.665965727063966478e-02
1.667991442750593745e-02 1.684301147983358407e-02
1.677876969225039483e-02 1.705280921743166159e-02
1.682642605899206320e-02 1.682826315655269744e-02
1.691321637654854063e-02 1.699947290283577300e-02
1.695353124551982060e-02 1.721264754830818464e-02
1.698086661594932351e-02 1.751546207217324208e-02
1.699101792148825091e-02 1.734643803012661176e-02
1.701363480560909650e-02 1.720956982429899806e-02
1.703939073067190987e-02 1.708251716984013346e-02
1.704573247451384582e-02 1.712777565689355130e-02
1.711711070306024679e-02 1.714525052966687710e-02
1.719587607569492485e-02 1.722123906326105194e-02
1.722583013707879376e-02 1.752867240582549682e-02
1.723441162944603852e-02 1.723447825006576076e-02
1.728941604596048037e-02 1.729933673572026098e-02
1.736120373701284872e-02 1.746724070178145433e-02
1.737136579813207057e-02 1.751284179195721630e-02
1.738279341136197628e-02 1.738304579834746080e-02
1.755770744288292357e-02 1.758211754911022037e-02
1.756927305242756907e-02 1.756930438239644870e-02
1.757742548290935902e-02 1.757967685571400554e-02
1.765469836899702730e-02 1.775810376956398276e-02
1.770274792535605005e-02 1.770532140775517640e-02
1.776261053650082453e-02 1.798850889836719688e-02
1.786311130009931442e-02 1.789059765698678209e-02
1.786707811614201419e-02 1.795069207677954179e-02
1.790265226518901118e-02 1.790297482744115584e-02
1.794967666416743060e-02 1.808233847506749217e-02
1.796303878238694404e-02 1.803985591642159533e-02
1.802439576864140955e-02 1.803471864543792352e-02
1.804481462457026980e-02 1.845136591762082043e-02
1.804653012307274804e-02 1.806368491811881360e-02
1.811559526395779135e-02 1.812211812713009074e-02
1.815503519523526885e-02 1.819997864675249044e-02
1.821678865417244997e-02 1.945674122758451682e-02
1.832995687468225166e-02 1.844131890029859083e-02
1.836866891011667072e-02 1.840597180684953871e-02
1.840431210877455787e-02 1.911657017995115407e-02
1.843593204256007562e-02 1.868226443051603999e-02
1.843886354029025329e-02 1.843942072835799695e-02
1.845192587474882295e-02 1.848297757050641407e-02
1.846760341764378324e-02 1.942161086101236445e-02
1.847319202230199298e-02 1.855974014533544672e-02
1.854544458484649536e-02 1.902473558693548381e-02
1.861182674670527198e-02 1.865844188707796794e-02
1.862668100263523835e-02 1.863050746716442968e-02
1.863833735997180024e-02 1.882133729929257038e-02
1.871955025008594301e-02 1.917562324089076148e-02
1.880659994866308235e-02 1.884623691788496827e-02
1.889655706419080330e-02 1.890545520073961053e-02
1.894463710713270924e-02 1.894498514245838983e-02
1.901942773165689674e-02 1.902065531398301410e-02
1.907025198396814641e-02 1.936839731955702915e-02
1.916930598831056293e-02 1.987620281540914899e-02
1.922782984025755634e-02 1.961262423907762439e-02
1.923223561132314519e-02 1.928410167185807406e-02
1.926538728856416055e-02 1.926618501146086862e-02
1.929256845561209271e-02 1.936279917720059099e-02
1.950397471379485340e-02 1.950456060256739593e-02
1.971513760375549068e-02 1.976658698500316155e-02
1.986350229032266684e-02 1.986394974082102832e-02
1.989839302923993025e-02 2.056770067381797490e-02
1.991795782786939112e-02 1.993170602607827191e-02
2.019002343403832056e-02 2.023516540017919474e-02
2.023579408657661186e-02 2.024005827665193921e-02
2.034870999307350492e-02 2.154014969890984121e-02
2.035747494647583561e-02 2.035978688307959680e-02
2.037582736315032492e-02 2.037585540255312105e-02
2.038792897342877469e-02 2.054294314587567713e-02
2.049641538601951543e-02 2.069812181631956738e-02
2.049783995137862205e-02 2.066570522257122830e-02
2.050192799950044040e-02 2.103956739642027021e-02
2.051360455394844046e-02 2.053620381718870500e-02
2.053314075108892203e-02 2.056945189536544399e-02
2.060078835717730691e-02 2.124172786686740269e-02
2.061563027402979129e-02 2.095053544859343600e-02
2.069540503935439132e-02 2.230922807933023375e-02
2.070855812569212182e-02 2.072519984052584308e-02
2.082904872274047095e-02 2.102697537123588561e-02
2.083693300106912935e-02 2.091941464401038051e-02
2.084417240548155914e-02 2.084693839883370800e-02
2.086039341405068054e-02 2.091362387299022102e-02
2.086160771741780301e-02 2.086444138239355525e-02
2.090451727510748980e-02 2.122794222734581196e-02
2.094579725940353895e-02 2.094627464826219129e-02
2.100468323096198534e-02 2.104388302736523095e-02
2.111704299795829146e-02 2.112307484870046617e-02
2.112628530198540355e-02 2.113898101711981711e-02
2.114826206826371860e-02 2.115618640070661416e-02
2.115468306463442333e-02 2.127857037325601650e-02
2.118226669077072355e-02 2.127612796254606600e-02
2.120153506907559646e-02 2.149352922557836582e-02
2.122301147403069660e-02 2.153695229517203422e-02
2.125639994871618768e-02 2.147256230218541964e-02
2.126300937728311038e-02 2.127923770217090421e-02
2.131428979497463488e-02 2.131442502315750512e-02
2.133835322938821416e-02 2.134007027963410325e-02
2.135956484268082892e-02 2.192818796358626809e-02
2.145286299822097426e-02 2.166991565487918700e-02
2.158608199112553236e-02 2.209361371140159541e-02
2.166510057512946452e-02 2.175118292296645758e-02
2.170432303905155819e-02 2.175618736560993791e-02
2.175711742402882190e-02 2.175729220828633709e-02
2.183574830956532681e-02 2.208115766881382433e-02
2.186148907341607314e-02 2.186149151449179318e-02
2.187686012242741687e-02 2.187689298558849124e-02
2.198786270294781839e-02 2.376142218832854799e-02
2.200811131434868284e-02 2.233565193001983695e-02
2.203809726663910271e-02 2.203870837908149943e-02
2.212959309960259649e-02 2.224596041829461981e-02
2.215707547251758933e-02 2.215709235483691655e-02
2.217358793742368883e-02 2.218982140960597954e-02
2.260699974166151607e-02 2.260751028861148273e-02
2.264373710532058964e-02 2.265183422694186377e-02
2.276982058454421129e-02 2.282416162637871879e-02
2.282284471762497519e-02 2.282861790165091262e-02
2.287672011715369269e-02 2.465522377110559299e-02
2.291257016288759940e-02 2.304280496352690069e-02
2.297174266900551057e-02 2.407560048182164070e-02
2.301995453083269597e-02 2.330785922779781555e-02
2.303980844857040147e-02 2.370816316731576626e-02
2.306300848572815504e-02 2.306672346061530363e-02
2.310079371376208904e-02 2.331764779873674379e-02
2.310809846223512570e-02 2.311525105180223597e-02
2.327256964124972682e-02 2.372274431336348841e-02
2.331716114060757711e-02 2.332486572808573771e-02
2.362330542911600384e-02 2.391622741102893135e-02
2.362542023237696950e-02 2.386103677562928863e-02
2.367438302359561528e-02 2.373704036153248195e-02
2.383459421974999312e-02 2.383495348131766528e-02
2.384458369751941975e-02 2.388965954037103670e-02
2.390884920103620095e-02 2.416110766563210263e-02
2.394094789218017758e-02 2.399065046961255249e-02
2.401073846490468094e-02 2.413221811254939383e-02
2.401476725104162088e-02 2.404360748092223415e-02
2.402159479665228262e-02 2.441190327064026583e-02
2.402881558904771536e-02 2.524668658321822107e-02
2.403497765506835623e-02 2.415579188093160481e-02
2.415765469600165624e-02 2.423163636312383740e-02
2.425403275013759269e-02 2.446732695265185081e-02
2.428074347599079238e-02 2.431028147156281613e-02
2.432696322500920230e-02 2.502417485580425704e-02
2.437480478074640841e-02 2.464389223584745672e-02
2.441860075845074876e-02 2.455431563086270252e-02
2.448509316773931493e-02 2.478022025331221359e-02
2.452147589961483840e-02 2.464875769193779209e-02
2.457852756118195786e-02 2.460034014418602949e-02
2.467841772565407960e-02 2.469898044732865908e-02
2.468060676220286756e-02 2.478470968602177957e-02
2.468525168993508656e-02 2.468879203556335541e-02
2.471904073335739679e-02 2.492390718225949431e-02
2.483790439746540873e-02 2.487296408930184805e-02
2.489001255053810077e-02 2.533380685007299155e-02
2.489020220352036392e-02 2.489046353012974028e-02
2.491261854476092830e-02 2.812087384360013181e-02
2.495352280789843447e-02 2.497648678172652986e-02
2.497843306624564566e-02 2.509845970588478123e-02
2.501111282776767239e-02 2.711739390440690012e-02
2.501282058268990485e-02 2.522088182302629697e-02
2.502258458690338055e-02 2.515574992525719533e-02
2.505096691570082509e-02 2.528609521046303737e-02
2.512281547907314547e-02 2.549171927717075459e-02
2.514664240186072555e-02 2.562642615552621420e-02
2.521163959835625440e-02 2.522491902547055465e-02
2.523234164021887285e-02 2.523734734525173370e-02
2.525981651692810193e-02 2.533157832672051912e-02
2.526861664267415764e-02 2.533024925743470115e-02
2.541435393287198863e-02 2.543139448812153924e-02
2.541480093808439270e-02 2.545246041970749412e-02
2.542360909434284236e-02 2.545345164346066863e-02
2.546197629791679962e-02 2.566575607724571467e-02
2.546689375610920389e-02 2.551540804516737315e-02
2.554481281362937228e-02 2.657723076260635683e-02
2.564686745573810378e-02 2.604462210325396432e-02
2.574434185803914713e-02 2.577973227961231559e-02
2.576031326839940336e-02 2.579590170412858138e-02
2.576419893046228218e-02 2.577010348598051184e-02
2.584483086477647878e-02 2.586697648531212715e-02
2.589613160492613281e-02 2.721059235590921402e-02
2.591381766270514989e-02 2.591386840205747027e-02
2.592859813939322328e-02 2.647315609901009989e-02
2.597131172729875287e-02 2.606545722104466889e-02
2.602324424189936605e-02 2.604708574064497698e-02
2.604507494008000829e-02 2.604532843491179708e-02
2.606161618575102840e-02 2.606182840280961768e-02
2.606249779207613429e-02 2.606707620788351401e-02
2.609175475065560884e-02 2.664056688917115084e-02
2.610133830314658940e-02 2.612377874838618316e-02
2.613295605498613602e-02 2.613529895158631100e-02
2.625643660634376098e-02 2.667960733866774070e-02
2.629995651853156077e-02 2.697583739330059252e-02
2.630236140271850070e-02 2.649608707830791721e-02
2.640768303945729284e-02 2.649034109451483404e-02
2.646817608522811574e-02 2.649576069242891296e-02
2.658737643374921994e-02 2.672475913654869320e-02
2.661338189708011351e-02 2.751294172015407088e-02
2.664481211483839609e-02 2.667694277315183632e-02
2.677438117977917406e-02 2.736239695791527898e-02
2.685001320252758394e-02 2.698347873880550113e-02
2.691232069782622735e-02 2.692940458033605405e-02
2.699586528409388467e-02 2.707429962855662300e-02
2.705291409925868543e-02 2.705334090818995590e-02
2.705538383521861184e-02 2.790555108571286108e-02
2.715642879503750787e-02 2.763488912838062833e-02
2.719269294408087692e-02 2.740605375255081647e-02
2.727755902068932856e-02 2.733543894190449547e-02
2.734620071974894900e-02 2.746319366725648650e-02
2.737986815232736071e-02 2.742937082450383479e-02
2.746721526823495477e-02 2.766439754177594731e-02
2.747272702252507789e-02 2.761246627865578812e-02
2.748309067099574676e-02 2.874270217457322585e-02
2.758082973841287019e-02 2.758541623058602399e-02
2.760650751993834473e-02 2.786742420019864067e-02
2.760686047214618369e-02 2.772427442398989889e-02
2.762340126943511193e-02 2.785093583596187986e-02
2.771468676638599513e-02 2.797390598774807460e-02
2.774998980121649167e-02 2.776805804940707736e-02
2.776396745652237597e-02 2.781623252364733359e-02
2.778192232820994936e-02 2.778290738155867606e-02
2.789709891814911441e-02 2.793707368488020093e-02
2.800946912980917941e-02 2.834366312817956576e-02
2.804705743565393330e-02 2.821532772419734630e-02
2.813004555747042335e-02 2.847468945648098243e-02
2.817935419806223349e-02 2.821998942882359210e-02
2.818062356807170613e-02 2.818241794263101965e-02
2.820539056947638998e-02 2.831608595923723257e-02
2.822001985568968821e-02 2.825250628708061984e-02
2.830072154954186084e-02 2.834381376640474071e-02
2.838166910593578965e-02 2.838248294878474923e-02
2.838931473061624688e-02 2.854308637702520496e-02
2.842406491486585210e-02 2.844941152028440320e-02
2.845571009009740041e-02 2.845888990764341292e-02
2.852065093608483620e-02 2.852162735661650100e-02
2.854397457401315272e-02 2.856826939582644484e-02
2.875823484185648787e-02 2.875882635783616817e-02
2.885416700955123481e-02 2.893743437628790507e-02
2.901337087224463429e-02 2.903913533617696191e-02
2.905788666418183952e-02 2.906008124560454861e-02
2.921919851777852670e-02 2.939788297453560864e-02
2.928196671820474523e-02 2.929012814913565729e-02
2.930404250331125962e-02 2.957333535919748693e-02
2.933215468416248625e-02 3.116288090321564855e-02
2.938492825334816649e-02 3.065212965703400377e-02
2.946513252153466420e-02 2.967220492214560010e-02
2.961724284247439429e-02 2.961826770051294647e-02
2.963008119427729820e-02 2.987936717245652171e-02
2.965132256709929540e-02 2.978654787349973784e-02
2.971685843855132597e-02 3.049056514976489912e-02
2.973452362557096884e-02 3.013674874372264043e-02
2.973952490295053708e-02 3.095398309236999795e-02
2.974774042391900575e-02 2.988016519830752338e-02
2.976464785183025041e-02 2.977046365884832360e-02
2.976871805415293171e-02 2.979958088623057069e-02
2.979139065888001398e-02 2.979435997235143144e-02
2.983009595943377640e-02 3.007196494622912941e-02
2.983192728079414255e-02 2.990410393460985958e-02
2.988569948473920185e-02 3.055328455303826102e-02
2.991668675836396674e-02 3.037119859954653250e-02
2.992996847702053542e-02 3.006100162693691596e-02
3.007550087070820499e-02 3.101253954481333550e-02
3.008327248344828952e-02 3.010423885171089470e-02
3.014493103168692720e-02 3.052859496887537494e-02
3.015816441336236289e-02 3.017068005775544112e-02
3.019517427728694858e-02 3.022029982359804648e-02
3.030924734603836906e-02 3.033366337151420511e-02
3.031127021598069987e-02 3.082786720555160884e-02
3.031666410269194187e-02 3.034243565094589534e-02
3.032399746139118751e-02 3.050120822754544617e-02
3.035444803964432170e-02 3.035480194297627415e-02
3.055865693383426340e-02 3.315629814881289328e-02
3.063567881599022283e-02 3.063611540745260833e-02
3.068416365030066095e-02 3.093748765754136126e-02
3.072192200121810421e-02 3.150756647613614514e-02
3.075507717483583203e-02 3.100241068406355688e-02
3.091506568644647457e-02 3.148920785772778980e-02
3.091726304105607559e-02 3.137730941127948175e-02
3.095671913456439842e-02 3.160321734562790419e-02
3.116784696387240108e-02 3.160359989272133047e-02
3.124298295282045348e-02 3.233951754422743213e-02
3.137167676237966746e-02 3.181595995902040258e-02
3.149157575902635647e-02 3.179016492360303009e-02
3.194099041214380069e-02 3.194264012021466592e-02
3.206006894887109687e-02 3.244238059540901359e-02
3.215127736033691203e-02 3.245091321715488225e-02
3.221484937870443266e-02 3.249170594168040993e-02
3.248453070753744981e-02 3.395719378524508086e-02
3.329195997400795359e-02 3.329808135457459212e-02
3.352099734748116566e-02 3.359914233198205147e-02
3.394772309797700061e-02 3.394774434825195697e-02
3.499935340741681944e-02 3.503719771817485895e-02
3.540056034009242403e-02 3.541376210945815922e-02
3.544771464824187507e-02 3.619847524273753225e-02
3.554591120009596011e-02 3.639294938931328383e-02
3.569904482715792471e-02 3.571389338520399026e-02
3.740073412729225805e-02 3.851877586743089610e-02
3.764239515177986856e-02 3.764440887600436353e-02
3.766919042139862256e-02 3.771093098520413023e-02
3.782593920951248662e-02 3.796888752758248442e-02
3.874323536682738878e-02 3.941808017315377027e-02
