1.171799518601299931e-04 1.308525074049826545e-04
3.943586253415311423e-04 4.874184998293340509e-04
1.084249597857814924e-03 1.086535042380429913e-03
1.148503648437895546e-03 1.150478410014776388e-03
1.200529745753857631e-03 1.217910714015883744e-03
1.222007147999637717e-03 1.234701664588806454e-03
1.508715443898415087e-03 1.530477232023781404e-03
1.627271238018654061e-03 1.635793889156828213e-03
1.722895908846344215e-03 1.730902782846548095e-03
1.917140803584123409e-03 1.986694127780875511e-03
1.920350142940956519e-03 2.246743734415191252e-03
2.172853003543239684e-03 2.199595546956880764e-03
2.208810255730941485e-03 2.264555995956619387e-03
2.578264456708095204e-03 2.600355255928889567e-03
2.964685937380277456e-03 3.019921743570597519e-03
3.100890229682249592e-03 3.265696087224819171e-03
3.342404877295602691e-03 3.567469304680561792e-03
3.432813017128043178e-03 3.533527623093876257e-03
3.440956754397605372e-03 3.911141336299705021e-03
3.502020952743443820e-03 3.502924011299316225e-03
3.548940559055984226e-03 3.619303970414132227e-03
3.628622546461197657e-03 3.676396318595284013e-03
3.685334142358498433e-03 4.130358165020968017e-03
3.777353930069224548e-03 4.088874559912620762e-03
3.789065030491197555e-03 3.798921844596191838e-03
3.816357853429324862e-03 3.927885445013205856e-03
3.918028855454024073e-03 3.918742473906725726e-03
3.919861776540326144e-03 3.935746034545776345e-03
3.943959284636627122e-03 3.947150607893695415e-03
3.944727129977418888e-03 4.032590177909323517e-03
4.006171340255299841e-03 4.046200078722682683e-03
4.036245680760131363e-03 4.260235470735678105e-03
4.042272404925220490e-03 4.062882585431780609e-03
4.048941929556644677e-03 4.150159268307065420e-03
4.096412252538467365e-03 4.096541682813469379e-03
4.114032089619235749e-03 4.116391526499370637e-03
4.146210872809620585e-03 4.285465016580471825e-03
4.156709896474755292e-03 4.293930851122893140e-03
4.173661382436921058e-03 4.491798930932405787e-03
4.208906251135790220e-03 4.373294499117661056e-03
4.214503205494558521e-03 4.288620236127933978e-03
4.286906675200676670e-03 4.471144831306750680e-03
4.308534920811970224e-03 4.690301943336183492e-03
4.353859030938211916e-03 4.380868927522028368e-03
4.485726275970087704e-03 4.569363580734122146e-03
4.551217590606308414e-03 4.580665677206808249e-03
4.689710975594467771e-03 4.690487507607112722e-03
4.741731759259000187e-03 4.868422023263017234e-03
4.851919247710926100e-03 4.856614056876955819e-03
4.878158784447989699e-03 5.051722320577710888e-03
4.885571336243394250e-03 4.888076631449563524e-03
4.897194853638505048e-03 4.897541655550305059e-03
4.953451479372492430e-03 4.954198713842583070e-03
5.150196447860513546e-03 5.181171212814432783e-03
5.246409661844312483e-03 6.250761526946379404e-03
5.524556755909282996e-03 5.776536501885570080e-03
5.668340958498687548e-03 5.773420604892852415e-03
5.717438841952173813e-03 5.791921825323400989e-03
5.756205197751955785e-03 5.882588952231500475e-03
5.813696398556830042e-03 5.825852528180513502e-03
5.963962944195081231e-03 5.989500960231986838e-03
6.098626436453583564e-03 6.099699461695311416e-03
6.230945990182271133e-03 6.661109422349061233e-03
6.239335922361588516e-03 6.603257494807180869e-03
6.240444018015643170e-03 6.617511271253250296e-03
6.286570685986509789e-03 7.024519060628789217e-03
6.356411195743378283e-03 6.370859405595201072e-03
6.369504799266805309e-03 6.698907370925271006e-03
6.444648615129731743e-03 6.643801757319071563e-03
6.449069675136425046e-03 6.468182642515856763e-03
6.452178520976737698e-03 6.689444935644587101e-03
6.518384232416149157e-03 6.521397744255757675e-03
6.541970887207613182e-03 6.558096706149111645e-03
6.577235837802559819e-03 7.202222949539629528e-03
6.727287290319574134e-03 6.775013492811544913e-03
6.785987526034033442e-03 7.030039692835776677e-03
6.805987959500193162e-03 7.576859994119078748e-03
6.815992626966737959e-03 7.251365949291556888e-03
6.884982876460421161e-03 6.886252308463030117e-03
6.919165278546289023e-03 7.075470769943126119e-03
6.938139948417766482e-03 7.246296392250318325e-03
6.954165647317499081e-03 7.179197683570327088e-03
6.963898298739893550e-03 7.156652658067190476e-03
6.986398818957215845e-03 6.990968264650506553e-03
7.000308692601106032e-03 7.896973277851947887e-03
7.025130838463263319e-03 7.097008352366371460e-03
7.034628074651745090e-03 7.114923684121447420e-03
7.069096865636566307e-03 7.070277062042220131e-03
7.222919829029990878e-03 7.822945827828201373e-03
7.228928481770062128e-03 7.330467303691971977e-03
7.285489824573475499e-03 7.317331803706330490e-03
7.379127214967275833e-03 9.031618990812713063e-03
7.385492774605302221e-03 7.771466701399415422e-03
7.594218165636875545e-03 8.405740105020799435e-03
7.604306289924424658e-03 7.728151897151390448e-03
7.606724731181659094e-03 7.751911111741913683e-03
7.636431019524158280e-03 8.020429356868767970e-03
7.650750480944074061e-03 8.783187073092635702e-03
7.713662217129798986e-03 7.716995372297458418e-03
7.849621539913914994e-03 8.012337466179911966e-03
7.869709125031485938e-03 8.013755766192998814e-03
7.924774703958361102e-03 8.577075134688586650e-03
8.079330116443305537e-03 8.191606195681993760e-03
8.143264484540687839e-03 8.143526434386609905e-03
8.187138540226270023e-03 8.455285648871716658e-03
8.230904256866563434e-03 8.444353571791844704e-03
8.283510423835580352e-03 8.705923338962258395e-03
8.339773448930399777e-03 8.892251341822119542e-03
8.363514109228567875e-03 8.396820966003091039e-03
8.449892197365123023e-03 8.449901710768479776e-03
8.477497859559667004e-03 8.501038971276854775e-03
8.620477077985438941e-03 8.709355825495094378e-03
8.626088771319742957e-03 9.785156232216657077e-03
8.654387646808330350e-03 8.669514338047652063e-03
8.666082289228908483e-03 9.282064187054224133e-03
8.695008876004856058e-03 8.734599051757826332e-03
8.817024063861615343e-03 1.065308340846144418e-02
8.820383263481836392e-03 8.836667195760365690e-03
8.830379298077525516e-03 9.248312780705867861e-03
8.868718413495686737e-03 8.893184327758846264e-03
8.927089100413733783e-03 9.497081012455936555e-03
9.037792550281793444e-03 9.836759949551895921e-03
9.053843766613190250e-03 1.163855911743189898e-02
9.064763023170798600e-03 1.114521149899417619e-02
9.068090542065544366e-03 9.559098773692834006e-03
9.212716824958298856e-03 9.216682081343975305e-03
9.232103665009438326e-03 9.906827581287707199e-03
9.281369187418014519e-03 9.293686874477912613e-03
9.292731770315849557e-03 9.570700924096836940e-03
9.326315642331169109e-03 9.384604470676160756e-03
9.364987593148996897e-03 9.430986147991819030e-03
9.417731049603963664e-03 9.478617191277748794e-03
9.425005171476942209e-03 9.833738510584697640e-03
9.437950844103327672e-03 9.463825446780293679e-03
9.450140100546931127e-03 9.887175981880340705e-03
9.496884808219656707e-03 9.509252601222092233e-03
9.499417700348507937e-03 9.642830664148874589e-03
9.514165108106422894e-03 9.541725637370955526e-03
9.548955256960192303e-03 9.651597351788327242e-03
9.633048978759418957e-03 9.799438125639159392e-03
9.736185486544172638e-03 1.182117904845109320e-02
9.768089706735256020e-03 1.018492697757322242e-02
9.784291091197581253e-03 1.095247023573346634e-02
9.814830561365809822e-03 1.027858171034312131e-02
9.848275833349001002e-03 1.000982878222707491e-02
9.850298925242946882e-03 9.876041031129222797e-03
9.922478849645409785e-03 1.477520706034073095e-02
9.950120244932610450e-03 1.020856532726507372e-02
9.996008570745359631e-03 1.265209555325069214e-02
1.000534769612439201e-02 1.011870235958072482e-02
1.002378815453238217e-02 1.011703844081212646e-02
1.003686046273214241e-02 1.004351824002100262e-02
1.014165983320239675e-02 1.078666165390201881e-02
1.015604856065911721e-02 1.102417233737226082e-02
1.017870746422201364e-02 1.207969455987185046e-02
1.019481924030464851e-02 1.212063769504982680e-02
1.031420593822374859e-02 1.153691281027241673e-02
1.033922124711516774e-02 1.157827890464439673e-02
1.036517746680198394e-02 1.038541840535174739e-02
1.038676674917288732e-02 1.045853766269270492e-02
1.039251934101580351e-02 1.072436533427278266e-02
1.043238475874447464e-02 1.076046236594762305e-02
1.043276212085068357e-02 1.043478294699301361e-02
1.045389698243836922e-02 1.091725782200171115e-02
1.046201500526305894e-02 1.083065817835044027e-02
1.056196902736928657e-02 1.068732440851088115e-02
1.059901342057458125e-02 1.159525453261405110e-02
1.061154132977758582e-02 1.125862562094766609e-02
1.061735406811561457e-02 1.062120754874428148e-02
1.069536676462926224e-02 1.173408297332507316e-02
1.071616270069641538e-02 1.293299005848464085e-02
1.078720170138002150e-02 1.135829404265542575e-02
1.085029218037046779e-02 1.199281388058897647e-02
1.094681711103278124e-02 1.185698358013246093e-02
1.099491595065193658e-02 1.129353888861765222e-02
1.102647617909495968e-02 1.110157257825734878e-02
1.104062343199049487e-02 1.291985408696586825e-02
1.106561166389736714e-02 1.170251532593330479e-02
1.107355639120738075e-02 1.167051755156856170e-02
1.107531418551325510e-02 1.119020310474613464e-02
1.111097343360907541e-02 1.129031375630017327e-02
1.119788254534271471e-02 1.146361629345774014e-02
1.123699064536954652e-02 1.164163149118217777e-02
1.126643323435939058e-02 1.775225750070353117e-02
1.131496615155461356e-02 1.149953270618847556e-02
1.132992194039062102e-02 1.137460450813891633e-02
1.134110848203727893e-02 1.173467140923873525e-02
1.135083804274915342e-02 1.259765103273331570e-02
1.135567568756572047e-02 1.140803404194309575e-02
1.136772350575294792e-02 1.911016298946382683e-02
1.137106613195931065e-02 1.149889633524424880e-02
1.137685223622745753e-02 1.172136753572158678e-02
1.139475793809516246e-02 1.174228880491807320e-02
1.141289931093614554e-02 1.163585706269668757e-02
1.142946004755265171e-02 1.260617603113870291e-02
1.145141693202142950e-02 1.156886646969717755e-02
1.145658055540046093e-02 1.184764570762810235e-02
1.146968476346435332e-02 1.148312207756359109e-02
1.149149238737122956e-02 1.199071218196410930e-02
1.150383445722371993e-02 1.172146317723186948e-02
1.159689754937320502e-02 1.167100483532008612e-02
1.160334045096185485e-02 1.168348099224328883e-02
1.161663348690617110e-02 1.306729439044129748e-02
1.163502066616017849e-02 1.164526061532140250e-02
1.163819761700282847e-02 1.163913343202807767e-02
1.163968756616794685e-02 1.166163455259079836e-02
1.165476252196310722e-02 1.173354040482459289e-02
1.166614927082269826e-02 1.175257217148671651e-02
1.166900361022027086e-02 1.390609251609313361e-02
1.171069281908885922e-02 1.862709837412962824e-02
1.172742700073834549e-02 1.177433541768404569e-02
1.174013025247201344e-02 1.202169481552546083e-02
1.176529251148614175e-02 1.184428830854312477e-02
1.176559897864805013e-02 1.370128564093731419e-02
1.178172376813779905e-02 1.180214675727419248e-02
1.178561369754289011e-02 1.280056704726039579e-02
1.184381193490145236e-02 1.241373325740460776e-02
1.186713733544413410e-02 1.257210989247524967e-02
1.187493146836137228e-02 1.350313610925441173e-02
1.190849176993677427e-02 1.201359325406141203e-02
1.192882147036241833e-02 1.194149477424489257e-02
1.193902086261983651e-02 1.301001561694929698e-02
1.197289484419698270e-02 1.256336860431882772e-02
1.197576127172818305e-02 1.217025101872805208e-02
1.198035549933116999e-02 1.200960467802070220e-02
1.198596353184936542e-02 1.262663107587639992e-02
1.198599918517817380e-02 1.213012580733237832e-02
1.200141235942763472e-02 1.377329024681541239e-02
1.200646095375904054e-02 1.471593944247710090e-02
1.201718837030343184e-02 1.203282533915260057e-02
1.202478586047541799e-02 1.214519573549638180e-02
1.203097251854399335e-02 1.321179450207917577e-02
1.204516184277859385e-02 1.237312108983014067e-02
1.206393036040390512e-02 1.337088650845807102e-02
1.208139529747099573e-02 1.212524908326444856e-02
1.209140367333153693e-02 1.210878915920141422e-02
1.209985870485581413e-02 1.239063975822793200e-02
1.210028619075739949e-02 1.405178594717091181e-02
1.210579368132467040e-02 1.306210399349004396e-02
1.212237222746841321e-02 1.228322827174575804e-02
1.212539235383226256e-02 1.388673227623066740e-02
1.214010562336005454e-02 1.216147986391646375e-02
1.215539647046038826e-02 1.235871208289878072e-02
1.217431593542660749e-02 1.338424139268245931e-02
1.220805840700197979e-02 1.699987454334364254e-02
1.221782004896537939e-02 1.232427099499470470e-02
1.223040977241124198e-02 1.404495520154895420e-02
1.223422281228575374e-02 1.232313136678583887e-02
1.229789341463469882e-02 1.231758550126565814e-02
1.232086521548949633e-02 1.464427607909317593e-02
1.233312790465582003e-02 1.420337640926078691e-02
1.234208911066082305e-02 1.286945657768348746e-02
1.234211288487694659e-02 1.381111554546746341e-02
1.234469089448922072e-02 1.495243827143315392e-02
1.237825874550953914e-02 1.286631731026686119e-02
1.239179193279261668e-02 1.337835921972157019e-02
1.241117063771502577e-02 1.242667082127102592e-02
1.244183057902086345e-02 1.971492304168519921e-02
1.246650174261194899e-02 1.334453618367217181e-02
1.249058772132202906e-02 1.311062560381619398e-02
1.250315109011154897e-02 1.302090666477465943e-02
1.251010781683498628e-02 1.256240999063757031e-02
1.254131942152657796e-02 1.258591234694348727e-02
1.261785230746261845e-02 1.759743307119925743e-02
1.264501849994875693e-02 1.264511040447189108e-02
1.266076211911963331e-02 1.353806898436460404e-02
1.266510342862851163e-02 1.280309069542805503e-02
1.268448519490555058e-02 1.270297065366490959e-02
1.273395788335565139e-02 1.704119751852289574e-02
1.277740099267931674e-02 1.277746377826849931e-02
1.281005299679035571e-02 1.487992262824054668e-02
1.287440547059356781e-02 1.287927184131600240e-02
1.290417671097705485e-02 1.337203657544264526e-02
1.290606128762552922e-02 1.347909374022934412e-02
1.292179635968989868e-02 1.360475800351547242e-02
1.292618718742743512e-02 1.347608327968410034e-02
1.292821701401588100e-02 1.300363537112055046e-02
1.293738259193476757e-02 1.300977077182566451e-02
1.296283644505676069e-02 1.445559874335696111e-02
1.298125120234965707e-02 1.709195313963448454e-02
1.299392628183810780e-02 1.635856240925384619e-02
1.299992977817873187e-02 1.312315929695149867e-02
1.302237261619557281e-02 1.343910360935995744e-02
1.303277503061780161e-02 1.307448358291240544e-02
1.303292385425814347e-02 1.482932029464879495e-02
1.308292002212398976e-02 1.314163824507814070e-02
1.308865255932922453e-02 1.387432985401214174e-02
1.310892410768360432e-02 1.358231587619976484e-02
1.311356827920788504e-02 1.340583318001877140e-02
1.313779603629851647e-02 1.339480968195930211e-02
1.314517214128478259e-02 1.314518425609389682e-02
1.316135570649429147e-02 1.321126555720761667e-02
1.317353725087803094e-02 1.323695509500204606e-02
1.320917701534837438e-02 1.392295825120303844e-02
1.325764825135675173e-02 1.358266171536329225e-02
1.326392160063431282e-02 1.360963296089153125e-02
1.331586392476367953e-02 1.332203411357267206e-02
1.336521822600860582e-02 1.463719263217135719e-02
1.337975144964295184e-02 1.343725547411626919e-02
1.338918901509290882e-02 1.680602445761770342e-02
1.339194885219698213e-02 1.359334361641297527e-02
1.341375514355270387e-02 1.341483484440755478e-02
1.342653927196166448e-02 1.353058198649133813e-02
1.342961467363577160e-02 1.348844337217298094e-02
1.346053424955426583e-02 1.471277648728616834e-02
1.347454828445323639e-02 1.434479951783880318e-02
1.348188256458743121e-02 1.862299979041513731e-02
1.350006616840552023e-02 1.409446986898476618e-02
1.351149905552951475e-02 1.361149070276764135e-02
1.354530372296072933e-02 1.463715277519413334e-02
1.354615712965060760e-02 1.887752138847165195e-02
1.354945311278232291e-02 1.821260071559480456e-02
1.355509890843821508e-02 1.357279268613755495e-02
1.356280623375102218e-02 1.474235933778921849e-02
1.356287070975300234e-02 1.361029755257704525e-02
1.359203701421345285e-02 1.391006262911123441e-02
1.360788400436994776e-02 1.373880120316582111e-02
1.360813767896126500e-02 1.366127733484852336e-02
1.361320560103764649e-02 1.467321415274612170e-02
1.363043906831002024e-02 1.539851736999660672e-02
1.364943420745069053e-02 1.695802534169258552e-02
1.365185328174848070e-02 1.656531933172017759e-02
1.369008675370103449e-02 1.376771800092101670e-02
1.370203920799303345e-02 1.617779057760154390e-02
1.371769800784430719e-02 1.376949587455300605e-02
1.372252201859056574e-02 1.392015256427312289e-02
1.373391582238392937e-02 1.404717172828928717e-02
1.374450058336384832e-02 2.034946677625476541e-02
1.375079604526413882e-02 1.466687955304784088e-02
1.380193930769652542e-02 1.965617017571546013e-02
1.380868741584139435e-02 1.388349797603321417e-02
1.381047200312814603e-02 1.880338239936196407e-02
1.383481176854899422e-02 1.996742031783122970e-02
1.385732322481662317e-02 1.534198874824126667e-02
1.386473196482901349e-02 1.492672243277977373e-02
1.389463057969740449e-02 1.697354575670328297e-02
1.391554939937687634e-02 1.408500564784182646e-02
1.394735612137788447e-02 1.949076785715443683e-02
1.396672913407538338e-02 1.997755016386838084e-02
1.397435869752408459e-02 1.397553671227606299e-02
1.398131991480488535e-02 1.411132998784785098e-02
1.401591383552253968e-02 2.174465791131550627e-02
1.402356535138997093e-02 1.414387310297521641e-02
1.402737060489911945e-02 1.593778208868196558e-02
1.402870411774940693e-02 1.431832340562031770e-02
1.406336223789897422e-02 1.426525717867937505e-02
1.407490780055632371e-02 1.449078880828945891e-02
1.409349872952427203e-02 1.872044913069400088e-02
1.412653876042006297e-02 1.645518354276995568e-02
1.414040654116364461e-02 2.234474403879512308e-02
1.418129742211930201e-02 1.456953035179507812e-02
1.420951491774727869e-02 1.584173568172207724e-02
1.421029371425418068e-02 1.824738029045413004e-02
1.430029371904152462e-02 1.479287926221760537e-02
1.431888489815020919e-02 1.494941277373294970e-02
1.433517740191685499e-02 1.459277315611314657e-02
1.435821988990817165e-02 1.601700228889538224e-02
1.436282690724786926e-02 1.488680111670575602e-02
1.438885717800622403e-02 1.493245443178969900e-02
1.439215765969755270e-02 1.457983022895347792e-02
1.439363059273940718e-02 1.464635200619720558e-02
1.442917441526648040e-02 1.446886787229926218e-02
1.443861663564207504e-02 1.480021694470240283e-02
1.446774138278916766e-02 1.615259813999355906e-02
1.447061896030812055e-02 1.490651219454114558e-02
1.448257344628827749e-02 1.545883666344661719e-02
1.448783080871996094e-02 1.455514598205134846e-02
1.449325270757754157e-02 1.461877924603789854e-02
1.449444118801030378e-02 1.585391871159638755e-02
1.450682823151564112e-02 1.839240212409213454e-02
1.452545116179022357e-02 1.478171001886959338e-02
1.453732276789753211e-02 2.135586702214339883e-02
1.455973718580226388e-02 1.700154438345553853e-02
1.456312838891381592e-02 1.518716738296200207e-02
1.464183166851096632e-02 1.465233769617377280e-02
1.464981785666889282e-02 1.496869099926403240e-02
1.466671200519797068e-02 1.736444714449801238e-02
1.466990073595465793e-02 1.476226647958316270e-02
1.467875247028112284e-02 1.585256030184429774e-02
1.468138266784104438e-02 1.591762136316411322e-02
1.471227766458811127e-02 1.471261091669456671e-02
1.471294862117347377e-02 1.977097101233556142e-02
1.473070373897041908e-02 1.473197369565669781e-02
1.474604250036288741e-02 1.566754160244044486e-02
1.474647760464782402e-02 1.961298236960248159e-02
1.476195131432930276e-02 1.501200096016717424e-02
1.484117554808703394e-02 1.534410707379686538e-02
1.484799549239017476e-02 1.524897574333915727e-02
1.484850903862409803e-02 1.507718021940853206e-02
1.492110574979466781e-02 1.627055353910656504e-02
1.496025796561244875e-02 1.500122126731967716e-02
1.497584692386028093e-02 1.525038932296684385e-02
1.497787835912395282e-02 1.527502837063382350e-02
1.501373788341209270e-02 1.699585992000467172e-02
1.502522036068929846e-02 1.544861534948262574e-02
1.503921894703581091e-02 1.525969251978779098e-02
1.505050804202015535e-02 1.685116331039432022e-02
1.506961796952890724e-02 2.169444821758010483e-02
1.507450283245242127e-02 1.511922297519286210e-02
1.507492400179410476e-02 1.765942973137882982e-02
1.507652796950330505e-02 1.513796826941402572e-02
1.508603889090322052e-02 1.548893646916072245e-02
1.511882384178146049e-02 1.602159728667182717e-02
1.511885183791615052e-02 1.540930129208481839e-02
1.514824041089615769e-02 1.544574637759439824e-02
1.517127535279669953e-02 1.554478792522563137e-02
1.518846709602581467e-02 1.616564013162363062e-02
1.518882070418627224e-02 1.630626813190428140e-02
1.521231771750827279e-02 1.583104415626634259e-02
1.521546720249344203e-02 1.552681797178543169e-02
1.522206551840284659e-02 1.522253229303388578e-02
1.522901740263207619e-02 1.620674435713866102e-02
1.522971588470855946e-02 1.796196559432512371e-02
1.525544083062977188e-02 1.630687401014793009e-02
1.528218141690024581e-02 1.546018537071875212e-02
1.528220472204426528e-02 1.563751345070905907e-02
1.528521748984886658e-02 1.689132751401274668e-02
1.529267028962017806e-02 1.762803785545100782e-02
1.529330077794153336e-02 1.672450941695777932e-02
1.532701831083164989e-02 1.726483139152172955e-02
1.540678377166843777e-02 1.931561254203824005e-02
1.546345581717401517e-02 1.556750569937110154e-02
1.547534194189323191e-02 1.637177911761117724e-02
1.549692191976423210e-02 1.552417369106738609e-02
1.553559767415564966e-02 1.665452753768474972e-02
1.557393927547897836e-02 1.602684940906626623e-02
1.558056866147408161e-02 1.962991282958614567e-02
1.560173080119417986e-02 1.560591306468629529e-02
1.560367510828621247e-02 1.573235005485379770e-02
1.560721752972009206e-02 1.561187153764336151e-02
1.561691419180202302e-02 1.613625805174902922e-02
1.562387959771711562e-02 1.639632723490026464e-02
1.562685011121368872e-02 1.562761891406589179e-02
1.563300720910735034e-02 2.039469264585099667e-02
1.567143234598042389e-02 1.571826112839995807e-02
1.569585135267858797e-02 1.574081240259083900e-02
1.570157481358386981e-02 1.609576727240019656e-02
1.574590489744937330e-02 2.573387462056129019e-02
1.578055243624540416e-02 1.677189468290321214e-02
1.582308177787463549e-02 1.706777945720137565e-02
1.582624703589166626e-02 2.375585820730061193e-02
1.585526493573906348e-02 2.058621436879220015e-02
1.586974693018064139e-02 1.587169571055246572e-02
1.589371792704205241e-02 1.613559095086297690e-02
1.593866258638648378e-02 1.598449354754365864e-02
1.598595231434424974e-02 1.616604448945407543e-02
1.603898934527851761e-02 1.608466035485875065e-02
1.607830186133554426e-02 1.719716842911776442e-02
1.610015455903669040e-02 2.355261848178094239e-02
1.610256965342318422e-02 1.672792095597385592e-02
1.614828101722422249e-02 1.615116154365207543e-02
1.615577138235687465e-02 1.745311156355531385e-02
1.616033436346382343e-02 1.618987828633150841e-02
1.618557387579552115e-02 1.797309506558395290e-02
1.619983892488738655e-02 1.623346356189499587e-02
1.619999197106638394e-02 1.663771495023241148e-02
1.621527580993981088e-02 1.704436086859273738e-02
1.622953995601476504e-02 1.641972042227462028e-02
1.629135518854666134e-02 1.966772198015126483e-02
1.629878378393007088e-02 1.657337165201013332e-02
1.631493553924321174e-02 1.984507324649512072e-02
1.632958019898873847e-02 1.666998542664286861e-02
1.637881201466527895e-02 1.637926723308636562e-02
1.640074123200625095e-02 1.641720484513588957e-02
1.645927840083234381e-02 1.684682879715031223e-02
1.650018279064676546e-02 1.831620798014901158e-02
1.650714219883716097e-02 1.656691944223272206e-02
1.651973981066963068e-02 1.746535026979444821e-02
1.652957113970303024e-02 1.837073089796127656e-02
1.655791940827766942e-02 2.124144087910976100e-02
1.657828043186100955e-02 1.670443927110984439e-02
1.658513187069370065e-02 1.659209647949811198e-02
1.659560393571870435e-02 1.663548304411918352e-02
1.660117535221796239e-02 1.829804073713148238e-02
1.664228666372444959e-02 1.668329662074392178e-02
1.666500426737033136e-02 1.677238475712029830e-02
1.667364515358761567e-02 1.804838722485392274e-02
1.670747362854745066e-02 1.679318789202738707e-02
1.671073640376261743e-02 1.679205031038435644e-02
1.675231933342908111e-02 1.690840487817115573e-02
1.678751253560429452e-02 1.722186679157763564e-02
1.679281178758228882e-02 1.702618887684721055e-02
1.679999532591405081e-02 1.772147321300088924e-02
1.687166350790864425e-02 1.692088759747579704e-02
1.689328541042231513e-02 1.758311346961235339e-02
1.689500135585822460e-02 1.689500512016825148e-02
1.689936486950969000e-02 2.454699763302422427e-02
1.691896346083510833e-02 1.708748512552453122e-02
1.692231399494128694e-02 2.048932794015526082e-02
1.692960287791213381e-02 1.710422438535581791e-02
1.694533065119789572e-02 1.742076420014735186e-02
1.697853090975241092e-02 1.779024544360444451e-02
1.698408479752256187e-02 1.953621841367364845e-02
1.699704964222986323e-02 1.699719675327237764e-02
1.702111667075856954e-02 1.726948136687521396e-02
1.703176397797229180e-02 1.722538253079727161e-02
1.703762260618600990e-02 1.965500125663843106e-02
1.703776078183037723e-02 2.239300905352992893e-02
1.703861637952337749e-02 1.705397032334630622e-02
1.704533133233358463e-02 1.984313621653080451e-02
1.704567001088497583e-02 1.716783188852448808e-02
1.706853501555931699e-02 2.101961659263714213e-02
1.707821558488967564e-02 1.950251775429468273e-02
1.711565545576979042e-02 1.711735821914348379e-02
1.712029719410464168e-02 1.741349240689817751e-02
1.712169564494084653e-02 1.934171172973294522e-02
1.715224348892871453e-02 1.715233930807064794e-02
1.722133073452002117e-02 1.730610383929480009e-02
1.722472833802182052e-02 1.804208179938598597e-02
1.722685068147154080e-02 1.728931052156550130e-02
1.723105709240009206e-02 1.865095219805192051e-02
1.723458113059923510e-02 1.732985155189682019e-02
1.725748335081355930e-02 1.829407171346076472e-02
1.726815946659193690e-02 1.739434976551415893e-02
1.735472396713797980e-02 1.736853182326228429e-02
1.740334259877777956e-02 2.351370252783777093e-02
1.741535925496081119e-02 1.741554964723019544e-02
1.741838227347072138e-02 1.742170474933594365e-02
1.742333131172967009e-02 2.026153909861066332e-02
1.746395415783087018e-02 1.747476307893510925e-02
1.747427495456770757e-02 1.749868759811015403e-02
1.751365595223983163e-02 1.799481388203391999e-02
1.751732261568892876e-02 2.049078947525983380e-02
1.751837941296335160e-02 1.767548862971864490e-02
1.752780199149666512e-02 1.765738415011905774e-02
1.756624390194539559e-02 1.784732228539000903e-02
1.757729366041422062e-02 1.787166369074426331e-02
1.758228036547740056e-02 1.760537963771215478e-02
1.762975672646398956e-02 1.836339244536041096e-02
1.763778726020278492e-02 1.767884329757969664e-02
1.764746861514330731e-02 1.796164503202941562e-02
1.766329589587894988e-02 1.767849097417009685e-02
1.766855911805530199e-02 1.767435530466180196e-02
1.768295503483845177e-02 1.779145813461881567e-02
1.770504662764482706e-02 1.772214953695757170e-02
1.770615142634632613e-02 1.785814402087847544e-02
1.774363349566433767e-02 1.774369990529969451e-02
1.774832263302360269e-02 1.779492964525790713e-02
1.779294823046018506e-02 2.124187278392817776e-02
1.780290478201359758e-02 2.072520428896732977e-02
1.781932532611455941e-02 1.822932878138162557e-02
1.784957424469242604e-02 1.786916598689754915e-02
1.786866509450192944e-02 1.831732827305453115e-02
1.793026074181394702e-02 1.808446245111648698e-02
1.796293816290411502e-02 1.796863839828524365e-02
1.796622956764517762e-02 2.059190447526465864e-02
1.797164824724550511e-02 2.079016625529658824e-02
1.797946586769270591e-02 1.946555253537415875e-02
1.798011289416661523e-02 1.861854702155780333e-02
1.798817509412012003e-02 1.806585243846808159e-02
1.800244280595351271e-02 2.132721871223176510e-02
1.801060932601178735e-02 1.970697744605854479e-02
1.802069123467641559e-02 1.832975144551511268e-02
1.802129367915118394e-02 2.057181010769191382e-02
1.806855885648631435e-02 2.257447526812558433e-02
1.807922816113011200e-02 1.817128966849084620e-02
1.816898085458272527e-02 1.982227803788572801e-02
1.817285790078353863e-02 1.919244986732658587e-02
1.820146448008036141e-02 1.987820977127106176e-02
1.822970009179485790e-02 1.829965574267743492e-02
1.823055640462819052e-02 1.920282611055425595e-02
1.824704389505913543e-02 1.839646096382216434e-02
1.826220609276738363e-02 1.832361722353637035e-02
1.828712299616406037e-02 1.963062612884454092e-02
1.830308047471572788e-02 1.869458908605957370e-02
1.833559886055479912e-02 1.847714970829901493e-02
1.835192907048643213e-02 1.996932478433346286e-02
1.835263004819822491e-02 1.844074354920118008e-02
1.840134773703301294e-02 1.942145258484928583e-02
1.842286008962763788e-02 2.014861514403808868e-02
1.845032073245575499e-02 1.850780251041207747e-02
1.846300056202190842e-02 2.135263490105984013e-02
1.847676006620554631e-02 1.875022909881724278e-02
1.848504474160884634e-02 1.855441344415697733e-02
1.852056975711852821e-02 1.961755812750421921e-02
1.852638646716611021e-02 2.012617411407674820e-02
1.854482254339381853e-02 2.261195254512228525e-02
1.855904657943555774e-02 1.872339260268891456e-02
1.857041065424850160e-02 1.989431779706873210e-02
1.859450654984181814e-02 1.901110769680911319e-02
1.862098591595076277e-02 1.862409396906118675e-02
1.863948937329167749e-02 1.917329119830515211e-02
1.865788920382909638e-02 1.871128306949682713e-02
1.867761905393674343e-02 1.867867205045976517e-02
1.868013709706946648e-02 1.874875864372287440e-02
1.872037468329260448e-02 1.995349371832651555e-02
1.872321986661272183e-02 1.960933324271577419e-02
1.872409263837056595e-02 1.892964374708893532e-02
1.877809232992883048e-02 2.042988126539516461e-02
1.878351634723766928e-02 1.892712572271462029e-02
1.880822548840483527e-02 2.588165758904091215e-02
1.885001897431906603e-02 1.943818706127079313e-02
1.885060419309384991e-02 1.898388389872604845e-02
1.887185271477866480e-02 2.131549230474460294e-02
1.888227411296617211e-02 1.909198566736809363e-02
1.888877808705126740e-02 1.990514729680522774e-02
1.889086568861526524e-02 1.984844663300257273e-02
1.890101883842815189e-02 1.890559972287676402e-02
1.890738019699073416e-02 1.891711815142719383e-02
1.891411242677392204e-02 1.895878548029004962e-02
1.893474705110246431e-02 2.039363547061640719e-02
1.895471506335561634e-02 1.897689810104581654e-02
1.896418232279981075e-02 1.896428068350222360e-02
1.899308263763793692e-02 1.931501436712977984e-02
1.904318000490252266e-02 1.910310058552128556e-02
1.906220208273721670e-02 2.009148097585560996e-02
1.907084880640149901e-02 1.982099032117213763e-02
1.907541377994569423e-02 1.964337711728764146e-02
1.908204226125043840e-02 1.947802646898422196e-02
1.909579719607625362e-02 2.311623687185487483e-02
1.912401520501225485e-02 1.934373549072880213e-02
1.912564284903393863e-02 1.913271685846132039e-02
1.918671430585070642e-02 2.022749147256054994e-02
1.918858339701775065e-02 1.953994201661465521e-02
1.922478971391398256e-02 1.946107995240768315e-02
1.928628292182759524e-02 1.955564314910069115e-02
1.929193249113668115e-02 2.089477499249502851e-02
1.930711613469521595e-02 2.039535711287882719e-02
1.930810503550199272e-02 1.933825949882513051e-02
1.933008741241772424e-02 2.194911913808909182e-02
1.938511200059290715e-02 2.559349212464417239e-02
1.940956716429439663e-02 1.987689365495124913e-02
1.941583420640427896e-02 1.947802174833587058e-02
1.949645613314524017e-02 2.735218705683078316e-02
1.951257748655078200e-02 2.127351593349988135e-02
1.951652347762284148e-02 1.972451083275334263e-02
1.953317573386580824e-02 2.098178976480983074e-02
1.956149257849796111e-02 2.061943498584233037e-02
1.957089791915994637e-02 1.965608106659742435e-02
1.959110089393634527e-02 1.966642641515737103e-02
1.959690621087553999e-02 2.018443720584431333e-02
1.959702019072581680e-02 1.959758999380536645e-02
1.960439192575013159e-02 2.206302565627364307e-02
1.962844752683426397e-02 1.963262411506946914e-02
1.971823874030027499e-02 1.984197380509849715e-02
1.976069055949344899e-02 2.049312427451746230e-02
1.976076702513569414e-02 2.365885641876098316e-02
1.977104465190482677e-02 2.407860904803647145e-02
1.980248574177586804e-02 2.373725737894792284e-02
1.989272494211482417e-02 1.990246711518087186e-02
1.992582758206677337e-02 2.047685257280250012e-02
1.992756522772412553e-02 2.012767320597810480e-02
1.996061158162538290e-02 2.003021329685583315e-02
1.996915873624622792e-02 2.082178692337011139e-02
2.004709582568942744e-02 2.136710890266382834e-02
2.005722660453387526e-02 2.045940093350846062e-02
2.009414940774347305e-02 2.010515443637759386e-02
2.010824115199994280e-02 2.015037461590320558e-02
2.012981829926067598e-02 2.026576181643396576e-02
2.016406837870694801e-02 2.061036098569119304e-02
2.017676881748682594e-02 2.017803974652783786e-02
2.019042215767486229e-02 2.082920357977008016e-02
2.021894809394183395e-02 2.040614441047833294e-02
2.021899491218775297e-02 2.032321339521207804e-02
2.023706284416332615e-02 2.122879694814684345e-02
2.024354035078622036e-02 2.210241921708714502e-02
2.024488620295711305e-02 2.204972529438676415e-02
2.025299574520398466e-02 2.025638702654849327e-02
2.028497256143415098e-02 2.034743986784098499e-02
2.029482017747943207e-02 2.029493888602997356e-02
2.029540459944747383e-02 2.051425475014086869e-02
2.031505965323223209e-02 2.051827007146324669e-02
2.032246584686657129e-02 2.033329139218752538e-02
2.032358055991979884e-02 2.037693539580604993e-02
2.034015262451035339e-02 2.035078572831598709e-02
2.037622952225165776e-02 2.074948465579303652e-02
2.038145702409651164e-02 2.046799749802458157e-02
2.039689533804726895e-02 2.084798795669244587e-02
2.039972745571200230e-02 2.130161896550092013e-02
2.041314522392427555e-02 2.158813609422384483e-02
2.046230079301423685e-02 2.054368047709448711e-02
2.049773815822576728e-02 2.056000021922825202e-02
2.049862499394404861e-02 2.071589511152264682e-02
2.052085483900104729e-02 2.078753610424743589e-02
2.056488138689676823e-02 2.112856529728715169e-02
2.056825313333820668e-02 2.294492311324175179e-02
2.059157586136031379e-02 2.070244297533867239e-02
2.059488312438623181e-02 2.059545888202441583e-02
2.060434943227216695e-02 2.112962064376518179e-02
2.061126559372098571e-02 2.084592990933859316e-02
2.061519837101070257e-02 2.061724092415831433e-02
2.062536820810160348e-02 2.602231725952392632e-02
2.065052517407508365e-02 2.098465555361778839e-02
2.067178055928113947e-02 2.070138642054250230e-02
2.068207329275655731e-02 2.089801739111300100e-02
2.069313562799405051e-02 2.609279652158305249e-02
2.072510701450909487e-02 2.113131787394412556e-02
2.081002175457748182e-02 2.081055536682503357e-02
2.086890883368493557e-02 2.128567223039006667e-02
2.089700693725565772e-02 2.192744560974434903e-02
2.092583378968235208e-02 2.093190494510391991e-02
2.096277665243955618e-02 2.104563831249959063e-02
2.100061389041910434e-02 2.103139296194574126e-02
2.101681053134497532e-02 2.331369967613352440e-02
2.102559889519817898e-02 2.136230462626270352e-02
2.105770693722987252e-02 2.106382992772254381e-02
2.108594783251995647e-02 2.121954613258272143e-02
2.109521144087004446e-02 2.117622859784953904e-02
2.110588584581137364e-02 2.115955935738423124e-02
2.122012861046010043e-02 2.122040032897410528e-02
2.124794944704252314e-02 2.339878125108019527e-02
2.130413380007744814e-02 2.264235983916851325e-02
2.132484227996323672e-02 2.230158371678551618e-02
2.134771010321102891e-02 2.502665698375957856e-02
2.136634482417397798e-02 2.428360705093330144e-02
2.136848837012035249e-02 2.790605885239378497e-02
2.141462186872244294e-02 2.162524124747616100e-02
2.143330530115028845e-02 2.220634171626188758e-02
2.147684333201441836e-02 2.459296936899341493e-02
2.153355385761542007e-02 2.159282190123108444e-02
2.155943813759621241e-02 2.158055846183504212e-02
2.156067893163518545e-02 2.165535582991611613e-02
2.159383568386830793e-02 2.186012134626837133e-02
2.165639668184431502e-02 2.165836986527198277e-02
2.171418242313322838e-02 2.179174129351415384e-02
2.171881245339648756e-02 2.172659383779451669e-02
2.183439156755678789e-02 2.231470635695341140e-02
2.186251896156278171e-02 2.223452647539948812e-02
2.186429189614197410e-02 2.254132505751045568e-02
2.192886193184333601e-02 2.199698306761733654e-02
2.193792754710173140e-02 2.384772379265918257e-02
2.202487909722446527e-02 2.202488002520835639e-02
2.202639173639808767e-02 2.203137068522253647e-02
2.203395638218504093e-02 2.363324826490655062e-02
2.206557421307426756e-02 2.271777220022697802e-02
2.207897603147405616e-02 2.220159901945009673e-02
2.216085034276099250e-02 2.218500380891784071e-02
2.231539183887374170e-02 2.246251000692424393e-02
2.238068267757182053e-02 2.256715851279053955e-02
2.238315521118124443e-02 2.245476859505738179e-02
2.246184463741439374e-02 2.255625552022531149e-02
2.249907686276520630e-02 2.256325762628024270e-02
2.251849430199121330e-02 2.328719774223510230e-02
2.252017231591410540e-02 2.272279219290909355e-02
2.253183182742386770e-02 2.254147802591931898e-02
2.253806253778288526e-02 2.254736029577207243e-02
2.254583219853690743e-02 3.037811128619814435e-02
2.255216451475232017e-02 2.268254178994030465e-02
2.258709419213511885e-02 2.374188009013818504e-02
2.259540023270409717e-02 2.327962496777339838e-02
2.260942467375898907e-02 2.485551406798132412e-02
2.263963461385238088e-02 2.729056821410823924e-02
2.271217655061468985e-02 2.293232872528343236e-02
2.275080639355517645e-02 2.275890426742849248e-02
2.275215445303975514e-02 2.377432012084308710e-02
2.276792080079370617e-02 2.503147871835227634e-02
2.277323765819318571e-02 2.427740193618672590e-02
2.278878833830811843e-02 2.297506462223895471e-02
2.279686703124076882e-02 2.351766769344024524e-02
2.285410966902921837e-02 2.286992331820932381e-02
2.287277632958931509e-02 2.337901034479843848e-02
2.287664208588118669e-02 2.292795351998284589e-02
2.294601188227528288e-02 2.912819026642396100e-02
2.297632040273432305e-02 2.315420375771629069e-02
2.299842375484455539e-02 2.682982079872419170e-02
2.303284894790310830e-02 2.305336463059412533e-02
2.308507960020990402e-02 2.328017021477234508e-02
2.313707144002351626e-02 2.316137445355162874e-02
2.315509827446290622e-02 2.329851149392885012e-02
2.322758276283283518e-02 2.337434156249067890e-02
2.322770162093098362e-02 2.333276708654024797e-02
2.327789404422446473e-02 2.373318920462822584e-02
2.328177925213452751e-02 2.504974426925182796e-02
2.332057588346978655e-02 2.353506590318045488e-02
2.335583633950288895e-02 2.364357472234729710e-02
2.341974031730747682e-02 2.424333603381530200e-02
2.344919521125158821e-02 2.524061539624447570e-02
2.348284073889288573e-02 2.389979600731135037e-02
2.351233804792831825e-02 2.578851027746617217e-02
2.352263659364621853e-02 2.409713919277720745e-02
2.364374587615732798e-02 2.658974249658301731e-02
2.368764563276691201e-02 3.029075652839869487e-02
2.368856183545661395e-02 2.374182537214009070e-02
2.371633836107610652e-02 2.433110944455879956e-02
2.376022477096186372e-02 2.724406697127042601e-02
2.376044472189395990e-02 2.378550445736439534e-02
2.376213884634239756e-02 2.546219417529082402e-02
2.381738579542552053e-02 2.385006521218509257e-02
2.382640920050354064e-02 2.600048287443390907e-02
2.382849571054987750e-02 2.382926943777132975e-02
2.394309647128665605e-02 2.539112774330323091e-02
2.398669707217110716e-02 2.399504294998189638e-02
2.402568013215926335e-02 2.420075408381886992e-02
2.402652003120201232e-02 2.691245406411270011e-02
2.405893867417344817e-02 2.596854313371496636e-02
2.406026774359050144e-02 2.448937782994133755e-02
2.411959168716077198e-02 2.411961614624697284e-02
2.412038319678306425e-02 2.461538198389679952e-02
2.417699802833486386e-02 2.487088371191158512e-02
2.420620027416259257e-02 2.427853785259033448e-02
2.420738042570197077e-02 2.433859946760658435e-02
2.424661937014944979e-02 2.787838794767662220e-02
2.427584566587408579e-02 2.900447684991165967e-02
2.427671432166429374e-02 2.506655375827043092e-02
2.430318184255212191e-02 2.578760209611311027e-02
2.431060277481760304e-02 2.446688841432268641e-02
2.432702376851372111e-02 2.474456533604338024e-02
2.434248521145352534e-02 2.444174160724690500e-02
2.449275023175467511e-02 2.451617083452618459e-02
2.450506955902157294e-02 2.532607602117126558e-02
2.452692235234546839e-02 2.753116686062308943e-02
2.453271589959842708e-02 2.459123857677081651e-02
2.454567959572785327e-02 2.508401518711267028e-02
2.457975966726308123e-02 2.952613190825872924e-02
2.458079451351838710e-02 2.461296439735645089e-02
2.461379715380973554e-02 2.464785579978815214e-02
2.464503180559632703e-02 2.467142117716307481e-02
2.464690177204200902e-02 2.464766501709408919e-02
2.469580718119234602e-02 2.661785201231060480e-02
2.471704095594614431e-02 2.475683128594038593e-02
2.473418667364873577e-02 2.513696437173115750e-02
2.474123079191278135e-02 2.558723297091242480e-02
2.474744532231380745e-02 2.541874921722884345e-02
2.475432712315201941e-02 2.475812108697531683e-02
2.481351957171936892e-02 2.509632431209859321e-02
2.483653399083813815e-02 2.670227248196863079e-02
2.488406721664830276e-02 2.708681121016409676e-02
2.491086814579994771e-02 2.636736847783873947e-02
2.495900529365599127e-02 2.626760138959662039e-02
2.496510870389002587e-02 2.518868238146548810e-02
2.496796238278916127e-02 2.500591695629782521e-02
2.497446750577043614e-02 2.523656388127255845e-02
2.498800169274779936e-02 2.500950614047083020e-02
2.499795650551860440e-02 2.523755504786671239e-02
2.501383992382034613e-02 2.505266960658903558e-02
2.505796929992027897e-02 2.815882210021548870e-02
2.506437001625804947e-02 2.533908381612205718e-02
2.510079239535451673e-02 2.702052672838910902e-02
2.510498482996869132e-02 2.631946756101499751e-02
2.516946122247718659e-02 2.532980926647786235e-02
2.518295858245626906e-02 2.899837825409399411e-02
2.519281849498843442e-02 2.653778602532513506e-02
2.522496106194416221e-02 2.527397113709877255e-02
2.524901607553325586e-02 2.524921812095654028e-02
2.527062645697752616e-02 2.539535858504450225e-02
2.527900641599543918e-02 2.531473056728222523e-02
2.539703536523863284e-02 2.586270745764838661e-02
2.539729313315611942e-02 2.540067963030990389e-02
2.541897149529295796e-02 2.667306611444450817e-02
2.543664000202839823e-02 2.773853230680203841e-02
2.546704946164297934e-02 2.566507918729226539e-02
2.546751928806305007e-02 2.727108113253529087e-02
2.547903507210130120e-02 2.774022307464061796e-02
2.549782770981793775e-02 2.647930682009888223e-02
2.552348751928448095e-02 3.351865723885715659e-02
2.554252537752274219e-02 2.597018490807019575e-02
2.558888502662090211e-02 2.683422240443411252e-02
2.558936984975078432e-02 2.568068479945032068e-02
2.566906541448156498e-02 2.569522209078096281e-02
2.569078500830112785e-02 2.575423959309325675e-02
2.571248283724734268e-02 2.574042172304509893e-02
2.574867143044783438e-02 2.749346147518622052e-02
2.580834369763642874e-02 2.637925683583288577e-02
2.582377989415298933e-02 2.603016626854199461e-02
2.584906662617051515e-02 2.591275021594668937e-02
2.587285246490877641e-02 3.172108976945090669e-02
2.590028624536435536e-02 2.593173478744299071e-02
2.591200085619701707e-02 2.591395629171688517e-02
2.601172189674569660e-02 2.608668177783094247e-02
2.601882720103376387e-02 2.601986384049987527e-02
2.604789544576251864e-02 2.660140797945880278e-02
2.607455083131071660e-02 2.611063742563427686e-02
2.615047159483820105e-02 2.748255204500354293e-02
2.615550646665494583e-02 2.617033162155829595e-02
2.616392502565079853e-02 2.661879773988439640e-02
2.623819468702325367e-02 2.653952782348282385e-02
2.623822049021196784e-02 2.696343425370867700e-02
2.624491572080316429e-02 3.059415062726528536e-02
2.624621917674832203e-02 2.624636862442697449e-02
2.626340347009850293e-02 2.627043884392469414e-02
2.628165988322074542e-02 2.839671950046743915e-02
2.642232050519415648e-02 2.865214865002845002e-02
2.644732288232504516e-02 2.657806112393764839e-02
2.646022366128094813e-02 2.727733927908772976e-02
2.647686933255553182e-02 2.736948722250874891e-02
2.655094260044982626e-02 2.655101558116354510e-02
2.658897758219735258e-02 2.675526156025704802e-02
2.661907620352992401e-02 2.693629950633488757e-02
2.663502399274015123e-02 2.669940799659210884e-02
2.664666144069603379e-02 2.747085420529664715e-02
2.668206707469360575e-02 2.784559919471361888e-02
2.669827388472230389e-02 2.836558416507349925e-02
2.672402508596932041e-02 2.674402765137633489e-02
2.672678192307789691e-02 2.722929577094617207e-02
2.673266876369313066e-02 2.673980462285774351e-02
2.679567823925953912e-02 2.681436842718229463e-02
2.682435099093596897e-02 2.691852074019476099e-02
2.683023165692201978e-02 2.742560434073337133e-02
2.683480905398833230e-02 2.742655400373331456e-02
2.686048510427810343e-02 2.744565149737539234e-02
2.687511016972350675e-02 2.687518257596554008e-02
2.690011953116775573e-02 2.776193330080772154e-02
2.690162006505155898e-02 2.696341189036559685e-02
2.696430090776107819e-02 2.714261796609052091e-02
2.697399840407418981e-02 2.714720371964589318e-02
2.701042063708858701e-02 2.701115937452519544e-02
2.701238482952988615e-02 2.710002224108405341e-02
2.705743423163880709e-02 2.705946672689854907e-02
2.708914886485766851e-02 2.709446457204799791e-02
2.719262169722357417e-02 2.719283938439956763e-02
2.723449312788353907e-02 2.723748538547816553e-02
2.725330623621754350e-02 2.725968105767576088e-02
2.731572333142954015e-02 2.741046461167544537e-02
2.732090353428223012e-02 2.884883860024496996e-02
2.735037597771023191e-02 2.758945515350608862e-02
2.742097524408300402e-02 2.744698743933897400e-02
2.742193302018728490e-02 2.758935273198988639e-02
2.746363176435426962e-02 2.747861550863305025e-02
2.747398863537517388e-02 3.084560234410215276e-02
2.774451104127081957e-02 2.996397791602338836e-02
2.776636693878077947e-02 2.988390263872275909e-02
2.779350215754044715e-02 2.842610084598355333e-02
2.793521865307645874e-02 2.808895497251748252e-02
2.799507665975875526e-02 2.838061275843041173e-02
2.833700641902610687e-02 2.981042102438310679e-02
2.840258908731516097e-02 3.415423539870944547e-02
2.847090892737072498e-02 2.901484211861953683e-02
2.849250423237498220e-02 2.906844678526357070e-02
2.853143602846390861e-02 2.915789905291177320e-02
2.866738487308206906e-02 2.866890228860256157e-02
2.867768026181547608e-02 2.966949979243147656e-02
2.873551536924947442e-02 2.942533430500241659e-02
2.877167762874391008e-02 2.885179151270553244e-02
2.884883628682084755e-02 2.886081011909562982e-02
2.886069027275882729e-02 2.897396472051429195e-02
2.897649547445836637e-02 2.930917530002783919e-02
2.905748956042383813e-02 3.305629289782539143e-02
2.906697353955974006e-02 2.982752185149719487e-02
2.925004083997507706e-02 3.087206712675675743e-02
2.931352701077584791e-02 2.950271929131912871e-02
2.939404110131120865e-02 2.942447123808152737e-02
2.951959903524272247e-02 2.954451738733667940e-02
2.956194579491279797e-02 2.959057929331421546e-02
2.961561185227835208e-02 3.259611167194768205e-02
2.973336798529939082e-02 2.980147549240963478e-02
2.976968628629656291e-02 2.977099680565704551e-02
2.978426536082922835e-02 2.981312555854733620e-02
2.981937078677391120e-02 3.034658406893514515e-02
2.991481164815609425e-02 3.115710494764172694e-02
3.004957006378026346e-02 3.027670862899861648e-02
3.007424806858045516e-02 3.289144407454739488e-02
3.028298776554506563e-02 3.029803010041160274e-02
3.070823241705211704e-02 3.152833414751769758e-02
3.080583135136268080e-02 3.257074868292920977e-02
3.107273100261602819e-02 3.180115410052075653e-02
3.112972018221556170e-02 3.279093601015631992e-02
3.130262460584191248e-02 3.202935883248012733e-02
3.132539510797255344e-02 3.135564974359424800e-02
3.139677810469184566e-02 3.147976729810478963e-02
3.152264023414391714e-02 3.214396176908546759e-02
3.155798358106445128e-02 3.260270372058501898e-02
3.186656141527489244e-02 3.449962043833010306e-02
3.192670056436813786e-02 3.200377583685605487e-02
3.201361693661582825e-02 3.211900198411520024e-02
3.204339131407011459e-02 3.595641298532772923e-02
3.207189886084697156e-02 3.237313680194532639e-02
3.217665844976119738e-02 3.304492135664718194e-02
3.225501124250922114e-02 3.226063238072805067e-02
3.237360049278604351e-02 3.238441152589588423e-02
3.252939310595828054e-02 3.577956141182263294e-02
3.273170031231956156e-02 3.273561895480248118e-02
3.277741105348334905e-02 3.313300847056372539e-02
3.285774662098456950e-02 3.348502601848851040e-02
3.294977200984248317e-02 3.297702274323031923e-02
3.304106293302051106e-02 3.319410243675468414e-02
3.348423487183571634e-02 3.348826279335179873e-02
3.352335296130423692e-02 3.352393994806379673e-02
3.365493181300110298e-02 3.458804941022151913e-02
3.372376830605550851e-02 3.434030474570892721e-02
3.451514698204831422e-02 3.454051714246554605e-02
3.452746206610548402e-02 3.530569857436537812e-02
3.480415796353288072e-02 3.480594774094889626e-02
3.484509376339010867e-02 3.484901541044348877e-02
3.486029153231247346e-02 3.519168052370230670e-02
3.490500035342080504e-02 3.874956556291407617e-02
3.557807131058659394e-02 4.054370891273078453e-02
3.579615772079711156e-02 3.623624929012066870e-02
3.582010137686215262e-02 3.583014606191131657e-02
3.613232889990929120e-02 3.618746869129853966e-02
3.618870057543058932e-02 3.622070922847626939e-02
3.708945467460358220e-02 3.740775522676074993e-02
3.727425076145278460e-02 3.736514142321864518e-02
3.802613184238946842e-02 3.803089421275805682e-02
3.846544570596305279e-02 3.866512981258111298e-02
3.868674237635102292e-02 3.950535199967087491e-02
3.881748526454122106e-02 3.885188867851848554e-02
3.900685592465180651e-02 4.152077580260216116e-02
3.927646137544008043e-02 3.928011065640133609e-02
3.963997192210494402e-02 3.996113049407457041e-02
3.972008053023807356e-02 3.981932810782256443e-02
4.078106327562699279e-02 4.131036534700902041e-02
4.094236831269253141e-02 4.100961974388369485e-02
4.147387414201218064e-02 4.153752404868879533e-02
4.175603993263398567e-02 4.215679801216284939e-02
4.189570998962784121e-02 4.231418703526636932e-02
4.367103958863044477e-02 4.390492604343099181e-02
4.453505565645025227e-02 4.454181317370460580e-02
4.766684574247368605e-02 4.806411803797315530e-02
5.098824843452517269e-02 5.160090111465456819e-02
