1.750329270068078482e-03 1.762282217340839984e-03
1.950304004250135760e-03 1.952487913035988324e-03
2.310323576273363207e-03 2.355937421745480775e-03
2.384888172075502657e-03 2.401428919212565596e-03
2.440071256794765393e-03 2.440251886696410792e-03
2.458633129927844524e-03 2.878513673905873458e-03
2.598551557993657515e-03 2.615021390313727011e-03
2.606921802548537934e-03 2.607582691041091319e-03
2.878119757099493071e-03 2.898761117234261928e-03
3.024540391462220753e-03 3.032051097133971456e-03
3.048230685520801446e-03 3.060000562023335209e-03
3.152258520637614414e-03 3.224685151370184754e-03
3.177364536923052690e-03 3.253121002142373396e-03
3.269071736093772870e-03 3.289188435584876509e-03
3.271456425211156059e-03 3.302311245425253519e-03
3.479262691840993675e-03 3.497796530720742592e-03
3.542326631444886118e-03 3.571887798891662177e-03
3.605036524368059655e-03 4.451748705814396675e-03
3.694530142742431713e-03 3.856478596909445906e-03
3.705330672819626570e-03 3.906642987845228461e-03
3.738683870753591217e-03 3.836056009551815082e-03
3.741842745854669257e-03 3.742049429520087362e-03
3.895269595388948895e-03 4.158804589836681553e-03
3.955755784658183949e-03 4.316957601887866543e-03
4.130470118978255001e-03 4.139449658599496894e-03
4.137576642065356192e-03 4.428825821321359830e-03
4.199213373983647253e-03 4.203611089623638698e-03
4.226416753514867890e-03 4.268907721962239728e-03
4.274137106788194508e-03 4.587359133419117822e-03
4.311879881650573093e-03 4.580332993069207055e-03
4.380984410559844895e-03 4.391215555186555979e-03
4.542950636048226701e-03 4.588675746100329481e-03
4.615299505646003157e-03 4.615352788139842968e-03
4.654141355755312889e-03 4.824399950080902888e-03
4.679232012971470435e-03 4.856695650464167187e-03
4.698278010127688795e-03 4.698283513887898527e-03
4.763378243093499727e-03 4.928964437318443699e-03
4.777555115691178161e-03 4.792495413337468334e-03
4.818142491231408933e-03 5.689703477060147410e-03
4.827356331731751972e-03 5.089617542272830211e-03
4.859564500395257593e-03 5.576642869189505670e-03
4.926179476735233903e-03 4.992116940926585346e-03
4.960480729699892274e-03 4.962077319523036135e-03
4.964156840365768243e-03 4.981027964156415147e-03
4.991700345740415420e-03 5.169954922595817494e-03
5.241663571276837172e-03 5.565066577676252776e-03
5.252894904013489207e-03 5.998632321232350885e-03
5.289843425806864396e-03 5.617115396467292805e-03
5.365114725808457427e-03 6.008581089862599818e-03
5.421504768726561306e-03 5.572927537485894423e-03
5.446788174144008392e-03 7.146944500716193895e-03
5.449535555592468876e-03 5.464292032833877044e-03
5.479668787781766075e-03 5.511338966984640972e-03
5.547290949934840718e-03 5.581241864403742835e-03
5.553649893084685110e-03 5.560001765258251044e-03
5.627550708885877342e-03 5.943968325420876872e-03
5.638550074767312119e-03 5.660097252243509285e-03
5.691214613938086996e-03 5.840530883262317480e-03
5.703561697314627268e-03 5.703753237794853895e-03
5.705529653456720141e-03 7.487900473913701276e-03
5.783013770106647765e-03 5.783588228384289875e-03
5.792439831565057186e-03 5.811599753626392820e-03
5.827175084833531235e-03 6.528603366268113072e-03
5.909326778832895213e-03 6.186744536646214543e-03
5.916029546517900979e-03 5.924990925945725247e-03
5.924456657988242704e-03 5.933469259634413170e-03
5.924576913519198629e-03 5.943375433225022569e-03
5.935611637221157276e-03 6.089006559044846979e-03
6.060433431131879815e-03 6.091620466889735921e-03
6.145977849534446646e-03 6.462504964798722676e-03
6.161219792619162909e-03 6.415380250743934337e-03
6.291743785477929042e-03 6.307355293547041442e-03
6.413050082708450332e-03 7.157725073214114657e-03
6.483100621973641314e-03 6.886730842349531902e-03
6.578455864873451048e-03 6.865050581402425481e-03
6.738859896583394155e-03 6.746850133285443862e-03
6.764664771772477617e-03 6.787464017024886706e-03
6.799954425859411518e-03 6.802861108640769448e-03
6.851879770306879003e-03 6.920365082825241827e-03
6.940833763881386516e-03 6.981593146095566547e-03
6.963316480639454228e-03 7.275528401443536256e-03
7.013276513785457467e-03 7.338557092234149898e-03
7.018122857696036491e-03 7.020641858080860914e-03
7.019547256535132659e-03 7.719231183071951705e-03
7.032697908467311007e-03 7.149389632080963008e-03
7.066976108091044782e-03 7.161325870935994833e-03
7.219566159147325704e-03 9.319489706759085529e-03
7.302646452801734786e-03 7.431750164602705586e-03
7.323239747254914681e-03 7.350411447518072350e-03
7.415396841065965451e-03 7.505899953685371898e-03
7.444633109817361781e-03 7.469222602764861649e-03
7.541602829780759409e-03 9.163056015473354521e-03
7.561711249456394383e-03 7.597451001283067260e-03
7.566066174054452906e-03 7.577830655050248228e-03
7.630032528700109000e-03 7.899066537618664591e-03
7.679627883710152432e-03 8.890098028352862516e-03
7.713000587896696840e-03 7.725278342869721683e-03
7.718167376392575697e-03 7.724393168973969770e-03
7.721517852355791640e-03 8.156947576502650635e-03
7.724852187523216507e-03 9.714226739816731598e-03
7.777309235521810866e-03 8.224688452874313535e-03
7.789619822917035960e-03 7.933307991815619770e-03
7.856162743236127025e-03 8.469444323223353915e-03
7.861095206963486515e-03 8.308552957106708423e-03
7.978999914890155462e-03 9.692632534309816514e-03
8.032008021724063723e-03 8.033270032503266045e-03
8.032464011324553718e-03 8.079124993573516891e-03
8.041200678738496047e-03 8.427523667002641619e-03
8.165499303138805398e-03 9.058925384455887922e-03
8.299103195959297782e-03 1.010622327892320149e-02
8.301066980479457347e-03 8.445888658789108688e-03
8.332819021136465831e-03 8.599277644095848494e-03
8.363168347153192295e-03 8.365893038499329706e-03
8.434804526865161481e-03 8.987717968406073316e-03
8.489231963679965548e-03 9.501928151740427278e-03
8.508765218009403664e-03 8.589151219398521650e-03
8.512531183008995375e-03 9.038480106924375382e-03
8.616858993221020863e-03 8.629337684725816790e-03
8.627107507963239358e-03 1.139953437551944476e-02
8.627367693730850912e-03 8.851357548443797990e-03
8.659080582712939955e-03 8.668360004816915917e-03
8.664249202106856160e-03 8.720913601533051077e-03
8.692400014259806310e-03 9.433205495431392154e-03
8.763488586832592769e-03 9.348427557673660154e-03
8.768584721457944875e-03 9.810134539088260011e-03
8.781191116309252850e-03 9.286405147749181993e-03
8.790959289642276409e-03 1.047607960752467218e-02
8.818452528179390043e-03 8.948342718488752623e-03
8.822236616683980584e-03 8.865518182826839788e-03
8.847137873021097831e-03 9.027943832758969500e-03
8.865848921921186052e-03 9.734551619023128904e-03
8.919985835184338421e-03 9.139377405801252588e-03
8.944035273361142235e-03 9.241716156380147193e-03
9.007109436262624239e-03 9.007797213995437369e-03
9.011971689658719586e-03 9.613878702199990176e-03
9.026820763101356046e-03 1.151105805167434645e-02
9.036624222692048874e-03 9.081906501538608220e-03
9.089650274925175841e-03 9.102646237675099047e-03
9.205918288812429268e-03 1.034790718091020342e-02
9.228486185326293528e-03 9.374867646335783775e-03
9.262238062311516085e-03 9.547460911548850959e-03
9.283347428486384348e-03 9.563382944354744189e-03
9.408876401057083422e-03 9.813940742806306211e-03
9.411980598158649694e-03 9.653324087130162046e-03
9.435916070843181069e-03 9.926478279063599350e-03
9.436768781098546846e-03 9.893522303773119586e-03
9.487345484836220977e-03 9.626555633122674260e-03
9.494982835367813886e-03 9.762202843613291409e-03
9.506976270781149554e-03 9.630333029766496161e-03
9.526376789100541448e-03 9.625959839083660097e-03
9.543707535037202275e-03 1.173110834455761385e-02
9.549692048399185951e-03 9.551681164558867634e-03
9.616538165988387094e-03 1.122363631004260481e-02
9.641830370441677872e-03 9.984413875460932189e-03
9.653401398759127103e-03 1.100303905442053670e-02
9.662309149501360078e-03 1.070185683325682209e-02
9.711786051931538960e-03 9.878780345883290959e-03
9.726924283810754052e-03 1.016975217657681459e-02
9.730454312341577441e-03 9.791032570765301202e-03
9.787258390800909064e-03 1.063175293292333533e-02
9.794877593892742720e-03 9.795959865312455286e-03
9.804718215831469477e-03 9.817489850633074819e-03
9.806707705521876609e-03 1.084474200815064952e-02
9.820526378758154609e-03 1.050214406434727202e-02
9.822075408384209685e-03 1.088251630779823315e-02
9.876904636481663100e-03 9.878043224073483272e-03
9.879006223377404319e-03 1.123774374420896845e-02
9.942509230780018775e-03 1.005248051813399657e-02
9.944486680550876714e-03 1.027104744144968079e-02
9.974374374425092754e-03 1.001400541861414972e-02
1.001480351764172730e-02 1.012107321187564850e-02
1.001780503089139303e-02 1.130732240979733828e-02
1.002932830785298671e-02 1.053994866770756669e-02
1.005198575628047340e-02 1.067903097814782223e-02
1.005669628765165288e-02 1.030211895195039078e-02
1.009373706076964299e-02 1.011930698953422518e-02
1.010051297173171318e-02 1.010216709123863861e-02
1.011859923417742640e-02 1.012747843265954413e-02
1.012967449936453407e-02 1.019125307039334474e-02
1.014581145061393443e-02 1.047114256342222653e-02
1.016429933932216922e-02 1.132093603227089622e-02
1.017370322881213165e-02 1.165852978985373878e-02
1.019125100485266874e-02 1.059372056341516440e-02
1.021935845513732670e-02 1.077040465996194178e-02
1.028822768137712361e-02 1.087581707276691692e-02
1.029030165671406850e-02 1.170828196144682067e-02
1.029605623650660037e-02 1.087805932412692564e-02
1.030500946160853477e-02 1.058156723145933613e-02
1.036043097817308800e-02 1.102869308977539806e-02
1.039406687162640862e-02 1.066564523322678128e-02
1.043480475814403431e-02 1.065888546185605329e-02
1.050534144589241638e-02 1.405957041070182018e-02
1.051594725640635566e-02 1.198486728976466340e-02
1.052087267796395983e-02 1.058668747326593947e-02
1.052427131765800751e-02 1.067250111587524260e-02
1.053046179145757273e-02 1.074750893813169149e-02
1.053438129026582591e-02 1.054512863144808042e-02
1.054084206174771970e-02 1.054086018984063365e-02
1.055878542093809450e-02 1.258381592404426118e-02
1.056806374444066270e-02 1.108412657165774168e-02
1.060859588443538101e-02 1.092303749313911811e-02
1.064351436715400834e-02 1.071776902297575176e-02
1.065672546653565096e-02 1.090024327545381123e-02
1.070353784741222107e-02 1.114575849260839198e-02
1.075182216578385828e-02 1.209148831969439689e-02
1.084942608425031388e-02 1.184942218760424298e-02
1.087783466986771107e-02 1.151085984749681754e-02
1.094590306910062094e-02 1.106469364076337163e-02
1.097762270486770005e-02 1.132723821396616586e-02
1.098810418634462924e-02 1.113559876654918526e-02
1.100090416016560706e-02 1.118961755124090775e-02
1.100922724937117465e-02 1.103609122129626391e-02
1.101145904229255089e-02 1.121793641467805358e-02
1.101764689250685214e-02 1.102279381233674943e-02
1.102724654729924508e-02 1.307337701269227145e-02
1.107958037506851824e-02 1.198054396355447380e-02
1.109975619431004777e-02 1.111694469172410001e-02
1.115116843519925981e-02 1.206763209222464633e-02
1.115701043769704373e-02 1.118241370183340258e-02
1.117849785307869007e-02 1.135412306965042153e-02
1.120353407880718584e-02 1.124890838695483987e-02
1.122463162635374719e-02 1.126832192803017656e-02
1.128972936882480238e-02 1.162263488658963305e-02
1.130171177029459448e-02 1.145447038838100229e-02
1.131044890196884235e-02 1.488834623240777380e-02
1.131290736289200342e-02 1.217455388680259952e-02
1.132013897939390668e-02 1.587824219773273371e-02
1.134375948469367595e-02 1.201252459048147460e-02
1.135303788572435829e-02 1.191321232571290745e-02
1.143868125568354294e-02 1.173136817359726920e-02
1.144048291848999421e-02 1.325565856938081336e-02
1.144437364816065263e-02 1.153896768846829693e-02
1.146809980662354816e-02 1.211036782282483293e-02
1.150674256622170530e-02 1.156135467405229600e-02
1.151187584964453309e-02 1.205922411961070362e-02
1.151828740070742763e-02 1.170613180508199916e-02
1.152110089964523097e-02 1.244572784061402822e-02
1.153399636409040488e-02 1.161166338642837144e-02
1.154607347893305339e-02 1.159598216192780917e-02
1.156953490330868244e-02 1.224592652604110897e-02
1.158439567009747831e-02 1.184668723591734800e-02
1.158731904968769363e-02 1.497294871304900854e-02
1.160781967604921500e-02 1.173208590338878018e-02
1.161845518553415377e-02 1.169021109524242923e-02
1.162396875621276096e-02 1.172457785909262855e-02
1.172438681679825560e-02 1.173617928703322988e-02
1.175726395254865671e-02 1.221467221715501206e-02
1.176264080799097750e-02 1.299559581025932879e-02
1.182477466206659222e-02 1.223651713858371279e-02
1.184213679480619272e-02 1.205894935977857435e-02
1.186075698921521850e-02 1.428943584258706920e-02
1.194808528922120493e-02 1.208890738446141006e-02
1.199422369896143911e-02 1.315185507129193986e-02
1.200312460966333587e-02 1.225879980874960799e-02
1.208552774838656842e-02 1.229657658476901450e-02
1.209318492606953517e-02 1.247926843027447399e-02
1.211795794390813606e-02 1.212992727661174781e-02
1.211939279271495064e-02 1.226109991956845537e-02
1.220175986750542986e-02 1.221202172948437394e-02
1.225858068061207694e-02 1.473592240713942660e-02
1.227547590693008235e-02 1.272348015821741021e-02
1.227978494168790319e-02 1.316009287166318778e-02
1.232112722345152407e-02 1.281492032267766285e-02
1.234203421751998292e-02 1.378937689894352628e-02
1.236534158764284429e-02 1.238144459270810668e-02
1.236879830455816370e-02 1.266641324471155100e-02
1.239620614029106685e-02 1.534182407058202156e-02
1.241035018895871728e-02 1.361767732344855431e-02
1.242999468728816018e-02 1.339069618323227885e-02
1.247605029216768309e-02 1.255318072133685542e-02
1.248291906933960728e-02 1.259663054172029638e-02
1.248710915793914238e-02 1.291867285616143425e-02
1.249958710631381836e-02 1.442073727010029748e-02
1.253984284011656035e-02 1.359835418281160439e-02
1.255881925738093312e-02 1.388269600164556382e-02
1.258210341937551248e-02 1.466521917550445142e-02
1.259897584153915791e-02 1.564248659852199644e-02
1.260531551116615169e-02 1.260559164164915154e-02
1.264512016315999868e-02 1.299361623100739847e-02
1.264822854448509164e-02 1.312088240657114692e-02
1.266432072101767239e-02 1.272324012511569409e-02
1.267845534952557855e-02 1.349933450958480836e-02
1.271654729740052427e-02 1.290337592813341899e-02
1.272634696994338725e-02 1.485123018672246560e-02
1.272813298223491110e-02 1.506193235239563187e-02
1.273166696985324024e-02 2.628435041096624167e-02
1.273913196778700928e-02 1.438871169393254185e-02
1.277734532875996962e-02 1.291049612450291886e-02
1.278168968103689934e-02 1.291479207306147660e-02
1.282647826472469409e-02 1.365859508406730427e-02
1.282831332290884294e-02 1.354996465359276266e-02
1.283817507871233554e-02 1.340197758872622817e-02
1.287931043059920878e-02 1.288038080448482281e-02
1.297072752701865055e-02 1.348684278365904106e-02
1.300475803300429369e-02 1.402669286779717646e-02
1.301952086154267545e-02 1.307487236854565360e-02
1.302365835585510626e-02 1.367367420876917407e-02
1.303508315514903364e-02 1.318147630091137841e-02
1.312222528595311660e-02 1.511962209210453850e-02
1.312340129093917188e-02 1.332140047397673693e-02
1.314585091060673991e-02 1.346280237893390103e-02
1.323368766273076702e-02 1.326377125879514389e-02
1.327404496594935743e-02 1.327937552672257479e-02
1.337455497265188469e-02 1.362929619196906646e-02
1.339749381891824215e-02 1.402102450812503856e-02
1.340265720392448852e-02 1.366916975170781763e-02
1.348986846828282259e-02 1.350203042314974261e-02
1.350534483109950591e-02 1.355381936701959521e-02
1.351537983434862936e-02 1.370151425678025996e-02
1.355988594284015039e-02 1.795079579206539794e-02
1.356848891382713904e-02 1.361576408886296281e-02
1.365661550049971501e-02 1.366739429253789086e-02
1.368518808193978573e-02 1.405966303683006159e-02
1.371071640955861225e-02 1.394979240304300254e-02
1.373990703522292266e-02 1.380742543342152080e-02
1.374497187798161789e-02 1.375381688693572656e-02
1.375039609511356266e-02 1.397708595890638679e-02
1.376275551222747549e-02 1.380255891632923594e-02
1.377220042298787743e-02 1.402941949359329601e-02
1.378199703596930462e-02 1.804014725134844149e-02
1.383095623619498733e-02 1.390043465778084686e-02
1.383261712940867146e-02 1.479694942833625730e-02
1.387194953164406531e-02 1.409911308548008821e-02
1.388835291920098233e-02 1.607144719510662442e-02
1.391572631833819240e-02 1.605260357382064587e-02
1.391835778458630490e-02 1.437809399130860963e-02
1.394513627533642067e-02 1.443235579331372115e-02
1.396152196789465262e-02 1.420940318678141738e-02
1.397735327471122911e-02 1.420366453210764393e-02
1.399672057432664943e-02 1.460666285975194614e-02
1.406667120185484988e-02 1.440725559254602516e-02
1.409531884650963747e-02 1.431788143325592524e-02
1.410498006547476584e-02 1.448200531107988152e-02
1.412218879747861866e-02 1.473099740774758831e-02
1.415155442844888076e-02 1.463273083000515493e-02
1.423638410637321182e-02 1.442802544585236428e-02
1.424117358313825056e-02 1.424293356546722442e-02
1.426089982100102634e-02 1.431580218369224791e-02
1.426652414933726395e-02 1.438939031308443701e-02
1.429398357397620653e-02 1.434096517259708312e-02
1.430941237780125608e-02 1.431254682163861716e-02
1.436176678040468335e-02 1.437660899719011599e-02
1.436447228702746048e-02 1.447725043521846423e-02
1.440879726152359368e-02 1.446985530895801564e-02
1.442642261815221642e-02 1.608194749076456015e-02
1.445710829892714322e-02 1.532121535989545633e-02
1.446190606044882136e-02 1.446190631158998131e-02
1.448903151437263073e-02 1.448915778427225728e-02
1.452843458900916415e-02 1.463630396030089764e-02
1.457098244675755425e-02 1.459756123282199801e-02
1.465019112459664020e-02 1.773964205847788217e-02
1.471449474954118763e-02 1.481490264052195104e-02
1.473800288364885726e-02 1.595838224351684570e-02
1.476610062475726057e-02 2.038688335678117206e-02
1.477827255557974048e-02 1.527356410164627636e-02
1.482198475434746976e-02 1.725450645456200194e-02
1.482875798149395873e-02 1.486986331334901046e-02
1.485997627051337255e-02 1.503716607626677353e-02
1.487931960537011364e-02 1.563953388370198372e-02
1.492287814826983097e-02 1.631535497690328462e-02
1.493651906915206481e-02 1.494410585082658893e-02
1.495687380065656956e-02 1.497229273105644964e-02
1.495890760777679636e-02 1.512665410355801439e-02
1.496409767977416143e-02 1.497204956541740503e-02
1.500000274247001789e-02 1.507229675773914465e-02
1.503320122033455393e-02 2.175571162958649801e-02
1.506066261034648412e-02 1.506748739078017478e-02
1.508075720013854482e-02 1.516681140324564053e-02
1.508619114207942341e-02 1.607597131065573517e-02
1.508745581996675904e-02 2.172307409917522553e-02
1.514016538269068353e-02 1.549248451840682869e-02
1.517145381146210031e-02 1.541318162328681601e-02
1.517725935789722772e-02 1.715625605102712517e-02
1.518806431301863817e-02 1.530973257322055560e-02
1.519782051341927488e-02 1.522042109985429631e-02
1.519950105932079375e-02 1.710365951022055700e-02
1.522368373770325960e-02 1.619242740183363810e-02
1.526172956916951179e-02 1.613911819878395548e-02
1.527285402162897529e-02 1.539280025223305030e-02
1.529900594890540658e-02 1.535401864089126593e-02
1.530684358601790140e-02 1.530792047440425983e-02
1.532661538532337046e-02 1.544037478784785269e-02
1.534934483710745194e-02 1.590522177936016038e-02
1.535685753967223552e-02 1.690716775619652279e-02
1.535868265574191413e-02 1.547319838303161041e-02
1.539731287445924614e-02 1.707931249224790490e-02
1.540925527569753269e-02 1.541040680017032559e-02
1.543262414761340830e-02 2.283787016744064091e-02
1.544403288740653531e-02 1.544550113324103142e-02
1.545250772825001659e-02 1.569361187897725524e-02
1.545608973970613413e-02 1.563337667298633771e-02
1.550392290141668593e-02 1.696061859411984382e-02
1.551533765870457930e-02 1.656986801074768895e-02
1.553650959763867682e-02 2.003715625329768185e-02
1.553727033232106189e-02 2.064186734013235061e-02
1.555556693067537341e-02 1.658510504898627266e-02
1.558235241317903856e-02 1.832063746843434413e-02
1.560350916177711753e-02 1.939412406649358017e-02
1.564458396813439567e-02 1.604236219386979273e-02
1.565122062005772779e-02 1.571105507176595237e-02
1.566377748239591514e-02 1.956141025648047357e-02
1.567557004536555484e-02 2.009132523629173980e-02
1.568213861458886069e-02 1.572713667755353678e-02
1.568278360467790025e-02 1.735096957024045289e-02
1.569188464532237856e-02 1.671491795088672974e-02
1.572370397326229227e-02 1.578052075896855741e-02
1.573586140819959248e-02 1.648198628555074333e-02
1.582840576251180048e-02 1.583270551745404389e-02
1.584882098244863938e-02 1.589986825907127588e-02
1.589723514495533160e-02 1.591429553303137442e-02
1.593308889276667112e-02 1.623044498098238225e-02
1.597092848784511729e-02 1.621235819899626701e-02
1.597203823040025186e-02 1.600989033833039379e-02
1.603751615905873312e-02 1.610053521476057306e-02
1.609555153645004372e-02 1.609786159852898482e-02
1.612364280156708060e-02 1.620663959326056752e-02
1.618332989204412584e-02 1.674834112140650630e-02
1.618465620707389835e-02 1.668172678175862053e-02
1.619900565170309323e-02 1.620807632098335282e-02
1.621825055368914317e-02 1.807144431920174044e-02
1.623255314110954098e-02 1.642228445633171774e-02
1.628080173573935585e-02 1.722326562742569275e-02
1.628934677006508083e-02 1.821595715997668258e-02
1.630895893557820012e-02 1.646335871534358036e-02
1.631812532130812524e-02 2.028320209015354800e-02
1.640377341795117364e-02 2.053039032485302201e-02
1.644395457019026327e-02 1.655471400969009063e-02
1.646690412783497967e-02 1.667903970002420494e-02
1.647905124676525557e-02 1.862294765442534458e-02
1.647934569340992958e-02 1.753511604397502491e-02
1.648256245828317104e-02 1.664780845372494308e-02
1.653985631839180112e-02 1.657906040094297637e-02
1.657973021803076444e-02 1.925690828570668714e-02
1.662896629416065961e-02 1.763112527782869157e-02
1.666058643293287164e-02 1.666381282081189422e-02
1.667962185865312294e-02 1.704041531673720564e-02
1.671926569126934436e-02 1.689192629992842393e-02
1.674229322974492978e-02 1.741159351937673558e-02
1.674982149393478351e-02 1.694309750215254595e-02
1.678643011649666797e-02 1.748084237700207183e-02
1.681068841395672725e-02 1.824402680170109439e-02
1.681912022878520249e-02 1.682029426584201112e-02
1.682751047091543550e-02 1.719970874585405665e-02
1.683555815694992575e-02 1.688307059127262116e-02
1.685933987187918440e-02 1.697681963028564028e-02
1.686420134741176136e-02 2.814200772529838399e-02
1.687737641472847674e-02 1.728197179047761406e-02
1.688125072632652365e-02 1.697933546903293220e-02
1.688678119051320245e-02 1.725197401373804867e-02
1.689578752725622371e-02 1.700328284706859733e-02
1.689654080979700879e-02 1.730629222103918438e-02
1.690741658242407922e-02 1.727289684969446348e-02
1.692185184270738815e-02 1.695559689573729670e-02
1.693325921595129763e-02 1.695684586325963208e-02
1.696376042739400347e-02 2.065132671810753634e-02
1.697920170756991171e-02 2.321000183738465214e-02
1.700932158834589369e-02 1.724500775368030883e-02
1.704218267834694406e-02 1.837515732875396463e-02
1.705575011508327771e-02 1.710681446013280135e-02
1.706674296063236118e-02 1.725304296510555419e-02
1.716053790093125669e-02 1.763485449423443305e-02
1.717397769351365275e-02 2.695049804857553924e-02
1.718270937393970993e-02 1.752374932002880373e-02
1.725017080448568857e-02 1.801571265854971446e-02
1.725707657833000855e-02 1.769369384968060011e-02
1.727351388871721863e-02 1.728225294024636829e-02
1.729995156818575630e-02 1.793899091647136249e-02
1.737037112246845108e-02 1.754319760422344554e-02
1.740842691734514544e-02 1.741678480672015014e-02
1.742200078540988642e-02 1.747454553911288386e-02
1.743458086934840390e-02 1.859930171197586579e-02
1.743548664558633790e-02 1.814225524448379728e-02
1.744624715354630221e-02 1.863847191968084557e-02
1.744986861856472754e-02 1.898823693300270843e-02
1.746185312301114234e-02 1.752650273549468882e-02
1.747342439439970169e-02 2.140890202533018288e-02
1.748906992885355255e-02 2.020176126176770337e-02
1.752051018709764249e-02 1.993169173758551835e-02
1.752674914010025550e-02 1.772525257183941993e-02
1.758626147728693453e-02 1.977571406754547595e-02
1.761348493180020167e-02 1.841236285337964282e-02
1.766336686307968043e-02 1.766474278018087540e-02
1.767254706138472742e-02 1.781289500670943382e-02
1.768838042693621562e-02 2.297291643996288851e-02
1.769578289303661706e-02 1.827220782853989506e-02
1.775698316996764115e-02 2.027889726611150148e-02
1.775936920400512931e-02 2.204645488919907900e-02
1.776008885412436872e-02 1.948757722373801321e-02
1.777734637888158872e-02 2.055858638921152781e-02
1.781824831378810495e-02 1.784630676255790152e-02
1.782697164472875351e-02 2.273379583751069383e-02
1.782828336474761785e-02 1.867486378338196681e-02
1.784317760601257519e-02 2.141818617076608061e-02
1.785546183733282416e-02 1.875855159786397885e-02
1.786840682153734844e-02 1.824173737910717366e-02
1.786944011789139836e-02 1.787274487726887157e-02
1.789078535592949354e-02 1.791044105344424472e-02
1.790530699194599340e-02 1.938687768316042434e-02
1.795097788828019236e-02 1.796201230810846872e-02
1.795908241925259566e-02 1.797224635768473675e-02
1.805024902114883700e-02 1.829739028326342332e-02
1.809633954905232739e-02 1.809887330815902751e-02
1.818933814963503287e-02 1.852747328878642449e-02
1.820374528833162628e-02 1.936856200262006625e-02
1.822014279214986127e-02 1.883691621996531548e-02
1.822046274849738537e-02 1.862438874645089976e-02
1.822565418299531073e-02 2.804219741443440481e-02
1.825791482050470246e-02 1.873810766568988900e-02
1.826013998562356355e-02 1.846741731292120964e-02
1.827382729067633313e-02 2.303039438034199318e-02
1.828254762087372712e-02 2.282136152829584291e-02
1.830553312908612604e-02 1.847366361799913578e-02
1.830575245890178615e-02 1.897798841274133536e-02
1.832322393068860911e-02 2.087307205630463403e-02
1.833028521656463600e-02 1.912762893603706452e-02
1.835868625818765087e-02 1.837925590994970299e-02
1.839417708096799040e-02 2.052770783771070903e-02
1.843298624350011433e-02 1.847196031182478729e-02
1.845362176117704839e-02 2.443339916250932692e-02
1.846032657792970322e-02 1.853629110871790261e-02
1.849443918484015500e-02 2.413436833169244067e-02
1.849863479997298013e-02 1.850493102976663931e-02
1.852274861746927917e-02 1.913973890271243594e-02
1.852897230250543509e-02 1.908207158616386304e-02
1.853872018706127431e-02 1.939047084532166329e-02
1.855577866184747113e-02 1.865432656028062630e-02
1.857358830007612566e-02 2.220319505941917640e-02
1.858045451763111477e-02 2.127954058147523905e-02
1.862754167800181881e-02 1.872637590022652870e-02
1.868698651217065576e-02 1.928099347041322895e-02
1.870384703062596271e-02 2.134986137799681216e-02
1.871028196999434054e-02 2.031802340930601719e-02
1.872306191517136842e-02 1.885394794900080440e-02
1.872826084218505091e-02 1.873394334697580169e-02
1.874256325972373238e-02 2.247250833308358023e-02
1.875791013990815714e-02 1.925852324355770487e-02
1.875924001540930225e-02 1.914515337237843520e-02
1.878021538643655924e-02 2.600334460328828159e-02
1.878517824206203668e-02 1.879950694393743918e-02
1.880510916511578604e-02 1.917508003584672896e-02
1.881939458309601909e-02 1.893514409558286204e-02
1.884427450976057170e-02 1.885204253398259019e-02
1.886384080134724528e-02 2.100124126205960354e-02
1.893035769095029186e-02 1.932063433086828388e-02
1.900110748310387260e-02 1.908769069088715048e-02
1.900771492763884268e-02 2.162023739772611988e-02
1.906773965411650076e-02 2.285554713335549715e-02
1.906990564653767914e-02 2.066799510908341395e-02
1.909604610659979690e-02 1.943208704545048779e-02
1.911950918048394357e-02 2.869920966276506488e-02
1.912726261434851902e-02 1.940319182610794960e-02
1.912760038923075681e-02 1.926993575584183202e-02
1.916175955138597203e-02 2.101145430195985181e-02
1.926109157565191257e-02 1.927811306671504271e-02
1.930075916530102353e-02 1.947882315178704055e-02
1.935412116690377743e-02 1.945089548311544625e-02
1.939823030485331515e-02 1.974958407583863804e-02
1.941662565236050228e-02 2.279364619778390458e-02
1.944718337040413081e-02 2.027863482182225632e-02
1.946934740453605886e-02 1.962814879177729802e-02
1.951097418738433065e-02 2.191627436795845832e-02
1.954361959247016486e-02 1.967718035644678079e-02
1.964193815212688515e-02 1.968030357486573803e-02
1.966059927411909283e-02 1.967647569693821430e-02
1.967963614021348354e-02 1.990799548964103383e-02
1.968738607580090491e-02 2.154896221949298071e-02
1.969263229023127809e-02 2.107234023228568912e-02
1.975306338303374834e-02 1.977490694202894972e-02
1.988864579358522525e-02 2.066691765783260776e-02
1.989885986521341618e-02 2.548542935688541400e-02
1.994899219326493056e-02 2.045045329246720014e-02
1.998011746515704692e-02 1.999964140599242227e-02
2.001175109567160382e-02 2.260594464210756438e-02
2.001688482359701565e-02 2.005816403977222703e-02
2.002724609729739091e-02 2.008940375627230740e-02
2.004672025879622108e-02 2.014463252337701099e-02
2.005275164736068302e-02 2.036116749006059920e-02
2.005357560367869094e-02 2.012411109450302701e-02
2.005547354598292975e-02 2.005547397505468010e-02
2.005717066659123277e-02 2.339043501556257662e-02
2.007564102146615695e-02 2.014455735655236793e-02
2.012023517898890723e-02 2.066799673979811958e-02
2.015622912852563578e-02 2.021549964388579673e-02
2.016272356153169659e-02 2.016311096610794856e-02
2.021754023052142746e-02 2.058884984375142224e-02
2.025092634964884356e-02 2.267443082641082755e-02
2.026801133789780593e-02 2.069033033053448503e-02
2.027502305321339168e-02 2.124803260259274310e-02
2.029804286744355674e-02 2.394315013485382934e-02
2.035957364017176863e-02 2.151370488889908436e-02
2.040575220596005726e-02 2.050859040523695873e-02
2.041827899733084095e-02 2.051345805198598327e-02
2.043308558636836025e-02 3.065987183820673839e-02
2.044343210830540034e-02 2.066200349806924033e-02
2.044629978040247292e-02 2.073074597705534816e-02
2.045382142403086995e-02 2.224566780111059475e-02
2.046351674807393023e-02 2.393536591257036314e-02
2.046954421014828690e-02 2.409078169787058632e-02
2.050426738537785773e-02 2.061638039772673708e-02
2.050807209217976601e-02 2.164305847665152702e-02
2.051451788428984915e-02 2.056880067587426794e-02
2.052663293499045610e-02 2.159267654375386300e-02
2.053667636111465578e-02 2.346207660301691603e-02
2.054469707236947565e-02 2.111742440659319237e-02
2.054514045307762049e-02 2.074327941004532050e-02
2.060265760337412488e-02 2.071338238253754918e-02
2.068165745877243236e-02 2.179432850334704283e-02
2.068286907678745443e-02 2.068853164795339192e-02
2.072219823226092994e-02 2.212020134549251560e-02
2.072506363040421337e-02 2.168233546950007126e-02
2.075998362281662388e-02 2.095568236100870882e-02
2.080553788926604863e-02 2.187714922017170924e-02
2.083580209472870454e-02 2.792469925777587778e-02
2.085563923152863527e-02 2.162746977692602338e-02
2.085950587991599117e-02 2.265450090624299834e-02
2.085958329061545977e-02 2.689367898570420648e-02
2.089804553825117678e-02 2.216038904416838332e-02
2.089972216321639431e-02 2.094538704742458790e-02
2.095765418255042534e-02 2.445637200134692310e-02
2.096218064708902512e-02 2.096218165051171034e-02
2.097031010048566735e-02 2.111647647038720696e-02
2.097817418699237171e-02 2.216464924118492774e-02
2.103785964777959289e-02 2.902731846766362644e-02
2.106773889550841647e-02 2.106897715548566169e-02
2.109443676010111859e-02 2.110243181294862991e-02
2.111262764502005312e-02 2.145968485536666262e-02
2.112213745330821651e-02 2.113851258423516191e-02
2.113405824465497060e-02 2.114361937547907383e-02
2.113593813057323620e-02 2.145384908741225158e-02
2.130464254436481575e-02 2.262269957927487765e-02
2.144936057844852584e-02 2.186234582571467203e-02
2.145468586519181861e-02 2.277929459316423155e-02
2.152912094371674592e-02 2.541461550965852870e-02
2.157546918914009237e-02 2.166105066717249200e-02
2.158022592636700543e-02 2.159566244564792639e-02
2.160431359932149173e-02 2.872170523009928006e-02
2.161410983472102434e-02 2.278526631751994283e-02
2.163860900863859293e-02 2.235275502537307016e-02
2.168156647083474553e-02 2.170137272823422295e-02
2.168918535865401245e-02 2.573306929308486965e-02
2.171312422886170768e-02 2.194561872870837843e-02
2.174597600122897892e-02 2.182870882201193297e-02
2.176413833920836857e-02 2.180589075586664149e-02
2.176680693901686045e-02 2.183085955176273033e-02
2.181354087583892501e-02 2.513395681585557304e-02
2.181509203159417640e-02 2.181511717343009860e-02
2.181846504395370742e-02 2.211513382871752378e-02
2.192271137611155260e-02 2.233463477842617673e-02
2.193837810377250938e-02 2.195125115409658420e-02
2.195856846320034042e-02 2.210883142932518544e-02
2.196963137409646896e-02 2.226546849058769206e-02
2.197352917126943125e-02 2.198253614543443230e-02
2.200111714314429215e-02 2.201120134131853354e-02
2.203372998000820496e-02 2.262643669381783629e-02
2.207697303320039356e-02 2.224316625500553576e-02
2.207995009559694452e-02 2.258924606290942105e-02
2.214021381527498181e-02 2.311043836875991200e-02
2.214053250851684071e-02 2.214657826070981841e-02
2.215866500473924819e-02 2.277576183613967339e-02
2.219641651829070209e-02 2.228145666976724323e-02
2.226097303551163864e-02 2.297828489813676794e-02
2.227771204660548496e-02 2.334168442283809583e-02
2.233766090288010972e-02 2.253245672947381401e-02
2.233801142781782767e-02 2.258600755021287695e-02
2.235131948585362266e-02 2.313219039512874609e-02
2.235553789521643395e-02 2.386875581640500801e-02
2.236667919878800037e-02 2.241135072776909501e-02
2.237439228110892422e-02 2.769730466954224701e-02
2.238724910709866123e-02 2.247446461905218060e-02
2.240471037191549969e-02 2.367382807916902296e-02
2.242606811132120612e-02 2.259054438645312704e-02
2.247491281502292729e-02 2.266505843589957173e-02
2.248728097344709215e-02 2.248748918220006693e-02
2.253153471808459762e-02 2.253227899892949401e-02
2.253556666348202273e-02 2.267284319538955331e-02
2.254916099347748989e-02 2.255051231836371212e-02
2.255786680756475052e-02 2.265002749064428875e-02
2.262753894083006923e-02 2.262784804841311281e-02
2.263264751546276501e-02 2.898565273659326619e-02
2.263731452033137387e-02 2.692715324179831629e-02
2.264815819704512831e-02 2.272014779839840251e-02
2.264957828155503630e-02 2.336545220846710999e-02
2.266991523019802959e-02 2.403203851756427478e-02
2.273355932788516040e-02 2.279072205858692635e-02
2.273751351835429438e-02 2.273771383085535294e-02
2.275452960159543223e-02 2.351124474054136146e-02
2.276805945950416410e-02 2.404492343338988924e-02
2.279072913078918766e-02 2.280154231913103513e-02
2.286292578592486260e-02 2.877963489413552442e-02
2.286577246481074494e-02 2.337669621644242191e-02
2.288547388905141922e-02 2.306865875159521198e-02
2.291638642219074110e-02 2.821192550960447201e-02
2.291645124387770363e-02 2.388978311077574052e-02
2.292019200565836509e-02 2.307718091674805169e-02
2.292999581774525855e-02 2.647838890420670804e-02
2.293542242496677749e-02 2.293648783712938857e-02
2.295173495509917130e-02 2.369079845845641075e-02
2.307293977611506869e-02 2.318424102750686958e-02
2.307716073776405752e-02 2.308197600897396451e-02
2.312381361841162053e-02 2.324287234385386328e-02
2.313394780108746218e-02 2.545687054559764989e-02
2.314077743143485438e-02 2.925291651838359333e-02
2.320448439769155075e-02 2.564815023646390899e-02
2.323504913386020831e-02 2.356360251562369945e-02
2.327421770420824709e-02 2.591821466535184151e-02
2.328589820104312591e-02 2.753993231487213839e-02
2.330220138783254194e-02 2.332403648145259939e-02
2.330916392294318448e-02 2.442118281814693870e-02
2.335473678095013883e-02 2.429062582064492673e-02
2.336933748106394607e-02 2.436623991324683713e-02
2.338551072380655807e-02 2.341939397015310384e-02
2.342086171354988353e-02 2.378789378993974302e-02
2.342386547030258712e-02 2.384064699298433718e-02
2.343858884165187992e-02 2.344059117621320396e-02
2.350188994358219652e-02 2.367883630809243176e-02
2.350212749087540742e-02 2.385785104034678084e-02
2.352663012336466894e-02 2.582507329839216909e-02
2.358555788421222432e-02 2.700804247104650335e-02
2.365772723044229364e-02 2.366134387017331669e-02
2.371242325647631571e-02 2.462616364257890628e-02
2.375618738034033020e-02 2.480519139696634942e-02
2.375754213361937553e-02 2.375785580894284113e-02
2.379536903831244721e-02 2.513648239681971069e-02
2.380460483772687402e-02 2.526665411243330522e-02
2.381275752256130709e-02 2.381802488585811617e-02
2.383608216300886831e-02 2.405963447331860641e-02
2.388709143930422413e-02 2.485484238887105540e-02
2.394612287347384558e-02 2.471800783834575757e-02
2.396108556204705475e-02 2.662085155488105870e-02
2.396604839410026652e-02 2.451089514685478310e-02
2.405898851727122228e-02 2.422987925807423837e-02
2.407575761940269898e-02 2.528465196097887460e-02
2.408463850401795781e-02 2.412890507991598613e-02
2.409428258614989410e-02 2.565263399360152852e-02
2.414270707616177764e-02 2.705994961992184630e-02
2.414455265020780741e-02 2.414764948220593510e-02
2.418004433476461310e-02 2.524347462176666432e-02
2.418873854353188399e-02 2.418927593264928039e-02
2.419248099044295219e-02 2.477546241497865023e-02
2.423020073141464448e-02 2.435187914045766622e-02
2.423851685878025339e-02 2.522249366465768167e-02
2.424937409570481969e-02 2.602059948787618232e-02
2.427042688860545777e-02 2.750925228561900901e-02
2.427553340188925990e-02 2.490269328296783671e-02
2.428169471331437235e-02 2.733527929296989539e-02
2.429153632641453675e-02 2.458770306848936937e-02
2.429611615725073281e-02 2.526028584951489631e-02
2.432625789964250329e-02 2.458905833555981996e-02
2.433647669234790742e-02 2.776010217121578985e-02
2.433880919267631879e-02 2.438825972496238420e-02
2.438517784231349073e-02 2.640380214227026900e-02
2.439261644024326089e-02 2.898878025060580566e-02
2.441686429535724207e-02 2.465797067176082186e-02
2.443954795315322892e-02 2.553158695438676601e-02
2.444349042859549417e-02 3.152444516350789983e-02
2.444747321344159161e-02 3.009100523216672388e-02
2.450922650887099943e-02 2.487565861294544975e-02
2.451341553519796948e-02 2.473471615294794979e-02
2.454129936813006715e-02 2.550217933062705680e-02
2.454351986198044858e-02 2.797790859298900437e-02
2.458906696528298866e-02 2.458997170668652740e-02
2.460094079100581463e-02 2.526155682984389944e-02
2.464260752703303567e-02 2.914282827419145336e-02
2.465049694300886635e-02 2.493470040867531642e-02
2.466687925262964556e-02 2.467151219048833999e-02
2.470238871631470420e-02 2.474587611940864962e-02
2.470372290479196445e-02 2.471028283943624976e-02
2.474180520251809470e-02 2.893294233036859675e-02
2.477392539251974113e-02 2.486585132078504221e-02
2.477876253924957139e-02 2.516609714686208338e-02
2.478414255406394262e-02 2.479043942209375323e-02
2.478464386781172035e-02 2.480180391184918023e-02
2.482854458743035536e-02 2.488259438774934051e-02
2.483006855275273969e-02 2.657039220148918468e-02
2.483929847882340378e-02 2.567489536353687388e-02
2.484681434646906703e-02 2.500833444998623242e-02
2.485900084588305026e-02 3.157523470234824270e-02
2.488939120191320867e-02 3.086787510830099265e-02
2.491324351849258378e-02 3.073907095283532134e-02
2.491500199880182509e-02 2.493082260145374277e-02
2.495917437481241785e-02 2.665491672721714139e-02
2.496901320345220124e-02 2.520540154630891011e-02
2.501240213623647998e-02 2.545333009191930521e-02
2.502898053114572044e-02 2.806490424066741124e-02
2.506024603512923762e-02 2.634352955855719797e-02
2.507701466210383867e-02 2.564061633238146412e-02
2.509523105187306050e-02 2.521777417954367342e-02
2.515532647757312903e-02 2.615203336588308239e-02
2.520643096702178051e-02 2.536939024850514562e-02
2.529989593539225257e-02 2.530436523669830212e-02
2.532104481073794641e-02 2.618684732571860407e-02
2.532920235456408153e-02 2.554588253503496317e-02
2.536406958509076007e-02 2.697040150019770419e-02
2.538025619947510692e-02 2.598028705121275053e-02
2.539251481032719915e-02 2.644555807080366250e-02
2.540132287845789372e-02 2.540325851096255499e-02
2.542071615733681317e-02 2.936593971553304663e-02
2.549495066836780788e-02 2.662871641118706029e-02
2.553167119710334984e-02 2.577078995227766872e-02
2.553332167930119634e-02 2.570580651343089273e-02
2.556588888201953569e-02 2.558679681137302625e-02
2.558894515904461611e-02 2.585352923269340977e-02
2.559960261845933838e-02 2.604963304432164270e-02
2.560399505671947379e-02 2.665411490086781743e-02
2.568615526559911086e-02 2.833669547173789036e-02
2.569123709322926677e-02 2.594367847635624391e-02
2.571593221793556233e-02 2.753592821101813817e-02
2.574010506580035051e-02 2.769659476579930737e-02
2.574203082894040845e-02 2.749342642929634983e-02
2.576304732208290274e-02 2.954135559517978918e-02
2.581487678007599387e-02 2.673780108936979830e-02
2.587740880414846414e-02 2.598377552497886656e-02
2.592614365213841837e-02 2.693156263729448371e-02
2.595426412946656713e-02 2.815004357048664016e-02
2.596190998081049015e-02 2.653048811214384767e-02
2.596418934756908672e-02 2.627029870367844633e-02
2.597213800024624972e-02 2.599688730807622750e-02
2.601730864412034674e-02 2.896766919411700517e-02
2.605149987845634812e-02 2.610260631754014737e-02
2.617437699885852287e-02 2.618826092624181381e-02
2.617940434569474353e-02 2.618743137754931186e-02
2.622237359407851923e-02 2.723606491163637830e-02
2.622438897258352192e-02 2.817659994167879059e-02
2.624207091745637058e-02 2.624217212669370178e-02
2.634446959957792433e-02 2.863416606494727928e-02
2.636885313394095667e-02 2.656954034784403396e-02
2.637554147920870631e-02 2.667923279508616421e-02
2.640487751985875348e-02 2.700243192653504001e-02
2.647052085290374848e-02 2.784263152170298600e-02
2.651606015385937418e-02 2.657948930112591021e-02
2.652094359112732586e-02 2.652703551347395869e-02
2.653018463083266221e-02 2.874574534336032938e-02
2.653726295780489686e-02 2.704686846442332440e-02
2.659341401434749813e-02 2.671341634269529600e-02
2.664557870637414283e-02 2.741349558662830796e-02
2.665738267793856670e-02 2.666973733022215756e-02
2.666618165145387756e-02 2.670482660356062257e-02
2.668719706462275437e-02 2.670495564434868102e-02
2.669900652279025635e-02 2.675621201294863666e-02
2.671619992775438324e-02 2.709166032635694152e-02
2.673874907856212471e-02 2.726444730706974531e-02
2.678032140760129229e-02 2.683156435189036626e-02
2.679012358899402965e-02 2.726339005172914720e-02
2.690054892387656882e-02 2.690100125324201841e-02
2.693263118206083023e-02 2.693678557578957355e-02
2.699801212811836840e-02 2.714115939763091234e-02
2.704147445286074133e-02 2.825083244569483176e-02
2.709465428524885505e-02 2.728630903297240770e-02
2.712241369592498577e-02 2.712246626907798691e-02
2.721174751659310304e-02 2.724777791312834110e-02
2.721572273226868788e-02 2.725272276109506897e-02
2.725390518674424001e-02 2.744740446666213765e-02
2.727913841227751907e-02 2.730443302693308372e-02
2.728159744554339156e-02 2.728453114111423217e-02
2.729516588568609015e-02 2.742523065732779472e-02
2.730251072293438802e-02 2.736228899979645246e-02
2.731884371412225676e-02 2.801795886708900382e-02
2.734098573942661883e-02 2.737565568423991347e-02
2.734570965314345875e-02 2.976629282395855045e-02
2.738032885040215386e-02 2.741074059171011781e-02
2.739736763297749914e-02 2.762819272497992612e-02
2.741429615877188919e-02 2.800252492828675041e-02
2.750486752849806704e-02 2.776754039390314996e-02
2.753298032453911984e-02 2.754284001981148824e-02
2.757598221694710153e-02 2.802044861116509411e-02
2.760344398417613823e-02 2.778124453440067310e-02
2.765029749394199224e-02 2.776880788669791947e-02
2.765507730826463964e-02 2.769412508141952389e-02
2.767899337960011419e-02 2.826030988753803347e-02
2.769980485311460822e-02 2.787273694700502860e-02
2.770872282724842761e-02 2.912662437476640220e-02
2.771974965995051277e-02 2.937318871342539661e-02
2.772119807781870185e-02 2.917090410908996720e-02
2.773943934087449298e-02 2.847771625394243666e-02
2.778980636007011978e-02 2.834324382758900487e-02
2.786912144294347027e-02 2.903679825509504139e-02
2.798237993470435031e-02 2.814842397010717048e-02
2.798674895077120708e-02 2.799032321151402256e-02
2.799033228967474918e-02 2.799051711054308458e-02
2.800686704816017156e-02 2.888205954281362897e-02
2.802635886512774496e-02 2.874251578694081780e-02
2.803103819373552186e-02 2.812764748642072182e-02
2.803871558479503409e-02 2.821677406150730968e-02
2.810891199936549345e-02 2.818636389864119518e-02
2.812270808128293845e-02 2.812601154530358985e-02
2.818037996068315301e-02 2.845083028453733801e-02
2.822985724016050663e-02 2.832799037757708152e-02
2.832362742475883280e-02 3.720185734914394082e-02
2.841537402731610790e-02 2.879427431451563393e-02
2.852157414646142378e-02 2.852164937627233929e-02
2.853882405263580974e-02 2.893345621251360716e-02
2.855004779994353009e-02 2.856209746944050887e-02
2.857199546280029048e-02 2.857998825233726281e-02
2.863191856365109728e-02 2.921318295649675059e-02
2.863827237367072912e-02 2.893820437972241880e-02
2.869245289445336924e-02 2.869259442942742599e-02
2.871196174129292400e-02 2.871533115732696761e-02
2.885411368373965585e-02 3.055353956888520392e-02
2.891908820438246139e-02 2.938401060770815670e-02
2.897281813041233459e-02 2.899476157709514335e-02
2.930774291678600596e-02 2.931517943106709198e-02
2.937189039139895957e-02 3.278199508215989821e-02
2.942744190056931913e-02 2.970480194530893125e-02
2.949810208977723600e-02 2.956668725935857403e-02
2.950331375497830533e-02 2.960639160227119052e-02
2.952011305061529728e-02 2.969040714312240828e-02
2.955581139416825487e-02 2.956951751997254421e-02
2.957490553492336111e-02 2.964389690963938062e-02
2.967179873450266972e-02 2.978860478499099559e-02
2.975626711404812455e-02 3.026490861944177227e-02
2.989283736881294049e-02 3.055280328771121587e-02
3.000810857760794967e-02 3.000817016773458731e-02
3.003102558089968885e-02 3.019020756315780527e-02
3.005156055124021813e-02 3.017945614441189944e-02
3.025428959545031424e-02 3.038871164815661399e-02
3.026635555440160968e-02 3.065750579730923409e-02
3.040967641335588431e-02 3.049542639274310796e-02
3.045825080107573621e-02 3.048272465529787770e-02
3.048081868032505304e-02 3.173429295537077283e-02
3.048796760825455907e-02 3.055844338160512361e-02
3.057934975986333070e-02 3.113732509925503517e-02
3.064926983212072284e-02 3.065556365110025730e-02
3.072528011298952463e-02 3.073527335909667993e-02
3.085357171130322443e-02 3.106743973080374963e-02
3.094165317319875694e-02 3.378319094118167887e-02
3.101397698654825147e-02 3.138295403454810506e-02
3.107369646889942064e-02 3.107369654448583970e-02
3.107437065092071363e-02 3.125991234128657620e-02
3.121041890152288084e-02 3.143460819182499616e-02
3.150226845635123452e-02 3.231644914118714240e-02
3.160471604371888760e-02 3.173396072719058408e-02
3.162060020703685165e-02 3.167582661625513440e-02
3.176641981077559657e-02 3.324089979030571407e-02
3.210177462493709472e-02 3.254241944908331519e-02
3.219289691433216416e-02 3.224053950718312744e-02
3.229648062819734378e-02 3.353731927919055555e-02
3.233254105254694533e-02 3.252533518017279579e-02
3.245611800891720633e-02 3.306444392491812712e-02
3.255209042272326492e-02 3.397728776680423307e-02
3.276921041777915850e-02 3.309107104933020627e-02
3.299874661284354915e-02 3.333772455688618214e-02
3.332112343099258994e-02 4.008284275852121159e-02
3.346728080560096991e-02 3.351203808112088872e-02
3.370351199306154816e-02 3.388567119165884073e-02
3.373304080669742300e-02 3.426739929317471761e-02
3.374285285123543310e-02 3.407701622102158462e-02
3.390362790110579283e-02 3.430197568617314452e-02
3.395254968755139630e-02 3.400824832212676063e-02
3.404168405155358346e-02 3.904222944711967236e-02
3.406691329643916910e-02 3.523441571730761418e-02
3.412308696431626265e-02 3.603980071625967341e-02
3.450321228228056536e-02 3.738404822752994239e-02
3.459129737779511465e-02 3.461917119457472852e-02
3.465888074719864625e-02 3.466473178996805349e-02
3.472635587999717277e-02 3.473491855541471773e-02
3.486004821987459534e-02 3.491460132737003730e-02
3.489953950783835496e-02 3.490058018968272141e-02
3.497779853814129980e-02 3.563199919079818034e-02
3.502826155861910040e-02 3.753021219291644006e-02
3.508057573320150224e-02 3.508059158879059392e-02
3.538856699906109404e-02 3.540226975213753985e-02
3.568093419073076894e-02 3.568095557966620424e-02
3.578345048808088957e-02 3.719754675934476562e-02
3.601586075993697122e-02 3.603840176916147525e-02
3.613441724166413516e-02 3.675253608297272823e-02
3.621673418956947860e-02 3.646509631788379113e-02
3.623908246655849902e-02 4.186964389083476512e-02
3.632721943475499676e-02 3.665597210041784959e-02
3.675572744872830644e-02 3.735171534389073594e-02
3.677368120988767919e-02 3.980018068916747059e-02
3.684277324502396173e-02 3.691862552039038708e-02
3.694577767021926112e-02 3.697784168005608524e-02
3.717528785697605392e-02 3.818343405296199811e-02
3.725277520087815625e-02 3.760602144112232259e-02
3.726723618403628147e-02 3.728657181031996837e-02
3.744423948171797523e-02 3.754955744141948160e-02
3.810444785232245529e-02 3.910635761056614063e-02
3.880865992807373127e-02 3.880878165546156749e-02
3.936583462057549609e-02 4.002411464196117125e-02
3.943558288457344602e-02 3.952805081267659476e-02
3.995975033523013753e-02 4.308692356335198925e-02
4.082498529224587447e-02 4.177436055300256385e-02
4.105020816610614742e-02 4.106337804584723333e-02
4.152857933143626334e-02 4.153808928398895761e-02
4.153222752899207726e-02 4.160889032540120852e-02
4.233352734352009011e-02 4.234736891810850917e-02
4.257861836047070747e-02 4.263216196614559583e-02
4.259286504918565613e-02 4.274728765928263730e-02
4.313539967724371038e-02 4.313556285113261113e-02
4.686001252245104720e-02 4.691138316433392241e-02
5.105799305970174645e-02 5.105888856846416135e-02
5.124887730037876177e-02 5.142820639125956356e-02
5.339544508884121882e-02 5.340120907605571537e-02
5.495797319756341726e-02 5.507656601833702675e-02
6.429302839499476674e-01 6.432605215593489856e-01
8.596093900326601256e-01 8.879928257985366669e-01
