0.000000000000000000e+00 1.540188509887522109e-02
0.000000000000000000e+00 1.234721196426202296e-02
0.000000000000000000e+00 7.624448782035130913e-03
0.000000000000000000e+00 5.810021589194207595e-03
0.000000000000000000e+00 9.034356116294398054e-03
0.000000000000000000e+00 1.415774927069337642e-02
0.000000000000000000e+00 1.216182467223345283e-02
0.000000000000000000e+00 4.636190840016275391e-03
0.000000000000000000e+00 8.311825593419723199e-03
0.000000000000000000e+00 1.510998128992847335e-02
0.000000000000000000e+00 4.756756078599088181e-03
0.000000000000000000e+00 9.882546826712721583e-03
0.000000000000000000e+00 1.128301547708806044e-02
0.000000000000000000e+00 9.019095865843103355e-03
0.000000000000000000e+00 1.865685082778161322e-02
0.000000000000000000e+00 1.965892330860641996e-02
0.000000000000000000e+00 7.595371771367085724e-03
0.000000000000000000e+00 8.008092394235903980e-03
0.000000000000000000e+00 1.464253267146905894e-02
0.000000000000000000e+00 1.394655855219705323e-02
0.000000000000000000e+00 5.035177065037714852e-03
0.000000000000000000e+00 1.149392233053637968e-02
0.000000000000000000e+00 1.423896379940511013e-02
0.000000000000000000e+00 9.148854439989076090e-03
0.000000000000000000e+00 1.539255011751757864e-02
0.000000000000000000e+00 2.037362581069988854e-02
0.000000000000000000e+00 3.057855581588771014e-03
0.000000000000000000e+00 5.808207487615730039e-03
0.000000000000000000e+00 5.838099540426855416e-03
0.000000000000000000e+00 1.023622952004643377e-03
0.000000000000000000e+00 1.363233185799245240e-02
0.000000000000000000e+00 2.539409046025527424e-03
0.000000000000000000e+00 5.704191727832544183e-03
0.000000000000000000e+00 1.540027786279429475e-02
0.000000000000000000e+00 1.083101165424993698e-02
0.000000000000000000e+00 1.274478800280783898e-02
0.000000000000000000e+00 1.596802892353479247e-02
0.000000000000000000e+00 1.674737383801154500e-02
0.000000000000000000e+00 7.926537602696888049e-03
0.000000000000000000e+00 6.085869473243634212e-03
0.000000000000000000e+00 8.284705802320619511e-03
0.000000000000000000e+00 1.283302211633306419e-02
0.000000000000000000e+00 1.007330629067488756e-02
0.000000000000000000e+00 1.207014885973271660e-02
0.000000000000000000e+00 1.181834947255440763e-02
0.000000000000000000e+00 4.987263289044714838e-03
0.000000000000000000e+00 7.251340272234008122e-03
0.000000000000000000e+00 1.706197703517948680e-02
0.000000000000000000e+00 9.704650688697817953e-03
0.000000000000000000e+00 6.074000896940423382e-03
0.000000000000000000e+00 5.464426249358379957e-03
0.000000000000000000e+00 4.430369548924065030e-03
0.000000000000000000e+00 1.745739210327092866e-02
0.000000000000000000e+00 1.250947835352850430e-02
0.000000000000000000e+00 1.728532854908769933e-03
0.000000000000000000e+00 6.468375071692552235e-03
0.000000000000000000e+00 3.058024543905628768e-03
0.000000000000000000e+00 8.818476612581910984e-03
0.000000000000000000e+00 1.526211041495383058e-02
0.000000000000000000e+00 1.411405330333571732e-02
0.000000000000000000e+00 8.001189879926803861e-03
0.000000000000000000e+00 5.602965423259017794e-03
0.000000000000000000e+00 1.499368620316255708e-02
0.000000000000000000e+00 7.154942234282026144e-03
0.000000000000000000e+00 2.684444224042010878e-03
0.000000000000000000e+00 5.061879516597960621e-03
0.000000000000000000e+00 1.216934279514491658e-02
0.000000000000000000e+00 3.119580710612932916e-03
0.000000000000000000e+00 5.689651325684628135e-03
0.000000000000000000e+00 2.765036595756323323e-02
0.000000000000000000e+00 3.044816819621190031e-03
0.000000000000000000e+00 7.338749881447403228e-03
0.000000000000000000e+00 5.388917927212495164e-03
0.000000000000000000e+00 9.109185131622735826e-03
0.000000000000000000e+00 1.512332770050433053e-03
0.000000000000000000e+00 4.835155824291465648e-03
0.000000000000000000e+00 9.757414059556487190e-03
0.000000000000000000e+00 8.093732093400115082e-03
0.000000000000000000e+00 6.890146010073018579e-03
0.000000000000000000e+00 1.535833032862585906e-02
0.000000000000000000e+00 9.377697838401069866e-03
0.000000000000000000e+00 2.068034117046199660e-02
0.000000000000000000e+00 6.388618079389872702e-03
0.000000000000000000e+00 1.374816548450940278e-02
0.000000000000000000e+00 1.157263001431600019e-02
0.000000000000000000e+00 7.008788983755220685e-03
0.000000000000000000e+00 1.015661523906769871e-02
0.000000000000000000e+00 8.599511258630879521e-03
0.000000000000000000e+00 6.165058035133603662e-03
0.000000000000000000e+00 7.019351769363062037e-03
0.000000000000000000e+00 5.565550990214584645e-03
0.000000000000000000e+00 5.814401788733427820e-03
0.000000000000000000e+00 1.705163246762870025e-02
0.000000000000000000e+00 1.201962944678566098e-02
0.000000000000000000e+00 1.171034533050920035e-02
0.000000000000000000e+00 1.583920392929577189e-02
0.000000000000000000e+00 8.168436451598785550e-03
0.000000000000000000e+00 6.026552600582107608e-03
0.000000000000000000e+00 9.736771787391945016e-03
0.000000000000000000e+00 1.311649549313192130e-02
0.000000000000000000e+00 2.515632574163690835e-02
0.000000000000000000e+00 1.942565442698307443e-02
0.000000000000000000e+00 8.820546375968503147e-03
0.000000000000000000e+00 4.710140703848243390e-03
0.000000000000000000e+00 2.169139055342258343e-02
0.000000000000000000e+00 1.012858762547972843e-02
0.000000000000000000e+00 9.151935623614809029e-03
0.000000000000000000e+00 1.508761890989898311e-02
0.000000000000000000e+00 1.435248886772961044e-02
0.000000000000000000e+00 1.358911796100061888e-02
0.000000000000000000e+00 8.317684387395581427e-03
0.000000000000000000e+00 3.862235638312975713e-03
0.000000000000000000e+00 9.810198525998528596e-03
0.000000000000000000e+00 5.278381810560789887e-03
0.000000000000000000e+00 1.772228552910842109e-02
0.000000000000000000e+00 7.413487392203554210e-03
0.000000000000000000e+00 1.894254877029025522e-02
0.000000000000000000e+00 4.889089130979924931e-03
0.000000000000000000e+00 1.899019525915088269e-02
0.000000000000000000e+00 6.929947708135518643e-03
0.000000000000000000e+00 9.633865725572404379e-03
0.000000000000000000e+00 4.485034906843002322e-03
0.000000000000000000e+00 9.659132763426728913e-03
0.000000000000000000e+00 4.725680553732336357e-03
0.000000000000000000e+00 8.175547641319719575e-03
0.000000000000000000e+00 4.435973941527344110e-03
0.000000000000000000e+00 1.140944507982125447e-02
0.000000000000000000e+00 5.461195653799861757e-03
0.000000000000000000e+00 6.489710954468654869e-01
0.000000000000000000e+00 1.501364070120084215e-02
0.000000000000000000e+00 1.869172792210001613e-02
0.000000000000000000e+00 5.610502787022404562e-03
0.000000000000000000e+00 1.565647602473491801e-02
0.000000000000000000e+00 1.844305661723716003e-02
0.000000000000000000e+00 5.186075470603644655e-03
0.000000000000000000e+00 4.986728976589494336e-03
0.000000000000000000e+00 1.876372101747495608e-02
0.000000000000000000e+00 1.339277920889942256e-02
0.000000000000000000e+00 1.497865844939840624e-02
0.000000000000000000e+00 2.196564385138085121e-02
0.000000000000000000e+00 1.129520071660070069e-02
0.000000000000000000e+00 3.004824460013660534e-02
0.000000000000000000e+00 1.679671867235452490e-02
0.000000000000000000e+00 7.376367306291583235e-03
0.000000000000000000e+00 2.038639867774051651e-02
0.000000000000000000e+00 8.235677184866573713e-03
0.000000000000000000e+00 4.888136148806088502e-03
0.000000000000000000e+00 1.583445559142294262e-02
0.000000000000000000e+00 4.076780882480165666e-03
0.000000000000000000e+00 1.660008211829969507e-02
0.000000000000000000e+00 1.627831481123945961e-02
0.000000000000000000e+00 2.140960986050674184e-02
0.000000000000000000e+00 7.161133216411713284e-03
0.000000000000000000e+00 1.275851926824779492e-02
0.000000000000000000e+00 1.726070389928151261e-02
0.000000000000000000e+00 1.202218604291538546e-02
0.000000000000000000e+00 1.706824438505054331e-02
0.000000000000000000e+00 1.011975226895305176e-02
0.000000000000000000e+00 2.053499130562645714e-02
0.000000000000000000e+00 5.592972189697581302e-03
0.000000000000000000e+00 1.616489708120197929e-03
0.000000000000000000e+00 1.554064793713888504e-02
0.000000000000000000e+00 2.295136514367462563e-02
0.000000000000000000e+00 1.823291573522542799e-02
0.000000000000000000e+00 1.549869124395712380e-02
0.000000000000000000e+00 1.428401974096150419e-02
0.000000000000000000e+00 9.826777079031262518e-03
0.000000000000000000e+00 6.890922960694403215e-03
0.000000000000000000e+00 6.553760312556442154e-03
0.000000000000000000e+00 4.361327674596795004e-03
0.000000000000000000e+00 1.689835727792782585e-02
0.000000000000000000e+00 1.331499176451817097e-02
0.000000000000000000e+00 6.493680648795517249e-03
0.000000000000000000e+00 7.296113932725994435e-03
0.000000000000000000e+00 1.165884594926668537e-02
0.000000000000000000e+00 6.965564761591785774e-03
0.000000000000000000e+00 6.871175011698602356e-03
0.000000000000000000e+00 1.342439765858671058e-02
0.000000000000000000e+00 1.611494068259778159e-02
0.000000000000000000e+00 1.590476373188359771e-02
0.000000000000000000e+00 1.051749694647271041e-02
0.000000000000000000e+00 8.493620136655746300e-04
0.000000000000000000e+00 1.344579271722960885e-02
0.000000000000000000e+00 8.972332837845630946e-03
0.000000000000000000e+00 2.060617993941465248e-02
0.000000000000000000e+00 1.082953066493694445e-02
0.000000000000000000e+00 2.016097612015729790e-02
0.000000000000000000e+00 9.294986947399745333e-03
0.000000000000000000e+00 4.413571330654238178e-03
0.000000000000000000e+00 1.242821723153385120e-02
0.000000000000000000e+00 9.165014983008288457e-03
0.000000000000000000e+00 1.017765332121392009e-02
0.000000000000000000e+00 2.821045538991651808e-02
0.000000000000000000e+00 7.885683931327163929e-03
0.000000000000000000e+00 4.532917911103233680e-03
0.000000000000000000e+00 2.494742151081461023e-03
0.000000000000000000e+00 8.224939831537788626e-01
0.000000000000000000e+00 1.822602176875927002e-02
0.000000000000000000e+00 1.392127746285844875e-02
0.000000000000000000e+00 1.695837827373644982e-02
0.000000000000000000e+00 1.203952271055039498e-02
0.000000000000000000e+00 6.989200794517044270e-03
0.000000000000000000e+00 4.136230759400969480e-03
0.000000000000000000e+00 1.287975177567889009e-03
0.000000000000000000e+00 3.279637660979627545e-03
0.000000000000000000e+00 8.755369839155379558e-03
0.000000000000000000e+00 8.976078668805620442e-03
0.000000000000000000e+00 8.012850091695911461e-03
0.000000000000000000e+00 8.841374566190400922e-03
0.000000000000000000e+00 1.941314172297981672e-02
0.000000000000000000e+00 8.035352552425741382e-03
0.000000000000000000e+00 3.039422597695898634e-02
0.000000000000000000e+00 7.680611373893370640e-03
0.000000000000000000e+00 1.897309348985374428e-02
0.000000000000000000e+00 5.862177014782729394e-03
0.000000000000000000e+00 9.858106930711041382e-03
0.000000000000000000e+00 1.147240760486930265e-02
0.000000000000000000e+00 2.487136272489856668e-03
0.000000000000000000e+00 1.100290703230144378e-02
0.000000000000000000e+00 9.622394971414253984e-03
0.000000000000000000e+00 9.302399097175969786e-03
0.000000000000000000e+00 9.131540151851099893e-03
0.000000000000000000e+00 6.183288646039311783e-03
0.000000000000000000e+00 2.516045111707657100e-02
0.000000000000000000e+00 1.937109306067429093e-02
0.000000000000000000e+00 8.291882053407244324e-03
0.000000000000000000e+00 1.382076534288374965e-02
0.000000000000000000e+00 1.455963068425386066e-02
0.000000000000000000e+00 6.462036131969703390e-03
0.000000000000000000e+00 4.781880043642320298e-03
0.000000000000000000e+00 1.034722628532066570e-02
0.000000000000000000e+00 1.110397416374190975e-02
0.000000000000000000e+00 8.434534402280062168e-03
0.000000000000000000e+00 2.698631233219991876e-02
0.000000000000000000e+00 1.974126335893296343e-03
0.000000000000000000e+00 1.164982074399502875e-02
0.000000000000000000e+00 1.985611904604819150e-02
0.000000000000000000e+00 1.621749962393440742e-02
0.000000000000000000e+00 1.096529707281980806e-02
0.000000000000000000e+00 1.889850181540196628e-02
0.000000000000000000e+00 1.038322813459679680e-02
0.000000000000000000e+00 1.113527088706541684e-02
0.000000000000000000e+00 7.579584337631381508e-03
0.000000000000000000e+00 1.547152513907267511e-02
0.000000000000000000e+00 1.281832732698110974e-02
0.000000000000000000e+00 2.059241510167573314e-02
0.000000000000000000e+00 8.776960717417877159e-03
0.000000000000000000e+00 7.359566649564675163e-03
0.000000000000000000e+00 1.391458791508166926e-02
0.000000000000000000e+00 1.217776185729068858e-02
0.000000000000000000e+00 7.549249164911031075e-03
0.000000000000000000e+00 1.272239143307959432e-02
0.000000000000000000e+00 4.283186029967253963e-03
0.000000000000000000e+00 8.433784304099231632e-03
0.000000000000000000e+00 8.613125710022132356e-03
0.000000000000000000e+00 1.894358408957717496e-02
0.000000000000000000e+00 2.028500799147303982e-02
0.000000000000000000e+00 2.148252386988175333e-02
0.000000000000000000e+00 5.568459568595841847e-03
0.000000000000000000e+00 4.055174771849384685e-03
0.000000000000000000e+00 9.087643185750523753e-03
0.000000000000000000e+00 8.012570630655510562e-03
0.000000000000000000e+00 3.943789016045330491e-03
0.000000000000000000e+00 8.031626469566956542e-03
0.000000000000000000e+00 7.239349127852329376e-03
0.000000000000000000e+00 1.383824702205665828e-02
0.000000000000000000e+00 4.280798609424131540e-03
0.000000000000000000e+00 2.046745358571964990e-02
0.000000000000000000e+00 8.514473196168442434e-03
0.000000000000000000e+00 4.070394313852233881e-03
0.000000000000000000e+00 6.219501181312651200e-03
0.000000000000000000e+00 6.938077896442948478e-03
0.000000000000000000e+00 1.146489864656651328e-02
0.000000000000000000e+00 9.112313652399634673e-03
0.000000000000000000e+00 1.103911040570151880e-02
0.000000000000000000e+00 1.827730099485859461e-02
0.000000000000000000e+00 7.882281310302590577e-03
0.000000000000000000e+00 5.940111056443595113e-03
0.000000000000000000e+00 7.026300228397989404e-04
0.000000000000000000e+00 2.112946976276448147e-02
0.000000000000000000e+00 1.839625672573907619e-02
0.000000000000000000e+00 1.239845822674539785e-02
0.000000000000000000e+00 1.034633053326124846e-02
0.000000000000000000e+00 3.770721184350206857e-03
0.000000000000000000e+00 9.026192094601847779e-03
0.000000000000000000e+00 6.502115264786403025e-03
0.000000000000000000e+00 9.642838939546776247e-03
0.000000000000000000e+00 1.003274228009969939e-02
0.000000000000000000e+00 1.877222905162620123e-02
0.000000000000000000e+00 1.259304106381326643e-02
0.000000000000000000e+00 7.316287617237572996e-03
0.000000000000000000e+00 4.265208250085267098e-03
0.000000000000000000e+00 7.516061925017886169e-03
0.000000000000000000e+00 2.660285905502820809e-03
0.000000000000000000e+00 2.089146378270670054e-03
0.000000000000000000e+00 1.246115435139146833e-02
0.000000000000000000e+00 1.022643823123431037e-02
0.000000000000000000e+00 1.001775989271961632e-02
0.000000000000000000e+00 2.928616271465338261e-03
0.000000000000000000e+00 6.825612146800040872e-03
0.000000000000000000e+00 9.868283114194719916e-03
0.000000000000000000e+00 1.379048280575449759e-02
0.000000000000000000e+00 1.059266654999640490e-02
0.000000000000000000e+00 5.321722708835747127e-03
0.000000000000000000e+00 1.096747481690259207e-02
0.000000000000000000e+00 6.881981829184512407e-03
0.000000000000000000e+00 1.140664399197760526e-02
0.000000000000000000e+00 7.469303730221273259e-03
0.000000000000000000e+00 7.841147001490638910e-03
0.000000000000000000e+00 9.971321168640502608e-03
0.000000000000000000e+00 4.464370792659324953e-03
0.000000000000000000e+00 1.396651899136313116e-02
0.000000000000000000e+00 1.040628414249732125e-02
0.000000000000000000e+00 9.150392844070386750e-03
0.000000000000000000e+00 9.965787187355284321e-03
0.000000000000000000e+00 1.461966415350050494e-02
0.000000000000000000e+00 9.661226779414864435e-03
0.000000000000000000e+00 2.806416973561139637e-03
0.000000000000000000e+00 9.985510894142044652e-03
0.000000000000000000e+00 1.288227323253400385e-02
0.000000000000000000e+00 9.487615303103639000e-03
0.000000000000000000e+00 1.224308741603878994e-02
0.000000000000000000e+00 4.196666227476112537e-03
0.000000000000000000e+00 7.608430677620281295e-03
0.000000000000000000e+00 1.233317781810014044e-02
0.000000000000000000e+00 7.772465219419474013e-03
0.000000000000000000e+00 3.844621902269744918e-03
0.000000000000000000e+00 1.455808771177478922e-02
0.000000000000000000e+00 1.090823009722419711e-02
0.000000000000000000e+00 4.013524038087960821e-03
0.000000000000000000e+00 4.269412175359288061e-03
0.000000000000000000e+00 1.329783593664625018e-03
0.000000000000000000e+00 5.644063449890946924e-03
0.000000000000000000e+00 1.204871020722766799e-02
0.000000000000000000e+00 9.997510720628266512e-03
0.000000000000000000e+00 1.842515752643234276e-03
0.000000000000000000e+00 7.756468252570361196e-03
0.000000000000000000e+00 7.715208975626899890e-03
0.000000000000000000e+00 4.969717353933168595e-03
0.000000000000000000e+00 2.435434827431665061e-03
0.000000000000000000e+00 1.294790084587225942e-02
0.000000000000000000e+00 7.253631175678173365e-03
0.000000000000000000e+00 9.313470555986936086e-03
0.000000000000000000e+00 8.086994344166596391e-03
0.000000000000000000e+00 9.522413721766469913e-03
0.000000000000000000e+00 5.647763899124881408e-03
0.000000000000000000e+00 9.563466793241229280e-03
0.000000000000000000e+00 4.856203472164048220e-03
0.000000000000000000e+00 9.654575658609037409e-03
0.000000000000000000e+00 3.735356219456834655e-03
0.000000000000000000e+00 1.621514252011603541e-03
0.000000000000000000e+00 1.264231015638615091e-02
0.000000000000000000e+00 9.030787384580473559e-03
0.000000000000000000e+00 6.346028425133816257e-03
0.000000000000000000e+00 3.549741904688220959e-03
0.000000000000000000e+00 1.143362639509335268e-02
0.000000000000000000e+00 1.562447699144016997e-03
0.000000000000000000e+00 4.447851063955256083e-03
0.000000000000000000e+00 6.520482197118593337e-03
0.000000000000000000e+00 5.352852109858957826e-03
0.000000000000000000e+00 1.310096907354011894e-02
0.000000000000000000e+00 3.654853576267240532e-03
0.000000000000000000e+00 5.366650220275033176e-03
0.000000000000000000e+00 7.439482932964818981e-03
0.000000000000000000e+00 8.431158943751881343e-04
0.000000000000000000e+00 5.497786599558680647e-03
0.000000000000000000e+00 2.000970626219344527e-03
0.000000000000000000e+00 6.428802000981902881e-03
0.000000000000000000e+00 9.346089760456763665e-03
0.000000000000000000e+00 6.269042010604465717e-04
0.000000000000000000e+00 1.136917700727463516e-02
0.000000000000000000e+00 4.944158291552913469e-03
0.000000000000000000e+00 1.675978571517625776e-02
0.000000000000000000e+00 6.167141785567645772e-03
0.000000000000000000e+00 1.959315032195711043e-03
0.000000000000000000e+00 8.457827775776197848e-03
0.000000000000000000e+00 5.217572237982140253e-03
0.000000000000000000e+00 4.711539700283314674e-03
0.000000000000000000e+00 2.406608263238376160e-03
0.000000000000000000e+00 5.596429013644687797e-03
0.000000000000000000e+00 9.641391863057128392e-03
0.000000000000000000e+00 1.788372975701829756e-03
0.000000000000000000e+00 7.188272854367266061e-03
0.000000000000000000e+00 3.714138614543286560e-03
0.000000000000000000e+00 8.797804822451776169e-03
0.000000000000000000e+00 8.843065390613925967e-04
0.000000000000000000e+00 1.292916120325690761e-02
0.000000000000000000e+00 1.879008409843121400e-03
0.000000000000000000e+00 2.849834745305483436e-03
0.000000000000000000e+00 9.924946941983519427e-03
0.000000000000000000e+00 1.860721168740045450e-02
0.000000000000000000e+00 5.093587506034645725e-03
0.000000000000000000e+00 9.596856454864194017e-03
0.000000000000000000e+00 1.800457884903654575e-03
0.000000000000000000e+00 6.333206905283693573e-03
0.000000000000000000e+00 5.047574057853983741e-03
0.000000000000000000e+00 8.984495951440046868e-03
0.000000000000000000e+00 6.496943092592608743e-03
0.000000000000000000e+00 5.066107027679876001e-03
0.000000000000000000e+00 8.329016065286829612e-03
0.000000000000000000e+00 5.064908985595887800e-03
0.000000000000000000e+00 3.792298705029933676e-03
0.000000000000000000e+00 9.416040740698877753e-03
0.000000000000000000e+00 1.054179320052603744e-02
0.000000000000000000e+00 1.558174977992184129e-02
0.000000000000000000e+00 1.024499118554546978e-02
0.000000000000000000e+00 7.592035694209093438e-03
0.000000000000000000e+00 8.562616542676180359e-03
0.000000000000000000e+00 8.129787951738241467e-03
0.000000000000000000e+00 2.336400804525442989e-03
0.000000000000000000e+00 5.749337313815879730e-03
0.000000000000000000e+00 1.235833918000297377e-02
0.000000000000000000e+00 3.296304421133658662e-03
0.000000000000000000e+00 1.439948374102117262e-02
0.000000000000000000e+00 2.449413696933094246e-03
0.000000000000000000e+00 4.479460098395097838e-03
0.000000000000000000e+00 5.803615567579392155e-03
0.000000000000000000e+00 4.878474079742406953e-03
0.000000000000000000e+00 2.985073402216346580e-03
0.000000000000000000e+00 6.164299787158543029e-03
0.000000000000000000e+00 9.894041158532509289e-03
0.000000000000000000e+00 9.300287325398139820e-03
0.000000000000000000e+00 1.086105427117689017e-02
0.000000000000000000e+00 2.866640969873620378e-03
0.000000000000000000e+00 1.380084168057066699e-02
0.000000000000000000e+00 4.704072113880622061e-03
0.000000000000000000e+00 6.201755281236210303e-03
0.000000000000000000e+00 1.229759325484729203e-03
0.000000000000000000e+00 7.544886799233029365e-03
0.000000000000000000e+00 4.779064507358435181e-03
0.000000000000000000e+00 4.650249717606249993e-03
0.000000000000000000e+00 4.845032798348583407e-03
0.000000000000000000e+00 8.492803774497752548e-03
0.000000000000000000e+00 5.736292649737976569e-03
0.000000000000000000e+00 8.153809905366406555e-03
0.000000000000000000e+00 9.504438446183028494e-03
0.000000000000000000e+00 3.976001009900516012e-03
0.000000000000000000e+00 3.125399038025685958e-03
0.000000000000000000e+00 7.405246582816166732e-03
0.000000000000000000e+00 1.232782272759749831e-02
0.000000000000000000e+00 3.940750677372029803e-03
0.000000000000000000e+00 4.190724718376898604e-03
0.000000000000000000e+00 9.588398894005150871e-03
0.000000000000000000e+00 2.296792528311947766e-03
0.000000000000000000e+00 1.652448031719294663e-02
0.000000000000000000e+00 8.086600859016692192e-03
0.000000000000000000e+00 3.200035764280021160e-03
0.000000000000000000e+00 1.278368794631914822e-02
0.000000000000000000e+00 5.360340640024103924e-03
0.000000000000000000e+00 8.072536592358858093e-03
0.000000000000000000e+00 6.979780879953405813e-03
0.000000000000000000e+00 8.823780843962167331e-03
0.000000000000000000e+00 3.989890589261192201e-03
0.000000000000000000e+00 2.105202100575963818e-03
0.000000000000000000e+00 4.021185937519008644e-03
0.000000000000000000e+00 6.231666692413696980e-03
0.000000000000000000e+00 1.394448012491795964e-03
0.000000000000000000e+00 6.320605320460088994e-03
0.000000000000000000e+00 5.590590159244642962e-03
0.000000000000000000e+00 9.372594710331442688e-03
0.000000000000000000e+00 2.306748009544705262e-03
0.000000000000000000e+00 1.952782006620037330e-03
0.000000000000000000e+00 4.028568182731263013e-03
0.000000000000000000e+00 4.483168665196273113e-03
0.000000000000000000e+00 4.656732524267183718e-03
0.000000000000000000e+00 5.196660337137156381e-03
0.000000000000000000e+00 4.072247447253770671e-03
0.000000000000000000e+00 4.385349169607051685e-03
0.000000000000000000e+00 1.364882890882848383e-03
0.000000000000000000e+00 9.131264119147275427e-03
0.000000000000000000e+00 3.091794059321819298e-03
0.000000000000000000e+00 9.284351780953208066e-03
0.000000000000000000e+00 6.611515212375021315e-03
0.000000000000000000e+00 3.743809434370761000e-03
0.000000000000000000e+00 6.171361212451737834e-03
0.000000000000000000e+00 4.958219223793979696e-03
0.000000000000000000e+00 7.281217270324239106e-03
0.000000000000000000e+00 2.434167199363236524e-03
0.000000000000000000e+00 3.014629282474948820e-03
0.000000000000000000e+00 2.264796870222097851e-03
0.000000000000000000e+00 3.965029905658391286e-03
0.000000000000000000e+00 8.346641287095691100e-03
0.000000000000000000e+00 9.359669062234477269e-03
0.000000000000000000e+00 4.406913275854187732e-03
0.000000000000000000e+00 1.178932241056845215e-02
0.000000000000000000e+00 3.859864779414228647e-03
0.000000000000000000e+00 2.084580755905627528e-03
0.000000000000000000e+00 4.145085027289318442e-04
0.000000000000000000e+00 4.344140588771049950e-03
0.000000000000000000e+00 1.129961537132851941e-03
0.000000000000000000e+00 4.790677169335285507e-03
0.000000000000000000e+00 6.364621576440902817e-03
0.000000000000000000e+00 1.202023671518555499e-02
0.000000000000000000e+00 1.378416646879093883e-02
0.000000000000000000e+00 1.527373560724243871e-02
0.000000000000000000e+00 6.946786916494191236e-03
0.000000000000000000e+00 1.232304940829458649e-02
0.000000000000000000e+00 8.784376141553501549e-03
0.000000000000000000e+00 5.186453663543304227e-03
