5.506925047011789615e-03 5.529659224255196147e-03
5.697371562323865976e-03 5.886430149473357958e-03
6.533629904001833459e-03 6.743508139194811547e-03
7.193578788925695557e-03 7.577544543012604793e-03
1.234755683385955344e-02 1.252542982675173243e-02
1.286856950324897705e-02 1.381709499580394476e-02
1.342654694363461937e-02 1.355965086774990613e-02
1.382558342478054300e-02 1.485337608817067015e-02
1.454074490726022136e-02 1.586756684283964144e-02
1.484721671800130760e-02 1.603556392752437249e-02
1.537362829752566933e-02 1.809532059415395328e-02
1.592644306192628201e-02 1.647003000661322047e-02
1.623344001256307040e-02 1.692124693743189690e-02
1.637925506417979571e-02 1.962513019933550054e-02
1.639741306655756112e-02 1.648934685490659191e-02
1.644795315283536369e-02 1.677371707739445938e-02
1.654793493554277892e-02 1.786709770358753044e-02
1.656723375272139975e-02 1.717209402170620861e-02
1.675339276490770551e-02 1.676792795409499243e-02
1.719433055690386750e-02 1.772329212932971174e-02
1.733150306720205452e-02 1.757647183933631549e-02
1.764267814721031183e-02 2.050512185178708646e-02
1.764633651614475052e-02 1.788907956098933702e-02
1.781409498958770252e-02 1.855511998603563695e-02
1.794060895620522289e-02 1.805899551254498345e-02
1.837549766272203108e-02 1.910446362567706433e-02
1.849491046176673578e-02 2.107500905546823983e-02
1.863489054711437581e-02 1.981070198649205125e-02
1.871851030992363607e-02 1.999625173847975612e-02
1.887411053287015375e-02 1.973674591050611840e-02
1.904336125644357641e-02 1.920681281206104360e-02
1.915209732571651266e-02 2.158899153660667411e-02
1.952710375597357592e-02 2.087263017204655721e-02
1.955428829812783792e-02 1.963748391606145310e-02
1.977315890091818282e-02 2.036252657872698532e-02
2.019050500615707580e-02 2.019864244610271656e-02
2.027824443934022822e-02 2.035134090619935415e-02
2.060424627898845701e-02 2.170004369561701757e-02
2.074895843963313682e-02 2.077811785842447259e-02
2.077268356742015265e-02 2.151645107981306482e-02
2.080279277934809004e-02 2.128952108186329614e-02
2.150036887231780366e-02 2.436559114258438075e-02
2.174699093027410504e-02 2.178988029977228791e-02
2.182166150622206341e-02 2.212081745145528383e-02
2.194432248374758240e-02 2.212902969986509094e-02
2.227769640612939361e-02 2.240481383038777155e-02
2.250159296049659974e-02 2.273248951021074674e-02
2.252916605753713455e-02 2.271918477828098470e-02
2.263146025741474832e-02 2.348507075538310007e-02
2.269549764525405702e-02 2.279241870247159310e-02
2.307739854061975626e-02 2.337626731233980945e-02
2.322422620980092722e-02 2.462677894321189595e-02
2.356080103059571620e-02 2.536333873983170201e-02
2.368125593817241997e-02 2.742370419162155903e-02
2.378458719144162584e-02 2.378555951212287661e-02
2.400200067010294092e-02 2.410842876510938676e-02
2.476726463745516915e-02 2.505870654313720886e-02
2.511619855874960144e-02 2.790186041521782248e-02
2.521468108720822943e-02 2.625869762719334338e-02
2.533729780670931908e-02 2.536471664333873194e-02
2.535596945332279153e-02 2.590493882917008911e-02
2.545947147318834008e-02 2.727103050752043012e-02
2.563102604556492109e-02 2.606326909319618690e-02
2.567433356371415232e-02 2.635619150831039828e-02
2.576351235857193486e-02 2.576444737848276878e-02
2.594315951744006685e-02 2.637958548386224594e-02
2.601895359961558726e-02 2.763223382366676237e-02
2.614778420992529620e-02 2.625255658101250528e-02
2.653246886755420211e-02 2.687478763801310483e-02
2.679638953443838970e-02 2.692903032705859165e-02
2.682497609747673539e-02 2.686235289233492377e-02
2.705532884723207271e-02 2.705572544953079722e-02
2.706460958592343119e-02 3.027266719767892147e-02
2.720860778849649650e-02 3.077196944448291893e-02
2.730568997892423438e-02 2.826348293436619502e-02
2.742776285809978010e-02 2.928804050161160424e-02
2.744105152311358126e-02 2.827145215473535894e-02
2.745463359800573780e-02 2.856109171285916778e-02
2.753339353922331506e-02 2.761070154286892828e-02
2.755212892014882731e-02 2.767346382201896909e-02
2.806656073120727957e-02 2.840027477970516120e-02
2.809204869665025972e-02 2.835847803408359652e-02
2.810893713205079789e-02 2.922216201704649213e-02
2.839758197678673296e-02 3.302448080212609660e-02
2.854303733583000990e-02 3.153802434178964303e-02
2.859297565126253313e-02 4.556765142890865927e-02
2.874633975486188056e-02 3.610009872155242605e-02
2.881714442714377114e-02 2.882600198462856311e-02
2.886522757431197669e-02 2.903774636746174823e-02
2.886761866809695737e-02 2.898292803117089728e-02
2.892738875519614353e-02 2.916084388586964726e-02
2.914787137528735902e-02 2.953517599165543170e-02
2.916611432581489582e-02 3.064639918343433495e-02
2.927330844882509650e-02 3.326670134049989486e-02
2.951638776804258596e-02 3.142179622386305493e-02
2.968180984171842410e-02 2.987629654298562532e-02
2.975889008323913051e-02 3.042431833777518163e-02
2.980293643730275860e-02 3.016213504038308540e-02
2.988419052779105536e-02 4.141944736857600812e-02
3.001294349694912100e-02 3.019136341999988093e-02
3.008521129743108383e-02 3.520539147875818148e-02
3.013763325471865984e-02 3.182470700913859335e-02
3.020036045496186233e-02 3.025753971737581496e-02
3.044722008672516578e-02 3.077987064150095389e-02
3.058223582719750422e-02 3.116614839575971435e-02
3.074723793971410185e-02 3.235477413306166866e-02
3.096441707217320941e-02 3.102047323220764180e-02
3.105332552037834079e-02 3.163872170927502919e-02
3.118646272105783310e-02 3.465526853498803600e-02
3.130103069456758452e-02 3.461544676742088489e-02
3.168724379774639360e-02 3.558546093614613909e-02
3.178809434541252088e-02 3.278011128674667568e-02
3.189729877847283929e-02 3.984474565860168793e-02
3.212869025275088414e-02 3.440763724761491948e-02
3.231615430213462259e-02 3.242279744741418529e-02
3.234134985803260171e-02 3.992287968133174936e-02
3.254434997823276582e-02 3.282625774155205345e-02
3.302171881262485481e-02 3.571645825875569696e-02
3.314018657600624473e-02 3.518295221899143260e-02
3.325302385294572061e-02 3.458245242643716300e-02
3.329573611570853936e-02 3.332565456134172627e-02
3.332223187070681991e-02 3.358270228034322680e-02
3.337510828503301857e-02 3.360919049066821152e-02
3.337715133759227432e-02 3.383953160532789800e-02
3.344761302624078836e-02 3.496564615878688942e-02
3.354465651546728600e-02 4.139352195808591872e-02
3.360844666129348540e-02 3.668614058824225949e-02
3.362236428041357611e-02 3.364664515409110379e-02
3.364895950386199985e-02 3.380579695020170805e-02
3.371337603300941094e-02 3.372685648394723595e-02
3.384782003757575569e-02 4.240972083500337692e-02
3.403384830633639224e-02 3.406190783946118350e-02
3.443270244877187636e-02 3.735361939431155326e-02
3.496757464945157712e-02 4.232280151485479092e-02
3.497901506142265388e-02 4.045563823499842560e-02
3.519740035780469928e-02 4.832449612235908964e-02
3.528992842997872442e-02 3.543540100306566409e-02
3.532549599799036238e-02 4.077598874803093493e-02
3.546234800134524107e-02 3.568727592844787855e-02
3.548557450938653185e-02 3.712577649269729191e-02
3.567127973822391968e-02 3.776356053975236937e-02
3.568288051303273450e-02 3.570154145984153621e-02
3.573169869968093743e-02 3.871918481949473273e-02
3.579179383968274925e-02 3.596639136425558436e-02
3.580022666701024314e-02 3.782592313499907877e-02
3.584826793658076743e-02 3.626821791973475206e-02
3.602506876645931999e-02 3.791438925118103404e-02
3.604113210588998084e-02 3.853298609392001584e-02
3.616494300211053892e-02 3.736845215410983939e-02
3.676595371598819634e-02 3.705916855923919312e-02
3.698645226909051675e-02 3.925350080903595995e-02
3.700452144791234466e-02 3.774110325594261239e-02
3.710757515128984552e-02 5.006410051817551665e-02
3.716057009066243977e-02 3.721023109480224578e-02
3.727029264490579197e-02 3.754410235096845155e-02
3.727259579308617871e-02 3.885319900533791559e-02
3.735182718919548978e-02 3.737882537189515797e-02
3.736394174916291694e-02 4.383352131424535225e-02
3.748323779937257072e-02 3.991572775827306740e-02
3.752872000600374763e-02 4.683560066588170895e-02
3.756597741165222659e-02 3.808477211650196370e-02
3.762144942719201218e-02 3.893687762181636397e-02
3.771092296113507519e-02 3.990882107049568972e-02
3.772343868422814439e-02 3.785812906654571763e-02
3.776307828631088326e-02 4.627570492389086743e-02
3.799439558733872652e-02 4.108394200698135129e-02
3.814636602875473570e-02 3.819115040715913290e-02
3.824051663159056674e-02 3.830951253138197704e-02
3.836899920303823985e-02 4.337557841754561411e-02
3.864082290785135487e-02 3.929515318801428403e-02
3.866760469301857434e-02 4.037028266157031281e-02
3.873278170691397959e-02 4.505508291905768736e-02
3.887211663402111855e-02 4.671952312061555118e-02
3.905800361729404313e-02 4.056663314865700115e-02
3.916914963570494040e-02 4.024718528938350109e-02
3.937649509608605325e-02 4.447453047567642009e-02
3.944566166276486374e-02 4.083665590069299883e-02
3.947677516359310301e-02 4.682687153041627942e-02
3.960630496034225206e-02 4.341149429742755667e-02
3.964850992562739956e-02 4.506018299068485777e-02
3.966321894722509012e-02 5.618090701985697932e-02
3.967674080247866192e-02 3.989088041121098549e-02
3.978197740494828633e-02 4.423207785774176809e-02
3.979823537257956567e-02 4.794827207856844353e-02
3.984616359462496427e-02 4.307831991728301724e-02
3.988504686022446843e-02 4.094267497375973786e-02
3.993618022630700259e-02 4.074010238170584774e-02
3.995261258072236449e-02 3.996739330063443091e-02
4.018945981001080525e-02 4.018946330348789620e-02
4.019734160910885118e-02 5.539166204795547416e-02
4.028028281357485391e-02 4.089097267741145791e-02
4.039583209297666067e-02 4.063374659533668110e-02
4.048956119568015294e-02 4.067514183655421278e-02
4.053919786199161601e-02 5.473811965007834707e-02
4.064436497114876784e-02 4.182418833849200351e-02
4.070159331150872972e-02 4.123137468047298471e-02
4.074134527920537929e-02 4.076928776676083666e-02
4.083660780203272195e-02 4.193543772156893557e-02
4.084372557386405783e-02 4.384853912829295153e-02
4.084721116274431935e-02 6.234709066861826576e-02
4.091793845040737204e-02 4.521001115868002185e-02
4.093119189913563966e-02 4.241029353033774763e-02
4.107305272684560332e-02 4.163408933894110348e-02
4.115729750292340672e-02 4.168046528623433472e-02
4.117700560412699412e-02 4.404569456807798378e-02
4.129834366007452406e-02 4.130688793650844071e-02
4.134737875955746961e-02 4.980239638137803904e-02
4.137184815681956701e-02 4.516557393008543281e-02
4.167687406087593888e-02 4.178135988593224132e-02
4.169904880607810255e-02 4.982669324028077967e-02
4.179921946650002468e-02 4.310538372836040383e-02
4.185134845592689695e-02 4.977480149066529358e-02
4.191629317758817364e-02 4.192119849955214250e-02
4.209867045810870151e-02 8.705649573469456670e-02
4.230341312564846884e-02 4.643917361352634804e-02
4.249722785302573885e-02 5.342644680773404181e-02
4.271277724527941522e-02 4.386935709100920483e-02
4.300920811892234435e-02 4.430700744811420788e-02
4.303097512702346722e-02 4.325891721523375533e-02
4.334185771366442369e-02 4.363918737723532920e-02
4.334468580285212591e-02 4.727318189021621070e-02
4.336449848661422246e-02 4.382833747618529452e-02
4.340079929910443945e-02 5.069265629796231021e-02
4.340251489146991493e-02 5.765115525284304765e-02
4.346788362283166007e-02 4.736134226798419805e-02
4.356551968544652292e-02 4.558191686795041997e-02
4.357796286419328424e-02 4.683430757697331498e-02
4.373748469631961316e-02 4.576841987514723015e-02
4.380978508591716614e-02 4.380978531834513190e-02
4.383382840177992706e-02 4.710844990213991501e-02
4.394201384781139252e-02 4.394316742894691097e-02
4.402651675570180834e-02 4.521083900004346096e-02
4.416589737957683781e-02 5.803436572454249986e-02
4.419812026527086130e-02 4.447221719793423983e-02
4.440674133432782195e-02 4.467804295137044190e-02
4.452547518859231723e-02 4.492720550251989853e-02
4.452977740138880369e-02 4.539955040237361739e-02
4.459059508065607580e-02 4.464036411679339622e-02
4.467815002379874750e-02 4.533067617164595470e-02
4.521887532712514507e-02 4.623088960294084726e-02
4.522440187578994492e-02 4.528022440722344333e-02
4.533194995845584579e-02 6.101677400954400726e-02
4.541177238630919599e-02 4.652790601188554198e-02
4.543666053305825403e-02 4.724114820267626136e-02
4.560937805681518353e-02 4.578283747286884114e-02
4.576015649401767027e-02 4.722472164213307316e-02
4.588943217790462936e-02 5.130845630084743952e-02
4.589701993144047754e-02 4.911548149380048911e-02
4.595562118700391441e-02 5.190335951312774476e-02
4.650723663834264304e-02 5.122110677531658413e-02
4.664302441824638018e-02 4.893030449415820132e-02
4.681342486790625312e-02 4.894012749532959672e-02
4.702107816052674555e-02 5.147285934344820318e-02
4.705672902201282065e-02 4.749586386644542857e-02
4.708663753528463669e-02 4.882804339490140477e-02
4.717505098618074433e-02 4.725938012813769157e-02
4.718050512093579368e-02 4.798342079059630949e-02
4.718457104228531568e-02 4.941614011802050038e-02
4.720968220673586735e-02 5.489821344279428861e-02
4.734674901208663078e-02 5.118132821431840840e-02
4.745546154155363267e-02 5.175832677434442919e-02
4.788889396861280290e-02 4.801097436147055281e-02
4.792434246221254773e-02 4.835404020753274190e-02
4.809919645146151085e-02 6.900454925528407002e-02
4.810379578256905597e-02 5.901228237762483342e-02
4.835238227742511691e-02 4.837920829505058112e-02
4.855130855097328918e-02 5.886981774797864220e-02
4.858965497235988307e-02 4.889492918079974687e-02
4.863364413748296616e-02 5.044214272540174099e-02
4.864210301086860366e-02 5.211947677143151381e-02
4.873456678714443990e-02 4.874712082338254066e-02
4.878765220950301990e-02 4.984001506227690032e-02
4.889886704707442633e-02 4.981547714479436784e-02
4.908510473964079746e-02 5.258543928170476833e-02
4.924796089762609186e-02 6.217202699873943667e-02
4.925475419738519628e-02 4.925708654617551308e-02
4.968352835296887399e-02 5.073228577756088570e-02
4.973745578050393218e-02 5.720955876618892544e-02
4.996468035156597515e-02 4.996535958157682922e-02
5.002344986528269727e-02 7.097161847353654351e-02
5.018019856693352321e-02 5.166383624970566357e-02
5.027822719521953670e-02 5.076222920623655460e-02
5.040195731367320270e-02 5.546008784562207056e-02
5.048792461805884368e-02 5.489739439555277323e-02
5.053511118467203522e-02 6.162040955250876195e-02
5.067900987253353556e-02 5.243017504613864399e-02
5.074475284340529413e-02 5.247296666907242529e-02
5.078151360583098295e-02 5.314277406641555040e-02
5.082256792074021923e-02 5.109844731663663181e-02
5.100339396171049700e-02 5.387071152492989984e-02
5.106028724840758898e-02 5.182709674158053614e-02
5.111728318870042975e-02 5.554285455663854343e-02
5.136025345307636963e-02 5.356176315960782530e-02
5.136602370865361866e-02 5.254287494677166437e-02
5.172885141573693030e-02 5.278299841107455398e-02
5.173190635518583325e-02 5.409402695278923284e-02
5.224354460430389452e-02 5.224433590948483752e-02
5.230901760977056669e-02 5.518451005346077659e-02
5.272186019491963832e-02 5.277176013948076810e-02
5.297469279146926890e-02 5.363331657093425853e-02
5.303520556023547106e-02 5.381349862974878218e-02
5.309699611271391506e-02 5.396932118794726257e-02
5.364724562512575984e-02 5.427214211839670455e-02
5.371358908477977256e-02 5.887635842325712743e-02
5.374603986121478938e-02 5.472675042562376996e-02
5.382015804259628056e-02 5.402105507263155193e-02
5.386906635731134735e-02 5.500972234908490383e-02
5.387533513451805978e-02 5.581386542743834583e-02
5.390967938518499009e-02 5.390992551179117631e-02
5.405419210241197564e-02 8.122496377145798085e-01
5.429260716466457332e-02 5.440099031835775312e-02
5.432648721873126890e-02 5.439285486841443501e-02
5.463426803750259103e-02 5.496484203552147452e-02
5.480140808333952562e-02 5.483871709719874421e-02
5.488215679800206165e-02 5.793260886881761162e-02
5.523156341098332811e-02 5.535467268837341442e-02
5.523494870142223179e-02 5.781644955158887766e-02
5.555918124401142827e-02 6.144336520080245778e-02
5.558854774233123325e-02 5.594167570990865590e-02
5.590043580120145073e-02 6.046063123955915108e-02
5.596921523702456935e-02 5.891847957732010421e-02
5.619314235453751888e-02 5.985566576068765410e-02
5.628605156557280748e-02 8.439046609980298264e-02
5.632578177956857474e-02 6.737486736333153647e-02
5.638366895884074775e-02 5.690436056427312927e-02
5.646889953215691177e-02 6.281035149418158492e-02
5.694947868147859360e-02 5.953545066620839071e-02
5.727477297130671025e-02 5.945786696073483008e-02
5.777697203865835018e-02 5.878841034125192877e-02
5.798730951232932557e-02 5.802466915463718594e-02
5.806344816351272781e-02 5.837800853113879473e-02
5.821440639544191858e-02 6.901345978551888527e-02
5.872785880269773551e-02 6.020289657356672763e-02
5.881502792410333441e-02 5.937159453884958971e-02
5.884006321541873641e-02 5.991115050075888210e-02
5.907408475208220100e-02 6.717486179990758699e-02
5.923381189925085860e-02 6.868439504998700984e-02
5.944939293697444616e-02 5.945830724805815232e-02
5.946919866179251751e-02 6.288836923979770899e-02
5.971384422003803844e-02 7.990539000060893626e-02
5.977967251269496185e-02 7.473539713678335750e-02
5.997116280461967097e-02 6.648758482543451476e-02
6.005966623770404855e-02 6.099943679647358563e-02
6.023241559673690737e-02 7.537718692252159958e-02
6.044555994767459445e-02 6.529572588146781431e-02
6.045888593279432482e-02 6.213226026864635682e-02
6.069511569165304127e-02 6.092196805049399089e-02
6.121147214616688009e-02 6.140006065934063700e-02
6.167422880666641877e-02 6.380100233962776590e-02
6.226509476296309548e-02 7.611379439945054060e-02
6.246111598505551393e-02 6.404880725786764317e-02
6.267540268398481829e-02 6.332310925964616810e-02
6.313277526615072854e-02 6.332884823155478238e-02
6.398527421312828756e-02 6.401513928521804231e-02
6.434024184241939059e-02 7.084609682312270618e-02
6.445089899213252149e-02 8.301697331837108729e-02
6.470542994587283325e-02 6.526816028700616057e-02
6.485042545914146417e-02 6.727572739734286045e-02
6.497547152759471090e-02 6.497646442942905942e-02
6.558822993938454027e-02 7.080148962550586456e-02
6.562718543547024774e-02 6.687530686785592149e-02
6.570825103761315789e-02 6.877846351479309506e-02
6.717272816662354928e-02 6.731996681166130259e-02
6.718515864261168091e-02 6.794322207037202521e-02
6.748626604558813358e-02 6.790406257323799988e-02
6.807087843159095875e-02 6.837725393107262073e-02
6.811398995319309368e-02 7.504013553853199070e-02
6.814161087601020017e-02 6.891656343798074902e-02
6.821423459127758104e-02 6.871142132176945305e-02
6.833620707061120736e-02 6.871517015574110654e-02
6.847601771804155690e-02 7.135913770004825851e-02
6.848217142428100757e-02 6.944051076804866329e-02
6.908353703349678909e-02 6.913149825637086854e-02
6.983132524307944511e-02 6.989883344023190004e-02
7.100257438124370213e-02 7.153804706649187495e-02
7.228448646042449910e-02 7.228571271753057859e-02
7.234283896375309775e-02 7.258263695614611266e-02
7.242141315608813246e-02 7.289110751857690029e-02
7.328467594875005819e-02 7.336146726703281218e-02
7.454767832212780276e-02 7.474781603612247471e-02
7.498035047329593139e-02 9.297003405112071184e-02
7.545039635522818311e-02 7.731431577006721290e-02
7.602692067934506415e-02 7.647213644873925020e-02
7.623873379967910369e-02 7.785527009026702028e-02
7.725601696169866195e-02 7.817114110393863502e-02
7.736819137255909751e-02 8.185548152050696469e-02
7.861320579069192016e-02 8.115793699288308127e-02
7.861340675684370949e-02 7.892036252912043581e-02
7.874131809231023349e-02 7.899024732227581669e-02
7.885766731040307065e-02 7.888605347289959213e-02
7.952798085444942600e-02 7.968293905252460396e-02
7.960817873732140004e-02 8.078099392223009323e-02
8.602783760002571944e-02 8.625050912635182088e-02
9.020507911940787993e-02 9.218971413215674982e-02
9.464446367214557343e-02 9.471978489708945959e-02
1.008888640184263663e-01 1.024930288760742408e-01
