5.072747755010664945e-03 5.077191359596580807e-03
5.816401056904567553e-03 6.064990822633242046e-03
6.775441488888112387e-03 6.807156468255339855e-03
7.234848533224333064e-03 8.824862457232329413e-03
8.605264392906762302e-03 8.698007335928847894e-03
1.027925208964616983e-02 1.031474822985242214e-02
1.036147744290422633e-02 1.101505377959439459e-02
1.051951142960888715e-02 1.090676301399792596e-02
1.056038069565441197e-02 1.067039748814130329e-02
1.272269919682777854e-02 1.273807315304437138e-02
1.344482583031462487e-02 1.347652798451875848e-02
1.382561604216747328e-02 1.382748673770754430e-02
1.390382651652051840e-02 1.393384656212798625e-02
1.406228181324172335e-02 1.486439591161322488e-02
1.453952227047509808e-02 1.499900203605123231e-02
1.488153726670517901e-02 1.488490754781557346e-02
1.555910603200476305e-02 1.591526513568770895e-02
1.599715640537812539e-02 1.772047335220765588e-02
1.617429140168165011e-02 1.797512827536802693e-02
1.635930729738307651e-02 1.660864505501367244e-02
1.641175123347696913e-02 1.652556139606563973e-02
1.655972712211526907e-02 1.844345149111316362e-02
1.669665358164010641e-02 1.692842100158775329e-02
1.674998573815534783e-02 1.728112878088697638e-02
1.682660872610248701e-02 1.682895640167093171e-02
1.753757102710283913e-02 1.757646139482611433e-02
1.839407911790604325e-02 1.876057719215883102e-02
1.872563982247852157e-02 2.339090783982468794e-02
1.879642675573544100e-02 2.059078915765237897e-02
1.893834869323262476e-02 1.956566657611890150e-02
1.906767112121017863e-02 1.933075068979208180e-02
1.908501768983264166e-02 2.123442446854621746e-02
1.963490021221947490e-02 2.111785219049751652e-02
1.968573037169624868e-02 2.058144789262346744e-02
1.981007264460102682e-02 1.999272337526854584e-02
2.007590363542621076e-02 2.111747677703991466e-02
2.012432617179012173e-02 2.046912439089640379e-02
2.034551566736507097e-02 2.144465305382203119e-02
2.050268055595024994e-02 2.104650738429945239e-02
2.058698333452675319e-02 2.073154328796803295e-02
2.060620462702380043e-02 2.097253656786413761e-02
2.067665616042946991e-02 2.300102283681367335e-02
2.131021968763764651e-02 2.181190053561922471e-02
2.175262152499405494e-02 3.202368475496969458e-02
2.204639443427513362e-02 2.263084605804586286e-02
2.224662744006977028e-02 2.480987370195784913e-02
2.250508948713770413e-02 3.564160824589671789e-02
2.257494555525553850e-02 2.515665039257406616e-02
2.260718254367683616e-02 2.740507517629216933e-02
2.308738312373710341e-02 2.471657617567699083e-02
2.320512615305485304e-02 2.375514258110425145e-02
2.328066819687541963e-02 2.412510775791067846e-02
2.348619102554482668e-02 2.838672028059532546e-02
2.371797777988341946e-02 2.528872357046822381e-02
2.372364709885627435e-02 2.476510117442791772e-02
2.396819933804958738e-02 2.399977208337724516e-02
2.408986388713955928e-02 2.437425850988698267e-02
2.426275663633618504e-02 2.490640787585512300e-02
2.430958649666311797e-02 2.541983142677597951e-02
2.441296678801375963e-02 2.532415650008117830e-02
2.443151485244077908e-02 2.651555446908269650e-02
2.453966931641095653e-02 2.576258333874082915e-02
2.455446801959564398e-02 2.463343016675630451e-02
2.521224114848708009e-02 3.498793759290542288e-02
2.525606113100060598e-02 3.503852634624918944e-02
2.539107425964794509e-02 2.629947631885716855e-02
2.539751780886820645e-02 2.552705708325445425e-02
2.558586805321702226e-02 2.692553349591150086e-02
2.579009835484773888e-02 2.670251490060056992e-02
2.599649460664366085e-02 2.609030329805608547e-02
2.604907639420966578e-02 2.839445230676062443e-02
2.606821067315416574e-02 2.792503792313179647e-02
2.611784122325881349e-02 2.834291114864442504e-02
2.614697010576553377e-02 2.614700419330744097e-02
2.620819275264372333e-02 3.478763609388298150e-02
2.621058182558868091e-02 2.621744373023979224e-02
2.631838103725740730e-02 2.696291834203328949e-02
2.632576636102055070e-02 2.774074774430460369e-02
2.635060096719937101e-02 2.637140759822026448e-02
2.636004832750151947e-02 2.737801693311612758e-02
2.640996087552497165e-02 3.140622007439826391e-02
2.646366243590697956e-02 3.205213430736882085e-02
2.653879420647659373e-02 2.925711785331909162e-02
2.656544921301708453e-02 2.694693823059526525e-02
2.671902661633955567e-02 2.677267490013618412e-02
2.680798685941956222e-02 3.082316830674849614e-02
2.687453615727893735e-02 3.013883223777377024e-02
2.696207552951633210e-02 2.701921377676301181e-02
2.710963391358001823e-02 2.803628539664986333e-02
2.720370104521191087e-02 4.709477093469126296e-02
2.725725119215906961e-02 2.755887650851756784e-02
2.728030438009156761e-02 2.843963305151284149e-02
2.755610118477989576e-02 2.764416076689896890e-02
2.770118564247188095e-02 2.795190453372537256e-02
2.770121021453109469e-02 3.032596799229472090e-02
2.812666023477709137e-02 2.815245940977912503e-02
2.816328671287124386e-02 2.835126544968734688e-02
2.843188274107771515e-02 2.899548826221412523e-02
2.845058202673593842e-02 2.847800270613285584e-02
2.853910903264033141e-02 2.872773175412889762e-02
2.907809401540931843e-02 3.403880465778950926e-02
2.918197649684660042e-02 3.076029818861261353e-02
2.952533786458110682e-02 2.953397477178439784e-02
2.955884041739155130e-02 2.957116887880001030e-02
2.961204391174796988e-02 3.242645239899250714e-02
2.966592947139426450e-02 3.212466222966867124e-02
2.969291419268674584e-02 3.287893331336067676e-02
2.974296630636476604e-02 2.975362149064791906e-02
2.974443025774717655e-02 2.986170573814255977e-02
3.017122996907335014e-02 3.488443041797799349e-02
3.048330067954164654e-02 3.090819838872420344e-02
3.068524138294334916e-02 3.075956316438931484e-02
3.073670353864351931e-02 3.639197989286190038e-02
3.086331966067053234e-02 3.121061630960369690e-02
3.089245912378000072e-02 4.220711791996486356e-02
3.109959796312723040e-02 3.149762681118878360e-02
3.120261688086542820e-02 3.319083540149979361e-02
3.131391366986807645e-02 3.630316852209406614e-02
3.138142218043144666e-02 3.165255514019844202e-02
3.157295074983722249e-02 3.687261633430184704e-02
3.157947222697227163e-02 3.163651874888540050e-02
3.164602797824695585e-02 3.164628122224083517e-02
3.166423528426053763e-02 3.171976346407016922e-02
3.172262455498967015e-02 3.274275306218409759e-02
3.172357462945341738e-02 3.213565010641788317e-02
3.183537811949462698e-02 3.320624106956024391e-02
3.184882822459840501e-02 3.200726171364148137e-02
3.197376433973738580e-02 3.231723121616784239e-02
3.198283290392629763e-02 3.545786278655000540e-02
3.202295348794063218e-02 3.250557159815258002e-02
3.204242659103770374e-02 3.371721685842716393e-02
3.216209067918240905e-02 3.509878533431138453e-02
3.230549104329911991e-02 3.355639283844993881e-02
3.239736566747971475e-02 3.595691721809290975e-02
3.254137530584960691e-02 5.339037253252430087e-02
3.257863453062839060e-02 3.267928374954202214e-02
3.260440470665339208e-02 3.279962127096692354e-02
3.260484908766921736e-02 3.434520534247999246e-02
3.273892363721760818e-02 3.282893080098192584e-02
3.280892193570026510e-02 3.300803274363530576e-02
3.290292092417439890e-02 3.754430216954879329e-02
3.306249635463813508e-02 3.309535398979751575e-02
3.308284419798496884e-02 3.340950696938390502e-02
3.311488254779594576e-02 3.355447171488309954e-02
3.314514124709513898e-02 3.315992970576953774e-02
3.314934678432237408e-02 3.319859024876342657e-02
3.337181568669482512e-02 4.534980276463700805e-02
3.352032295103347936e-02 3.379238905944665500e-02
3.353270896250949012e-02 3.988901677733223960e-02
3.353848257091947976e-02 3.596293875597637163e-02
3.356201877640027642e-02 3.374436888554126907e-02
3.361582106706458711e-02 3.372143205654849762e-02
3.370022661308465228e-02 3.706024325006903458e-02
3.373424095822787072e-02 3.436069685776530630e-02
3.393203436923034749e-02 4.030605021599987375e-02
3.400345393455879439e-02 3.849618447912687980e-02
3.400866759444122478e-02 4.193560032872201832e-02
3.400879010709467742e-02 3.417470627131936889e-02
3.423270577811058507e-02 3.514605211621313341e-02
3.428920155956966670e-02 3.629267571653347485e-02
3.432208663684040151e-02 3.477378306244490597e-02
3.438993286097227764e-02 4.014415845542570332e-02
3.457239906231514975e-02 3.460207202304162871e-02
3.491360230553074151e-02 4.544462603569995873e-02
3.494650445163179769e-02 4.976484630573914381e-02
3.501994181833548159e-02 4.508707822032242962e-02
3.504298310154338458e-02 3.512034183387010428e-02
3.505968997202259241e-02 3.509244605397088268e-02
3.544944220320089129e-02 3.677176904575058664e-02
3.554688874272081411e-02 3.663164045083540377e-02
3.598303336833280630e-02 4.731909587701261383e-02
3.602708967619909497e-02 3.741732404860965977e-02
3.610655343482388480e-02 3.711490244113699322e-02
3.637050922910156636e-02 3.638590274404016750e-02
3.639384095429556293e-02 3.760776215722950316e-02
3.640511961434086258e-02 3.700847662215087791e-02
3.648857328344892736e-02 3.659299565049584785e-02
3.664439798021047051e-02 3.664526238654867291e-02
3.665678768130543885e-02 3.665727488884627100e-02
3.670049886068410538e-02 3.897687194544655065e-02
3.672710944399747851e-02 4.008506257209316914e-02
3.706388384665407210e-02 3.743639056339755772e-02
3.708359784804712844e-02 3.825401978098796202e-02
3.729924351825061879e-02 4.138389777440833195e-02
3.731484914413989162e-02 4.369876371288437117e-02
3.738026260679259277e-02 4.071903665650819515e-02
3.744329888588485838e-02 3.774429154215094839e-02
3.771571213083571572e-02 3.772138785970740454e-02
3.774377976023764181e-02 4.499012590372283155e-02
3.782924745552990881e-02 3.847175649259833990e-02
3.783053660316790939e-02 4.080318209037200189e-02
3.797185718326361731e-02 3.798881581342700847e-02
3.801129675180671408e-02 4.391083206536153943e-02
3.806770121314135419e-02 3.809427819341668769e-02
3.807117645330630740e-02 4.372198779080978953e-02
3.818922351974075174e-02 3.865449629699131695e-02
3.819419491359563740e-02 5.571229417329928019e-02
3.842485040848453437e-02 3.907625300972134008e-02
3.849809238263845329e-02 3.971099685650868877e-02
3.850365171911641904e-02 3.950600043293343855e-02
3.866363016933641733e-02 4.326313802517713081e-02
3.890112261912720415e-02 4.233572410461745178e-02
3.890267741634372001e-02 3.907562838641873149e-02
3.891067288222540416e-02 3.893630339302507626e-02
3.891311658826819564e-02 3.891520580624235198e-02
3.902627840100689888e-02 3.903405418712820735e-02
3.904035084795325766e-02 3.967340201500858116e-02
3.909874001955109674e-02 3.930294475645487728e-02
3.911101588930897960e-02 3.969644720520275338e-02
3.934412387062003608e-02 3.985014825167597363e-02
3.941700409414213013e-02 4.515661747813901061e-02
3.966176412496748294e-02 4.013264039534483046e-02
4.000035427673560851e-02 4.167953197037127522e-02
4.008461282916925272e-02 5.245752948481874345e-02
4.010094510541745844e-02 4.040230948821901813e-02
4.012440684717847456e-02 4.013629742877555112e-02
4.019113132565899082e-02 4.378666864567427180e-02
4.026354439281998321e-02 6.178554822890923448e-02
4.028976712498327090e-02 4.388724603937346758e-02
4.042203218612423071e-02 4.167891697885219709e-02
4.086680072711913053e-02 4.087412242042242488e-02
4.089293828205350229e-02 4.089295831525712605e-02
4.090859463156890086e-02 4.098281386739280330e-02
4.118577956899224096e-02 4.200199265239172586e-02
4.123517642144858275e-02 4.195376851220627978e-02
4.139501423428419702e-02 4.216444254936723562e-02
4.149929189370728244e-02 5.022000466460425222e-02
4.171399689841859271e-02 4.312265810970448976e-02
4.175290706347806885e-02 4.298672047638798371e-02
4.175984662352834331e-02 4.229005689054347872e-02
4.177675565360274013e-02 4.316918394013515708e-02
4.186696056291280832e-02 5.590023325910162960e-02
4.191559681985396191e-02 4.204825366202262493e-02
4.214147815882206966e-02 4.561108439476872778e-02
4.215694116789363982e-02 4.703842780268895768e-02
4.248736887948339341e-02 4.317604400705284812e-02
4.268354469201685042e-02 4.412093928802651721e-02
4.284726945403913301e-02 4.288607054965637433e-02
4.291306279954363451e-02 4.959520545004401926e-02
4.293163429324167030e-02 4.296091255711566997e-02
4.309486696804970540e-02 4.366883134091395502e-02
4.345914825311422702e-02 4.537500337922351079e-02
4.363929055695110054e-02 4.611207949330147632e-02
4.364165852387063421e-02 4.364181222423947626e-02
4.367734776001371000e-02 6.366987161121913374e-02
4.377742978698085513e-02 4.391123515631510654e-02
4.389626166095550452e-02 4.428721450372340163e-02
4.425346586850890940e-02 5.607734432921904211e-02
4.433761170408818952e-02 4.436004399595897679e-02
4.436592880646308273e-02 4.437949976336107161e-02
4.470843683701845872e-02 4.545866801631090470e-02
4.473161255239795076e-02 4.508458148474282778e-02
4.481640051293479809e-02 4.848576042900781813e-02
4.500801013955649243e-02 6.422723579937171523e-02
4.503062305139506061e-02 4.707614351808973169e-02
4.522300600746245042e-02 4.591630061355060632e-02
4.523141762203346239e-02 4.607350000375639437e-02
4.540776429605614117e-02 4.805746260029379602e-02
4.548354800945517140e-02 4.586313350648429932e-02
4.571274935516116827e-02 4.808205854039521165e-02
4.582861187640269868e-02 4.976470359589073300e-02
4.590351325019852852e-02 4.590487914542384917e-02
4.599378280758350396e-02 4.624506723656178486e-02
4.601897832532099442e-02 4.602245157248417012e-02
4.619631489791550805e-02 4.637186780732983904e-02
4.640399266702828485e-02 4.711375928499220156e-02
4.650392412509415929e-02 4.681483741961160738e-02
4.653532815744538392e-02 4.717642658056317440e-02
4.664159331230315758e-02 5.770752072381501313e-02
4.672279890825641741e-02 4.686034922228117516e-02
4.688152469623266261e-02 4.719808132495063868e-02
4.690029491677892570e-02 4.690731844149384488e-02
4.711178322688967801e-02 4.712085490524206555e-02
4.725031921176053168e-02 5.081007452989257100e-02
4.725291393085238878e-02 4.736671761060582547e-02
4.727739686118216655e-02 4.756687901165187332e-02
4.739111858367032332e-02 7.404735713712871925e-02
4.758100450493958633e-02 4.968370156260936560e-02
4.817548772624202780e-02 4.839189862456164809e-02
4.820156406812500099e-02 4.820158405435640003e-02
4.836182821355250461e-02 5.437772181637250124e-02
4.836805552479640780e-02 5.222578541077585457e-02
4.847529521249724360e-02 5.059509096491730806e-02
4.854412839783768530e-02 5.153830689336547782e-02
4.860185018996560774e-02 5.255499609432526253e-02
4.868273926723661743e-02 5.803564771826077995e-02
4.908670708025249935e-02 8.096060450421808108e-01
4.923347097350362633e-02 5.188044311603123848e-02
4.931321905933668676e-02 4.933425710179423912e-02
4.963512054889249181e-02 6.358907195778377985e-02
4.979409625862596389e-02 5.307872784966086860e-02
4.982536006067971729e-02 4.986059183899251707e-02
5.022395498032714706e-02 5.022489227399423717e-02
5.037394679850739493e-02 5.277650534819650768e-02
5.062802483832163497e-02 6.030423388052877365e-02
5.070934106221883925e-02 5.218125197446258495e-02
5.081814404296401688e-02 5.934204018336983882e-02
5.083274189778473617e-02 6.974117407003842251e-02
5.085995352131489344e-02 5.431347403211971014e-02
5.101951508121598672e-02 5.879270020767721899e-02
5.107878751920091193e-02 5.107879886323003771e-02
5.108687520587801290e-02 5.447924770051652821e-02
5.110124922013613291e-02 5.350543989545948620e-02
5.111885567517497619e-02 5.125727445408370664e-02
5.115229802977956652e-02 5.145900653269367547e-02
5.125488040870912476e-02 5.149079820184146450e-02
5.152703751704090090e-02 5.501527821437516425e-02
5.174767137114739957e-02 5.528281682737596486e-02
5.207984530019083014e-02 5.829128885579281522e-02
5.230203413531882978e-02 5.326188517005878836e-02
5.253189755830822011e-02 5.440850407101265052e-02
5.258032104326876288e-02 5.455633275701893270e-02
5.258040066741238860e-02 5.346294039640301504e-02
5.281970995179492701e-02 6.394963274727226421e-02
5.290013630044713283e-02 6.464480555128490624e-02
5.356456725452833634e-02 5.531287506651660912e-02
5.365934837083433800e-02 5.367282098013605868e-02
5.392411397686119878e-02 5.392613546188365636e-02
5.404111124525803889e-02 5.862307018315700974e-02
5.415479131784491085e-02 5.417980614880654744e-02
5.427933597894912116e-02 5.460712606388465340e-02
5.467131637258577231e-02 5.467155941618926512e-02
5.478177526007207282e-02 5.480181843071400133e-02
5.486795836977026442e-02 5.951201493963197142e-02
5.503566686233437449e-02 5.554926485435993794e-02
5.525010541658389313e-02 5.527381290517575235e-02
5.535181796808555377e-02 5.818242322516907483e-02
5.580400218330314188e-02 5.792010603447190348e-02
5.628387152654080322e-02 5.822742174502548024e-02
5.669298495830487478e-02 6.843295740002658389e-02
5.678107957965668195e-02 5.695378018797257746e-02
5.707783443576901206e-02 6.153419949163774910e-02
5.742340157434538267e-02 7.086150092622064967e-02
5.769436637807682372e-02 5.942827262498975860e-02
5.773167104936216543e-02 5.853099627748600126e-02
5.785487779234475131e-02 5.790953272943488023e-02
5.810366229642963815e-02 6.777487727332666412e-02
5.815483265158621212e-02 7.648065253848913836e-02
5.818655742936075514e-02 5.831288278178421020e-02
5.836939367961973407e-02 5.843958291921739351e-02
5.886543552183933631e-02 6.201154469614063303e-02
5.895432793313512554e-02 6.237553345430164181e-02
5.915392397075176778e-02 6.065665029821890736e-02
5.982799207004484837e-02 6.190669782409182614e-02
6.011469558736674823e-02 6.166597155084883181e-02
6.031181836242793803e-02 6.719081126487959355e-02
6.064315343363037292e-02 6.089140840042227276e-02
6.064483772382596449e-02 6.566702439819097070e-02
6.067155857019775056e-02 6.217973728695497249e-02
6.083654102437922873e-02 6.421467069314103215e-02
6.110822280198812545e-02 7.149319625494107711e-02
6.189924958388035720e-02 6.192573530503648477e-02
6.214100807419221939e-02 6.420835418288001195e-02
6.234447171508085417e-02 8.361043512833446489e-02
6.241928107507684759e-02 6.503374785949965486e-02
6.264913049391988842e-02 6.289383407971044226e-02
6.271293369732548750e-02 6.593608355057696546e-02
6.288083208606599916e-02 6.297092154262383390e-02
6.330328372747744126e-02 6.705186162200545141e-02
6.363874831668001053e-02 6.415955553387917010e-02
6.371376815501984814e-02 6.791321235994535188e-02
6.374037267362658854e-02 6.448866155622687280e-02
6.438038212918237302e-02 6.441394714600720550e-02
6.438836288270129160e-02 6.456797045252693490e-02
6.451446840007878103e-02 6.452105373593641779e-02
6.470553046136909292e-02 6.535288596541934114e-02
6.526440343246386888e-02 6.552223659478630113e-02
6.576754500384029978e-02 6.589100425021528207e-02
6.602278646101696069e-02 6.656365784837343924e-02
6.607081987273534518e-02 6.780186853779938960e-02
6.650453087035156086e-02 6.723768756564252325e-02
6.679129163733604768e-02 6.921458024268345444e-02
6.747575780953558866e-02 6.791272743111578802e-02
6.769723884228030786e-02 7.520174378988415953e-02
6.776036414933359064e-02 7.003894844384725427e-02
6.806386140432937881e-02 7.053269177972777693e-02
6.814033043403748546e-02 7.052591936635038694e-02
6.823179798386110051e-02 6.854988608673981410e-02
6.836865793189397800e-02 7.526648653201883921e-02
6.955243352481355057e-02 7.038938690513728280e-02
7.024670725557037587e-02 7.040431654104042924e-02
7.093440047267883519e-02 7.182069526473380816e-02
7.137353102517265957e-02 7.211445970692120788e-02
7.150047119306413013e-02 9.209695249354826752e-02
7.190091498541412163e-02 7.616171435604859874e-02
7.226082232725151988e-02 7.469016538797614013e-02
7.246777241766166888e-02 7.327688125133832719e-02
7.282847221815050287e-02 7.326199143626269117e-02
7.292782687087774607e-02 8.342707735446364126e-02
7.399273107522988391e-02 9.020570508219337424e-02
7.401014023854807222e-02 7.984280460336409813e-02
7.427894221109729300e-02 7.942583526885083067e-02
7.572793651646715640e-02 7.590449844529800760e-02
7.876364112649920923e-02 7.886109891484713308e-02
8.483573602792829349e-02 8.783822597902304907e-02
8.817387121509463743e-02 8.819048567045199849e-02
8.913095908807004697e-02 8.960521160597079149e-02
9.173480580810963736e-02 9.173481310340454720e-02
9.352427147406616736e-02 9.400137782692023769e-02
9.700401719928081201e-02 1.033185755370746167e-01
9.781820026483024899e-02 1.031833396472277981e-01
1.060262452815781270e-01 1.091316655531864299e-01
1.111206106839423280e-01 1.112365990373543750e-01
