6.159510450284870139e-03 6.500184584106778567e-03
1.044514600392977034e-02 1.047878944536379323e-02
1.102235026892225273e-02 1.111193432052485011e-02
1.244907495610923093e-02 1.259446225685215658e-02
1.457697979751509422e-02 1.489027992309669216e-02
1.494849328158409305e-02 1.508404105781245563e-02
1.510938552397516656e-02 1.692190968423898378e-02
1.700833867005072803e-02 1.721736022616109085e-02
1.703659237095021470e-02 1.751677976449874177e-02
1.761722247489371646e-02 1.782234998766946479e-02
1.947378674152708961e-02 1.955461221870633329e-02
1.957928667489544292e-02 2.246885694049214829e-02
2.011292864748201459e-02 2.033382321545995630e-02
2.045755943074318434e-02 2.045757281458799801e-02
2.088641454313065401e-02 2.091637852729300723e-02
2.119214995677701913e-02 2.141503403138848155e-02
2.120813939159433073e-02 2.222024866404432447e-02
2.131745496650935129e-02 2.144851960273463573e-02
2.133147382232616907e-02 2.615888206055676582e-02
2.151757659304679576e-02 2.162930296738354088e-02
2.163161502382114285e-02 2.201454353483503837e-02
2.183785376937077277e-02 2.245020505751930268e-02
2.226792950114725791e-02 2.229168729459217457e-02
2.231559076060893668e-02 2.244175823329381397e-02
2.263679561669637921e-02 2.267105833405297019e-02
2.276078273193743104e-02 2.440470562163579021e-02
2.304636840461941893e-02 2.311256690032284858e-02
2.315692639338992956e-02 2.662291819237250570e-02
2.317877620390483909e-02 3.000610695105774758e-02
2.324718191301229295e-02 2.325024203720410174e-02
2.331144981383229120e-02 2.331183152490476362e-02
2.362701450754646146e-02 2.363510546659851330e-02
2.395237787980239105e-02 2.404567949473450025e-02
2.416081797943160636e-02 2.441787734296899451e-02
2.418455938586406423e-02 2.439721780540424906e-02
2.437806704706519875e-02 2.558693352976481802e-02
2.447659534293886510e-02 2.575853060990603710e-02
2.451268092573043178e-02 2.454901891637395819e-02
2.454906185514692599e-02 3.022704182969577005e-02
2.462600917212836096e-02 2.478101515735862265e-02
2.488401650871657420e-02 2.528816933859889121e-02
2.490732562377939024e-02 3.333367226620648216e-02
2.508986513904796697e-02 2.586109238661274401e-02
2.585030513994567361e-02 2.624664467339107854e-02
2.586616287732052336e-02 2.812946290313284373e-02
2.586701952875187019e-02 2.612182493131990843e-02
2.602376709731924267e-02 2.605002872582732124e-02
2.623770340502953879e-02 2.636660683864213914e-02
2.625458763625891645e-02 2.627886232628070390e-02
2.668408401888726703e-02 3.115916599892682229e-02
2.671656456578101399e-02 2.730621991332994949e-02
2.684246821867057251e-02 2.837793531599935859e-02
2.694027519100913870e-02 2.958692181908997160e-02
2.695821972995653820e-02 2.703033228320233378e-02
2.732706291319360326e-02 3.465299620395134728e-02
2.738677942041913352e-02 2.849165783021691961e-02
2.739556823782252418e-02 2.942729737659707454e-02
2.741986894196169269e-02 3.492158345894966903e-02
2.742098663477813766e-02 2.751731263637520464e-02
2.751920758114796348e-02 2.751921409827337225e-02
2.757017516235818477e-02 2.771315228765315955e-02
2.788815166946364763e-02 2.795841335522197477e-02
2.797728922753226627e-02 2.803431725762538934e-02
2.811224462743500477e-02 2.832606480058787179e-02
2.836146784919480954e-02 2.849572538617847414e-02
2.853717793663390276e-02 2.854286576477377962e-02
2.870549758591510459e-02 3.280204726469174853e-02
2.871461260332800955e-02 2.937886539133817768e-02
2.878821249135533888e-02 2.878821969091085314e-02
2.895067763780925091e-02 3.185201753987389195e-02
2.898390660764829652e-02 2.940966912101199496e-02
2.904802307568996045e-02 2.919158441291625633e-02
2.915121372689235754e-02 3.227063051771264512e-02
2.920718658140909751e-02 2.952165196086353749e-02
2.929309695501627203e-02 3.127379014709002342e-02
2.957578761551414928e-02 2.959224029446973561e-02
2.979211023167370465e-02 4.167822964572707317e-02
2.979459698123317415e-02 3.162802927722158097e-02
2.999852911313283244e-02 3.356443802832533713e-02
3.009581758981863184e-02 3.195603676917979641e-02
3.013594309305361874e-02 3.335743490492031754e-02
3.019174839328960663e-02 3.788496198327092473e-02
3.020798472692147463e-02 3.048257465296379948e-02
3.024370175347124504e-02 3.038490436370921977e-02
3.031705550903536148e-02 3.045820175696932475e-02
3.048214941423644381e-02 4.256705713743622055e-02
3.062782108174772269e-02 3.066443976992276957e-02
3.078446052409979788e-02 4.008262543600542294e-02
3.107726132583940939e-02 3.128606311305649063e-02
3.117873804786917488e-02 3.132706559537163510e-02
3.118624813666767345e-02 3.426281970892364193e-02
3.121206955226734497e-02 3.250027069525181916e-02
3.136381174241650860e-02 3.146223632293256023e-02
3.153586302312896134e-02 3.160015457339521161e-02
3.164034020377068379e-02 3.245092182729186064e-02
3.166051878042953904e-02 3.259821485557234250e-02
3.186453506198685254e-02 3.195610806403755694e-02
3.186722281370490267e-02 3.254449115899558931e-02
3.194760234172255159e-02 3.503414283505873472e-02
3.199388983045461932e-02 3.214273539811583064e-02
3.214859081343331842e-02 3.306712421126647289e-02
3.215537134351971471e-02 3.241312506038345614e-02
3.228488832728567542e-02 4.002501971153425708e-02
3.236200669615230119e-02 3.236410508705737932e-02
3.237048135433384655e-02 3.878916748637048495e-02
3.240725287539231864e-02 3.503478701160626929e-02
3.244113434265755852e-02 4.616507599552654301e-02
3.244264595682144758e-02 3.374463152462880977e-02
3.259992802049825611e-02 3.321711881034173502e-02
3.264908219406586348e-02 3.544080768510363133e-02
3.272771986464420579e-02 3.300777727291455410e-02
3.291667150305282313e-02 3.298289548304456781e-02
3.307119442977719120e-02 3.307834614958623382e-02
3.313590423375049193e-02 3.370182207083720349e-02
3.319929880057313071e-02 3.409345458300656884e-02
3.323924917762938192e-02 5.059719872553892356e-02
3.327838441143216031e-02 3.348211979456013065e-02
3.329238998069013189e-02 3.330566521173029121e-02
3.345937957192095941e-02 3.375692097752654164e-02
3.358192160669539600e-02 3.510289660866315609e-02
3.360533149148967058e-02 3.362205951382322977e-02
3.360663904862190576e-02 3.365425679842452139e-02
3.369468423442537747e-02 3.402144009837904798e-02
3.370490473336375942e-02 3.377257735448772197e-02
3.374275826455053195e-02 3.519316161996113163e-02
3.397996369388623511e-02 3.485459001667360474e-02
3.403819484422616198e-02 3.426053802085630984e-02
3.412468229424880928e-02 3.422074430837012543e-02
3.417364685426983045e-02 4.008359317769440849e-02
3.421031720209358196e-02 3.506581052221563466e-02
3.444023620453528362e-02 3.686833422021113665e-02
3.444508832482189725e-02 3.446199537957968934e-02
3.460097733706028050e-02 3.740220503919636924e-02
3.462130372718427024e-02 3.621276071770281046e-02
3.479835259480631299e-02 4.490875079247025337e-02
3.489896674097037882e-02 3.490150097785095495e-02
3.490488309759987723e-02 3.536380787619349680e-02
3.496051564082224006e-02 3.520364745740665186e-02
3.498998420494585371e-02 3.606686803557532933e-02
3.510451051725713145e-02 3.871310318678679308e-02
3.523340369993054055e-02 3.905570068527841610e-02
3.524417556400279844e-02 3.541974386751165632e-02
3.530395283637959014e-02 3.578060787606460180e-02
3.533045345422156092e-02 4.154499793197991009e-02
3.536586889458395028e-02 5.857821355288864162e-02
3.550611506262730394e-02 3.570275457473151559e-02
3.556407264283818759e-02 3.561246416117495178e-02
3.588068692678242355e-02 4.147271469510905445e-02
3.601666500243762281e-02 3.912773125142241654e-02
3.617849054215382942e-02 4.167307306731330568e-02
3.627758278406733455e-02 4.845502107297670891e-02
3.631945788353347498e-02 3.632737113136012830e-02
3.635556078539277369e-02 3.671263968832751828e-02
3.644906656117948007e-02 4.077667659887115187e-02
3.650827794061795029e-02 3.666274083216261581e-02
3.666120227465896608e-02 3.727621072203894659e-02
3.668476902892608277e-02 3.958391004800117935e-02
3.680359114458949671e-02 3.913487039799289774e-02
3.680414105247047096e-02 3.681831413691769722e-02
3.694313901284827090e-02 3.745210944433252642e-02
3.700601789168472128e-02 4.271726898491916280e-02
3.706915145587329208e-02 3.944834501246113206e-02
3.707156561760433650e-02 3.711591823367529214e-02
3.739736078406070280e-02 4.007079112854800701e-02
3.748725714376140161e-02 3.754830361660928956e-02
3.760119281323408974e-02 3.797629888139617688e-02
3.763663532055776945e-02 4.285635625920057590e-02
3.766552863732033213e-02 3.787527169858073001e-02
3.768285984682567813e-02 5.205446803704308345e-02
3.772543791075439606e-02 3.849620778439032109e-02
3.782064353514431876e-02 3.791317312619614521e-02
3.784345029663658405e-02 4.056116629041219696e-02
3.828465951090804370e-02 4.296692145827585296e-02
3.844283009390755262e-02 3.857387207962276188e-02
3.845499014526016640e-02 4.811035296724798516e-02
3.846918650079328428e-02 3.955647490349532835e-02
3.866943924801528182e-02 4.530975688705943943e-02
3.868036021005604591e-02 3.983737222181555487e-02
3.874915843746577077e-02 4.334893437135946270e-02
3.890809983350020096e-02 3.988734763201855910e-02
3.891329583313168916e-02 3.895221390190752725e-02
3.905890699589500276e-02 4.155984777793072377e-02
3.908884970369094769e-02 3.909753690464714410e-02
3.912991121294110558e-02 3.987239450232308441e-02
3.913920840212165020e-02 3.917433608891983388e-02
3.921575346022527359e-02 3.927034108814822511e-02
3.924993212641360307e-02 4.143933567561124132e-02
3.925176472202903527e-02 4.091706872323382094e-02
3.934727008233520479e-02 3.988269245770960370e-02
3.936618945738928205e-02 3.996502768554633517e-02
3.948707340381178710e-02 4.514850862665433645e-02
3.960901581254421683e-02 3.990728663538503640e-02
3.991613717109843140e-02 4.005036230507259126e-02
4.004183039749629330e-02 4.015397492717737160e-02
4.056185307589165595e-02 4.184235143732502327e-02
4.087268478482253969e-02 4.090294091939949972e-02
4.118625160306425836e-02 4.315650953292064079e-02
4.119393784560380217e-02 4.654982486278960718e-02
4.124441407644797303e-02 4.125107295915397126e-02
4.133656672128031145e-02 4.133671108180247272e-02
4.135728618366009413e-02 4.264946284706346014e-02
4.157780679837286275e-02 4.422677407779945086e-02
4.190296983406142234e-02 4.195288488601314758e-02
4.191931386496715317e-02 4.277898519528976901e-02
4.192043891449773879e-02 4.918899190004306921e-02
4.208988119276697859e-02 4.234955506105014811e-02
4.212286124109750063e-02 4.383523900495448627e-02
4.227833057010386975e-02 4.327673370439913403e-02
4.241977622416327059e-02 4.297104226744634381e-02
4.252028136916137513e-02 4.415458523142424402e-02
4.266255153334576333e-02 4.312177601577878855e-02
4.327577571172912252e-02 6.833102040378018216e-02
4.331598545527694938e-02 4.505437351822059316e-02
4.358689016028472613e-02 4.385313574204758452e-02
4.359993644047836098e-02 5.359875976726118096e-02
4.380598130851288963e-02 7.651184232322930101e-02
4.385108313664321661e-02 4.391457977456092454e-02
4.387909732183546685e-02 4.414389544477756444e-02
4.406905735661980489e-02 4.652210964008819671e-02
4.411050891041753269e-02 4.937157043962284858e-02
4.422826583018581864e-02 4.427577463062656177e-02
4.472719957524697032e-02 6.162290372543870881e-02
4.480393780261459485e-02 4.841448577527966701e-02
4.486802022512579452e-02 4.504935541064249149e-02
4.497679178627937008e-02 4.628474524316444905e-02
4.502157092305261038e-02 4.505762430830519832e-02
4.549568048848982860e-02 5.451059568118828830e-02
4.549978526939832402e-02 4.597619620758759684e-02
4.562811291784001078e-02 4.841303865230515979e-02
4.566168196201435964e-02 6.007262347040668443e-02
4.582637896634157715e-02 4.848559902726535392e-02
4.592585456882435080e-02 4.768146720617782996e-02
4.598179707125191890e-02 5.887223761153007051e-02
4.599160517883328636e-02 4.835220836109859616e-02
4.600747511543003265e-02 4.662101750109377135e-02
4.616384848314168676e-02 5.268679701251503811e-02
4.627909523451319285e-02 4.700635174722433973e-02
4.642706019385550026e-02 4.827016553649764175e-02
4.683515093276953423e-02 8.151089740082466673e-01
4.689499393558189955e-02 4.886559710936664441e-02
4.705804183994134748e-02 5.182421934597694624e-02
4.716199423129436435e-02 4.806744250676876773e-02
4.716396310523027907e-02 4.724562235495775170e-02
4.736900052403008460e-02 4.752896812957613931e-02
4.744771648113574325e-02 4.766905372230179072e-02
4.746859297678415052e-02 7.699620671858664611e-02
4.749518918355035563e-02 4.830790459277171933e-02
4.759217902541240663e-02 5.260153530544479233e-02
4.792894127934563264e-02 5.008026513233197058e-02
4.805433656242551199e-02 5.324085582807677047e-02
4.807085894643584045e-02 6.884248615699223306e-02
4.827659504115966449e-02 5.436965056406634078e-02
4.832283435332945798e-02 7.094403064845487827e-02
4.848060384706323611e-02 5.065753114408907964e-02
4.935854015321824301e-02 5.887296426354555329e-02
4.943553771037274835e-02 5.128083635969925280e-02
4.945309404109226453e-02 4.945689778815123838e-02
4.958806363901876318e-02 5.368360643028936147e-02
4.964967118113894351e-02 4.981214006603536942e-02
4.975341876611124453e-02 5.064157680618044249e-02
5.010972294099604735e-02 5.011592498744161378e-02
5.028224302696004261e-02 5.316109210549429392e-02
5.040057480146176161e-02 8.812768129816779539e-02
5.085118911951534010e-02 5.351472986349382205e-02
5.117854122371601894e-02 5.752783995875815348e-02
5.127103347172386888e-02 5.563987645523541664e-02
5.135887393563558917e-02 6.409995437354233661e-02
5.141131757560442328e-02 5.655701747975619420e-02
5.141683837590094175e-02 5.165883581213517178e-02
5.143227412129406512e-02 6.061762267143538940e-02
5.144978292143828624e-02 5.635190704568469183e-02
5.179111699640462363e-02 5.392969755313378744e-02
5.190584241590408959e-02 5.626402819415802364e-02
5.213168198071178178e-02 5.534515664776419597e-02
5.228263746992336397e-02 5.271208535119679267e-02
5.264494052576864508e-02 6.633324733049070221e-02
5.286263301239856049e-02 5.314580583021315252e-02
5.310495255378681195e-02 6.222248187387569018e-02
5.344815215549914011e-02 5.380869344910824831e-02
5.347304773906177977e-02 5.348786442470102737e-02
5.375588996822060900e-02 5.425444167464747031e-02
5.413170495585315628e-02 6.412004032766026318e-02
5.436460001773085055e-02 5.436620741978789861e-02
5.468489754591558671e-02 6.204554891565479402e-02
5.470734983192131196e-02 5.703886997839639067e-02
5.486941362465411892e-02 5.584627815157679198e-02
5.487483015478333837e-02 5.739455151069079025e-02
5.501284241313261075e-02 5.560319687115778536e-02
5.522572515440363206e-02 5.529344643008102939e-02
5.526195290908329089e-02 5.634260666707999882e-02
5.538771672461621776e-02 5.539801550863583668e-02
5.544576122755794090e-02 5.642568115985897165e-02
5.544883098342875266e-02 5.558334448693328517e-02
5.560194738380946217e-02 6.990763858756622595e-02
5.563497552203338498e-02 5.694443073010013734e-02
5.602875135958430147e-02 6.366622845069541681e-02
5.612521027891750197e-02 5.676873954365557057e-02
5.655465754479899881e-02 5.680406683434043036e-02
5.681528319374151009e-02 8.101745046020139562e-02
5.710628446921550694e-02 5.797499233514763484e-02
5.720343911482374949e-02 5.731790040348303666e-02
5.734053058650329104e-02 5.757313638277572476e-02
5.741731627520394593e-02 5.880132069356350938e-02
5.758536978099671605e-02 6.118180322040739361e-02
5.773017021532435983e-02 6.106190118746818857e-02
5.779781238818086642e-02 5.799239944087888898e-02
5.794593200421403051e-02 5.903770171740514022e-02
5.798915240130339543e-02 6.411165496062319613e-02
5.816999247555350999e-02 5.994554015931120167e-02
5.820778860546205191e-02 5.821016239984531937e-02
5.820923972886003078e-02 5.941645153978271365e-02
5.839634973083929897e-02 5.846157379854382413e-02
5.847875917684288577e-02 5.848391340536545496e-02
5.866973445750162802e-02 6.049868034125547439e-02
5.920478741866341127e-02 5.996149192489847596e-02
5.966838483958386563e-02 5.976170277960569238e-02
5.970459393758945771e-02 6.229948569751454779e-02
5.979033835977628358e-02 6.042440490748237497e-02
5.981330823244900702e-02 6.052715443534319867e-02
6.026300556569978706e-02 6.060850910481100501e-02
6.070722991520619699e-02 6.766687295793545609e-02
6.071071581097711722e-02 6.077509995254700564e-02
6.078984086568221118e-02 6.299473428182164603e-02
6.080162513225316478e-02 6.087485297191524980e-02
6.102263669703900106e-02 7.738198261675965917e-02
6.147740934185837169e-02 7.053221809005559562e-02
6.184827049388680331e-02 6.192183853735835908e-02
6.199122651692079433e-02 6.226972504681136528e-02
6.219451384547164396e-02 6.293046033028176778e-02
6.285207674430394464e-02 6.488569725829304580e-02
6.289720182828557882e-02 6.730090516505334020e-02
6.304228477618384341e-02 6.822105106398149155e-02
6.313259304358888324e-02 6.549114608874483101e-02
6.353783205948596025e-02 6.358433856657201566e-02
6.362277759427006907e-02 6.364148145131538759e-02
6.368395554609018738e-02 6.791070955971639789e-02
6.449521259956630947e-02 6.628792520473110461e-02
6.489784964715430982e-02 6.553470202454181326e-02
6.504346619014517161e-02 7.248401951805688581e-02
6.569550124311102079e-02 6.633706533244765335e-02
6.571012978483400935e-02 9.356186115561183902e-02
6.602679557565840907e-02 6.636425729830458531e-02
6.609443846797866118e-02 6.630510444066839426e-02
6.626201548137099218e-02 6.943135183354325057e-02
6.680986349689319037e-02 7.674908651894725431e-02
6.713629324826625444e-02 7.732831786799718166e-02
6.724833226678719744e-02 6.779323226541797420e-02
6.737242464762155381e-02 7.063086517690003729e-02
6.755549142463568302e-02 6.882479734921403969e-02
6.755781882965504470e-02 6.755792692346193618e-02
6.769123702364583661e-02 6.776334503588871128e-02
6.849594315944246281e-02 7.064094272796336837e-02
6.867819216872221577e-02 7.375594844846715403e-02
6.953580802021032403e-02 8.615435722480435654e-02
7.058142060070309032e-02 7.058539500021258906e-02
7.237722746451502598e-02 7.662769349447881573e-02
7.274614739340021230e-02 8.276145654208577618e-02
7.290245329659712781e-02 8.023976225153255093e-02
7.325553407893874158e-02 7.867036949741462726e-02
7.356044382243874524e-02 7.469235226988996112e-02
7.464085798586846121e-02 7.467621605862588552e-02
7.647335734261456741e-02 7.699507186757904853e-02
7.657230270048440146e-02 7.657582563432475953e-02
7.657550001104519721e-02 7.692564318845047933e-02
7.692219042727750644e-02 9.024843037321748918e-02
7.699463250407410919e-02 7.720640225720538929e-02
7.935905637774268162e-02 1.022973875973974961e-01
7.964997927601680239e-02 8.092792652261572572e-02
7.981974409841281759e-02 7.991255249559042761e-02
8.000291838691457602e-02 8.795823264578782330e-02
8.038628339750573948e-02 8.075341672991528941e-02
8.053356472340131300e-02 9.892011014579087103e-02
8.053676715843022249e-02 8.077632839230826367e-02
8.069297116495208200e-02 8.457216839083911419e-02
8.136409133447373987e-02 8.136905457168656930e-02
8.163697508917931722e-02 8.212426366752124951e-02
8.232220312832887188e-02 8.417443676368201178e-02
8.270207798468162674e-02 8.733880841741091527e-02
8.310683623623806027e-02 8.432378897639113136e-02
8.656969699527977680e-02 8.659049113115810381e-02
8.723676777488836853e-02 8.737938484513999016e-02
9.140650640870966182e-02 9.153004582866969274e-02
9.635066715422821448e-02 9.635111627689589564e-02
9.906054999707097908e-02 9.993848810602445898e-02
1.017238315324463793e-01 1.054051845865664472e-01
