5.959905639408652478e-03 6.001886369511289301e-03
7.647906583554549623e-03 7.915885065806186130e-03
1.010225437048845216e-02 1.010639790243587043e-02
1.053697727147694455e-02 1.058400470987176829e-02
1.282635860582618387e-02 1.354544054158987598e-02
1.300702663058739272e-02 1.300712350115731421e-02
1.459806271079524924e-02 1.669608236975045346e-02
1.471339280363507217e-02 1.559858985525903671e-02
1.494099411521728447e-02 1.496632326373062948e-02
1.551089917472755521e-02 1.560555504682546550e-02
1.564286197940633477e-02 1.648989788075799420e-02
1.591827569452873223e-02 1.600459580926772568e-02
1.650653021896029971e-02 1.778298112253022534e-02
1.656127357693084473e-02 1.718700813558730195e-02
1.717055082748475403e-02 1.766689376773963871e-02
1.747978744457524131e-02 1.800834818210101176e-02
1.753253323749340287e-02 1.763421511398369917e-02
1.760916843009829175e-02 1.912391444779294736e-02
1.763702012463584656e-02 1.813573898780748705e-02
1.836645920286371012e-02 2.140097349253283418e-02
1.859626217402851264e-02 1.864377440191972851e-02
1.875075104428164385e-02 1.896169939031398799e-02
1.884696296379182248e-02 1.908307225535975371e-02
1.888634402236228846e-02 1.924942347442307883e-02
1.906601144171303844e-02 2.006966450090764270e-02
1.908610590197298840e-02 1.912887050343067136e-02
1.924784869072520763e-02 1.925679265168607490e-02
1.989397059174695045e-02 2.094693901685730150e-02
1.999496410161018256e-02 1.999728682280189213e-02
2.008297135891033355e-02 2.146029719665811311e-02
2.037940986196774829e-02 2.042151987935776972e-02
2.043939140748457506e-02 2.555621302996892788e-02
2.046158424447630519e-02 2.097813826655960806e-02
2.108728123805892959e-02 2.270945789495006431e-02
2.115345006684555759e-02 2.163787204184481477e-02
2.130970088630097098e-02 2.211034190688408382e-02
2.155381285637317235e-02 2.353678308842944641e-02
2.157208536709135510e-02 2.187877593529091724e-02
2.163574401957107582e-02 2.223311964622696341e-02
2.185298583699167227e-02 2.940713840819021013e-02
2.187085372707685271e-02 2.250865375910946972e-02
2.195359353577209377e-02 2.410364161643706662e-02
2.213781049210760202e-02 2.439929689447614680e-02
2.228418625922141960e-02 2.372887107210840119e-02
2.230382943895299619e-02 2.272496377789360450e-02
2.233887809231105415e-02 2.246252922707616534e-02
2.237474880758525547e-02 2.287157916752549994e-02
2.257930355057703037e-02 2.258559240036344187e-02
2.264314213105705909e-02 2.540064152776019477e-02
2.268451131715894589e-02 2.396662272837240745e-02
2.277014722255647425e-02 2.280391747254259527e-02
2.287767254768283479e-02 2.299373443524221558e-02
2.289031832841364328e-02 2.294289759731752559e-02
2.297710468489653352e-02 2.407002656750244218e-02
2.297910261280934965e-02 2.427183306347749370e-02
2.334705802197257346e-02 2.357734976696036419e-02
2.335171268592815472e-02 2.385421817494859376e-02
2.335964741289970475e-02 2.347752907911647771e-02
2.340083347324520280e-02 2.560973137918244949e-02
2.378048629788702059e-02 2.382400056524099780e-02
2.400092220168209209e-02 2.400702145998880044e-02
2.403229030380518369e-02 2.417310398058515261e-02
2.403654041765447211e-02 2.719941166601434757e-02
2.405305483590168547e-02 2.710200937668857252e-02
2.414499540965250879e-02 2.414499912459018918e-02
2.424358879019150245e-02 2.571505311247289371e-02
2.444286822903296921e-02 2.529526490571145161e-02
2.444384665823100614e-02 2.521800994475697708e-02
2.464733730235305412e-02 2.498754938080326865e-02
2.476175669404036619e-02 2.819384865129414067e-02
2.480747651740675130e-02 2.693417805612409455e-02
2.493690603602340822e-02 2.494355714172779084e-02
2.495887077068966592e-02 2.496181791723553131e-02
2.503990478021135210e-02 2.674202746254640550e-02
2.519063144568376919e-02 2.577563970455113915e-02
2.531379221450648018e-02 2.642745009377524615e-02
2.573409902725635329e-02 2.756744137259663913e-02
2.584209312262376185e-02 2.584234695601401663e-02
2.587216929351149330e-02 2.844474502444796493e-02
2.597808394584651126e-02 2.627299034480188103e-02
2.606643747523302440e-02 2.640443738111813640e-02
2.607175805821423942e-02 2.930917840576973549e-02
2.625360333598224238e-02 2.660344319456211387e-02
2.637162608415019940e-02 2.659523546886162493e-02
2.640150922184654123e-02 2.641778079023607284e-02
2.672146068333609500e-02 2.750664938212219607e-02
2.673234633313634201e-02 2.676978105491726462e-02
2.681351232363696907e-02 2.726053194032836136e-02
2.714043082245713723e-02 3.013926233049787212e-02
2.731442760152171315e-02 2.731452838409267198e-02
2.745129028354576992e-02 2.925715942049858867e-02
2.746725078782069965e-02 2.857396805051309191e-02
2.775456391210565088e-02 2.780378764054101948e-02
2.784477264818132486e-02 3.107092491273231658e-02
2.796905962993860226e-02 2.970448580355489546e-02
2.815538027668571669e-02 3.030958838147213702e-02
2.816847349064695305e-02 2.828448030225315032e-02
2.817970420944303570e-02 3.058024210525814301e-02
2.828197710445990581e-02 2.908218775973939879e-02
2.828804122980625377e-02 3.038754877369923002e-02
2.829089971996081448e-02 3.286862832472060153e-02
2.836838064544898452e-02 2.973799279923005495e-02
2.848552872202530367e-02 3.018299851834077563e-02
2.867676438306815401e-02 2.887425122456914808e-02
2.872552857235167317e-02 3.199447897887103265e-02
2.874193343679010137e-02 2.880434995038963844e-02
2.874474539053698333e-02 3.205786361200764489e-02
2.895836462696707234e-02 2.896174525935922908e-02
2.903724832757963517e-02 3.018475322089290286e-02
2.904276657176892151e-02 3.951526620098601977e-02
2.914640211664464367e-02 3.427889615630129450e-02
2.923213733194498370e-02 3.067968102482744250e-02
2.941166881004234762e-02 2.941886425399085209e-02
2.942871947794003032e-02 3.188434846387144805e-02
2.945306468200439148e-02 3.825924805776650256e-02
2.954689782030713724e-02 3.193686155781939179e-02
2.964362767722488259e-02 2.968052388422856222e-02
2.975626290087256265e-02 3.006733088819185315e-02
2.975978064169708392e-02 2.995987673843661728e-02
2.984083294526899618e-02 3.287741557631804895e-02
2.992201355754210354e-02 3.009606228119091065e-02
3.011575293312247770e-02 3.043457191169021692e-02
3.013181127538313436e-02 3.121836208605888521e-02
3.015885160627810799e-02 4.385114883800873831e-02
3.047900290417152394e-02 3.066847263851271363e-02
3.049112140192658527e-02 3.060789403200947847e-02
3.056426798787749075e-02 3.072269092520635292e-02
3.062926135686971224e-02 3.623747892162881845e-02
3.073322799081751669e-02 3.112519594542425758e-02
3.086672074441076247e-02 3.105975321624910440e-02
3.090249167357628224e-02 3.090321238178668148e-02
3.090689268887341148e-02 4.073163398816567748e-02
3.102049325793723375e-02 4.489477778792325818e-02
3.109985239703647736e-02 3.115495605454633721e-02
3.120554275962472354e-02 4.671726313096287442e-02
3.126590599967143252e-02 3.142736861660651304e-02
3.182775554379301680e-02 3.469935183125033573e-02
3.191312303207476803e-02 4.120810664396010181e-02
3.193673979370328236e-02 3.676887935463462459e-02
3.195869727373533420e-02 3.221302835154373628e-02
3.208751422861645664e-02 3.215544804577337434e-02
3.211224638477757493e-02 3.800524984800377620e-02
3.250560557716943716e-02 3.329057203443264862e-02
3.253961053150793842e-02 3.572521782635303123e-02
3.261630579161135107e-02 3.481145757276310482e-02
3.266003840754774096e-02 3.412693240794746619e-02
3.271253922668578701e-02 3.289726634664565802e-02
3.277790012776916201e-02 3.278415976709620622e-02
3.287679955255168318e-02 3.575584631837245425e-02
3.289092798952203411e-02 3.301453012958330963e-02
3.317697691250731662e-02 3.322619103570281091e-02
3.320790954406777074e-02 3.745082184459151697e-02
3.325124336971890804e-02 3.338710904316780081e-02
3.331189181932901061e-02 3.362231129106792865e-02
3.341227882537335658e-02 3.343882516270654109e-02
3.342271009956935407e-02 3.357159958584764181e-02
3.346262526312043101e-02 3.633780117900544532e-02
3.349831829445768655e-02 3.380534785975998491e-02
3.371567765615783585e-02 3.395618904933316723e-02
3.386167040476965873e-02 3.604867761969884898e-02
3.392011595326198392e-02 3.453911252385280517e-02
3.392719542247578379e-02 3.395741216190329564e-02
3.393031469817273799e-02 3.574144943748845671e-02
3.404053845257487554e-02 3.410136496873603790e-02
3.405516334903569559e-02 3.406522565327575747e-02
3.408173516404018610e-02 3.751676702608089387e-02
3.417750009029864311e-02 3.624545324168354510e-02
3.421334104390467284e-02 3.431640639574591589e-02
3.439992673024457742e-02 3.502416601666171608e-02
3.451411051487247167e-02 3.876460625813763633e-02
3.475515462186745674e-02 3.658870470868813563e-02
3.489937551334591076e-02 3.536331037302750668e-02
3.500124514174501877e-02 3.575482690012048853e-02
3.502870399690119485e-02 3.622969445134520405e-02
3.507451892171410679e-02 3.671889759917502244e-02
3.522361312344811368e-02 3.541155943619030133e-02
3.528289122846735987e-02 3.733383403072194906e-02
3.531897141194104139e-02 3.548890760628812396e-02
3.536713518763964087e-02 3.651248201396736781e-02
3.540418382534343822e-02 3.591483994051969386e-02
3.546143233381175708e-02 3.561701011535450823e-02
3.559844755151261170e-02 3.563759870052445045e-02
3.565456212032282191e-02 3.614992984751026067e-02
3.567650110677832165e-02 3.572030282450394667e-02
3.574702102289941535e-02 4.496603305725298955e-02
3.583945399623816169e-02 3.650856063213831632e-02
3.591097168692714003e-02 3.835540144179915012e-02
3.600335954771278352e-02 3.600358408247806424e-02
3.621483708780855182e-02 3.795330801346686461e-02
3.641815011744927583e-02 3.647472580664106595e-02
3.643379952749013079e-02 3.788254715194814409e-02
3.650293707578091545e-02 3.663524016838010794e-02
3.656247820140199473e-02 4.327898886040456444e-02
3.657986747661345905e-02 3.959672312229594454e-02
3.673912211081682699e-02 3.773628658462389179e-02
3.675009673481271361e-02 3.842878552074428106e-02
3.691245226058378903e-02 4.081269466001668372e-02
3.693829625188843613e-02 3.909537288614201717e-02
3.704084407925715972e-02 4.132085044511928096e-02
3.710604007703602325e-02 4.684432827139169142e-02
3.719654713896958231e-02 4.959379849894694076e-02
3.722108510158539385e-02 4.245683748341104458e-02
3.725260838963558724e-02 3.845528730347148177e-02
3.728195665974348705e-02 3.730240910981466596e-02
3.745752126972743540e-02 3.796117553742294620e-02
3.756050135392709211e-02 3.781712366325891417e-02
3.765342223554381251e-02 3.827180129929828173e-02
3.767681681476735961e-02 3.768774012862625977e-02
3.811083976381639260e-02 5.977690714385962278e-02
3.815875020611460972e-02 3.818585358171414090e-02
3.816358875054744193e-02 4.157694885075699509e-02
3.824962522544662902e-02 4.075826824925259800e-02
3.830987849966573100e-02 3.839200109062195637e-02
3.832929214265812234e-02 3.916063592546229627e-02
3.833910310740182292e-02 5.866019845787330544e-02
3.834244067553558427e-02 3.842846878265897964e-02
3.847694552373458199e-02 4.012387776583551530e-02
3.852935632952359662e-02 3.868553128193447099e-02
3.866012718076387161e-02 5.120264115987172709e-02
3.868334712590210112e-02 3.875015699963244020e-02
3.870023771884135294e-02 3.963558396542873202e-02
3.873353152532130195e-02 4.120956687617414321e-02
3.911214618844715413e-02 4.028095332776036874e-02
3.912349920679220744e-02 3.935975743371773750e-02
3.921431228699510940e-02 4.687451866134675210e-02
3.934885837632944722e-02 3.967280617361211570e-02
3.940017016686712253e-02 3.985001949221234768e-02
3.941683563722269551e-02 3.941767363261391294e-02
3.942952081671899367e-02 4.267771948446614366e-02
3.946462270891862301e-02 3.993185538653312716e-02
3.952785781799409565e-02 3.956130276116427702e-02
3.959601053589419106e-02 4.192459795769677006e-02
3.961436032743459457e-02 4.183567638968451602e-02
3.963456612861147865e-02 4.172833654908927881e-02
3.974626433060293035e-02 3.975508566352845691e-02
3.984690208149721524e-02 4.940165273577660360e-02
4.007838458911284346e-02 4.541716842778471819e-02
4.012220332082534757e-02 4.562033280310701100e-02
4.024543326266868948e-02 4.331179374125860432e-02
4.027330686581390151e-02 4.597375541703168506e-02
4.034731808977247425e-02 4.164951288707079841e-02
4.043745435624451073e-02 4.163977934744430426e-02
4.055351640370920274e-02 4.066328253654637875e-02
4.065394945843704699e-02 4.101957541113586403e-02
4.065901302881483326e-02 4.085041775659142144e-02
4.079771176686514123e-02 4.091031848832656082e-02
4.080903308398545204e-02 4.086117757848829746e-02
4.081398061547718975e-02 4.103854736589916674e-02
4.094995904631403699e-02 4.154762992792435106e-02
4.108464300982900969e-02 5.329828787119008510e-02
4.124790216053828701e-02 4.388160841917652932e-02
4.130174359282344498e-02 4.691197458908124424e-02
4.133714595519162593e-02 4.141532245200851142e-02
4.133835602032425588e-02 5.181355693766097337e-02
4.134790886046685321e-02 4.212309288057824314e-02
4.157150865212640156e-02 4.193484509041278674e-02
4.168394432901562086e-02 4.217153212549855368e-02
4.173648914473065269e-02 4.232546949139311121e-02
4.178815634690252051e-02 4.616619913259605024e-02
4.189451847683545865e-02 4.418061555514215394e-02
4.193384838051666258e-02 4.349132872946141759e-02
4.193981349071582848e-02 4.838623045336534062e-02
4.200725554558795011e-02 4.851932995273169208e-02
4.219281308496388577e-02 4.491360571133048984e-02
4.225095574966931250e-02 4.452573055789810913e-02
4.236322838250777129e-02 4.305793050315501885e-02
4.252014026825241128e-02 4.343197166717659152e-02
4.267126141357166502e-02 4.324307617258956599e-02
4.268191001682353214e-02 5.058092476814757266e-02
4.299036809664548431e-02 4.375173875824545089e-02
4.317661258430556537e-02 4.939352157118950121e-02
4.325643938554887824e-02 4.607576316076560097e-02
4.351757988464231147e-02 4.700825137066510367e-02
4.355325574532753485e-02 4.362317032737704492e-02
4.384045179759585992e-02 4.751466446115412690e-02
4.391406199190135695e-02 5.446434117263831282e-02
4.401357249812507672e-02 4.500208436716045951e-02
4.401818089056527827e-02 5.447239305678851923e-02
4.403167444673605074e-02 4.404082975495630936e-02
4.421048606515081553e-02 4.431060647417535414e-02
4.427172079419824241e-02 4.493689160268415916e-02
4.435471767489147787e-02 4.435495859185716039e-02
4.437245221305918114e-02 4.455898064701355188e-02
4.449817221451430466e-02 4.458710788385151363e-02
4.452244246596090416e-02 4.503922749803480896e-02
4.464010796541413584e-02 4.477698108059573884e-02
4.493900464028424691e-02 4.577370759713286080e-02
4.516708040332564900e-02 4.525421117302926011e-02
4.528593134466759457e-02 4.656755978298141030e-02
4.537931603953663379e-02 5.873973601192102739e-02
4.539809653812093559e-02 4.742269661484158072e-02
4.555509794114894623e-02 4.830274444604568812e-02
4.555650084237033992e-02 4.853460010168841876e-02
4.563543753001319397e-02 4.563547894584191883e-02
4.567938810205329075e-02 5.384029115326862541e-02
4.575383903350877662e-02 4.627579761780341305e-02
4.576578205534804350e-02 4.720430652187956183e-02
4.579951406525435698e-02 4.593646699049173249e-02
4.589986608380777766e-02 5.437531215824536329e-02
4.603010776871194892e-02 4.679269456088602092e-02
4.620605399049887430e-02 4.737799067252713991e-02
4.629982058215449670e-02 5.650729234069044177e-02
4.631004405394828494e-02 4.664077676518510462e-02
4.654092502181856467e-02 5.181672110127489433e-02
4.703336537960307873e-02 4.829803325878169462e-02
4.704581468428691016e-02 4.757179097801193801e-02
4.705142013841297904e-02 6.450963342812515711e-02
4.706483911522655467e-02 4.761478351146291449e-02
4.710056074857653374e-02 4.784576913249471986e-02
4.716567047806499713e-02 4.855805396594587570e-02
4.724526980969610823e-02 4.931734732121528797e-02
4.731361563667149661e-02 8.177246925690768720e-01
4.753018957882802764e-02 4.825276562205400160e-02
4.760748864917943579e-02 4.763732632741034256e-02
4.763773686625484560e-02 4.807171738217613094e-02
4.766874587516832518e-02 5.259244686601514951e-02
4.769863561204661095e-02 4.842564625622099161e-02
4.799013363911289187e-02 4.807856672296122180e-02
4.800154888911033896e-02 5.188850915747469927e-02
4.803692760140045731e-02 5.351642438709280220e-02
4.804269059001154557e-02 4.810066482428404511e-02
4.822735385210709380e-02 4.824662918684690521e-02
4.842998727424512040e-02 6.441370769188980994e-02
4.884153134028612619e-02 5.321925401681339846e-02
4.886797215293263441e-02 5.627880460894246067e-02
4.893791223126002510e-02 6.206175365173826480e-02
4.907055883080201075e-02 4.907061713698005617e-02
4.922106761507605288e-02 5.055745337059101840e-02
4.932052514058783005e-02 5.631580023148740483e-02
4.935730939106849208e-02 5.108658354813489649e-02
4.961982621467271592e-02 5.952964204649354579e-02
4.963411935246841988e-02 6.030963086828161623e-02
4.997834393691711480e-02 5.014250251789112434e-02
5.005537739778844614e-02 6.170056858164339741e-02
5.030359043407182928e-02 5.127031493041901006e-02
5.050218419208794135e-02 5.504518126943315492e-02
5.057676148000716382e-02 5.071485805512568334e-02
5.058447041295170005e-02 5.073254074699527771e-02
5.066972315871104415e-02 5.115966228828405099e-02
5.083956851843461633e-02 5.087024893292886596e-02
5.114065216575552908e-02 5.178166907126057622e-02
5.121895068268745438e-02 5.384972993217571752e-02
5.155592665706853345e-02 5.733361625078801926e-02
5.178599922845355391e-02 7.468420008001933064e-02
5.191051010199073529e-02 5.274439345784924515e-02
5.195458730848115381e-02 6.071504288355795281e-02
5.236806792704454955e-02 5.239747092385301647e-02
5.260491962728151838e-02 5.579620077141547729e-02
5.277771574640287983e-02 5.287304194952114483e-02
5.303613168598194511e-02 5.525213281575608315e-02
5.325823627669427907e-02 5.496334633011736026e-02
5.327561862411597793e-02 5.702438577036281209e-02
5.338448300451448247e-02 6.800472784466841947e-02
5.349258972844652543e-02 6.238042709382749657e-02
5.357539202257202010e-02 6.008950934142845424e-02
5.405569721692908558e-02 5.878712760239171442e-02
5.422981662133527503e-02 5.463653865696325995e-02
5.431858180058441593e-02 5.794055265248544695e-02
5.456395852121044554e-02 5.549946590728439128e-02
5.468261441105595755e-02 5.470754636011671002e-02
5.503014820251692779e-02 7.294028506187057170e-02
5.511152958958297904e-02 5.839570556707660703e-02
5.543404997019282798e-02 5.561878496989463433e-02
5.575398066586218643e-02 5.678422100618456259e-02
5.584529321996314216e-02 6.740569746970516418e-02
5.597677413652593637e-02 6.147512007998465200e-02
5.605782069526206446e-02 5.611989686952396222e-02
5.618217284429199293e-02 5.627080851081649876e-02
5.647304568400030728e-02 5.697569618149572052e-02
5.667922746570693698e-02 6.094485114320254138e-02
5.675304653320967230e-02 6.666630005029765271e-02
5.701340799959050964e-02 5.701558366552646195e-02
5.706018167165517047e-02 5.800123699327441179e-02
5.740204350702690639e-02 5.769693758493204400e-02
5.756342909098293575e-02 5.816782169362509636e-02
5.763866585366147349e-02 5.790641105891970730e-02
5.773930146339344149e-02 5.838351973526912514e-02
5.787780393564494197e-02 5.792691143726189096e-02
5.792125244769145975e-02 5.853008195238111611e-02
5.814220672381241461e-02 5.814882156042176092e-02
5.845736033862136694e-02 6.175041809224917494e-02
5.892051828022127485e-02 5.894205301077636017e-02
5.930139816294838218e-02 6.630789577481173425e-02
5.931221104623488061e-02 5.997247082071422569e-02
5.975565832011077438e-02 5.975602331421999563e-02
5.980504903819875567e-02 6.044800162576566271e-02
6.063443159272946525e-02 6.364432193018229600e-02
6.070784992173786782e-02 6.153347635584054121e-02
6.112610453601933364e-02 6.133998254904261815e-02
6.162781238385011545e-02 6.229181563234052754e-02
6.165495669425676700e-02 6.417921421736047516e-02
6.178359497939969747e-02 6.193900847249168840e-02
6.194168094139797243e-02 6.217239701890260595e-02
6.203205468057451655e-02 6.336832180033337425e-02
6.263305297710872188e-02 6.315676963137481503e-02
6.268465038848974880e-02 6.270308337096210105e-02
6.299465970358018863e-02 6.318663722503260749e-02
6.346457923257212141e-02 6.468944870816695225e-02
6.443829339281369195e-02 7.332845007211488686e-02
6.492253735634059830e-02 6.758802225096716132e-02
6.750734665585918226e-02 6.864874769807012556e-02
6.821928277228900273e-02 6.853817332068518065e-02
6.848610599746464411e-02 7.124584584764560857e-02
6.913955767125426477e-02 7.028502546607605372e-02
6.988998597022809400e-02 8.311025791425387388e-02
7.019616331831422806e-02 7.130520734984149844e-02
7.127473521091018394e-02 7.851078534357334993e-02
7.139480222935208620e-02 7.374673155554389847e-02
7.162286407842334557e-02 7.212113113749457627e-02
7.184865527293593512e-02 7.189469039694187935e-02
7.240166638682118960e-02 7.453979386840420274e-02
7.287247631716375906e-02 7.291538287517825012e-02
7.305048329305387222e-02 7.473726541962179282e-02
7.333832419639714495e-02 7.425241681212939315e-02
7.961064415156247909e-02 7.961237657623397579e-02
9.089317175934585880e-02 9.908341540782381052e-02
9.404470499335278177e-02 9.442118508629226969e-02
1.047134518285303961e-01 1.058310008197111823e-01
1.139777514747687959e-01 1.183310849921970082e-01
