0.000000000000000000e+00 4.632946859901709846e-02
0.000000000000000000e+00 4.297863030641114329e-02
0.000000000000000000e+00 3.516611880267293128e-02
0.000000000000000000e+00 2.435165147133891775e-02
0.000000000000000000e+00 4.101828186551450400e-02
0.000000000000000000e+00 4.314808978086216718e-02
0.000000000000000000e+00 3.835769758373155230e-02
0.000000000000000000e+00 5.497850331694892345e-02
0.000000000000000000e+00 2.221353676989471643e-02
0.000000000000000000e+00 1.701162442640166347e-02
0.000000000000000000e+00 3.664274211416936738e-02
0.000000000000000000e+00 2.497136381578567849e-02
0.000000000000000000e+00 1.889728937933814884e-02
0.000000000000000000e+00 3.645654494530289197e-02
0.000000000000000000e+00 3.172000493547954408e-02
0.000000000000000000e+00 4.193343962078073528e-02
0.000000000000000000e+00 5.001995433222922866e-02
0.000000000000000000e+00 4.319830734320207616e-02
0.000000000000000000e+00 3.687773424102669395e-02
0.000000000000000000e+00 3.146672226894896979e-02
0.000000000000000000e+00 3.118178129852117522e-02
0.000000000000000000e+00 4.025761057618975486e-02
0.000000000000000000e+00 3.868812220906537452e-02
0.000000000000000000e+00 2.286623645868056387e-02
0.000000000000000000e+00 3.009345478217995140e-02
0.000000000000000000e+00 3.039428964832052021e-02
0.000000000000000000e+00 4.366483030177391311e-02
0.000000000000000000e+00 5.629123074782015068e-02
0.000000000000000000e+00 1.840754548499132920e-02
0.000000000000000000e+00 3.356784469136443044e-02
0.000000000000000000e+00 3.726417632046920975e-02
0.000000000000000000e+00 3.074460970192915976e-02
0.000000000000000000e+00 2.592946896920975478e-02
0.000000000000000000e+00 3.387625312616239504e-02
0.000000000000000000e+00 7.996053186906307633e-03
0.000000000000000000e+00 4.036605463193720933e-02
0.000000000000000000e+00 5.903958518666067162e-02
0.000000000000000000e+00 2.210266552120266487e-02
0.000000000000000000e+00 3.103875887523083188e-02
0.000000000000000000e+00 2.973239643063070592e-02
0.000000000000000000e+00 1.311925723791708236e-02
0.000000000000000000e+00 1.556569881325416127e-02
0.000000000000000000e+00 2.215791267629674960e-02
0.000000000000000000e+00 1.257303179108757059e-02
0.000000000000000000e+00 4.348522026518453903e-02
0.000000000000000000e+00 2.922247207802165098e-02
0.000000000000000000e+00 2.666031778998072255e-02
0.000000000000000000e+00 2.990693053534415960e-02
0.000000000000000000e+00 1.990306690895972397e-02
0.000000000000000000e+00 2.331372191513032821e-02
0.000000000000000000e+00 2.419199531996276895e-02
0.000000000000000000e+00 4.143510350845700657e-02
0.000000000000000000e+00 3.381900692115095974e-02
0.000000000000000000e+00 2.438921977228408755e-02
0.000000000000000000e+00 2.738214688921686291e-02
0.000000000000000000e+00 2.032785631727678649e-02
0.000000000000000000e+00 7.915370083362748693e-03
0.000000000000000000e+00 1.607739734844624430e-02
0.000000000000000000e+00 3.864338601518633315e-02
0.000000000000000000e+00 4.826669008348511564e-02
0.000000000000000000e+00 3.774418460294669958e-02
0.000000000000000000e+00 3.610885599402364338e-02
0.000000000000000000e+00 1.875983257298284579e-02
0.000000000000000000e+00 4.732618398561450751e-02
0.000000000000000000e+00 3.325909088759316373e-02
0.000000000000000000e+00 9.947107833147405404e-03
0.000000000000000000e+00 2.474324982190683267e-02
0.000000000000000000e+00 3.665322053096604221e-02
0.000000000000000000e+00 3.162500211203057854e-02
0.000000000000000000e+00 3.336366711172785576e-02
0.000000000000000000e+00 2.049305830498140274e-02
0.000000000000000000e+00 2.077212512591923924e-02
0.000000000000000000e+00 2.411423708518757938e-02
0.000000000000000000e+00 2.074848985035710261e-02
0.000000000000000000e+00 3.891504758055296803e-02
0.000000000000000000e+00 2.985383036426014075e-02
0.000000000000000000e+00 3.138684204749812162e-02
0.000000000000000000e+00 2.506254200667041784e-02
0.000000000000000000e+00 2.352649359286080460e-02
0.000000000000000000e+00 3.395176676141024863e-02
0.000000000000000000e+00 2.626135638459770050e-02
0.000000000000000000e+00 2.510490669187160316e-03
0.000000000000000000e+00 2.709290989662445359e-02
0.000000000000000000e+00 3.069064053770757458e-02
0.000000000000000000e+00 1.393303719089766064e-03
0.000000000000000000e+00 4.070699747622669173e-02
0.000000000000000000e+00 2.784992681166705703e-02
0.000000000000000000e+00 2.494023521695525047e-02
0.000000000000000000e+00 1.775135874956364906e-02
0.000000000000000000e+00 5.331109775172276737e-03
0.000000000000000000e+00 3.473159021218268777e-02
0.000000000000000000e+00 1.688825761882008225e-02
0.000000000000000000e+00 5.190410444863161055e-02
0.000000000000000000e+00 2.733152045305391881e-02
0.000000000000000000e+00 3.225339678711743735e-02
0.000000000000000000e+00 2.556444324926607573e-02
0.000000000000000000e+00 2.821751604096446250e-02
0.000000000000000000e+00 1.773537892838913596e-02
0.000000000000000000e+00 1.336762293009865869e-02
0.000000000000000000e+00 1.731192528158639887e-02
0.000000000000000000e+00 3.906123698409869061e-02
0.000000000000000000e+00 1.228251017537286549e-02
0.000000000000000000e+00 2.638045715393560683e-02
0.000000000000000000e+00 2.752713688888281177e-02
0.000000000000000000e+00 3.716805767677044958e-02
0.000000000000000000e+00 1.965197772643399038e-02
0.000000000000000000e+00 1.611973886391563152e-02
0.000000000000000000e+00 3.281018923623544442e-02
0.000000000000000000e+00 2.016514582115853590e-02
0.000000000000000000e+00 1.188296352602487282e-02
0.000000000000000000e+00 1.824326115105981763e-02
0.000000000000000000e+00 1.676487889943926307e-02
0.000000000000000000e+00 2.264021883062523194e-02
0.000000000000000000e+00 1.999715962163475108e-02
0.000000000000000000e+00 2.156654377598477348e-02
0.000000000000000000e+00 6.577073342251296001e-03
0.000000000000000000e+00 1.319807694478111575e-02
0.000000000000000000e+00 3.266252696931423033e-02
0.000000000000000000e+00 1.713248512884593677e-02
0.000000000000000000e+00 1.385639786405499889e-02
0.000000000000000000e+00 1.439280311442031439e-02
0.000000000000000000e+00 1.958380111505573454e-03
0.000000000000000000e+00 2.643893975267109717e-02
0.000000000000000000e+00 3.966797276970028714e-03
0.000000000000000000e+00 1.138528930824986990e-02
0.000000000000000000e+00 1.349931983754461447e-02
0.000000000000000000e+00 2.625884024721459459e-02
0.000000000000000000e+00 1.605748881028605177e-02
0.000000000000000000e+00 1.453137986263959049e-02
0.000000000000000000e+00 2.003638934009998457e-02
0.000000000000000000e+00 2.269218300473045680e-02
0.000000000000000000e+00 2.456104445833038469e-02
0.000000000000000000e+00 5.769409597007622674e-03
0.000000000000000000e+00 1.146227497573447211e-02
0.000000000000000000e+00 2.043707597012908717e-02
0.000000000000000000e+00 1.797214989982741026e-02
0.000000000000000000e+00 8.848647619952130713e-03
0.000000000000000000e+00 2.933222274614966096e-02
0.000000000000000000e+00 1.575516138146695888e-02
0.000000000000000000e+00 3.507442214829990801e-02
0.000000000000000000e+00 1.617776109834202780e-02
0.000000000000000000e+00 7.858119322829974773e-03
0.000000000000000000e+00 1.324383519826939117e-02
0.000000000000000000e+00 5.666077557520944608e-02
0.000000000000000000e+00 1.132988463068187145e-02
0.000000000000000000e+00 1.706491588890260772e-02
0.000000000000000000e+00 3.199241833482479452e-02
0.000000000000000000e+00 1.993199588221869142e-02
0.000000000000000000e+00 2.927590759881278787e-02
0.000000000000000000e+00 2.991745366366030390e-02
0.000000000000000000e+00 9.274856066941535374e-03
0.000000000000000000e+00 2.935339204309260833e-02
0.000000000000000000e+00 1.634618197291907299e-02
0.000000000000000000e+00 1.912684619377486364e-02
0.000000000000000000e+00 1.453441109383840288e-02
0.000000000000000000e+00 1.479174574683722078e-02
0.000000000000000000e+00 2.702579728854680868e-02
0.000000000000000000e+00 2.499675397849304703e-02
0.000000000000000000e+00 3.563040892719962494e-02
0.000000000000000000e+00 3.902854043177084176e-02
0.000000000000000000e+00 2.088988923835099001e-02
0.000000000000000000e+00 1.650356360695734437e-02
0.000000000000000000e+00 2.237804365228988207e-02
0.000000000000000000e+00 2.304597147458299980e-02
0.000000000000000000e+00 2.424589315405601894e-02
0.000000000000000000e+00 1.632049048415195810e-02
0.000000000000000000e+00 3.874758511540822570e-02
0.000000000000000000e+00 1.219994457963207227e-02
0.000000000000000000e+00 1.811821734569111705e-02
0.000000000000000000e+00 2.290823366586639681e-02
0.000000000000000000e+00 3.573818602406686473e-02
0.000000000000000000e+00 1.596925319599809198e-02
0.000000000000000000e+00 2.637987583891450091e-02
0.000000000000000000e+00 1.018447216843902485e-02
0.000000000000000000e+00 2.558573029274316749e-02
0.000000000000000000e+00 2.944320373263473872e-02
0.000000000000000000e+00 1.944997556056668117e-02
0.000000000000000000e+00 1.692951752154190498e-02
0.000000000000000000e+00 1.995939679150166013e-02
0.000000000000000000e+00 1.124853956100720087e-02
0.000000000000000000e+00 2.207561003745104819e-02
0.000000000000000000e+00 3.060116194358973238e-02
0.000000000000000000e+00 8.949816304570503561e-03
0.000000000000000000e+00 3.048031314044018225e-02
0.000000000000000000e+00 1.121589340595204043e-02
0.000000000000000000e+00 7.120788898612274292e-03
0.000000000000000000e+00 2.958877967147429192e-02
0.000000000000000000e+00 1.063777193395931339e-02
0.000000000000000000e+00 2.959421557081450688e-02
0.000000000000000000e+00 1.406739203253718103e-02
0.000000000000000000e+00 7.159189476690428280e-03
0.000000000000000000e+00 1.980149115170055582e-02
0.000000000000000000e+00 1.637718222210623673e-02
0.000000000000000000e+00 9.417539135200081110e-03
0.000000000000000000e+00 3.509352384793121976e-02
0.000000000000000000e+00 4.331116497088362965e-03
0.000000000000000000e+00 3.199540230497723708e-02
0.000000000000000000e+00 8.425150098288427050e-03
0.000000000000000000e+00 1.894902078265097226e-02
0.000000000000000000e+00 1.269569217618313033e-02
0.000000000000000000e+00 2.693116804719759144e-02
0.000000000000000000e+00 2.544940451913087903e-02
0.000000000000000000e+00 1.120095274725049946e-02
0.000000000000000000e+00 1.679635946481196698e-02
0.000000000000000000e+00 2.115051591237844184e-02
0.000000000000000000e+00 4.367355231714765973e-02
0.000000000000000000e+00 1.450815124811467155e-02
0.000000000000000000e+00 8.276814641697183630e-03
0.000000000000000000e+00 3.231105315296978892e-02
0.000000000000000000e+00 3.036047564920283173e-02
0.000000000000000000e+00 7.786579618670406641e-03
0.000000000000000000e+00 2.371687208282197146e-02
0.000000000000000000e+00 9.981191839774189792e-03
0.000000000000000000e+00 1.128309694572273737e-02
0.000000000000000000e+00 2.332373414861458466e-02
0.000000000000000000e+00 1.521935935159978402e-02
0.000000000000000000e+00 1.721658645293262097e-02
0.000000000000000000e+00 4.265805043130665823e-03
0.000000000000000000e+00 1.700605723077934159e-02
0.000000000000000000e+00 3.081552617298187469e-02
0.000000000000000000e+00 1.534740866027981335e-02
0.000000000000000000e+00 1.983831120793622116e-02
0.000000000000000000e+00 1.483083172067044264e-02
0.000000000000000000e+00 3.597472045614747566e-02
0.000000000000000000e+00 1.492508031296962794e-02
0.000000000000000000e+00 2.640841759733200678e-02
0.000000000000000000e+00 1.239376104780201028e-02
0.000000000000000000e+00 1.536141366553580787e-02
0.000000000000000000e+00 8.760921965365041017e-03
0.000000000000000000e+00 2.905215436921586639e-02
0.000000000000000000e+00 3.308749415630432567e-02
0.000000000000000000e+00 3.057046848198913605e-02
0.000000000000000000e+00 1.831853595660851847e-02
0.000000000000000000e+00 9.366014427093663150e-03
0.000000000000000000e+00 1.583491822211347336e-02
0.000000000000000000e+00 1.131558189204700041e-02
0.000000000000000000e+00 1.236160441177475318e-02
0.000000000000000000e+00 1.355308055129202105e-02
0.000000000000000000e+00 7.653168143744542434e-03
0.000000000000000000e+00 1.892794218000097561e-02
0.000000000000000000e+00 6.128017166599664112e-02
0.000000000000000000e+00 9.747442035771458971e-03
0.000000000000000000e+00 1.588594111984387158e-02
0.000000000000000000e+00 3.569054601251697711e-02
0.000000000000000000e+00 2.027601505109867877e-02
0.000000000000000000e+00 2.634009941519534215e-02
0.000000000000000000e+00 1.325227262421576659e-02
0.000000000000000000e+00 5.845420768618383306e-02
0.000000000000000000e+00 2.529373339044213229e-02
0.000000000000000000e+00 2.122645613771401499e-02
0.000000000000000000e+00 7.711402354893887728e-03
0.000000000000000000e+00 1.171140093038430460e-02
0.000000000000000000e+00 2.880678586250853823e-02
0.000000000000000000e+00 2.936356796017759382e-02
0.000000000000000000e+00 1.786255031759237735e-02
0.000000000000000000e+00 4.065034566618688956e-03
0.000000000000000000e+00 2.368022308259045208e-02
0.000000000000000000e+00 2.854711865807019536e-02
0.000000000000000000e+00 1.325772314529551944e-02
0.000000000000000000e+00 2.153849941508918786e-03
0.000000000000000000e+00 1.952071998151300516e-02
0.000000000000000000e+00 1.115401126655465522e-02
0.000000000000000000e+00 4.769301615824200757e-02
0.000000000000000000e+00 1.133905758761642214e-02
0.000000000000000000e+00 9.491257582635930293e-03
0.000000000000000000e+00 1.501121900679452600e-02
0.000000000000000000e+00 1.467359632543052163e-02
0.000000000000000000e+00 1.060995443596064562e-02
0.000000000000000000e+00 2.529890854644752107e-02
0.000000000000000000e+00 2.336469191759265110e-02
0.000000000000000000e+00 2.213712835827608486e-02
0.000000000000000000e+00 1.597106729416982590e-02
0.000000000000000000e+00 2.319954643188066462e-02
0.000000000000000000e+00 6.927412170417465709e-03
0.000000000000000000e+00 3.533588801754684178e-02
0.000000000000000000e+00 2.223078880941049829e-02
0.000000000000000000e+00 2.905474394636549905e-03
0.000000000000000000e+00 4.915585480948848202e-02
0.000000000000000000e+00 7.243399431184011431e-03
0.000000000000000000e+00 1.570802925127781288e-02
0.000000000000000000e+00 2.155192907329582172e-02
0.000000000000000000e+00 2.513432418690847436e-02
0.000000000000000000e+00 2.660599645924039119e-03
0.000000000000000000e+00 1.694532685335367259e-02
0.000000000000000000e+00 1.848600510805412794e-02
0.000000000000000000e+00 7.116620422843140427e-03
0.000000000000000000e+00 3.076138039737793053e-02
0.000000000000000000e+00 2.930225187473097653e-02
0.000000000000000000e+00 6.561145149705755603e-03
0.000000000000000000e+00 1.297744485881929290e-02
0.000000000000000000e+00 2.284890981988033434e-02
0.000000000000000000e+00 1.805771639762268968e-02
0.000000000000000000e+00 2.035620814216082194e-02
0.000000000000000000e+00 3.619127889822362082e-02
0.000000000000000000e+00 3.693058205992771383e-03
0.000000000000000000e+00 2.262304247237870852e-02
0.000000000000000000e+00 2.509354839226041189e-02
0.000000000000000000e+00 1.025116801533452159e-02
0.000000000000000000e+00 1.943186522970782176e-02
0.000000000000000000e+00 2.136542549055060053e-02
0.000000000000000000e+00 2.425005464764991986e-02
0.000000000000000000e+00 1.396621131929409038e-02
0.000000000000000000e+00 4.169248795055716106e-02
0.000000000000000000e+00 2.089803951716210501e-02
0.000000000000000000e+00 2.399698767536326618e-03
0.000000000000000000e+00 1.784972636658571990e-02
0.000000000000000000e+00 1.703850434291509855e-02
0.000000000000000000e+00 1.185975986601005457e-02
0.000000000000000000e+00 4.134395027977039866e-03
0.000000000000000000e+00 2.684672951500156196e-02
0.000000000000000000e+00 1.044585469193872428e-02
0.000000000000000000e+00 2.462952346561220196e-02
0.000000000000000000e+00 2.530703899386742978e-02
0.000000000000000000e+00 4.584112114711012820e-03
0.000000000000000000e+00 5.451423527660738400e-03
0.000000000000000000e+00 2.144404474659068055e-02
0.000000000000000000e+00 4.520315711827573024e-02
0.000000000000000000e+00 9.882352365463869734e-03
0.000000000000000000e+00 2.268815093916247763e-02
0.000000000000000000e+00 8.521899782278291938e-03
0.000000000000000000e+00 1.670121813006866102e-02
0.000000000000000000e+00 1.674681682258359963e-02
0.000000000000000000e+00 2.478485092384245109e-02
0.000000000000000000e+00 5.955202711176819409e-03
0.000000000000000000e+00 7.079962177753803404e-03
0.000000000000000000e+00 3.732228036437090779e-02
0.000000000000000000e+00 3.920382774991754138e-02
0.000000000000000000e+00 2.474614781856908016e-02
0.000000000000000000e+00 1.600864464633445713e-02
0.000000000000000000e+00 5.706215578164334709e-03
0.000000000000000000e+00 3.034281607478780604e-02
0.000000000000000000e+00 2.447534940463517647e-02
0.000000000000000000e+00 2.804777205223966605e-02
0.000000000000000000e+00 1.977810148984789421e-02
0.000000000000000000e+00 2.424981954037818202e-02
0.000000000000000000e+00 8.684632345641851367e-03
0.000000000000000000e+00 2.702701921295276588e-02
0.000000000000000000e+00 7.726637098669338934e-03
0.000000000000000000e+00 2.702379667466349531e-03
0.000000000000000000e+00 5.794687325179253938e-03
0.000000000000000000e+00 2.068607770520249425e-02
0.000000000000000000e+00 2.487609323362172456e-02
0.000000000000000000e+00 2.150467878637545016e-02
0.000000000000000000e+00 1.554551409547450316e-02
0.000000000000000000e+00 2.367024381842724318e-02
0.000000000000000000e+00 1.211901905569371524e-02
0.000000000000000000e+00 1.831614563951633468e-02
0.000000000000000000e+00 2.737203841269821719e-02
0.000000000000000000e+00 9.829645485200221716e-03
0.000000000000000000e+00 1.045653486691391562e-02
0.000000000000000000e+00 3.069891839614393922e-02
0.000000000000000000e+00 1.025013753196388731e-02
0.000000000000000000e+00 1.060654329637964778e-02
0.000000000000000000e+00 4.039906116797877672e-02
0.000000000000000000e+00 2.485058804544571995e-02
0.000000000000000000e+00 7.667814115518152562e-03
0.000000000000000000e+00 1.867819942061060487e-02
0.000000000000000000e+00 2.438570905201414146e-02
0.000000000000000000e+00 1.882778070507763052e-02
0.000000000000000000e+00 1.889047995184325521e-02
0.000000000000000000e+00 1.240646345921948487e-02
0.000000000000000000e+00 7.948932443051972413e-03
0.000000000000000000e+00 3.356033033724650089e-02
0.000000000000000000e+00 1.644783254759119712e-02
0.000000000000000000e+00 5.401515948259161259e-03
0.000000000000000000e+00 1.281350296382108289e-02
0.000000000000000000e+00 6.280880380653947569e-03
0.000000000000000000e+00 1.693277718632492726e-02
0.000000000000000000e+00 3.139087470859579232e-02
0.000000000000000000e+00 3.428932547963600697e-02
0.000000000000000000e+00 3.582849356290647956e-03
0.000000000000000000e+00 6.746818554147189853e-03
0.000000000000000000e+00 2.795605653987662947e-02
0.000000000000000000e+00 2.130462512306255732e-02
0.000000000000000000e+00 1.369651698849137789e-02
0.000000000000000000e+00 4.431907407773994639e-02
0.000000000000000000e+00 2.033179029734899154e-02
0.000000000000000000e+00 1.601634227094621971e-02
0.000000000000000000e+00 2.324258386789552697e-02
0.000000000000000000e+00 1.472070893906492553e-02
0.000000000000000000e+00 1.752567205311779744e-02
0.000000000000000000e+00 2.038105895312686960e-02
0.000000000000000000e+00 1.822517087257005328e-02
0.000000000000000000e+00 1.629699471436330330e-02
0.000000000000000000e+00 8.294969143926826313e-03
0.000000000000000000e+00 7.207991015308281950e-03
0.000000000000000000e+00 2.505489995336576681e-02
0.000000000000000000e+00 1.272199187183773762e-02
0.000000000000000000e+00 2.237949581055156262e-02
0.000000000000000000e+00 9.233345278331016662e-03
0.000000000000000000e+00 1.623822931369482345e-02
0.000000000000000000e+00 2.458016545665573510e-02
0.000000000000000000e+00 4.519771096302288745e-03
0.000000000000000000e+00 2.045037746639756862e-02
0.000000000000000000e+00 6.674915529277293015e-03
0.000000000000000000e+00 1.142117270818472814e-02
0.000000000000000000e+00 4.996301274209954957e-02
0.000000000000000000e+00 1.959590619384246266e-02
0.000000000000000000e+00 5.641499629739293864e-02
0.000000000000000000e+00 9.545948188666058751e-03
0.000000000000000000e+00 2.391770531588438206e-02
0.000000000000000000e+00 1.723506222092209897e-02
0.000000000000000000e+00 2.236461522556305523e-02
0.000000000000000000e+00 1.612532676628871883e-02
0.000000000000000000e+00 2.810970037717063722e-03
0.000000000000000000e+00 1.444460283543358599e-02
0.000000000000000000e+00 8.381581625066140268e-03
0.000000000000000000e+00 4.779286785685833011e-03
0.000000000000000000e+00 1.661283170549295377e-02
0.000000000000000000e+00 1.004550037778273452e-02
0.000000000000000000e+00 5.928331566560252758e-02
0.000000000000000000e+00 1.168008117101019226e-02
0.000000000000000000e+00 1.655413557968701821e-02
0.000000000000000000e+00 7.928998699081514501e-03
0.000000000000000000e+00 2.541540708224914943e-02
0.000000000000000000e+00 1.202263499245559766e-02
0.000000000000000000e+00 1.566693501520916368e-02
0.000000000000000000e+00 2.788703823742444410e-02
0.000000000000000000e+00 8.086032532720577662e-03
0.000000000000000000e+00 1.184196490495495295e-02
0.000000000000000000e+00 2.003123553598297815e-02
0.000000000000000000e+00 1.556317528774768533e-02
0.000000000000000000e+00 1.568239755291176915e-02
0.000000000000000000e+00 1.142693806105625313e-02
0.000000000000000000e+00 8.992234210088132645e-03
0.000000000000000000e+00 2.596055296607250110e-02
0.000000000000000000e+00 5.728271411513627918e-03
0.000000000000000000e+00 6.179246996727344107e-03
0.000000000000000000e+00 2.960266679523080799e-02
0.000000000000000000e+00 9.120358752296213456e-03
0.000000000000000000e+00 5.069199112876197899e-03
0.000000000000000000e+00 1.929509089787733930e-02
0.000000000000000000e+00 2.226490619614736668e-02
0.000000000000000000e+00 1.784793995615983897e-02
0.000000000000000000e+00 9.960208837600363976e-03
0.000000000000000000e+00 2.404371874225549183e-02
0.000000000000000000e+00 2.465907007055612860e-02
0.000000000000000000e+00 8.981454969496510676e-03
0.000000000000000000e+00 7.211293356113179787e-02
0.000000000000000000e+00 1.142006831690236222e-02
0.000000000000000000e+00 7.865720304357776485e-03
0.000000000000000000e+00 2.875441808874342267e-02
0.000000000000000000e+00 3.221901080025072178e-03
0.000000000000000000e+00 1.849134394166890294e-02
0.000000000000000000e+00 2.398480115044224203e-02
0.000000000000000000e+00 1.512102426942417595e-02
0.000000000000000000e+00 6.126187756977551774e-03
0.000000000000000000e+00 1.735965342826238308e-02
0.000000000000000000e+00 3.145761719421894670e-02
0.000000000000000000e+00 2.703847504218851241e-02
0.000000000000000000e+00 9.675192005389484859e-03
0.000000000000000000e+00 1.524778364500403022e-02
0.000000000000000000e+00 1.384907157620986207e-02
0.000000000000000000e+00 2.300564626977896071e-02
0.000000000000000000e+00 9.244070871662686539e-03
0.000000000000000000e+00 5.157602530113929162e-03
0.000000000000000000e+00 2.218762997563713396e-02
0.000000000000000000e+00 6.958256129536565839e-03
0.000000000000000000e+00 7.348558072440223785e-03
0.000000000000000000e+00 1.028602607775217469e-02
0.000000000000000000e+00 5.518570085398923075e-02
0.000000000000000000e+00 2.854715054101635008e-02
0.000000000000000000e+00 1.108154604347962556e-02
0.000000000000000000e+00 6.595122534483539162e-03
0.000000000000000000e+00 1.093025833618413434e-02
0.000000000000000000e+00 1.121569462308868309e-02
0.000000000000000000e+00 3.163373800437535837e-03
0.000000000000000000e+00 1.219485156473932609e-02
0.000000000000000000e+00 7.165625933776558799e-03
0.000000000000000000e+00 1.662505371827118980e-02
0.000000000000000000e+00 2.091813582959054299e-02
0.000000000000000000e+00 2.405931903266346483e-02
0.000000000000000000e+00 2.263777857157119044e-02
0.000000000000000000e+00 1.582245699062271443e-02
0.000000000000000000e+00 3.759490028577901211e-02
0.000000000000000000e+00 6.252365104033010684e-03
0.000000000000000000e+00 1.841655818456007163e-02
0.000000000000000000e+00 1.059037529895545497e-02
0.000000000000000000e+00 6.679170438223461237e-02
0.000000000000000000e+00 1.749239106310820219e-02
0.000000000000000000e+00 2.234245836478407354e-02
0.000000000000000000e+00 2.052097632128034588e-02
0.000000000000000000e+00 3.060168219607814141e-02
0.000000000000000000e+00 1.245123031571682831e-02
0.000000000000000000e+00 1.962809795164666485e-02
0.000000000000000000e+00 3.763057461602951209e-02
0.000000000000000000e+00 5.854330483197930923e-03
0.000000000000000000e+00 1.000341293918111801e-02
0.000000000000000000e+00 1.529915314280439788e-02
0.000000000000000000e+00 4.054759988736905685e-02
0.000000000000000000e+00 2.407942940152727612e-02
0.000000000000000000e+00 5.254660536533839466e-03
0.000000000000000000e+00 6.741615679831233256e-03
0.000000000000000000e+00 1.319827280142469098e-02
0.000000000000000000e+00 1.461548763790784453e-02
0.000000000000000000e+00 1.524485008459845227e-02
0.000000000000000000e+00 2.274094907630397691e-02
0.000000000000000000e+00 1.112747956619229185e-02
0.000000000000000000e+00 8.071485042582140709e-03
