0.000000000000000000e+00 4.160912345965717823e-02
0.000000000000000000e+00 3.884619787504577787e-02
0.000000000000000000e+00 3.437358117866325807e-02
0.000000000000000000e+00 1.633697497100278923e-02
0.000000000000000000e+00 3.277439127075426617e-02
0.000000000000000000e+00 3.387005797231458504e-02
0.000000000000000000e+00 3.047923455670955434e-02
0.000000000000000000e+00 2.532085730568290130e-02
0.000000000000000000e+00 4.596415015643910001e-02
0.000000000000000000e+00 2.240813307258799486e-02
0.000000000000000000e+00 5.017807337806690776e-02
0.000000000000000000e+00 3.262104512290774083e-02
0.000000000000000000e+00 1.772564373354141090e-02
0.000000000000000000e+00 1.967264345804651746e-02
0.000000000000000000e+00 3.084915331095709409e-02
0.000000000000000000e+00 2.368334591940231271e-02
0.000000000000000000e+00 2.541001588871795794e-02
0.000000000000000000e+00 3.345795426623498353e-02
0.000000000000000000e+00 2.622441558095766137e-02
0.000000000000000000e+00 2.540871948789209800e-02
0.000000000000000000e+00 2.339218980676780954e-02
0.000000000000000000e+00 6.887837483981800769e-03
0.000000000000000000e+00 2.588234887353182620e-02
0.000000000000000000e+00 1.923479316644013948e-02
0.000000000000000000e+00 2.260925543049012790e-02
0.000000000000000000e+00 9.713327843451687732e-03
0.000000000000000000e+00 1.870713622154462907e-02
0.000000000000000000e+00 2.882674472665510898e-02
0.000000000000000000e+00 2.081106164718999826e-02
0.000000000000000000e+00 1.466024530290427515e-02
0.000000000000000000e+00 3.583585910318037165e-02
0.000000000000000000e+00 2.476768907201672143e-02
0.000000000000000000e+00 1.558495056509047287e-02
0.000000000000000000e+00 2.364833408318841451e-02
0.000000000000000000e+00 1.929236943372651322e-02
0.000000000000000000e+00 2.000455900754326624e-02
0.000000000000000000e+00 1.686932193870279914e-02
0.000000000000000000e+00 2.396677664032535737e-02
0.000000000000000000e+00 2.439272044774514966e-02
0.000000000000000000e+00 2.198377925118931084e-02
0.000000000000000000e+00 9.419752547913398666e-03
0.000000000000000000e+00 1.861456942487068819e-02
0.000000000000000000e+00 2.266113984280840668e-02
0.000000000000000000e+00 1.840741936495962280e-02
0.000000000000000000e+00 2.090096834944258145e-02
0.000000000000000000e+00 2.346198941727355158e-02
0.000000000000000000e+00 9.240410200061655727e-03
0.000000000000000000e+00 3.183078080817833971e-02
0.000000000000000000e+00 8.297860233022180329e-03
0.000000000000000000e+00 2.121308138823366912e-02
0.000000000000000000e+00 1.823281835765963241e-02
0.000000000000000000e+00 1.616481963320011081e-02
0.000000000000000000e+00 3.075955642965522152e-02
0.000000000000000000e+00 1.872902111585204518e-02
0.000000000000000000e+00 1.834862286168851414e-02
0.000000000000000000e+00 2.593614066050062283e-02
0.000000000000000000e+00 1.904086508911918829e-02
0.000000000000000000e+00 2.007462785144955089e-02
0.000000000000000000e+00 1.299546783932770296e-02
0.000000000000000000e+00 1.651508096749429097e-02
0.000000000000000000e+00 2.322542720856611217e-02
0.000000000000000000e+00 2.270696732167658966e-02
0.000000000000000000e+00 1.497151350154726085e-02
0.000000000000000000e+00 1.054333187747554836e-02
0.000000000000000000e+00 1.266559103904962846e-02
0.000000000000000000e+00 2.209392779076264565e-02
0.000000000000000000e+00 1.819727639981976591e-02
0.000000000000000000e+00 5.711614304385347930e-03
0.000000000000000000e+00 1.889678208693471723e-02
0.000000000000000000e+00 1.535087606797468258e-02
0.000000000000000000e+00 1.794853231540388672e-02
0.000000000000000000e+00 2.000867850847398016e-02
0.000000000000000000e+00 1.547298039295099022e-02
0.000000000000000000e+00 9.730552065646451768e-03
0.000000000000000000e+00 1.784425143760470095e-02
0.000000000000000000e+00 2.090237129425814855e-02
0.000000000000000000e+00 1.712774748634331504e-02
0.000000000000000000e+00 1.384557063667567547e-02
0.000000000000000000e+00 1.556045966709361690e-02
0.000000000000000000e+00 1.750149775364260099e-02
0.000000000000000000e+00 1.537486533986879601e-02
0.000000000000000000e+00 2.649239328331903787e-02
0.000000000000000000e+00 4.638881973748784811e-03
0.000000000000000000e+00 1.840464631789337849e-02
0.000000000000000000e+00 1.690498117710251269e-02
0.000000000000000000e+00 3.397359991210805591e-02
0.000000000000000000e+00 2.126204466673621910e-02
0.000000000000000000e+00 1.220813084221029909e-02
0.000000000000000000e+00 2.850282376595368594e-02
0.000000000000000000e+00 1.754996499558192716e-02
0.000000000000000000e+00 1.579697492511867793e-02
0.000000000000000000e+00 1.336305135212586745e-02
0.000000000000000000e+00 2.975771752003452449e-03
0.000000000000000000e+00 2.937861344522119458e-02
0.000000000000000000e+00 1.212951236163279344e-02
0.000000000000000000e+00 2.718854462017232868e-02
0.000000000000000000e+00 1.695358002305410658e-02
0.000000000000000000e+00 3.709007581778668485e-03
0.000000000000000000e+00 1.437789103522559356e-02
0.000000000000000000e+00 2.034777908462976140e-02
0.000000000000000000e+00 1.018448187738956248e-02
0.000000000000000000e+00 2.873177675360417266e-02
0.000000000000000000e+00 1.314024158374300054e-02
0.000000000000000000e+00 2.330493387983908777e-03
0.000000000000000000e+00 1.601755959764064943e-02
0.000000000000000000e+00 1.068797351647719600e-02
0.000000000000000000e+00 7.399247772101624245e-03
0.000000000000000000e+00 1.152246459694676074e-02
0.000000000000000000e+00 1.810554958125635411e-02
0.000000000000000000e+00 1.685816435288015405e-02
0.000000000000000000e+00 1.537778444862335746e-02
0.000000000000000000e+00 1.113066623778847554e-02
0.000000000000000000e+00 2.375293468242222275e-02
0.000000000000000000e+00 1.285461723841228865e-02
0.000000000000000000e+00 8.889964738811430636e-03
0.000000000000000000e+00 1.848402237900423351e-02
0.000000000000000000e+00 3.270610880487081346e-02
0.000000000000000000e+00 1.269248237833444683e-02
0.000000000000000000e+00 1.758962577423583626e-02
0.000000000000000000e+00 8.186771207359515648e-03
0.000000000000000000e+00 2.430698481463059585e-02
0.000000000000000000e+00 7.862707086084974248e-03
0.000000000000000000e+00 7.833184630163924494e-03
0.000000000000000000e+00 1.023751755629409739e-02
0.000000000000000000e+00 1.103773672760266673e-02
0.000000000000000000e+00 1.119754863602626799e-02
0.000000000000000000e+00 1.228700254010251132e-02
0.000000000000000000e+00 2.315745800081529457e-02
0.000000000000000000e+00 8.061057572911803012e-03
0.000000000000000000e+00 1.460432780382721861e-02
0.000000000000000000e+00 8.591252081166778770e-03
0.000000000000000000e+00 2.204629978023856310e-02
0.000000000000000000e+00 1.660560381212659864e-02
0.000000000000000000e+00 6.691710054961176254e-03
0.000000000000000000e+00 1.021678834958452027e-02
0.000000000000000000e+00 9.336596407870571476e-03
0.000000000000000000e+00 5.227674993810453065e-03
0.000000000000000000e+00 9.273160065727353157e-03
0.000000000000000000e+00 1.070545448655075768e-02
0.000000000000000000e+00 1.735858948877513214e-02
0.000000000000000000e+00 8.563176174267389182e-03
0.000000000000000000e+00 2.093877003642134055e-02
0.000000000000000000e+00 1.134234140822644107e-02
0.000000000000000000e+00 9.959613031383894588e-03
0.000000000000000000e+00 1.231052997275684964e-02
0.000000000000000000e+00 4.829757391716556908e-02
0.000000000000000000e+00 1.227457542932869523e-02
0.000000000000000000e+00 3.951605747478669634e-02
0.000000000000000000e+00 1.092050063083091493e-02
0.000000000000000000e+00 4.919586628143369014e-03
0.000000000000000000e+00 1.736295840404537133e-02
0.000000000000000000e+00 1.133187445083831679e-02
0.000000000000000000e+00 1.401347958738884819e-02
0.000000000000000000e+00 1.440339539080343935e-02
0.000000000000000000e+00 1.001536908497577955e-02
0.000000000000000000e+00 1.101944996539342900e-02
0.000000000000000000e+00 1.680698834750389212e-02
0.000000000000000000e+00 4.810282918385972231e-03
0.000000000000000000e+00 1.685161983029358906e-02
0.000000000000000000e+00 1.007119366003291459e-02
0.000000000000000000e+00 1.388823269252776119e-02
0.000000000000000000e+00 1.490452670502471176e-02
0.000000000000000000e+00 4.561512551820343098e-03
0.000000000000000000e+00 2.531484742991166326e-02
0.000000000000000000e+00 8.331509287920216278e-03
0.000000000000000000e+00 1.117252445365484251e-02
0.000000000000000000e+00 1.129805986127524475e-02
0.000000000000000000e+00 1.960040288277459936e-02
0.000000000000000000e+00 1.864984343805129938e-02
0.000000000000000000e+00 9.698484993749137070e-03
0.000000000000000000e+00 1.281934863397756440e-02
0.000000000000000000e+00 1.435202553741963746e-02
0.000000000000000000e+00 1.329999084202469935e-02
0.000000000000000000e+00 2.173631685380800205e-02
0.000000000000000000e+00 1.049404416682549364e-02
0.000000000000000000e+00 1.885823075675638338e-02
0.000000000000000000e+00 1.302367258741531780e-02
0.000000000000000000e+00 1.617725706144538048e-02
0.000000000000000000e+00 1.169664196117030028e-02
0.000000000000000000e+00 7.707771083607758283e-03
0.000000000000000000e+00 6.063263973453752662e-03
0.000000000000000000e+00 8.743045162709517371e-03
0.000000000000000000e+00 6.155717551708234439e-03
0.000000000000000000e+00 1.958940899496544250e-02
0.000000000000000000e+00 1.678617144193038715e-02
0.000000000000000000e+00 9.224688679205009928e-03
0.000000000000000000e+00 1.709972469057749467e-02
0.000000000000000000e+00 2.687152347880584352e-02
0.000000000000000000e+00 1.284249821190941616e-02
0.000000000000000000e+00 1.520701123828085109e-02
0.000000000000000000e+00 4.690720191473572893e-03
0.000000000000000000e+00 2.751327667628952756e-02
0.000000000000000000e+00 1.623123462501866593e-02
0.000000000000000000e+00 1.257702817195683644e-02
0.000000000000000000e+00 1.111970216554992313e-02
0.000000000000000000e+00 3.487249481203212598e-02
0.000000000000000000e+00 1.941369275114355683e-02
0.000000000000000000e+00 3.104348632476713193e-02
0.000000000000000000e+00 1.248323221075251649e-02
0.000000000000000000e+00 1.771664999181931516e-02
0.000000000000000000e+00 1.313881660052217473e-02
0.000000000000000000e+00 1.486794581816493210e-02
0.000000000000000000e+00 1.842137924207942409e-02
0.000000000000000000e+00 1.489352671696186209e-02
0.000000000000000000e+00 2.265612841889263693e-02
0.000000000000000000e+00 1.301551683687705678e-02
0.000000000000000000e+00 6.887052297424230488e-03
0.000000000000000000e+00 1.859167961427408977e-02
0.000000000000000000e+00 7.956110592788027611e-03
0.000000000000000000e+00 2.818864245721125483e-02
0.000000000000000000e+00 2.393461814827877593e-02
0.000000000000000000e+00 1.688311585167083517e-02
0.000000000000000000e+00 2.644742317015803812e-02
0.000000000000000000e+00 7.774299235739262452e-03
0.000000000000000000e+00 1.266155849763479953e-02
0.000000000000000000e+00 1.501930689741296475e-02
0.000000000000000000e+00 3.672712749977307539e-02
0.000000000000000000e+00 9.766839283011368930e-03
0.000000000000000000e+00 1.792777360438580631e-02
0.000000000000000000e+00 1.717866887298204887e-02
0.000000000000000000e+00 1.489665079060266580e-02
0.000000000000000000e+00 2.004584518762405655e-03
0.000000000000000000e+00 1.542770690361265108e-02
0.000000000000000000e+00 2.083674197512559723e-02
0.000000000000000000e+00 6.288028577005922402e-03
0.000000000000000000e+00 1.381398136343944642e-02
0.000000000000000000e+00 4.785177759385707795e-03
0.000000000000000000e+00 5.871056955073834620e-03
0.000000000000000000e+00 1.461441974205225647e-02
0.000000000000000000e+00 1.282083886226627507e-02
0.000000000000000000e+00 4.635226088025252988e-03
0.000000000000000000e+00 1.079034437208919311e-02
0.000000000000000000e+00 3.470261504432427951e-02
0.000000000000000000e+00 1.963562128878969595e-02
0.000000000000000000e+00 3.020072501850550387e-02
0.000000000000000000e+00 8.426353201006183194e-03
0.000000000000000000e+00 1.223539985325936517e-02
0.000000000000000000e+00 1.523965484617134311e-02
0.000000000000000000e+00 1.530987883832483736e-02
0.000000000000000000e+00 1.038221485553571764e-02
0.000000000000000000e+00 9.529072395857120931e-03
0.000000000000000000e+00 6.130419481077425958e-03
0.000000000000000000e+00 1.215314788849822941e-02
0.000000000000000000e+00 7.714246069777826870e-03
0.000000000000000000e+00 1.138113488993358277e-02
0.000000000000000000e+00 5.618884509437866229e-04
0.000000000000000000e+00 1.422542021293561262e-02
0.000000000000000000e+00 1.144009732128507643e-02
0.000000000000000000e+00 7.942525135973578509e-03
0.000000000000000000e+00 2.943973059214763724e-02
0.000000000000000000e+00 1.450054540975237102e-02
0.000000000000000000e+00 1.709818782894688069e-02
0.000000000000000000e+00 2.390524131651529730e-02
0.000000000000000000e+00 3.476499858085842221e-02
0.000000000000000000e+00 2.810704847403417209e-03
0.000000000000000000e+00 7.575300671130313739e-03
0.000000000000000000e+00 3.567462616262453284e-02
0.000000000000000000e+00 6.007012608929441534e-03
0.000000000000000000e+00 1.611285966884670739e-02
0.000000000000000000e+00 7.750648875516033542e-03
0.000000000000000000e+00 1.009180630660471562e-02
0.000000000000000000e+00 1.660457852726706512e-02
0.000000000000000000e+00 2.044731484825371148e-02
0.000000000000000000e+00 1.752421534144569734e-02
0.000000000000000000e+00 2.308730764199968741e-02
0.000000000000000000e+00 1.034027965767004599e-02
0.000000000000000000e+00 1.124606219095136868e-02
0.000000000000000000e+00 7.297685631857357171e-03
0.000000000000000000e+00 2.175639612771134920e-02
0.000000000000000000e+00 9.870590535498355994e-03
0.000000000000000000e+00 9.161982172672748434e-03
0.000000000000000000e+00 8.179705411969998702e-03
0.000000000000000000e+00 2.355381752593900969e-03
0.000000000000000000e+00 2.191864695009706349e-02
0.000000000000000000e+00 2.028603126064917536e-02
0.000000000000000000e+00 1.663343448087503326e-02
0.000000000000000000e+00 9.996393016560221195e-03
0.000000000000000000e+00 2.269469687706236402e-02
0.000000000000000000e+00 2.426375270851537091e-02
0.000000000000000000e+00 2.418640989642875314e-02
0.000000000000000000e+00 1.296777366149782541e-02
0.000000000000000000e+00 1.094508082366876800e-02
0.000000000000000000e+00 1.785514218291439290e-02
0.000000000000000000e+00 1.327912156857489860e-02
0.000000000000000000e+00 6.849256396361418260e-03
0.000000000000000000e+00 2.264532189714586752e-02
0.000000000000000000e+00 1.823647410590770179e-02
0.000000000000000000e+00 7.546460650549464619e-03
0.000000000000000000e+00 1.634170543381165130e-02
0.000000000000000000e+00 2.164260715176795705e-02
0.000000000000000000e+00 8.787533002062895143e-03
0.000000000000000000e+00 1.146427515960084242e-02
0.000000000000000000e+00 1.693224117141896995e-02
0.000000000000000000e+00 2.712448832223531090e-03
0.000000000000000000e+00 2.007508494751021957e-02
0.000000000000000000e+00 2.178809209543079717e-02
0.000000000000000000e+00 1.378138136474442617e-02
0.000000000000000000e+00 1.193434823990204008e-02
0.000000000000000000e+00 1.827552616606851685e-02
0.000000000000000000e+00 7.830268974259155593e-03
0.000000000000000000e+00 1.946323411095300313e-02
0.000000000000000000e+00 1.181934943511120210e-02
0.000000000000000000e+00 7.460491072877211728e-03
0.000000000000000000e+00 7.653583275990284707e-03
0.000000000000000000e+00 1.322268044834278011e-02
0.000000000000000000e+00 9.819705756091980445e-03
0.000000000000000000e+00 1.433804624999967213e-02
0.000000000000000000e+00 6.010209920645085205e-03
0.000000000000000000e+00 9.851061217310002824e-03
0.000000000000000000e+00 3.777643325604786856e-03
0.000000000000000000e+00 1.751611422909607474e-02
0.000000000000000000e+00 1.631931225344257150e-02
0.000000000000000000e+00 9.587147826716152857e-03
0.000000000000000000e+00 2.057753469790409712e-02
0.000000000000000000e+00 1.584311624050969286e-02
0.000000000000000000e+00 1.270630431890739515e-02
0.000000000000000000e+00 2.109792358726657671e-02
0.000000000000000000e+00 7.831411708051174911e-03
0.000000000000000000e+00 9.232926917015481585e-03
0.000000000000000000e+00 8.029049720562616427e-03
0.000000000000000000e+00 3.667598644882068531e-03
0.000000000000000000e+00 2.859275791362951222e-02
0.000000000000000000e+00 6.834732194792787416e-03
0.000000000000000000e+00 7.439303811543755349e-03
0.000000000000000000e+00 3.899685748595623381e-03
0.000000000000000000e+00 3.570010186795468613e-03
0.000000000000000000e+00 1.295561459511606825e-02
0.000000000000000000e+00 5.856084354792030940e-03
0.000000000000000000e+00 8.461414751164228476e-03
0.000000000000000000e+00 1.860503551315904891e-02
0.000000000000000000e+00 5.729628620439274241e-03
0.000000000000000000e+00 3.099994315494499983e-02
0.000000000000000000e+00 9.461299003318242654e-03
0.000000000000000000e+00 1.321139189943398157e-02
0.000000000000000000e+00 2.422242189749926507e-03
0.000000000000000000e+00 4.400336378735460012e-03
0.000000000000000000e+00 2.177207215014642303e-02
0.000000000000000000e+00 6.707701521279339080e-03
0.000000000000000000e+00 3.363785293775700160e-03
0.000000000000000000e+00 2.631825309083542230e-02
0.000000000000000000e+00 4.384365748049407450e-03
0.000000000000000000e+00 3.885144724612171578e-03
0.000000000000000000e+00 7.433608530252634738e-03
0.000000000000000000e+00 2.259674406909010363e-02
0.000000000000000000e+00 6.543691818735647772e-03
0.000000000000000000e+00 1.145558497360319936e-02
0.000000000000000000e+00 1.504870909428313724e-02
0.000000000000000000e+00 1.285464007061800674e-02
0.000000000000000000e+00 1.322009696389923536e-02
0.000000000000000000e+00 3.747192550966868801e-03
0.000000000000000000e+00 1.465517301126770949e-02
0.000000000000000000e+00 8.791976092652658073e-03
0.000000000000000000e+00 1.115188074851421879e-02
0.000000000000000000e+00 1.194198066647720637e-02
0.000000000000000000e+00 8.178815373603723349e-03
0.000000000000000000e+00 4.231660500958386167e-02
0.000000000000000000e+00 1.256369124927024170e-02
0.000000000000000000e+00 1.734453378647430113e-02
0.000000000000000000e+00 1.984623129877717898e-02
0.000000000000000000e+00 8.592436373327577356e-03
0.000000000000000000e+00 4.322012932302369062e-03
0.000000000000000000e+00 1.054682697460918028e-02
0.000000000000000000e+00 1.055519610164555588e-02
0.000000000000000000e+00 1.681572301359193777e-02
0.000000000000000000e+00 1.413931353945022118e-02
0.000000000000000000e+00 6.828110281173684244e-03
0.000000000000000000e+00 1.198849518281116903e-02
0.000000000000000000e+00 1.903398555931891042e-02
0.000000000000000000e+00 1.164719747906660559e-02
0.000000000000000000e+00 2.443370144542384229e-02
0.000000000000000000e+00 1.389911380433278727e-02
0.000000000000000000e+00 1.925754865209465191e-02
0.000000000000000000e+00 6.945702197429148329e-03
0.000000000000000000e+00 1.161550078167890472e-02
0.000000000000000000e+00 7.048463467596856671e-03
0.000000000000000000e+00 1.189186455590140329e-02
0.000000000000000000e+00 5.311161944477873521e-03
0.000000000000000000e+00 2.991584980696036788e-02
0.000000000000000000e+00 1.270317140319064675e-02
0.000000000000000000e+00 7.484435033997286109e-03
0.000000000000000000e+00 1.623627514173339031e-02
0.000000000000000000e+00 7.610269038479539234e-03
0.000000000000000000e+00 3.781116775698715321e-02
0.000000000000000000e+00 1.960149001727043080e-02
0.000000000000000000e+00 2.079484268535241112e-02
0.000000000000000000e+00 2.864869998395454601e-02
0.000000000000000000e+00 1.826258282891664655e-02
0.000000000000000000e+00 4.997582595404478738e-03
0.000000000000000000e+00 2.866230233072594204e-03
0.000000000000000000e+00 7.730150730029799501e-03
0.000000000000000000e+00 3.617748097267505739e-03
0.000000000000000000e+00 1.951569007550533683e-02
0.000000000000000000e+00 1.908721061744914071e-02
0.000000000000000000e+00 1.917291081195159758e-02
0.000000000000000000e+00 1.514182970981623778e-02
0.000000000000000000e+00 1.768393424190163252e-02
0.000000000000000000e+00 1.130089189606845596e-02
0.000000000000000000e+00 1.032529466965699874e-02
0.000000000000000000e+00 1.023749987704398665e-02
0.000000000000000000e+00 2.897585656376045968e-02
0.000000000000000000e+00 1.786671441280558367e-02
0.000000000000000000e+00 1.268642385471401186e-02
0.000000000000000000e+00 9.082189732627159520e-03
0.000000000000000000e+00 1.775385492809366389e-02
0.000000000000000000e+00 1.794694924297284000e-02
0.000000000000000000e+00 1.636928425259196254e-02
0.000000000000000000e+00 2.411877093700848240e-02
0.000000000000000000e+00 1.365140217773045013e-02
0.000000000000000000e+00 1.280180786380967842e-02
0.000000000000000000e+00 2.335092930969999772e-02
0.000000000000000000e+00 1.480596458244506052e-02
0.000000000000000000e+00 1.189949060143747316e-02
0.000000000000000000e+00 1.951147633295504183e-02
0.000000000000000000e+00 1.261011788134019929e-02
0.000000000000000000e+00 1.814095450405911122e-02
0.000000000000000000e+00 4.459515604178503068e-03
0.000000000000000000e+00 1.298055180276661523e-02
0.000000000000000000e+00 1.900061542086892499e-02
0.000000000000000000e+00 1.451568422484265063e-02
0.000000000000000000e+00 3.144369401881046827e-03
0.000000000000000000e+00 7.959778100769632908e-03
0.000000000000000000e+00 1.487222127119657879e-02
0.000000000000000000e+00 5.044141527361253874e-03
0.000000000000000000e+00 1.728216239616818181e-02
0.000000000000000000e+00 1.544381510241201946e-02
0.000000000000000000e+00 4.670170965851667272e-03
0.000000000000000000e+00 4.450212699743721564e-03
0.000000000000000000e+00 1.173741573027580094e-02
0.000000000000000000e+00 1.802629914655752216e-02
0.000000000000000000e+00 5.460380529068528492e-03
0.000000000000000000e+00 3.246183147071004388e-03
0.000000000000000000e+00 1.142797841685480771e-02
0.000000000000000000e+00 2.186983061469781678e-02
0.000000000000000000e+00 2.213350847879590536e-02
0.000000000000000000e+00 1.659531464173127913e-02
0.000000000000000000e+00 6.109088167979185614e-03
0.000000000000000000e+00 1.546116487843294911e-02
0.000000000000000000e+00 1.863294898943609196e-02
0.000000000000000000e+00 1.552804465100136866e-02
0.000000000000000000e+00 5.151161503025977230e-03
0.000000000000000000e+00 1.670535802245332740e-02
0.000000000000000000e+00 1.564708167627790886e-02
0.000000000000000000e+00 8.494718935253355724e-03
0.000000000000000000e+00 2.580913570248521277e-02
0.000000000000000000e+00 1.182464251082809489e-02
0.000000000000000000e+00 8.999405776026330253e-03
0.000000000000000000e+00 1.876403937988642065e-02
0.000000000000000000e+00 1.415219747406665750e-02
0.000000000000000000e+00 1.250500797043755004e-02
0.000000000000000000e+00 1.866197728261110439e-02
0.000000000000000000e+00 1.015524837354629152e-02
0.000000000000000000e+00 1.355465735450081186e-02
0.000000000000000000e+00 8.474077401251852923e-03
0.000000000000000000e+00 9.758274167837118276e-03
0.000000000000000000e+00 1.163413567684703012e-02
0.000000000000000000e+00 3.665323223514158416e-03
0.000000000000000000e+00 2.354841552099799090e-02
0.000000000000000000e+00 5.847477712213737869e-03
0.000000000000000000e+00 9.446637274515069446e-03
0.000000000000000000e+00 1.481189955020543667e-02
0.000000000000000000e+00 1.085398423914458316e-02
0.000000000000000000e+00 2.704137576836272358e-02
0.000000000000000000e+00 1.767565100207564577e-02
0.000000000000000000e+00 4.192919366236608561e-03
0.000000000000000000e+00 1.084224022655833064e-02
0.000000000000000000e+00 1.082527519618902388e-02
0.000000000000000000e+00 3.825094016227009990e-03
0.000000000000000000e+00 8.659884279732384463e-03
0.000000000000000000e+00 1.079948656588425142e-02
0.000000000000000000e+00 9.082916115008105376e-03
0.000000000000000000e+00 4.678884428245098578e-03
0.000000000000000000e+00 1.455356064316671617e-02
0.000000000000000000e+00 1.445490638777065240e-02
0.000000000000000000e+00 7.491544668022063168e-03
0.000000000000000000e+00 1.449904371003138230e-02
0.000000000000000000e+00 6.890244496509566330e-03
0.000000000000000000e+00 4.328523995343751783e-03
0.000000000000000000e+00 8.325782198979211901e-03
0.000000000000000000e+00 5.278885075477792940e-03
0.000000000000000000e+00 6.147901074634980374e-03
0.000000000000000000e+00 9.960512641165788356e-03
0.000000000000000000e+00 1.648962116288921198e-02
0.000000000000000000e+00 7.545408612876986984e-03
0.000000000000000000e+00 1.283795299113371820e-02
0.000000000000000000e+00 1.408384649368726524e-02
0.000000000000000000e+00 8.544387159337240092e-03
0.000000000000000000e+00 2.782458953642885646e-02
0.000000000000000000e+00 8.775331224981336442e-03
0.000000000000000000e+00 1.353041971448799320e-02
0.000000000000000000e+00 3.198222337697777425e-03
0.000000000000000000e+00 4.499215455903091306e-03
0.000000000000000000e+00 2.171096957368473870e-02
0.000000000000000000e+00 2.330473924865050436e-03
0.000000000000000000e+00 3.658811929239737942e-02
0.000000000000000000e+00 1.007883310405609766e-02
0.000000000000000000e+00 9.416655195535863013e-03
0.000000000000000000e+00 7.310916048715337956e-03
0.000000000000000000e+00 1.036909897978632693e-02
0.000000000000000000e+00 8.452039883540197335e-03
