5.952489805054523089e-03 6.006124533284674938e-03
6.818986283474190273e-03 7.019281178546186994e-03
7.363037236369700082e-03 7.363697131215684796e-03
9.700496291954321254e-03 9.835512582865387279e-03
1.126149186843782533e-02 1.246638979601381522e-02
1.278444390835174055e-02 1.282070541796118818e-02
1.312978169717145087e-02 1.405305864649558818e-02
1.318935936905262819e-02 1.441294975448145603e-02
1.323376612552925984e-02 1.347444423941070168e-02
1.409260084831215516e-02 1.455595767874214713e-02
1.471570668760052020e-02 1.535255135398288021e-02
1.513230685549833178e-02 1.653244662313489363e-02
1.520741379454002180e-02 1.532936982915020056e-02
1.555154097353539377e-02 1.564867227462387114e-02
1.665421861690224298e-02 1.684165668631605953e-02
1.673230920109512396e-02 1.679836285324258841e-02
1.673821304001260613e-02 1.681557469613350481e-02
1.678789964464324699e-02 1.805947815472251639e-02
1.713046942196955191e-02 1.902361526551720611e-02
1.717002684039799221e-02 1.737621429796505634e-02
1.862874334919182445e-02 1.917857418567280037e-02
1.918871569821641379e-02 1.979995254556884618e-02
1.945818378504951540e-02 1.978444464264227792e-02
1.954375041286722861e-02 2.090971726314363663e-02
1.959543505477400263e-02 1.963956946165348189e-02
2.044996406675093220e-02 2.237181593338049765e-02
2.052958526258553268e-02 2.062061375085692469e-02
2.079556914246425900e-02 2.088590561847074659e-02
2.083558868775901504e-02 2.159630389134923473e-02
2.107505431047923539e-02 2.167244128264239622e-02
2.116906925819501961e-02 2.127456309690855737e-02
2.133384737240856879e-02 2.211235525459875201e-02
2.137658749500083097e-02 2.142838992910611057e-02
2.157973778399176895e-02 2.283100772546099722e-02
2.164864083053013102e-02 2.375420363272036026e-02
2.169941101232613842e-02 2.171414281140490385e-02
2.195422170440181758e-02 2.237362693946409048e-02
2.200325446575580879e-02 2.541310114427307656e-02
2.203056542815445829e-02 2.204713188570307097e-02
2.233595913346592826e-02 2.256307358951559205e-02
2.240625762321489869e-02 2.267600217654557743e-02
2.253101496534755735e-02 2.587266290137709215e-02
2.257278541231237320e-02 2.286607493126052021e-02
2.268738342619960879e-02 2.270449683573348698e-02
2.317180090217399804e-02 2.371696080615312910e-02
2.348436020547094508e-02 2.405766079326317197e-02
2.362321695739004121e-02 2.475594191618711581e-02
2.364524247285519978e-02 2.366380024441167712e-02
2.376861842788348736e-02 2.377199015477471020e-02
2.383692094728222591e-02 2.383927885785493486e-02
2.426132728951305509e-02 2.649985378356198990e-02
2.432935986231614736e-02 2.593511687066821919e-02
2.446722505963858790e-02 2.527383972213829988e-02
2.450242393114395595e-02 2.651056223134302600e-02
2.454771544982496320e-02 2.496981460165884070e-02
2.461737531569113333e-02 2.735651811232914926e-02
2.497051278866982416e-02 2.675236562488715608e-02
2.515929778201632383e-02 2.548206116109470731e-02
2.525025859139600620e-02 2.803877843897460351e-02
2.543531228771399658e-02 2.543552046013476328e-02
2.569536575957188929e-02 2.692446373590053760e-02
2.580689375346727904e-02 2.585366275035441350e-02
2.598800217245073388e-02 4.653877167342710536e-02
2.600550474858890487e-02 3.049633490947586609e-02
2.608198523283966619e-02 2.742228372181218163e-02
2.611556892926664500e-02 2.679800404439617104e-02
2.612907541831328145e-02 2.806603067639290225e-02
2.619726548447476669e-02 3.414870016592460450e-02
2.641106341693966186e-02 2.650986132083067021e-02
2.645490527605408662e-02 2.651433714603066913e-02
2.674075163728883639e-02 2.705908246419220370e-02
2.674235026214905053e-02 3.964049951967673485e-02
2.682849300158016842e-02 2.737404353781646912e-02
2.690834573354489861e-02 3.021607307600292225e-02
2.693235996694899603e-02 2.926309084251263806e-02
2.695229752740209081e-02 2.735007523824626099e-02
2.723785915919569103e-02 2.892974398012048559e-02
2.739465433850399312e-02 2.807237106383026620e-02
2.757585919670053551e-02 2.768570693418086898e-02
2.775119371609559987e-02 2.901732198674570815e-02
2.783983856732824211e-02 2.903747590573651366e-02
2.794249730635995840e-02 2.869253762104196151e-02
2.826246661320947623e-02 4.130292643006280850e-02
2.832535446745849950e-02 3.430510066316899698e-02
2.837595942940021598e-02 4.310385433247169301e-02
2.850652563991724550e-02 3.002252406278078239e-02
2.864783039279628074e-02 2.994360984155935296e-02
2.884681429048245940e-02 2.885497430587902548e-02
2.901122708344747170e-02 2.902354030459900619e-02
2.911045900876048365e-02 2.943388362836643277e-02
2.929562523969713589e-02 4.466165962435292291e-02
2.951038660730486568e-02 3.109721615550045670e-02
2.955067795158967600e-02 3.013550115044200464e-02
2.980475450515884112e-02 2.986575465745701721e-02
2.988635472662298787e-02 3.059546193539208758e-02
3.010037184826271431e-02 3.079893035473496923e-02
3.019132717137237507e-02 3.095728045459622893e-02
3.020245015168351865e-02 3.082676182334480319e-02
3.034815591098089654e-02 3.062572333668809460e-02
3.043478109299822473e-02 3.046656484707458215e-02
3.080308260005011275e-02 3.093521081974897127e-02
3.084015299766402346e-02 3.499534414970000007e-02
3.096604967296298985e-02 3.100403338503568765e-02
3.097203711283156094e-02 5.339501600206670445e-02
3.103199986294962603e-02 3.328390364207171881e-02
3.146043252710198357e-02 3.146903646408873156e-02
3.166645122229141962e-02 3.299017133547300917e-02
3.191498934606469551e-02 3.513088110943113351e-02
3.191605751986024975e-02 3.191915090370727598e-02
3.194705044796769533e-02 3.248940400762170833e-02
3.196360950736084477e-02 3.229457533199921182e-02
3.209574296991579700e-02 3.499594685473730177e-02
3.216562985932935881e-02 3.243875524856321829e-02
3.224260236355162151e-02 3.334678054000102948e-02
3.227998669803376630e-02 3.281148744691658736e-02
3.250300837815421617e-02 3.251096028306221103e-02
3.254027810197618331e-02 3.322930696325949312e-02
3.260720703804216580e-02 3.264066613805545469e-02
3.270884231008708287e-02 3.364541361715887857e-02
3.274276618062339078e-02 3.277965988670053510e-02
3.292749372767594940e-02 3.550509965926498812e-02
3.303044389412571752e-02 3.341402580812871670e-02
3.309735437918447792e-02 3.345197091869215461e-02
3.317510032762514133e-02 3.317751716067163931e-02
3.325396560238939175e-02 3.325800110249656216e-02
3.329396915143730679e-02 3.365313051698848312e-02
3.341798912469019084e-02 3.633925478811139698e-02
3.400560375867603402e-02 4.232759493786302646e-02
3.401348412001686111e-02 3.715162359903229766e-02
3.405705910436068740e-02 3.662345513267428049e-02
3.422708950991189270e-02 3.604063774112262891e-02
3.426293787414295966e-02 3.599431876370576960e-02
3.428773088551844567e-02 3.429360879700400072e-02
3.434922354357310137e-02 3.520950000049062611e-02
3.443616797482158820e-02 3.457440931065279555e-02
3.444062703855995528e-02 3.661699796613466368e-02
3.450053834825406868e-02 3.723211579300674673e-02
3.456043662893018564e-02 3.569525070266251626e-02
3.456637737392634357e-02 3.890901130104108818e-02
3.466529598078573610e-02 3.466600616905046034e-02
3.468498129361861221e-02 3.478368409861742200e-02
3.476602268878767332e-02 3.515695306109990065e-02
3.478394880202279049e-02 3.526677021015907354e-02
3.481583671625571030e-02 3.587561013880197908e-02
3.492820467704722126e-02 3.617468346467283408e-02
3.502484511024052394e-02 5.513913027933646516e-02
3.506918176515000374e-02 3.630336083288692589e-02
3.508503412857064130e-02 3.526627982210843448e-02
3.512188561178029855e-02 4.032627636127353310e-02
3.513672425218229700e-02 3.689873576727577958e-02
3.531559690441250787e-02 3.946189271991002584e-02
3.535245423985321905e-02 3.741223027206152379e-02
3.541261407630649782e-02 3.543237514305466046e-02
3.556223021007113433e-02 3.575630367060956410e-02
3.558497826427261396e-02 3.567753926206087417e-02
3.579636052076686642e-02 3.936889949081466555e-02
3.595467369618222248e-02 3.645258229803127747e-02
3.603628687031268374e-02 3.874456877684691325e-02
3.624180380877312091e-02 3.727301403622559212e-02
3.633400502036727986e-02 4.012808192088766768e-02
3.637985124051269781e-02 3.886802022653201155e-02
3.639081299736637853e-02 3.662140164729827535e-02
3.665476986756197042e-02 3.671586969404264794e-02
3.682644369432434145e-02 3.690220562886412092e-02
3.684815045974547398e-02 3.763338719029510337e-02
3.716938698362651228e-02 3.749419216666424054e-02
3.731269358116698354e-02 3.958228090751168826e-02
3.745449829389645158e-02 3.862370323922852122e-02
3.754383622221840744e-02 5.684892889223812362e-02
3.755033221363056339e-02 3.764047291704392117e-02
3.763067124627181292e-02 3.764878039936339627e-02
3.786817092536715057e-02 3.818592446923910894e-02
3.786948014128928286e-02 3.873412199913898318e-02
3.794477585471164871e-02 3.865770737159837656e-02
3.800400491594588953e-02 3.833779247991921102e-02
3.822466890345945639e-02 4.080052485958082092e-02
3.830619299315662224e-02 3.854445049528118505e-02
3.842037883998396935e-02 3.842040703991150136e-02
3.844742364939560120e-02 4.639575093931205818e-02
3.861426269504421305e-02 4.227746533126727074e-02
3.928720482954224658e-02 3.930327275344572269e-02
3.935849203098010923e-02 4.151998519352662759e-02
3.942417521420203685e-02 4.206970135356133400e-02
3.953071742868168731e-02 5.250611328212258233e-02
3.960309574768536983e-02 3.961562198358677817e-02
3.972456873873621980e-02 4.081750473641830579e-02
3.974299426026464688e-02 3.980282762534326918e-02
3.986714782456547007e-02 4.050662303118228447e-02
4.000868410742858955e-02 4.009952941506943896e-02
4.020211183576136160e-02 4.031355519216470173e-02
4.029294992391232316e-02 4.170626017820165676e-02
4.045346474601095588e-02 4.135225717348806757e-02
4.053326415121346477e-02 4.125954565891267606e-02
4.054036289476085908e-02 4.200976168001699373e-02
4.060616013386599693e-02 4.061991213457235433e-02
4.061751430528909301e-02 5.533082822953028918e-02
4.063013990982543289e-02 4.418412035172736979e-02
4.081085590110348355e-02 4.115555126047584777e-02
4.081723309978094183e-02 4.099381336530086989e-02
4.097067136126261028e-02 4.354680386220322053e-02
4.105310438919314298e-02 4.124761968112147792e-02
4.111107710999912374e-02 4.164544618246900087e-02
4.141326473089346205e-02 4.158837378679598740e-02
4.153855105892954175e-02 5.392592011875775582e-02
4.157261980291700881e-02 4.218584084040507415e-02
4.157902779426897455e-02 4.582491310597446715e-02
4.164574926806358102e-02 4.164634244418406045e-02
4.169533536834556242e-02 5.317730915478810494e-02
4.211910432898657158e-02 5.069110596462792634e-02
4.213465495935254240e-02 4.454695152607279079e-02
4.221886701139504483e-02 4.263215508998032671e-02
4.242386720661678323e-02 4.242449342679298352e-02
4.252481846661569642e-02 4.555426091682926448e-02
4.257901505538559672e-02 4.275474744817933659e-02
4.259927891457719606e-02 4.320180175756799940e-02
4.273979444588966309e-02 4.278544113095038987e-02
4.276839445019427199e-02 4.306901588007937265e-02
4.277408419228578840e-02 4.739367596397231486e-02
4.281446814850644461e-02 4.371262074569339656e-02
4.288552314959182682e-02 4.409466591926495399e-02
4.289968652300222424e-02 4.908492221169932085e-02
4.306138160590467640e-02 4.465824683839560855e-02
4.308141161283218085e-02 5.162545443567383846e-02
4.331453732852402760e-02 5.898355760711346957e-02
4.333038932153735617e-02 4.352592822509535747e-02
4.335372397276247847e-02 4.733417615628434522e-02
4.337143754596614609e-02 4.346003613521527698e-02
4.351332449043909811e-02 4.511544415436279098e-02
4.356870999068006289e-02 4.658545704677106991e-02
4.364308514481941154e-02 5.432245338893034597e-02
4.368156373244382051e-02 5.267866622649263614e-02
4.387898118098906841e-02 5.108311808381522934e-02
4.395869979150753698e-02 4.432355992064769545e-02
4.401801480759755941e-02 4.900794038193334590e-02
4.402002165803062250e-02 4.508017721408599798e-02
4.415428925617782135e-02 4.970703038028530946e-02
4.452241151494190641e-02 4.565190302886699969e-02
4.464798386680547682e-02 6.778883890463729966e-02
4.473174047164431288e-02 4.517540415579672508e-02
4.483383514829478167e-02 5.763485925923209074e-02
4.485799317301318589e-02 4.496890106989588631e-02
4.493785018526028074e-02 4.494791240468622162e-02
4.541370881553754429e-02 4.664217633688660936e-02
4.590002928325814802e-02 4.620896134066168615e-02
4.609554660024760275e-02 4.991920450500264561e-02
4.611396610671805729e-02 5.233680401140886063e-02
4.614407330094705967e-02 4.629898605856491017e-02
4.614721488729246757e-02 4.735210511336385847e-02
4.622064831076106578e-02 4.785642222685242142e-02
4.637430380621327536e-02 5.653296822352466000e-02
4.683525179788779885e-02 5.066534519142302379e-02
4.687808597068242322e-02 4.714468027578317538e-02
4.701732526324509803e-02 4.701872940991987798e-02
4.737547060546636740e-02 4.795164831633757369e-02
4.747728790656358111e-02 5.066182408140162269e-02
4.748258966564363609e-02 6.280166345941184947e-02
4.753173316283301059e-02 4.990135921674088842e-02
4.755835117039919346e-02 4.777494987152786782e-02
4.764189903058076853e-02 4.764311429594709352e-02
4.777271347485283204e-02 4.794263645220094711e-02
4.822386411802426220e-02 5.194658309169800092e-02
4.822731157816365771e-02 4.904663353817021593e-02
4.833258934770334747e-02 5.273654882180818515e-02
4.840177657368304603e-02 4.852493411611041862e-02
4.860040903472038348e-02 4.981876316193428050e-02
4.862385290150603862e-02 5.059752801691769220e-02
4.872953433173615734e-02 5.255195695812802520e-02
4.877751113392771870e-02 6.706189965419329102e-02
4.897873032635015333e-02 5.474320272581920110e-02
4.911217133098901011e-02 4.911221741458765555e-02
4.944074412325071000e-02 4.981137242323624426e-02
4.954476523959967099e-02 4.987333131905995198e-02
4.958555806864464038e-02 4.968993342730799317e-02
4.962059991360256300e-02 5.528792116694784126e-02
4.966273631261046428e-02 5.044601351207083501e-02
4.966822634589843771e-02 4.972966668678280994e-02
4.970577452179230499e-02 5.093582422257795367e-02
4.978557470891546710e-02 5.578003487791016041e-02
4.981606950055710720e-02 5.089911771508982830e-02
4.988791337437973455e-02 5.043357383638562286e-02
4.991540480117472034e-02 5.027970985135034321e-02
5.011333159898760659e-02 5.406177800776651443e-02
5.011661049991873035e-02 5.180209002143681268e-02
5.015677641304491091e-02 5.044000387427113874e-02
5.027417797093897134e-02 5.027685325829528429e-02
5.037268591879178609e-02 5.116568182308098983e-02
5.045669461804052486e-02 5.046273585248779031e-02
5.048275831360858612e-02 6.783352912784262889e-02
5.058307533614760099e-02 5.203326125752273656e-02
5.065473309400773255e-02 5.129160593221326891e-02
5.085676270926523662e-02 5.089491703563283481e-02
5.124116324237500131e-02 5.990657030550171347e-02
5.126042154665304967e-02 5.149327038233919573e-02
5.128986886530158967e-02 5.137398113511320447e-02
5.186875618241629932e-02 6.431797200930304548e-02
5.189449812023003844e-02 5.467619719179305643e-02
5.222426269468392196e-02 5.236247314316835877e-02
5.243193770908401857e-02 5.244020601475721244e-02
5.287613187213657112e-02 5.420049871950599618e-02
5.289706718841936245e-02 5.356638636563013783e-02
5.289776273073882457e-02 5.311470954482876844e-02
5.290826898849805560e-02 5.482513361259190587e-02
5.328606007312147730e-02 5.335078879804280166e-02
5.350107469184785247e-02 5.363457317876882402e-02
5.353137212205766327e-02 5.366674928081263674e-02
5.404246317741243782e-02 6.160368895488598645e-02
5.484122226368905173e-02 5.803017572753287057e-02
5.494670574118512563e-02 5.688571465991431458e-02
5.502284685162706773e-02 5.624908310528718702e-02
5.529558534441437329e-02 5.849628656821632272e-02
5.578821723582678971e-02 6.310513079143631465e-02
5.594987503512365706e-02 5.693934030248305050e-02
5.602657680485786940e-02 7.045221743433260908e-02
5.604150124656352705e-02 5.610675659223687134e-02
5.614717674267071662e-02 5.790859494771673222e-02
5.619872136075990815e-02 7.063520355644524462e-02
5.633218903744293543e-02 5.649207390452513217e-02
5.637765245027741984e-02 5.987901160822403646e-02
5.663986594308029893e-02 5.664053855071251448e-02
5.669190826791560556e-02 5.669885113657323339e-02
5.674667469367219302e-02 5.814158647845717176e-02
5.680305075046553076e-02 5.934063456634088712e-02
5.707116023710948061e-02 5.790333814791915473e-02
5.711699361496927474e-02 6.208799687628387826e-02
5.723186176199499681e-02 5.835784473695834751e-02
5.790949239256436287e-02 5.854097115713130517e-02
5.791068055458955394e-02 5.796131909956817735e-02
5.803082861443247670e-02 6.467647262894540838e-02
5.803556544389356503e-02 5.967034415376129552e-02
5.815681481839369421e-02 5.963324768382457369e-02
5.820847457348005127e-02 5.843870178468297399e-02
5.862741030944757653e-02 6.600116174976120020e-02
5.938023516394153739e-02 5.942236036206123562e-02
5.940222481485916278e-02 6.163701984628697922e-02
5.942634378244441434e-02 6.402277397574049345e-02
5.944437674392347853e-02 5.944905332482399579e-02
5.952265284833262865e-02 6.030552480293094320e-02
6.031146465057315997e-02 6.155246511126631626e-02
6.049030516224745274e-02 6.109421228980264906e-02
6.106610558520522009e-02 6.106617673394239276e-02
6.129049839871265892e-02 8.022796363029791045e-02
6.142915144394832383e-02 6.155216915047408144e-02
6.154564091254852848e-02 6.858034982849277317e-02
6.182472266707031427e-02 6.369104971944200555e-02
6.237083572628643324e-02 8.217003293609030923e-01
6.273594869892215597e-02 6.276005655779533232e-02
6.275320623755269167e-02 6.389651699967316412e-02
6.295620060017444175e-02 6.325497378399110027e-02
6.404309334508491436e-02 6.405109409068676651e-02
6.458220001353537354e-02 6.460044944319726090e-02
6.498936419731643488e-02 6.503150792686497594e-02
6.503663869869302783e-02 6.504432323475062283e-02
6.541393043026151599e-02 6.567157024495638706e-02
6.607939233394996559e-02 8.081259108495372767e-02
6.611517845131364979e-02 6.637652835030466436e-02
6.667423811064136785e-02 6.838160848435477501e-02
6.669110572799670511e-02 8.020454919725779341e-02
6.698947111270581178e-02 7.990239708808939689e-02
6.844354886596716592e-02 7.225777678732367426e-02
6.877341079969154225e-02 8.231227246237668438e-02
6.910976554148312578e-02 6.913829685980089901e-02
6.962702748458526880e-02 6.989732412603937017e-02
6.972862788206116158e-02 6.984208451575400767e-02
7.015721515930224694e-02 7.117515657363208958e-02
7.067979914889421789e-02 7.078197531594827840e-02
7.121288371217761315e-02 8.002355580597805829e-02
7.142029731618025623e-02 7.457070873837312597e-02
7.161766317474098364e-02 7.801691037719446498e-02
7.327121398864226698e-02 7.344377788391721895e-02
7.327713805181249040e-02 7.616886773765679797e-02
7.353588765736218669e-02 7.536881053158155097e-02
7.380334688388703879e-02 7.388501590981888523e-02
7.410084597622436375e-02 7.454240211420554152e-02
7.491304130641279757e-02 7.540298876865758615e-02
7.519193799108542242e-02 7.562233766662296297e-02
7.571249425011450374e-02 7.589176883953965835e-02
7.593561992427595719e-02 7.648996909800728772e-02
7.610101355078344176e-02 7.770390995497930553e-02
7.718354437764871068e-02 7.786808462437856682e-02
7.759271105134364632e-02 7.881824365766987306e-02
7.828516944164216895e-02 9.513344440218206299e-02
8.011813384884744482e-02 8.019354124987666810e-02
8.041776401417205511e-02 8.211067084510577374e-02
8.064251733931879218e-02 8.101660935954925480e-02
8.116379335568660314e-02 8.173007475255465726e-02
8.181446438663012022e-02 8.413386536999166443e-02
8.570445462870918130e-02 8.799526031582466379e-02
8.703757874229162139e-02 8.804411048383740945e-02
8.849416146657770876e-02 8.945632235769483687e-02
8.890661958365329853e-02 8.893745880378575719e-02
9.098838793770799849e-02 9.155725398118824687e-02
9.677652715397766503e-02 9.695784983768754306e-02
1.058274516810604193e-01 1.089249904719190171e-01
1.064891013338850750e-01 1.064975068827743732e-01
1.176917248460438437e-01 1.177132628921273433e-01
