3.813271219362472219e-03 3.875464600606925211e-03
4.330551550870069370e-03 4.330566798737189339e-03
5.148005564867658493e-03 5.186620181237014404e-03
6.164489522526346403e-03 6.219845795071727960e-03
6.628280439546255579e-03 6.771691282431708050e-03
8.392799100131314097e-03 9.008644803860332145e-03
9.069307483463504016e-03 9.121183287026012054e-03
9.639308730683672499e-03 9.639671553960971542e-03
9.819854954328416027e-03 1.043591229020840623e-02
1.060092790643995565e-02 1.063183435650797218e-02
1.071878126047120898e-02 1.072403418646342491e-02
1.082239600292227329e-02 1.218180102461699325e-02
1.107113633834048635e-02 1.119901787186474741e-02
1.113516653405462707e-02 1.140323118805763175e-02
1.146840497026972196e-02 1.159812835987029250e-02
1.172272264802575077e-02 1.172906359106491714e-02
1.175506004686691607e-02 1.207488771657415014e-02
1.202755744626101721e-02 1.202756769851832941e-02
1.204454183336225483e-02 1.206578484192142968e-02
1.274778130512800242e-02 1.277011697111800001e-02
1.275756670812208150e-02 1.520872308384967585e-02
1.283905659679002685e-02 1.304488035849651374e-02
1.303710638941978084e-02 1.363388769693368689e-02
1.325620714916414186e-02 1.364779136833787522e-02
1.344421499225842073e-02 1.349152064191135383e-02
1.374457395311188580e-02 1.382936320728819952e-02
1.378996465696510215e-02 1.384633980408521425e-02
1.389748940562982732e-02 1.425221525066403504e-02
1.424422693110059639e-02 1.511327476039348028e-02
1.443361345338085334e-02 1.490487112925323494e-02
1.461868494879983542e-02 1.462221659405514747e-02
1.481512109451379837e-02 1.500523775599560058e-02
1.489744506937049073e-02 1.500298531034536392e-02
1.517041238165986808e-02 1.576662585054848867e-02
1.518392770084489411e-02 1.564728128822399575e-02
1.520216439722819023e-02 1.522429196725776264e-02
1.575855034892480883e-02 1.645774667218893872e-02
1.577450641954044122e-02 1.579967195379244904e-02
1.586260520958517398e-02 1.650583514381600073e-02
1.605103782205083082e-02 1.868452294909238309e-02
1.607249609336921722e-02 1.629608196575293988e-02
1.609372261835418164e-02 1.628403914730302410e-02
1.622541068103012726e-02 1.719324028264503437e-02
1.627689889003630999e-02 1.629041410533257211e-02
1.637705861740060276e-02 1.710508168659742242e-02
1.652822158451793672e-02 1.719770455113466337e-02
1.662418926943647068e-02 1.664772538542538122e-02
1.667616795003845284e-02 1.891232047870058594e-02
1.701295434007935037e-02 1.701481175044454452e-02
1.704321112090136786e-02 1.709061355039918559e-02
1.716826583540217652e-02 1.722601344295389067e-02
1.723122806596811066e-02 1.735972588046371529e-02
1.733630851666018158e-02 1.883557932648886532e-02
1.738305597774910879e-02 2.928014102587761167e-02
1.744848020380881937e-02 1.745623429692234538e-02
1.746934911013080585e-02 1.752517677331888804e-02
1.756696775561643331e-02 1.792784073930951336e-02
1.757137031149684156e-02 1.800874875099860162e-02
1.760751827700286765e-02 1.822564818522574154e-02
1.776168656562748110e-02 2.084449558559733559e-02
1.796616333501383639e-02 1.825642986865182865e-02
1.825213408481150129e-02 1.836717527047160639e-02
1.838293102854840141e-02 1.866383816962052800e-02
1.847135797789961967e-02 1.857301925195435285e-02
1.853551106522064937e-02 1.937881517918460875e-02
1.853607668635925271e-02 1.882660696918931134e-02
1.857295965629362708e-02 1.907267701713212527e-02
1.879129361102322565e-02 2.075413231243433340e-02
1.883391017606282636e-02 1.936663715282294779e-02
1.890652414434109210e-02 2.178470016383736441e-02
1.915623657488032747e-02 2.352769266967945708e-02
1.917435229042692077e-02 2.437944133697340920e-02
1.923806953040289175e-02 2.201587658702838096e-02
1.927910729725927641e-02 1.958965743187393929e-02
1.929230598115025744e-02 2.025951756523059963e-02
1.930679421431901951e-02 2.057719101375127604e-02
1.933217295049276599e-02 2.005371452606742599e-02
1.939546176778882136e-02 2.314400828323772905e-02
1.946940170828792907e-02 2.190935307755622827e-02
1.962806108041942332e-02 1.981885500689352028e-02
1.970690424806932975e-02 2.071107486464941402e-02
1.976029067158553351e-02 2.153089308477333652e-02
1.980851073961242131e-02 2.812716542334931305e-02
1.988274406078990864e-02 2.007066807015008350e-02
2.008292713938549315e-02 2.034706028005013254e-02
2.009312623394688899e-02 2.162485856016578209e-02
2.036969272489434421e-02 2.099333940237638543e-02
2.043105347803538668e-02 2.061504039243200123e-02
2.043308478514995266e-02 2.131837571416365235e-02
2.046982176643499796e-02 2.099710284770292881e-02
2.064873480532077726e-02 2.218544679886309476e-02
2.070001200843810465e-02 2.302501304424229428e-02
2.075547535806855637e-02 2.151981896262066679e-02
2.079532306284894924e-02 2.179030243892245838e-02
2.083590936441104269e-02 2.102534047087646282e-02
2.083697649871820920e-02 2.137493148341165078e-02
2.087579459105133595e-02 2.091975500116942041e-02
2.093727533723714271e-02 2.132751819497335360e-02
2.106333236728140726e-02 2.135027449217550416e-02
2.120635476550668946e-02 2.176115269444460140e-02
2.137751552701352975e-02 2.393300900055335759e-02
2.147760432878633233e-02 2.148532360117660217e-02
2.163427137843564052e-02 2.220638317387313779e-02
2.164299364135929479e-02 2.164789361431036091e-02
2.182441672865446589e-02 2.189844478094979743e-02
2.188125496270535222e-02 2.281419901652875087e-02
2.205272786657715492e-02 2.211959615393698994e-02
2.213591631354546937e-02 2.281968175073692887e-02
2.239342667363011102e-02 2.327911890339006556e-02
2.239595560833743115e-02 2.672886866459721691e-02
2.243515493386336740e-02 2.275218850731577577e-02
2.246746228043847854e-02 2.306236255548488323e-02
2.258615631312551469e-02 2.266156476312389256e-02
2.262341810495815259e-02 2.325026240763115176e-02
2.269740873093561984e-02 2.833577868192663912e-02
2.271041377649941906e-02 2.825806708620993285e-02
2.283180359907431567e-02 2.340276843582531421e-02
2.291245259765329820e-02 2.458346404229417095e-02
2.303052456416582530e-02 2.303370019465151783e-02
2.304052233664758906e-02 2.327317961252472686e-02
2.304354209926826394e-02 2.391237874202252478e-02
2.327061229443404614e-02 2.472069886926176255e-02
2.328411980661725111e-02 2.534494106765739288e-02
2.331869481665898095e-02 2.376727838257798944e-02
2.344261576699447833e-02 2.372725247682052827e-02
2.344632802715964498e-02 2.490222548266192437e-02
2.349421289446908256e-02 2.349448290997410010e-02
2.352450079161006943e-02 2.366862066390018615e-02
2.354130574142513158e-02 3.450508420582759639e-02
2.358324456022160148e-02 2.428989736367864055e-02
2.359306892386858756e-02 2.385989841967433092e-02
2.378037102790103371e-02 2.412912997106077956e-02
2.391888532053371152e-02 2.392021770829098892e-02
2.394302246985815716e-02 2.398710311527304379e-02
2.407696455162063390e-02 2.478211813630390101e-02
2.415975759828785374e-02 2.445707534654007961e-02
2.430014427411981634e-02 2.438466045877060034e-02
2.431718020758311810e-02 2.435603063559801940e-02
2.437684835017898261e-02 2.437686264344860951e-02
2.440038436568083349e-02 2.441752819706826533e-02
2.450432661003413767e-02 2.487675020255826833e-02
2.454887783950844213e-02 2.463412698174363355e-02
2.472410795045890813e-02 2.477471430366686572e-02
2.476274224749374156e-02 3.136723819428047233e-02
2.490776226047413874e-02 2.517942024365142292e-02
2.498400649245149582e-02 2.515635914200561873e-02
2.508889653678724255e-02 2.568740403606560585e-02
2.527745310348756408e-02 2.554621011465476113e-02
2.542607155691145593e-02 2.553111249419890566e-02
2.547614032997973232e-02 2.646076890199871440e-02
2.550813552379198323e-02 2.577811666582379216e-02
2.559260449103556087e-02 2.599649696287711573e-02
2.577455362164778052e-02 2.661159915848385071e-02
2.593234931937101265e-02 2.593741780490165655e-02
2.605719096761793807e-02 2.694496969335455697e-02
2.633784786806582859e-02 2.635091399452342206e-02
2.634168181492729105e-02 2.689452836097503199e-02
2.674278161469172826e-02 2.979400869674066893e-02
2.680435392559856259e-02 2.817293412836669245e-02
2.694287703084674232e-02 2.799717191262744015e-02
2.712685826072615963e-02 2.908442350874834367e-02
2.712830566900975918e-02 2.717316922744057728e-02
2.714425502017105488e-02 2.721439902509180386e-02
2.721937461392108515e-02 2.723360102476013109e-02
2.724803637474172702e-02 2.839757922125119363e-02
2.733755217543674260e-02 2.733935275706722914e-02
2.751953210768685876e-02 2.772266860363932842e-02
2.766688941843861022e-02 3.302598121206652693e-02
2.791675167114923001e-02 2.937519498013564656e-02
2.812806757089092793e-02 3.691382285592672424e-02
2.825138247360462276e-02 4.066676950476598440e-02
2.825863675737690442e-02 2.880160131894684769e-02
2.854937879709149029e-02 3.233292027657327927e-02
2.867896045615798278e-02 2.886441048854880911e-02
2.869961857590037566e-02 3.049706868790958911e-02
2.875088030952003756e-02 2.976633458170251101e-02
2.884837041681408837e-02 2.907436622937522794e-02
2.891434301993536446e-02 3.231441901146309831e-02
2.910166363358580519e-02 2.969430954184465454e-02
2.910851589008433757e-02 3.211968208621209658e-02
2.911441280257470385e-02 2.911463144212563664e-02
2.914601366063498608e-02 2.927292055854991901e-02
2.919746365719704667e-02 2.933684239515645803e-02
2.936510000298603665e-02 2.981387733449841065e-02
2.942067239640732551e-02 2.942479648082679464e-02
2.942417641385123434e-02 3.051944635986805418e-02
2.947923651847043219e-02 2.961106109253941465e-02
2.956136804451704736e-02 3.507177958393491862e-02
2.960640799393616032e-02 3.326379371408726138e-02
2.998227120793281811e-02 3.706792389598765475e-02
3.005916761205234405e-02 3.179467742495188654e-02
3.020772640699534439e-02 3.207523338377005900e-02
3.037907753515267303e-02 3.092748831498261242e-02
3.040130898437371290e-02 3.114741502999493483e-02
3.047825572945736181e-02 3.065319404239554013e-02
3.074034480163702343e-02 3.174879073960149706e-02
3.081433145626618839e-02 4.353321226904582897e-02
3.081607298371453682e-02 4.056530192362116372e-02
3.085613568505373577e-02 3.344375402466344405e-02
3.087854202705729231e-02 3.124568290486956154e-02
3.092739438657229889e-02 3.347855949609684217e-02
3.095943719503324587e-02 3.131412315099826177e-02
3.099697051302727560e-02 3.764076700020067834e-02
3.104970040598363512e-02 3.191302465122181076e-02
3.131413855317254774e-02 3.140351082722890597e-02
3.136129942910793195e-02 3.562346660027145701e-02
3.136342056022330821e-02 3.150545998799302028e-02
3.138105921510983554e-02 3.140502412976111518e-02
3.151241320482398023e-02 3.389545020245292306e-02
3.176833708399392359e-02 3.235726232381140599e-02
3.183074329275679265e-02 3.198807178542105445e-02
3.214111654270606494e-02 4.438483624110753367e-02
3.218326691227798436e-02 3.218388606337008184e-02
3.228747872309223332e-02 3.423535063706792392e-02
3.233350525360634969e-02 3.240009598459145379e-02
3.237276884705761471e-02 3.696554016468926729e-02
3.252344223062735018e-02 3.462955769215406154e-02
3.256705848788858659e-02 3.600158401104459893e-02
3.273307262014599900e-02 3.409461671213642742e-02
3.277063934758243924e-02 3.331023696384758509e-02
3.288787943021339449e-02 3.792407932530006409e-02
3.339205969508790561e-02 3.777962469811455004e-02
3.370875910177627277e-02 3.569519935223551543e-02
3.382840223488228076e-02 3.386539133885563269e-02
3.382922522728788045e-02 5.079056641295884300e-02
3.395339247047050174e-02 3.448425260497813699e-02
3.395535846415741188e-02 3.499509296650211293e-02
3.395608442625858148e-02 3.449087926130640913e-02
3.399070041765446526e-02 3.823366789547425620e-02
3.411939183125772823e-02 3.632303533963108372e-02
3.447559788911876144e-02 3.451916692338907744e-02
3.460176057448898640e-02 3.482374959849434543e-02
3.461507589769369925e-02 3.511112426641252449e-02
3.485372433233522443e-02 3.494730411167574352e-02
3.488808107297985267e-02 3.694316148137234690e-02
3.497882235040018772e-02 4.613001111676890559e-02
3.513238184108480322e-02 4.433011155391122088e-02
3.530752839927279313e-02 3.790224505272005856e-02
3.537369624833200388e-02 3.565406069384664811e-02
3.566822092835428282e-02 3.684327095700026117e-02
3.610004627022279922e-02 4.461927961136610832e-02
3.614015057272235154e-02 4.426731958326283328e-02
3.621078778801556375e-02 3.675649771338121430e-02
3.627035496009723553e-02 3.645315141962730821e-02
3.628180598776136606e-02 3.633182288715610525e-02
3.646130874871272159e-02 3.771234804089943632e-02
3.671399306321298378e-02 4.649588459378092842e-02
3.674410186038151033e-02 3.776882065232477215e-02
3.675423319643090353e-02 3.675635053605844776e-02
3.698346891942399378e-02 4.179805712993971134e-02
3.724613752581282938e-02 3.790785406337736363e-02
3.735323605391689672e-02 3.743390435116242948e-02
3.741706297511860485e-02 3.744693435375278517e-02
3.763916186940922948e-02 4.381834854844719046e-02
3.776353268378200567e-02 3.776436450287135732e-02
3.780366520473812247e-02 4.001567046872205047e-02
3.825739932170926089e-02 3.830619564097990926e-02
3.831240550853003135e-02 3.858166260637920647e-02
3.835264003141884009e-02 4.258899413641462767e-02
3.846315087308206648e-02 4.116889309437694183e-02
3.884027596981499270e-02 3.884580740310155517e-02
3.903835159296124152e-02 4.155109125691738847e-02
3.907245694870735420e-02 3.907260005318350521e-02
3.921543471435397915e-02 3.979504734341765548e-02
3.935716089911736604e-02 3.942869475866388890e-02
3.984507019297094804e-02 4.085656607585056582e-02
3.992108072740443298e-02 4.481934796852116154e-02
4.003424049453872119e-02 4.036898434761686943e-02
4.004121602147880238e-02 4.112526664337958632e-02
4.010950129972978145e-02 4.121523812823545824e-02
4.021419175291856413e-02 4.138589713570917789e-02
4.028879753786315104e-02 4.065975107056191834e-02
4.042911131457113671e-02 4.088504209611810991e-02
4.046560868864228222e-02 4.352831789446404837e-02
4.050169227234850372e-02 4.468163065774514303e-02
4.055865295812250554e-02 4.059802413807742788e-02
4.099866753426817390e-02 4.108874002653614688e-02
4.153803092454784462e-02 4.172518867561964689e-02
4.156264994448930633e-02 4.266209859775552116e-02
4.160495367212437012e-02 4.225404302790244232e-02
4.194749700767586020e-02 4.196537289608352761e-02
4.217171027572833020e-02 4.405351337483913443e-02
4.224656127997940963e-02 4.248239368305762459e-02
4.230938772007511450e-02 4.231195449603993713e-02
4.271770630401382218e-02 9.050143038160861630e-01
4.288445439990736657e-02 4.317847816901334429e-02
4.311620283948225385e-02 4.314045035827748092e-02
4.335869529295491992e-02 4.372970331016975964e-02
4.342737961057604318e-02 4.548400909124734881e-02
4.384394698793666473e-02 5.039574220154156847e-02
4.415012157523095365e-02 4.509254062202838059e-02
4.417504768455058489e-02 4.417806178360308283e-02
4.504195385194086076e-02 5.666039859481583618e-02
4.527688361097366443e-02 5.322803782003047990e-02
4.528310447577225256e-02 4.671543330814025008e-02
4.594481930279557119e-02 4.597274136252029603e-02
4.603116740655777139e-02 4.609035101683455621e-02
4.659784148076771132e-02 4.660160588427254141e-02
4.660336388811154446e-02 4.802610300588717324e-02
4.687045606825345628e-02 4.738733140866745880e-02
4.739289722148117695e-02 4.739421102685038856e-02
4.757731506129931481e-02 4.789271367849597116e-02
4.841496658801029002e-02 6.025605786690504256e-02
4.870183898055293475e-02 4.898014995805777955e-02
4.894694200802252732e-02 4.920476870403718561e-02
5.006559653457643561e-02 5.024907665326430739e-02
5.037703803732355989e-02 5.038324565933014615e-02
5.075938343688782967e-02 5.363440830104711232e-02
5.120938447683545669e-02 5.250456809614922893e-02
5.147566589200305853e-02 5.352371442293023251e-02
5.224833689241938778e-02 5.317160647677431073e-02
5.274572449802950730e-02 5.478154001280103463e-02
5.275457880405322320e-02 5.695136152721619327e-02
5.284972121755410202e-02 5.288512940029728437e-02
5.307484537314995088e-02 5.324882468076765768e-02
5.338702514873709670e-02 5.339854120934429960e-02
5.362636025554012864e-02 5.414849958108253897e-02
5.645082658802455522e-02 5.650605225552366578e-02
5.722391932053130098e-02 5.726498381544505717e-02
5.819079873966941097e-02 5.821777101165394319e-02
5.899447461313361840e-02 5.965577035966550257e-02
5.914541376080589830e-02 6.130625103161062295e-02
5.992665048654467752e-02 6.579310986621939028e-02
6.673545086385933300e-02 6.685134587952788754e-02
6.966048784550403494e-02 6.987459662049844145e-02
