4.359991938666103739e-03 4.366785604768335001e-03
6.694931074869674148e-03 6.904224372589782416e-03
7.208484789112195104e-03 7.274814103256316798e-03
7.536601489606741845e-03 8.326324086034076963e-03
8.679803849306978736e-03 8.754802208327267660e-03
9.227940451470861144e-03 9.236566608203079787e-03
1.004217562974224660e-02 1.037071270069224796e-02
1.018127471511613008e-02 1.019440490780965797e-02
1.057838624947608948e-02 1.067125583248834664e-02
1.070374639203114896e-02 1.072293701231855599e-02
1.070941933376735877e-02 1.194247952464051743e-02
1.073049974017791300e-02 1.126595899077460251e-02
1.102295642792950475e-02 1.181737780955735388e-02
1.111770118238683720e-02 1.158827140424738972e-02
1.131918196051067381e-02 1.161313820260333717e-02
1.164725696143415271e-02 1.172671912005468671e-02
1.189305181295646774e-02 1.191589691618916147e-02
1.201698299194711023e-02 1.201735263457394572e-02
1.211123860174150545e-02 1.226505182615823808e-02
1.230325892080812514e-02 1.310465719036144408e-02
1.235621462635777545e-02 1.277304963858563736e-02
1.262284145764236767e-02 1.381046205611678214e-02
1.276412238088345252e-02 1.286000147016691519e-02
1.283819369577110167e-02 1.341104082617396165e-02
1.317561385082730192e-02 1.352464129323924236e-02
1.318761727904109969e-02 1.335569381792565784e-02
1.348573755964641019e-02 1.402833747548923489e-02
1.413500083444511023e-02 1.698745838288171287e-02
1.427211010401694541e-02 1.437681741793753361e-02
1.436725299752498845e-02 1.475255476900310878e-02
1.441448084230053869e-02 1.453550196287331508e-02
1.448490263881441198e-02 1.483273818633022538e-02
1.472484614062443894e-02 1.473249537523034329e-02
1.487198297823035323e-02 1.529332373284003448e-02
1.499636782845148973e-02 1.507122254214654684e-02
1.511033717890895509e-02 1.516324396688681006e-02
1.590218449546587295e-02 2.236630586549278460e-02
1.592646977009121168e-02 1.619925085188891889e-02
1.616020999003772371e-02 1.617287717978985531e-02
1.625422203575481450e-02 1.628841334575222011e-02
1.641112667268017009e-02 1.794132546167317294e-02
1.646697124343934199e-02 1.646708849572442457e-02
1.671526763371658508e-02 1.671921782784700772e-02
1.708413441312678707e-02 2.196927519603783865e-02
1.727875487820844380e-02 1.738913108549795111e-02
1.742209837318334578e-02 1.774688586527679510e-02
1.746240768241854452e-02 1.765787995278535541e-02
1.751821139931546492e-02 1.763091875912550441e-02
1.757275590078165306e-02 1.929223236668618086e-02
1.764192837090088409e-02 1.817196071885056677e-02
1.793287971367505881e-02 1.802439011598692617e-02
1.794797093827313686e-02 1.821462669709455334e-02
1.801634513743589905e-02 2.062020228146090733e-02
1.804049366028304471e-02 1.826404521714587031e-02
1.805566534492394556e-02 1.828820962736118355e-02
1.812625512168488870e-02 1.860293847268837050e-02
1.827682972185573282e-02 1.880001764518167418e-02
1.830510618133213835e-02 1.842368447025117748e-02
1.837273212530757607e-02 1.838683590713776142e-02
1.840190434065070921e-02 1.840796977742964469e-02
1.847737200274573305e-02 1.921027780233068583e-02
1.848822269401051085e-02 2.221851437736292734e-02
1.852254223928103197e-02 3.174332946779648973e-02
1.855176568981318705e-02 1.959930525023677317e-02
1.863898255644910740e-02 1.910359019076038681e-02
1.883019958084099568e-02 1.930976288182139483e-02
1.892675988810263790e-02 2.023890808738785033e-02
1.900708277233303239e-02 1.914582706729168679e-02
1.911463244260053207e-02 1.946560246417717438e-02
1.913380859552025332e-02 2.107135327089770804e-02
1.920365224313725153e-02 1.944757320632439779e-02
1.920791129835564340e-02 1.923751528071870193e-02
1.924729054210601656e-02 2.012418747579115819e-02
1.926646622363436742e-02 2.052537562216367323e-02
1.937319916209068182e-02 1.948147394827161663e-02
1.945376544398565860e-02 1.946988733179811151e-02
1.952285498594137289e-02 2.039189970160899118e-02
1.960028657208869388e-02 1.986616327896685227e-02
1.977617689253004588e-02 1.982376024431220171e-02
1.978406680818007440e-02 2.169279098223713884e-02
1.984309800673585839e-02 2.000438744748325379e-02
1.995269886559215139e-02 2.410694181864754190e-02
1.996548868550209604e-02 2.004290871799680948e-02
2.031209081020985546e-02 2.033206631578936274e-02
2.031610868226494532e-02 2.089661985116460230e-02
2.036523841476729421e-02 2.910448522842099331e-02
2.036786258073719491e-02 2.041225970728468078e-02
2.045461559631941983e-02 2.045462967933476053e-02
2.045877903917366764e-02 2.127924846304854109e-02
2.055369746839444053e-02 2.094684806304463603e-02
2.063087570578794883e-02 2.162099476484538943e-02
2.063805764813089402e-02 2.064458765957363079e-02
2.067375989043895509e-02 2.082537414103088208e-02
2.072162165118135793e-02 2.182017488818453754e-02
2.074394821400191158e-02 2.129765919919259301e-02
2.079572846603014794e-02 2.181472702703550481e-02
2.094605247803541306e-02 2.148928261349269953e-02
2.095668689423898709e-02 2.105534626823297312e-02
2.117910200906098633e-02 2.650994256786658870e-02
2.119333746101862218e-02 2.181309442949704025e-02
2.128710273301998024e-02 2.140871930546171462e-02
2.141634164326241055e-02 2.180468732399209325e-02
2.146868108895372274e-02 2.179506783665936115e-02
2.153467730071838282e-02 2.167961567143372043e-02
2.154500818524705819e-02 2.301741953813915206e-02
2.161248386467209265e-02 2.470785364045736260e-02
2.173571167174198279e-02 2.180138933878801241e-02
2.186395759822148607e-02 2.197944093338380714e-02
2.190998917111789193e-02 2.479390944623038537e-02
2.193504188221180942e-02 2.514354219074820332e-02
2.198798618304898325e-02 2.203318667265059122e-02
2.201865260071564009e-02 2.554442369769324706e-02
2.211343136933480169e-02 2.259376376310334375e-02
2.214429711248088600e-02 2.219692614445192141e-02
2.218809125485557768e-02 2.354390602002375335e-02
2.233668348709047860e-02 2.265288149908570650e-02
2.248163789190317854e-02 2.288512232134781027e-02
2.249534807930718069e-02 2.270851119848046884e-02
2.284010341913626785e-02 2.284234121651218877e-02
2.290771343685210973e-02 2.384576377128311275e-02
2.297970399052884707e-02 2.470470639988832026e-02
2.320540068624513813e-02 2.453299516150998436e-02
2.325168553218704207e-02 2.345544580703401785e-02
2.327147776598634948e-02 2.344033132047739984e-02
2.328213104446281295e-02 2.343145537348464286e-02
2.338432741278976060e-02 2.823954728237709072e-02
2.347585136302297870e-02 2.359688711315665807e-02
2.365974113252987746e-02 2.436839093105649251e-02
2.369061533312416534e-02 2.793652310463987445e-02
2.375938499760725173e-02 2.433106191570523144e-02
2.377991061450657195e-02 2.411084238692530121e-02
2.378162104667847637e-02 2.434799643520308907e-02
2.379359252115230416e-02 2.392130486286001001e-02
2.380623961156727586e-02 2.452456666385062489e-02
2.384306959432812983e-02 2.591731225194337032e-02
2.396216049331121797e-02 2.453248073833796949e-02
2.403647601649991708e-02 2.404469767546565592e-02
2.404572443611340676e-02 2.473323794272981602e-02
2.407927453162442624e-02 2.647225218776467701e-02
2.409310055837685788e-02 2.612714413650919082e-02
2.419851994676323198e-02 2.435881572989125401e-02
2.426984534643117017e-02 2.438392767527091526e-02
2.443397373661227584e-02 2.519085030847971127e-02
2.449105491084551181e-02 2.497731839391871198e-02
2.461763181120719957e-02 2.506049821221948554e-02
2.483157229679583758e-02 2.665242291348092832e-02
2.483663293012459278e-02 2.500212816367086005e-02
2.488580303887023143e-02 2.498954113101321123e-02
2.490047948805295536e-02 2.558914899491891715e-02
2.492817856459351999e-02 2.494052264255829793e-02
2.513262508622600769e-02 2.528689017935658798e-02
2.514756095829925181e-02 3.272350486576707657e-02
2.515320973415014275e-02 2.517412234663729195e-02
2.521222300168502600e-02 2.630646281402140504e-02
2.524091285561637019e-02 2.627989460779418113e-02
2.532669727018684730e-02 2.533633903296375611e-02
2.537641736033502751e-02 2.830875963043645235e-02
2.538999856066298175e-02 2.648355143108523102e-02
2.554334913400447757e-02 2.605232281669878081e-02
2.558757946089227145e-02 2.601323132299896215e-02
2.576251769060424260e-02 2.913219373137547127e-02
2.616444748732233566e-02 2.782323920819365984e-02
2.621763671919444261e-02 3.112367157682171051e-02
2.627544389145167192e-02 2.628542405228811302e-02
2.634371925655179525e-02 2.956316061838662121e-02
2.637792348932978953e-02 3.632232205609119136e-02
2.642677383408516267e-02 2.649243590793427805e-02
2.648583740674966339e-02 2.783395519016840236e-02
2.649135459651306979e-02 2.729892356234046857e-02
2.654944469032725213e-02 2.992775928081455039e-02
2.655494119422223756e-02 2.656277024585545696e-02
2.663154588493160321e-02 2.793187668001815768e-02
2.666460745496208526e-02 2.671918852462468186e-02
2.666963488234438961e-02 2.696842397329412416e-02
2.685701447574194434e-02 3.436559252172166623e-02
2.696102062622669771e-02 2.698727923181053895e-02
2.707664177650486587e-02 2.712913445762969028e-02
2.725440265124185607e-02 2.727814192278480571e-02
2.731210081646657031e-02 2.854358653876424776e-02
2.746583634012178185e-02 3.227036687313657864e-02
2.749093939175558179e-02 2.807967257487201107e-02
2.768690392514991730e-02 2.859490355646992013e-02
2.776089400820041728e-02 2.799572850910738570e-02
2.777087606696037811e-02 2.778090728416605579e-02
2.779568778436070781e-02 2.789704534653139958e-02
2.792482514256891188e-02 2.953755547277403873e-02
2.795439214317355439e-02 2.851872948441505629e-02
2.813117042188721661e-02 2.839349767366162319e-02
2.819616960888410989e-02 2.923749023668391345e-02
2.823166354600201503e-02 3.095375353441554706e-02
2.842954414623435899e-02 3.990154798002193415e-02
2.848263910742285243e-02 2.916620205087661760e-02
2.851283272884990241e-02 2.852369003455035301e-02
2.860847795222628415e-02 2.869322342873408330e-02
2.863462953675130485e-02 2.896434433545052450e-02
2.870825447281421389e-02 3.103064136066618559e-02
2.875417255896690547e-02 3.209774712764933841e-02
2.893715751069540418e-02 3.008943165902887296e-02
2.894028376076122899e-02 3.030061257900790173e-02
2.902633043985444750e-02 3.458714024076364052e-02
2.911339538965132187e-02 2.980580173900173810e-02
2.913183976120349572e-02 2.986321727359732281e-02
2.920178626608489064e-02 3.272537893419036337e-02
2.929406310408319558e-02 2.963916550425682583e-02
2.941542024632240113e-02 3.373642097972057857e-02
2.944463250678254485e-02 3.334549285852146661e-02
2.947495925909479966e-02 3.996410153693836370e-02
2.948159807732390891e-02 2.959920068263046863e-02
2.949084981616195700e-02 2.952819665439356672e-02
2.957711991104750721e-02 3.323847430186603613e-02
2.958887806527384437e-02 3.233993818848375501e-02
2.973321626392221376e-02 3.268852245749351987e-02
2.979972266507939851e-02 3.009310477641115311e-02
2.980598518596368901e-02 3.000771705527044766e-02
2.993193769934150705e-02 3.052741736754438495e-02
3.006271934107184948e-02 3.026296796687330884e-02
3.011734998071623551e-02 3.068020590340866938e-02
3.013890108401237958e-02 3.678837536428886806e-02
3.016628447650294281e-02 3.469810852294122339e-02
3.020074524817401365e-02 3.045191405434342566e-02
3.034816489875603526e-02 3.035268710280293603e-02
3.035243960443065325e-02 3.213837272970186676e-02
3.036373371529638154e-02 3.050220379188383832e-02
3.045838844913372270e-02 3.819605294034812693e-02
3.070586526190228691e-02 3.237347630088705658e-02
3.090455247521250656e-02 3.860727368141868981e-02
3.096582422064463047e-02 3.130113524722066137e-02
3.097373045565878641e-02 3.324603188829277495e-02
3.124489897001826028e-02 3.213358000690907934e-02
3.134752753639778039e-02 3.232306091802401860e-02
3.154625123615791699e-02 3.162371659011804087e-02
3.169157057048552217e-02 3.397158142871175429e-02
3.174804025966351806e-02 3.183320432654862531e-02
3.190478737778987967e-02 3.479858337167201360e-02
3.215255630568064626e-02 3.248280007506498118e-02
3.219181463064522963e-02 3.289360560892040652e-02
3.238750814445581772e-02 3.762154505188793768e-02
3.241463887463252175e-02 3.332933564790640374e-02
3.243395628010072029e-02 3.246651622378955021e-02
3.252056452516578072e-02 3.890028525675446464e-02
3.267395472187799299e-02 3.271010411780836402e-02
3.268933299639786155e-02 3.300873389457324725e-02
3.281534717526903011e-02 3.337071622692289879e-02
3.303775184169029794e-02 3.477757857171125816e-02
3.303962626144365394e-02 3.304216551640815763e-02
3.306212161059898791e-02 3.392863500594976017e-02
3.312937666770902206e-02 3.336488587252655486e-02
3.322744840298701846e-02 3.401664747855613624e-02
3.328717879088531617e-02 3.360982049600421545e-02
3.337618314812544618e-02 3.356321188322880511e-02
3.348676261070598209e-02 3.348949633397853981e-02
3.358364461945510110e-02 3.453166795698067032e-02
3.373935041926581779e-02 3.518853448793886340e-02
3.378721400025764404e-02 3.534614988339078445e-02
3.388275714816638140e-02 3.545107131071967288e-02
3.398653175434678680e-02 3.421349985814132327e-02
3.405038483317161802e-02 3.405223722354119853e-02
3.420554078239423229e-02 3.463769560461847641e-02
3.424137771140667308e-02 3.457141058299525310e-02
3.427360468139853400e-02 3.435195711125837992e-02
3.445572069397824511e-02 3.447718498736668941e-02
3.467074944703518041e-02 3.783020345963944431e-02
3.484785075299016988e-02 3.552277106055191230e-02
3.486851070042083778e-02 3.672164718530641914e-02
3.489338507462819150e-02 3.634440862197488298e-02
3.500310207662523515e-02 3.500540548690247306e-02
3.503991998574403771e-02 3.512948966798925404e-02
3.513265227081518310e-02 3.748468550806582922e-02
3.548540221821359225e-02 3.553104681862864073e-02
3.551580971340977111e-02 3.562254508268059006e-02
3.563343954035503441e-02 3.581473975347032601e-02
3.563567230593275154e-02 3.563672655701096564e-02
3.580162733853430729e-02 3.768218967370029482e-02
3.589098955592216755e-02 3.677151512535978273e-02
3.624336862307492996e-02 4.029099675502466338e-02
3.636882012707046835e-02 4.522816878777601024e-02
3.638700122037172302e-02 4.573553090906833096e-02
3.650254153568160964e-02 5.595248535430653869e-02
3.669838273727175915e-02 4.034434426663105477e-02
3.690149741909783815e-02 3.779925571999746131e-02
3.700646124542146531e-02 3.832135486716307243e-02
3.701359794778442264e-02 3.860929614101667184e-02
3.708081862226850212e-02 4.155449851946461937e-02
3.738341980645728396e-02 3.781003055243509214e-02
3.741880762812335726e-02 3.748983880528493351e-02
3.748931693977993612e-02 3.949707359104420723e-02
3.761085034554377537e-02 3.771957300353430409e-02
3.771798348191848088e-02 4.423723924271532465e-02
3.815364660032614236e-02 4.119481533149483427e-02
3.842147130683548628e-02 3.844344220952847224e-02
3.862879093586459728e-02 4.356525995129785500e-02
3.868438594134080560e-02 3.954594975140453966e-02
3.872277165127527288e-02 3.937451860075420057e-02
3.878142291491600002e-02 4.076037917827873835e-02
3.879337949276143865e-02 4.341536256674560085e-02
3.893333476040283792e-02 3.902548162674637777e-02
3.911790226742174748e-02 4.350034501238975171e-02
3.940056460089962770e-02 4.724897813880412495e-02
3.954248726698501165e-02 3.954281206466109255e-02
3.958378553620986451e-02 3.974004763739159146e-02
3.975831845502748874e-02 4.207755986138422138e-02
3.983324138792740388e-02 4.539542721521223900e-02
4.018818183064720023e-02 4.043865014942170377e-02
4.029656109713417034e-02 4.138423176927009950e-02
4.073410091097668523e-02 4.189389935391062136e-02
4.148273687524934444e-02 4.188249379454307003e-02
4.155123978590864048e-02 4.161221607398512407e-02
4.201114878272093484e-02 4.275354116182748798e-02
4.202839429575566665e-02 4.330735937942534891e-02
4.207677820128431084e-02 4.278096516456480342e-02
4.214905065333966749e-02 4.517757576648844670e-02
4.218800288626270434e-02 4.605346353992510050e-02
4.228288968853079893e-02 4.863404389471514405e-02
4.233859946367231342e-02 4.239534322633380092e-02
4.262408635755032121e-02 4.856903479746371710e-02
4.288550989621563170e-02 4.689298877640081520e-02
4.296863558667082805e-02 4.299517932807386811e-02
4.305385086092453767e-02 4.305960206637997334e-02
4.312033163900962779e-02 4.363806958444852585e-02
4.317853149858823236e-02 4.458403776868945234e-02
4.326315377102805254e-02 4.728721845641974814e-02
4.342950953472000247e-02 9.127771850028866263e-01
4.350148310451358580e-02 4.525064084914273699e-02
4.376152048349712942e-02 4.376158063342173998e-02
4.406701891739443072e-02 4.428452207616073721e-02
4.415236946619775782e-02 4.457564655209034221e-02
4.453633489071045365e-02 5.478758880291773742e-02
4.506227156139802625e-02 4.765704031461117512e-02
4.518638479795133306e-02 4.540923326877940175e-02
4.531076501462793366e-02 5.002097513226918396e-02
4.540078205451702348e-02 4.595922560408936819e-02
4.543637924627021152e-02 4.745375525336075623e-02
4.570360586187616897e-02 4.570745183095196312e-02
4.574222944470902885e-02 4.581436571903129557e-02
4.583129007586748266e-02 4.759005476188053058e-02
4.634284799348235145e-02 5.102828444650520101e-02
4.668007304275314379e-02 4.677621457059720489e-02
4.679893880277745388e-02 4.724146861531513392e-02
4.697970229418698546e-02 4.740623025968798004e-02
4.878361429653151060e-02 4.884281541940015819e-02
5.036493469494569136e-02 5.075505050396859896e-02
5.471490958261390064e-02 5.539595223087494247e-02
5.729365801182845219e-02 5.814676581769890468e-02
5.881438053178680847e-02 6.154113955161429061e-02
6.038767631965512306e-02 6.474338882938773798e-02
6.342800419959197800e-02 6.366467963927500973e-02
6.773719923182996983e-02 7.025631047664740447e-02
6.927433973988236793e-02 6.958255309992233961e-02
7.990881951510028780e-02 7.994325745813672668e-02
8.822421264104438055e-02 8.824821536800052380e-02
