3.103050575533155848e-03 3.156783890528729996e-03
5.335125659138809096e-03 5.352820696915056367e-03
6.530964033458677882e-03 6.581014731227025592e-03
7.990311472998761627e-03 8.659723781662530956e-03
8.478034891211459409e-03 8.771709835302293409e-03
8.506167508429588603e-03 8.761268995253928757e-03
8.952321927486409786e-03 9.198164739989144606e-03
9.087379177526283200e-03 9.582903083021059032e-03
9.229420637092320204e-03 9.305999548445499647e-03
9.238761425223810872e-03 9.238998394777072146e-03
9.286505312089077258e-03 1.031156043607062839e-02
9.803913862763717277e-03 1.070341299467769680e-02
9.841249570183773290e-03 9.923094110605237134e-03
9.894207120554320348e-03 1.111994926707649857e-02
1.003589253707134511e-02 1.026373884743342346e-02
1.016147893295894257e-02 1.060497361286959206e-02
1.019448002060785799e-02 1.019884490568008506e-02
1.040338999617030497e-02 1.089225617812751741e-02
1.068448755919197690e-02 1.070878139197590888e-02
1.069920565011335881e-02 1.070043699609968951e-02
1.074185866730794497e-02 1.087701867266804845e-02
1.124590553454867317e-02 1.171394213814381038e-02
1.126688142697974092e-02 1.174343101460470842e-02
1.138688436718061740e-02 1.157975076868397561e-02
1.144230391996707043e-02 1.149516535617107690e-02
1.165974101584974637e-02 1.349536112978561020e-02
1.167220743163525053e-02 1.254940214958621264e-02
1.170284620828361544e-02 1.262180180104289368e-02
1.192922378502126075e-02 1.573501187742585780e-02
1.209004755311438896e-02 1.253271803528658440e-02
1.212789864946458955e-02 1.228064540037143541e-02
1.260484521563604889e-02 1.289302669870734559e-02
1.267018880461440004e-02 1.329219321097759379e-02
1.267407459451751553e-02 1.332228505860213671e-02
1.277367178108471807e-02 1.383114619759428197e-02
1.298583132012259486e-02 1.534898987478700016e-02
1.300488592785631337e-02 1.318652804587370532e-02
1.352609143743772890e-02 1.367954450065483711e-02
1.377440817416686857e-02 1.385998043166753076e-02
1.396487279561722458e-02 1.492186142948529436e-02
1.396832933256032631e-02 1.402939172454006032e-02
1.408465570519975771e-02 1.560228379075738817e-02
1.420425244091675157e-02 1.660288894581605362e-02
1.423988596181249844e-02 1.586106094934378735e-02
1.468185230934053280e-02 1.601239104497843499e-02
1.493065476747846079e-02 1.522831629288962096e-02
1.499403841004836799e-02 1.500635514931488064e-02
1.503466232408517261e-02 1.576414616866667062e-02
1.508705386758349420e-02 1.972515056178430343e-02
1.520129152854168136e-02 2.561535297589587201e-02
1.529367462921186333e-02 1.533356889990976878e-02
1.531002076944403857e-02 1.550966765950670401e-02
1.537322566574579087e-02 1.627356789595097233e-02
1.559494747727648185e-02 1.878754308265739512e-02
1.559642742047227110e-02 1.577296621214426334e-02
1.572064122175990605e-02 1.572449469710194767e-02
1.576259345112928159e-02 1.615440100210232058e-02
1.591451726471669256e-02 1.597595448422993100e-02
1.594602057607013776e-02 1.613940336333683986e-02
1.616468206327262638e-02 1.911104839826809065e-02
1.651508186673316184e-02 1.700221947696450506e-02
1.656242257583225366e-02 1.970407387128362761e-02
1.671820250623556880e-02 1.672281421909482119e-02
1.683334844853479409e-02 1.710988404752500011e-02
1.693499161004495893e-02 1.693906126069355880e-02
1.712290025012902506e-02 1.735474156226334691e-02
1.716104665038833965e-02 1.716104722836075958e-02
1.726771427793526506e-02 1.843771198837384009e-02
1.763074295654316545e-02 1.884769699021363737e-02
1.784101735693086402e-02 1.784157686775380419e-02
1.804859396563151738e-02 1.815252823342424285e-02
1.809229528493132982e-02 1.867680216253759379e-02
1.809457124238816536e-02 1.894268357013387596e-02
1.817462558219826857e-02 1.829525893013349280e-02
1.834419401529335109e-02 1.896015973006919680e-02
1.838883043386209393e-02 1.838883341852706396e-02
1.840460288024541730e-02 1.863317986248975294e-02
1.857795042577124744e-02 1.903439507624841293e-02
1.881407869423900800e-02 2.333098890476159940e-02
1.887042008721464409e-02 1.952939391135839406e-02
1.895050985655576462e-02 1.916312381836151810e-02
1.896646608822964014e-02 1.900319678846175073e-02
1.906853689039962954e-02 2.005251016786450957e-02
1.911058823415785063e-02 1.971621235161630931e-02
1.924540417243228788e-02 1.980256912927128715e-02
1.958911646083712904e-02 1.963955900058792642e-02
1.974291833047390338e-02 2.045479932512607804e-02
1.997625336753075173e-02 2.095679313816811370e-02
2.005626496354014077e-02 2.005881973419564382e-02
2.016757882315849473e-02 2.016773215263733057e-02
2.037661654223361235e-02 2.115223602683396348e-02
2.059790833890498551e-02 2.382610025075452415e-02
2.080964371776047178e-02 2.174688125380685316e-02
2.104977075572615763e-02 2.211132530534609675e-02
2.107548820457261218e-02 2.113345145805894595e-02
2.139464420315737719e-02 2.359962718521192368e-02
2.139698698427432155e-02 2.213775509149038673e-02
2.146784924612521808e-02 2.156411867112574543e-02
2.179941442022633249e-02 3.092843412966212943e-02
2.193631453300817422e-02 2.406323556508681988e-02
2.194961601619440858e-02 2.301295331358328006e-02
2.204312648894004439e-02 2.204324323176561073e-02
2.211081700172238748e-02 2.273022752572664493e-02
2.252903458303883930e-02 2.396438371536865897e-02
2.258499983232335057e-02 2.287058950508515792e-02
2.258524224524645699e-02 2.312566637965300306e-02
2.266587518162133455e-02 2.269709416179039804e-02
2.272563018858031123e-02 2.977110647195828005e-02
2.279401425944675361e-02 2.311752103712202966e-02
2.294124599700719455e-02 2.771746277221067908e-02
2.299022323773498855e-02 3.118873503802185865e-02
2.304214428263235206e-02 2.399006993335477469e-02
2.305551596612606668e-02 2.413191069808045403e-02
2.312155158287338905e-02 2.319770860869416196e-02
2.360900033198485085e-02 2.554541442681641100e-02
2.366678321597843679e-02 2.513780877912563314e-02
2.382330401741078463e-02 2.505064284777504605e-02
2.384761418336990915e-02 2.752769420563037570e-02
2.392107241812671536e-02 2.609255508810689322e-02
2.393852635158850994e-02 3.765837378208856251e-02
2.405941720745023368e-02 2.526713693264476257e-02
2.410747440391367707e-02 2.462257584767026455e-02
2.410931739690132247e-02 2.621389465095575952e-02
2.415458411912061246e-02 2.722951168760624069e-02
2.422579985373384329e-02 2.432209698203415676e-02
2.426367050741300158e-02 2.427425059283829303e-02
2.432704354420990589e-02 3.004725520990382537e-02
2.435267359430035375e-02 2.439069319979488004e-02
2.436489944131770349e-02 2.635250010015417407e-02
2.437793711192158194e-02 2.945173885404292480e-02
2.445878829952603112e-02 2.535990907413114906e-02
2.449007502202866018e-02 2.500284980600304616e-02
2.457965833618540319e-02 2.580415753087863043e-02
2.467854508826414564e-02 2.858825460998397350e-02
2.496078889424673680e-02 2.871827665745141367e-02
2.508738077091110519e-02 2.510626375773375094e-02
2.515146527971163018e-02 2.545626350655870451e-02
2.518832302932311196e-02 2.595940794288340708e-02
2.537203066746572186e-02 2.541256216711264976e-02
2.551225356257765323e-02 2.784954660671348434e-02
2.576774521633850082e-02 2.727637495436311191e-02
2.577702089618863490e-02 2.596185455846454493e-02
2.583113248025394396e-02 2.642401482203888402e-02
2.586719880969978388e-02 2.603326607497244080e-02
2.596144279964792898e-02 2.599175332747243744e-02
2.604756056275220680e-02 2.784210640991884034e-02
2.608430753456057738e-02 2.631504407800371037e-02
2.608507293306845665e-02 2.767712027873089550e-02
2.609220609855292597e-02 2.609584528883199597e-02
2.631938854197250419e-02 2.631939564870819717e-02
2.649001462663483353e-02 3.343882173710406580e-02
2.666174441043827822e-02 2.714607218831893709e-02
2.672767571717069024e-02 2.862550923243859652e-02
2.675738543295948582e-02 2.685018868665280806e-02
2.676820967269353396e-02 3.995043571003003419e-02
2.678552984090352279e-02 2.742924288344718992e-02
2.687668073983325717e-02 2.740233253253240506e-02
2.689810184675039961e-02 2.702523179112894733e-02
2.692886366673541074e-02 2.852917860342595383e-02
2.695543238735539915e-02 2.766431132392867601e-02
2.756342045048413777e-02 2.816207362879249651e-02
2.757893626573167806e-02 3.080392375313347614e-02
2.757961115181420397e-02 2.835756786563905021e-02
2.760623244338444512e-02 2.908740554568017833e-02
2.764356960161343593e-02 2.827421765530292383e-02
2.769914618164413117e-02 2.773231161328376659e-02
2.776323741363284636e-02 2.810423983902982092e-02
2.783080716682318281e-02 3.235032192712566923e-02
2.800196167812299061e-02 3.004452489394866116e-02
2.802856008797772330e-02 2.930968009704398511e-02
2.806315408800599126e-02 2.816502319352812839e-02
2.813391514100736790e-02 2.869619149165602776e-02
2.834610671754617117e-02 3.059542546947094724e-02
2.863099537667583572e-02 3.037339830720010500e-02
2.871066300692196732e-02 2.871718427842196580e-02
2.874249982054150748e-02 2.930006506478600656e-02
2.874356461775260524e-02 2.916940193983880159e-02
2.895194529133083422e-02 2.909794905367884058e-02
2.916775341593952353e-02 3.860060074011134601e-02
3.004745880363137930e-02 3.185790316334298489e-02
3.005613434217995969e-02 3.029467871346925092e-02
3.009255101014557399e-02 3.010429103608647586e-02
3.009942712285273991e-02 3.781843291560865739e-02
3.022030411861113819e-02 3.022756146990006332e-02
3.024262151066479595e-02 3.098503371059947026e-02
3.046944993289226952e-02 3.081996849050258960e-02
3.063915255915969013e-02 3.068147011080796932e-02
3.065129031248782845e-02 3.406159073526428965e-02
3.072119300052527507e-02 3.079223761016493255e-02
3.080505835359822336e-02 3.124616146460361746e-02
3.086544917991048548e-02 3.552458126019966689e-02
3.089254114907763818e-02 3.098402496446432675e-02
3.097120201047917631e-02 3.475100069137620346e-02
3.138218840100256285e-02 3.138889034295653385e-02
3.145935195782596089e-02 3.223016534323872723e-02
3.157961765607197879e-02 3.172988565601075200e-02
3.162967934621636890e-02 3.204192188828029059e-02
3.164537073192905114e-02 3.381257773104123787e-02
3.173240806595337832e-02 3.183941021368659474e-02
3.183993587850102863e-02 3.241510769328713459e-02
3.201687195273824477e-02 3.282411062290051251e-02
3.207201526806956193e-02 3.262560376324463024e-02
3.213028966956230775e-02 3.881117967319465401e-02
3.215255283305364781e-02 3.217010136055848540e-02
3.219319446534479184e-02 3.256556707514494248e-02
3.237327524778741555e-02 3.267783780612588951e-02
3.237837925793041194e-02 3.277097552517561213e-02
3.239484598331480308e-02 3.251352712787312915e-02
3.245488197678639969e-02 3.301625526613364420e-02
3.246637977169481576e-02 4.239076372048455887e-02
3.258473062064189824e-02 3.266119723946851738e-02
3.270081252174640574e-02 3.326085588127841025e-02
3.286788150258712626e-02 3.336196703284081966e-02
3.300265917624283646e-02 3.308769884518338034e-02
3.312675509525336848e-02 4.099999400825056484e-02
3.323038288931746964e-02 3.403287436758169887e-02
3.338605584529186210e-02 3.376193714831753762e-02
3.345728685953833215e-02 3.620111744241379104e-02
3.348405081496375058e-02 4.163473331098394709e-02
3.384435622218979339e-02 3.464883723789127096e-02
3.386728024450924579e-02 3.474600714734308454e-02
3.393578783719829184e-02 3.458968774474311531e-02
3.398647734462426073e-02 3.437146916959218229e-02
3.403774834687767203e-02 3.600800296312066384e-02
3.410321207794420745e-02 3.468436600429704308e-02
3.419912557369589323e-02 3.667350377747817525e-02
3.431065006338488571e-02 3.443714769552867760e-02
3.431558402958542059e-02 3.519383871653008339e-02
3.440824052031223740e-02 3.517141710687776701e-02
3.463005616695256222e-02 3.785125726137762714e-02
3.465674205418928233e-02 3.499822897852043757e-02
3.475255914985642819e-02 3.479085160393104864e-02
3.479192013751653684e-02 3.628777275327823432e-02
3.479985522205925053e-02 3.524864528525552265e-02
3.484930112186980511e-02 3.517619908586142041e-02
3.485572095856234731e-02 4.083157414866477736e-02
3.500883226468125275e-02 3.501611373274250011e-02
3.512928325637926230e-02 3.513997579334613569e-02
3.519250077628087447e-02 3.524367976627244825e-02
3.520152095730500613e-02 3.835958891551015382e-02
3.526727350977315600e-02 3.748515942966965109e-02
3.530014476351223812e-02 3.686817054898765961e-02
3.530958785941652744e-02 3.555989095381365678e-02
3.543726450426566005e-02 3.563197401504502454e-02
3.545848824553886336e-02 3.754573527906802932e-02
3.552159594916064200e-02 3.837712696786021310e-02
3.554879374193313513e-02 3.650307656561677105e-02
3.559834302802878520e-02 3.974421830732897953e-02
3.561705208313584170e-02 3.719509087207233805e-02
3.575574345402773163e-02 3.603950742851631805e-02
3.583705345791103614e-02 3.584188143391293241e-02
3.592455525974871944e-02 3.621577212755133779e-02
3.646184132994450405e-02 4.083791430818223961e-02
3.680849612099218460e-02 4.646681361465729299e-02
3.702991778362502151e-02 3.716906308926629099e-02
3.707291525689481587e-02 3.707363756613747674e-02
3.721106814519013067e-02 3.741501519452080510e-02
3.724193570287389482e-02 5.112651694072359310e-02
3.748349910806179908e-02 4.064188881972754380e-02
3.754424483279385216e-02 3.781035394304015085e-02
3.754469197714906115e-02 4.151707454593695640e-02
3.759754360190015188e-02 4.038745941637657960e-02
3.764488694996206974e-02 4.052174520170812033e-02
3.774022268064820829e-02 3.996750040686302546e-02
3.791487275418786718e-02 3.905591272834851857e-02
3.802986915709037630e-02 3.809853176464725322e-02
3.820706023287202824e-02 3.878107312973091275e-02
3.842383312662583927e-02 4.363439858634994561e-02
3.853392898452730891e-02 3.942193913047421783e-02
3.854711864382251441e-02 4.313225874521540298e-02
3.871713469347098230e-02 4.009165194041919983e-02
3.877634123684019218e-02 3.989538839116445884e-02
3.938153220498508134e-02 4.104217318328205744e-02
3.941346401908190494e-02 3.986690520326507253e-02
3.967242639496887380e-02 3.968602073732113711e-02
3.967322471256252980e-02 4.044808240182395237e-02
3.971460978833557531e-02 4.731228748330337797e-02
3.972276058620459460e-02 4.046971441592996099e-02
3.996374980587883569e-02 4.001218323587478476e-02
4.002491462556386631e-02 4.275867390855388889e-02
4.008832053084747382e-02 4.024479050733428126e-02
4.021726525702467442e-02 4.259093181737799716e-02
4.048101464685288642e-02 4.074177709385155138e-02
4.104905714427701385e-02 5.042473804044835667e-02
4.113609752263582692e-02 5.127337275612742912e-02
4.115022238328315540e-02 4.120130052704893547e-02
4.117684767449721062e-02 4.251013889294422837e-02
4.120706402860037365e-02 4.907551630339326149e-02
4.144945648624984852e-02 4.230116215952801906e-02
4.176726071707985433e-02 4.510432417412590239e-02
4.179225459047125613e-02 4.204281230352068660e-02
4.291752004078000504e-02 5.002627359697772724e-02
4.302578535574547863e-02 4.342361267295973687e-02
4.340032200181098004e-02 4.701922227906815688e-02
4.378620018788594026e-02 4.382831776435153204e-02
4.395933768275839953e-02 4.618610715109811721e-02
4.402886580363660207e-02 4.412772449984282697e-02
4.403945206531999917e-02 4.486877695189780968e-02
4.459869770664127986e-02 4.467029435698133266e-02
4.496999381909645710e-02 4.513576142058570162e-02
4.545912990297582001e-02 4.553279913607666263e-02
4.562097912579522047e-02 4.884059642707719306e-02
4.583384996666827610e-02 4.622475209215101688e-02
4.597348664966920129e-02 4.600170484126626241e-02
4.610212550958820571e-02 4.610299434973371552e-02
4.746098723224596860e-02 4.854913587926906748e-02
4.762189858911382995e-02 4.817880514147663412e-02
4.786486123658093006e-02 4.799653896861862806e-02
4.788775337830333823e-02 4.795755938691414338e-02
4.790777556394899134e-02 4.811657547225928894e-02
4.888670215490548837e-02 4.894299403013515487e-02
4.963174714314527031e-02 5.000316077428355876e-02
5.021852809647259913e-02 5.262063931059263872e-02
5.092402750900189290e-02 5.112684952743039302e-02
5.118630370505287269e-02 5.733078308672896750e-02
5.265384165182122878e-02 5.537203510912364068e-02
5.270046518143403635e-02 5.432406469276417765e-02
5.309314928401860645e-02 5.751749428482798993e-02
5.378326234641609555e-02 5.428174880657378465e-02
5.389758390488291057e-02 5.406219279414308659e-02
5.482461112862747898e-02 5.689134209184147639e-02
5.504867843961445961e-02 5.505202131855542469e-02
5.600432234830247241e-02 5.678246808044211391e-02
5.618112495456790284e-02 5.642451183326094299e-02
5.781298133308562098e-02 5.936639344529488077e-02
5.850013730634025938e-02 5.922245614842029660e-02
5.949315032063946102e-02 5.949501391391642108e-02
6.040859961361074587e-02 6.056613071285640859e-02
6.685690866733245974e-02 9.055206784401954589e-01
6.828149463429782073e-02 7.336349515675014143e-02
6.949101317739642125e-02 6.949105063851733488e-02
