1.849834175726819060e-02 1.989378489698357191e-02
1.956692417775343293e-02 1.997722677097731742e-02
2.158806278572787327e-02 2.330593802626954036e-02
2.619067868698183796e-02 2.783487941435284357e-02
3.060898636945744850e-02 3.062901064656585112e-02
3.078407679738316693e-02 3.095434714286704816e-02
3.101103299729883467e-02 3.512655217301121485e-02
3.128414303758584453e-02 3.753280204771006906e-02
3.294643667322726122e-02 3.297009558492895037e-02
3.459481521044956154e-02 3.948404121410206691e-02
3.488084282044826012e-02 3.529474198213222030e-02
3.567812407406664027e-02 3.680398160857954043e-02
3.629460841711257962e-02 3.631372679820171062e-02
3.684529827531610874e-02 3.714293944885788123e-02
3.711878286770654151e-02 3.937900697725284227e-02
3.732453882950544088e-02 3.777590142157326997e-02
3.742085673842891758e-02 4.111908696750365272e-02
3.782465830984355071e-02 3.796307364868502232e-02
3.783203719745807658e-02 3.786950921927000752e-02
3.797888759352761878e-02 3.883239297414202429e-02
3.866880829683358445e-02 3.991434739117980662e-02
3.868931131909866122e-02 4.338710270957724796e-02
3.896260735614928694e-02 3.907755998531881048e-02
3.906088034722923763e-02 4.312654128964108630e-02
4.004958626245459785e-02 4.019280016499880703e-02
4.055282818460557992e-02 4.121729638046268962e-02
4.175965624496955769e-02 4.248984547410259577e-02
4.231085844760402309e-02 4.493330180380757100e-02
4.293735214824948021e-02 4.308134989629205935e-02
4.294351441155184329e-02 4.427342630047687716e-02
4.316751945688118708e-02 4.361793888232151639e-02
4.317472717389879422e-02 4.336406011695947277e-02
4.324095612999059868e-02 4.348110461030772061e-02
4.332572456398566668e-02 4.332796450340162947e-02
4.347192101730817937e-02 4.449181627006076889e-02
4.409266772356530001e-02 4.437023097285405782e-02
4.503765046516173404e-02 4.590510748283768011e-02
4.564496277824666576e-02 4.603577488513242721e-02
4.663597338073290077e-02 4.737392525400706267e-02
4.717154660603671557e-02 7.221930250757234437e-02
4.763036343957263719e-02 4.775337532170529503e-02
4.767302990588966755e-02 5.161614655429994092e-02
4.805288685499100459e-02 4.869918530635553716e-02
4.871029219216740230e-02 6.238608123186523136e-02
4.876424235339853197e-02 4.895050542653434783e-02
4.886906774708377199e-02 5.119652551428118675e-02
4.910344976553777940e-02 4.993046341876518357e-02
4.929508027722714902e-02 4.950436802989412188e-02
4.955239438902633159e-02 5.209662318218725302e-02
4.967928612382888076e-02 4.970050296560549197e-02
4.989115533193730356e-02 5.618428833770784669e-02
4.990663976098886484e-02 5.153971353351907703e-02
5.004389009074638323e-02 5.021834375237736736e-02
5.055409793962677839e-02 5.100236313882348244e-02
5.088675674834766682e-02 5.769128918885377266e-02
5.111716732775211519e-02 5.364403613898510725e-02
5.123070995650333415e-02 5.185072789946444660e-02
5.134384555535423389e-02 5.174531315678307375e-02
5.135840888654132769e-02 5.178572436085199931e-02
5.136927385781887845e-02 5.211440758459497113e-02
5.151085366160655654e-02 5.806259713393849275e-02
5.168004945275918999e-02 5.541250266467957764e-02
5.190363155831274888e-02 5.511851375984163498e-02
5.196926918460702954e-02 5.197503891922068686e-02
5.198015964813242074e-02 6.604877414210574837e-02
5.207313495992972607e-02 5.345217564152041773e-02
5.247580444412480033e-02 5.296096064883176746e-02
5.271111595588019727e-02 6.024353975283606305e-02
5.286113014766115337e-02 6.472845993510553675e-02
5.289978584486736829e-02 5.487244428998280799e-02
5.304081372523098553e-02 5.304203799179144085e-02
5.366507937847300042e-02 5.367656300592885121e-02
5.435097471202114672e-02 5.693406535666716700e-02
5.473801907577408726e-02 5.927423275486103788e-02
5.487355660380133920e-02 5.575639909934488464e-02
5.487801854087660802e-02 6.728875149693679114e-02
5.533428652673109960e-02 5.805016175950562796e-02
5.540658727582852688e-02 5.783351304155138345e-02
5.573727853305038976e-02 5.883186854936498650e-02
5.600901349393334894e-02 5.621272471459841380e-02
5.622244836464324741e-02 5.843783422229004848e-02
5.627309288429643841e-02 5.647671862250334268e-02
5.646774068796704682e-02 6.157452669514027616e-02
5.655081780808928621e-02 5.876682247160971290e-02
5.658972629064821375e-02 6.102007822560456124e-02
5.666472107536801167e-02 5.798451897053635146e-02
5.670687972469899002e-02 5.916099808838717888e-02
5.699530045953271618e-02 5.818019402370780413e-02
5.738388537955665947e-02 5.861515881391059224e-02
5.784453006817270870e-02 5.790320573915050395e-02
5.798225677255122723e-02 5.949824847768347275e-02
5.822133945906252800e-02 5.877675123385302930e-02
5.823682746843010516e-02 6.685025197849356338e-02
5.831239763920563479e-02 5.880969062298591760e-02
5.838313712503950120e-02 6.060625884818473391e-02
5.847294695756771049e-02 5.914813165700968933e-02
5.870430346203252270e-02 5.921410515712376144e-02
5.892414860306719598e-02 5.903128688630662757e-02
5.894140439986417929e-02 6.952350559166158017e-02
5.900375127139351888e-02 5.906157851393692426e-02
5.934512754118836941e-02 6.346589178237001250e-02
5.967294536763976393e-02 6.014939218562528889e-02
5.979346402386766235e-02 6.764241606221284286e-02
5.980490744357969818e-02 6.128380679583128599e-02
5.986403812611590380e-02 6.009212710226728010e-02
5.998460735381423020e-02 6.095349909014204093e-02
6.034633996461051531e-02 6.612207943946844801e-02
6.052739222951702969e-02 6.259636281554355197e-02
6.065570328196459582e-02 6.853352149976206509e-02
6.088658776367684294e-02 6.343878406502682921e-02
6.088664710525550777e-02 6.197731811450055833e-02
6.100661805583398184e-02 6.791587379724610407e-02
6.109221145043580020e-02 6.289502253239724616e-02
6.150025589836613515e-02 9.251569299449048656e-02
6.159769662977435112e-02 6.252423366196933896e-02
6.184175375304538230e-02 6.464853733726547147e-02
6.203598556219463295e-02 6.204742891086784118e-02
6.212832678608852521e-02 6.214906087890648134e-02
6.214516320395248317e-02 6.819806936480997395e-02
6.239135499689003883e-02 6.463924166887331790e-02
6.267716691861982548e-02 8.149467901122621483e-02
6.283304368645245552e-02 6.565017492659565301e-02
6.290140502657907973e-02 6.290312763267295881e-02
6.317513531235408042e-02 7.591939616850307271e-02
6.320369273160707235e-02 6.465171512584096114e-02
6.346832279255865128e-02 6.376695950772151567e-02
6.371779751825336346e-02 6.509948934998907588e-02
6.381419315650106727e-02 6.486555359982479341e-02
6.399204523723804605e-02 6.399206744655940027e-02
6.400820043452355723e-02 6.462330059960333384e-02
6.408359440010796826e-02 8.893078022673538141e-02
6.421996206668002805e-02 6.656917322712982421e-02
6.440414668225614980e-02 6.450122958510585980e-02
6.447966413901951022e-02 6.711301883197728912e-02
6.455888149069990978e-02 9.297095264904003953e-02
6.494084249965852151e-02 6.883571434845031645e-02
6.495401671204591165e-02 6.495416086463061400e-02
6.497592041784605588e-02 6.579765887581504047e-02
6.500388253101171965e-02 6.651370754463960255e-02
6.550707795792723442e-02 6.594245486512982646e-02
6.579590517940325789e-02 6.686971883631261104e-02
6.580743474444845920e-02 6.596947878746090010e-02
6.582043983962698741e-02 6.646246519059212376e-02
6.605572627282567388e-02 6.610039700114707373e-02
6.606881908719940133e-02 6.660973077432896794e-02
6.617945253286926233e-02 6.883087429149922776e-02
6.633996820275493700e-02 6.727588448873378368e-02
6.640465828867950226e-02 6.640599524502961704e-02
6.640602535449970090e-02 6.641497980364795273e-02
6.645271522726683977e-02 6.678279672267185829e-02
6.654521634572710398e-02 7.455102608458982760e-02
6.656579220335538671e-02 6.670827522484336358e-02
6.696318210873571097e-02 7.054045206691846037e-02
6.732655693929966156e-02 6.788045413953011642e-02
6.733298579318089394e-02 6.738072392148106160e-02
6.739191313777165293e-02 7.510260584825610708e-02
6.740782392094972486e-02 6.741343534910358704e-02
6.755757626217806511e-02 8.150216181063836551e-02
6.789838207193894803e-02 8.440229502795751348e-02
6.796835603126644143e-02 6.853658533162504396e-02
6.801652341268479840e-02 7.057746187760219336e-02
6.820671702794585400e-02 7.273779801354213204e-02
6.821626583915048336e-02 7.251686189628789303e-02
6.897225775149398719e-02 6.937737968612224526e-02
6.928807161963744521e-02 7.058583676510282734e-02
6.956170288449570194e-02 7.952499761318169991e-02
6.968631468561183040e-02 7.146274464915210178e-02
6.970128151974451514e-02 7.013151441011501730e-02
7.010521399033199652e-02 7.123551807313723006e-02
7.068138869250364942e-02 7.070535513486934931e-02
7.074472972630882484e-02 7.178591768004174978e-02
7.101664670840003579e-02 7.763518310879498341e-02
7.116859250733056919e-02 8.190843984899978669e-02
7.124327864163461366e-02 7.129186403139567418e-02
7.148179497664680637e-02 8.395857001463512270e-02
7.150402691321468274e-02 7.351149684362680292e-02
7.150888036486251209e-02 7.151117056891924395e-02
7.201252579422197375e-02 8.341713301272496439e-02
7.203223773592930257e-02 7.536134675221256574e-02
7.205965868834025845e-02 7.393573196575572992e-02
7.242374037539288378e-02 8.157711858469307575e-02
7.245930417555347669e-02 8.015423849790793975e-02
7.253704667820701224e-02 7.660486762647955583e-02
7.257752933517903904e-02 8.515246052532891852e-02
7.273920261446698010e-02 7.747161179942073372e-02
7.277109731688508054e-02 9.190416000831157228e-02
7.286994600290953861e-02 7.799004636896303411e-02
7.294938997473351949e-02 7.338482125563391967e-02
7.323775377186662883e-02 7.415671646973548414e-02
7.357800537189722323e-02 7.357877208657596924e-02
7.358594292454105623e-02 7.504972727196253246e-02
7.389320985413529164e-02 7.557466991556079094e-02
7.398959345335096027e-02 8.525465668120317531e-02
7.402391274639315288e-02 7.446087936158816978e-02
7.405839242598441508e-02 8.067672066767485328e-02
7.406810737152635937e-02 7.414875792769137774e-02
7.418099774660848189e-02 7.420584448604004846e-02
7.421293492352051824e-02 7.501556504117397328e-02
7.425710098202582821e-02 7.657607883115652436e-02
7.441428483797436766e-02 8.347722604132433444e-02
7.457798791498075619e-02 1.285416544779727499e-01
7.459108821194834760e-02 7.886015789256679842e-02
7.475953025268781971e-02 8.041092351200908317e-02
7.477199415523409776e-02 8.124412602466138389e-02
7.488975756348759116e-02 7.499090066723100578e-02
7.495825061876273954e-02 7.548521285223912247e-02
7.501746474094017625e-02 7.544529444786451933e-02
7.509839655730894681e-02 8.221482550364807296e-02
7.513727679841293583e-02 7.598271370688663984e-02
7.520066937351563285e-02 7.632169589799543685e-02
7.523987187970002100e-02 7.526599417889541510e-02
7.526111175555801058e-02 7.533633595709654518e-02
7.546270924147215065e-02 7.580319273524395440e-02
7.554065342258137195e-02 7.556309557750391648e-02
7.580976890105489696e-02 2.722306001831224509e-01
7.586996834873904749e-02 7.591478052596353776e-02
7.615431175042217116e-02 8.805567226744469289e-02
7.636752714394458297e-02 1.091808278652244418e-01
7.652237599470682050e-02 1.143430761415348135e-01
7.655503927656019669e-02 8.108717335292836559e-02
7.660009833029012005e-02 7.946106286570357724e-02
7.667611556241586690e-02 7.674534619142048264e-02
7.682635665552793591e-02 8.417614996375054337e-02
7.691014786445062035e-02 7.719698873421040886e-02
7.702821036508497587e-02 7.708655720978023485e-02
7.723671388272064509e-02 7.768057683153550830e-02
7.737712299227006429e-02 7.893656732638631990e-02
7.742265065323908346e-02 7.849416976822594372e-02
7.745822946645214424e-02 1.047365868648628962e-01
7.747130127778108222e-02 7.854405607037534542e-02
7.750774134343987876e-02 8.692725428898012696e-02
7.752195593059531264e-02 7.791898813135053614e-02
7.757764075163472994e-02 1.468663897666919460e-01
7.764726115071976520e-02 7.906290711922736580e-02
7.768762200405360252e-02 8.490824183091437438e-02
7.813190648321588494e-02 8.007874408156567814e-02
7.848158411444970672e-02 7.871668619391322674e-02
7.851695130586953952e-02 7.858010221260465500e-02
7.851970695392600230e-02 7.925677440114796413e-02
7.871335426366563026e-02 1.461511599383128190e-01
7.893935736929702518e-02 7.893955835416577305e-02
7.896257170101281253e-02 8.013623539853277633e-02
7.904773239936743745e-02 8.278594285924154028e-02
7.911161039943147288e-02 8.454453818640740581e-02
7.927809062812106455e-02 8.736649363025363046e-02
7.942328529742102849e-02 8.033591272845426456e-02
7.957296665706176109e-02 8.662534443178070143e-02
7.962989515674070984e-02 8.208680350667521552e-02
7.986385844882160079e-02 8.719532000327263888e-02
7.995323546389106195e-02 7.995324628959037117e-02
7.998766074452071106e-02 8.084699858872995692e-02
8.002701072944523597e-02 8.034605117311315048e-02
8.031049932270735436e-02 1.024278075613707512e-01
8.037389564124539088e-02 8.047083270438458447e-02
8.038103174305495646e-02 8.038366008847788735e-02
8.041672886250655905e-02 8.275510483843183385e-02
8.067628403160580219e-02 8.089921467071208017e-02
8.075316282021029191e-02 8.558370948065997796e-02
8.090528181495350302e-02 8.171198056132572551e-02
8.113367774132904109e-02 9.248625506845001287e-02
8.146441757362635205e-02 8.311609032275829589e-02
8.151945522925053977e-02 8.805133187144080498e-02
8.157154445244252372e-02 9.459593461682876125e-02
8.159484584618345582e-02 8.935879881432196026e-02
8.166582314968345857e-02 8.515052679325331442e-02
8.172295748828037332e-02 8.340220928936170619e-02
8.176601530538754603e-02 1.736209605158960112e-01
8.179136644149034852e-02 8.290451115313525465e-02
8.190701935174297954e-02 8.344768180958114789e-02
8.214229366679136335e-02 8.523765138512860717e-02
8.252686797853839296e-02 8.261320623395881912e-02
8.260039500427794612e-02 9.008462607768893959e-02
8.290906547148274575e-02 2.613393509382559432e-01
8.304892936522861868e-02 8.337271025028314408e-02
8.323987770981171319e-02 8.435034887076385546e-02
8.325443104964896923e-02 8.443251145840842409e-02
8.343567368219852176e-02 2.091019051768372439e-01
8.345993386289904392e-02 8.425555015023762639e-02
8.349824063095298565e-02 8.868780756949840027e-02
8.378273857021142912e-02 8.496308251267653544e-02
8.391997569507185506e-02 8.505230801421471976e-02
8.393593152017235492e-02 8.506281042632236888e-02
8.403689106057887770e-02 1.361540816214719118e-01
8.409508204275056853e-02 1.232669124859127330e-01
8.415778362403238122e-02 9.203808042182425042e-02
8.422842888819287444e-02 9.172492442333905760e-02
8.426616998350777710e-02 8.646982267106516351e-02
8.435141224795800197e-02 1.302310993820645080e-01
8.435382099080736273e-02 1.466580513493985216e-01
8.449104039257625265e-02 8.592289695582229492e-02
8.453681203671352395e-02 8.569638363553901128e-02
8.462542452769621082e-02 8.528474213678617633e-02
8.471214905884244528e-02 8.658577715253668039e-02
8.510205304629210599e-02 1.023104025804134065e-01
8.515056793952108238e-02 8.564857177332239890e-02
8.518316759469894695e-02 9.047668996896306159e-02
8.521983682461353737e-02 8.521992283912849242e-02
8.524973341418073947e-02 9.342510196175850268e-02
8.530862287611673533e-02 1.039280640209681444e-01
8.531011628146417669e-02 8.552802082597381339e-02
8.562445699018396417e-02 9.413597631149793477e-02
8.590087136344483343e-02 8.803879601574754465e-02
8.609655201662547164e-02 1.068969613873873015e-01
8.629821550622773785e-02 1.064898511420739047e-01
8.683183342714102804e-02 8.697656447349912112e-02
8.686488973878742081e-02 1.148554276286043313e-01
8.689628610558201849e-02 9.584075286637572244e-02
8.693182446501733496e-02 8.952359342111246288e-02
8.695108277007530806e-02 9.465577889789610067e-02
8.697839709029364652e-02 1.768174762528630373e-01
8.698325213251298371e-02 8.704730500844951036e-02
8.719212634077580515e-02 8.724884555015047227e-02
8.751690005547298201e-02 8.799710793115361751e-02
8.753624690609548842e-02 1.042755718631433876e-01
8.769956526959811483e-02 9.328627720969505377e-02
8.773014055592733007e-02 1.146202208655446309e-01
8.803945211512097246e-02 9.163475736502285640e-02
8.808024817276580154e-02 1.699798376801250344e-01
8.822423551129569830e-02 1.046278653774848355e-01
8.833094326991633438e-02 1.030514594391084282e-01
8.836659998211397749e-02 8.839768790616032990e-02
8.852939512416822809e-02 9.118499775246903527e-02
8.856053146274751875e-02 1.066784147824889756e-01
8.862757493017324462e-02 8.999530883616947696e-02
8.869667852705498401e-02 8.903748386615639721e-02
8.870093559067510069e-02 8.876164579629332307e-02
8.921066371678891549e-02 8.952475030756337770e-02
8.923934581442581615e-02 9.965850435895881598e-02
8.929405349010949289e-02 9.000490338614480779e-02
8.944962271095058259e-02 1.759988185677639205e-01
8.962636968408681237e-02 9.034528814288114718e-02
8.968025854190142532e-02 9.038218872562228667e-02
8.969625491014861229e-02 9.056891839938242816e-02
8.971458931525597147e-02 9.840866359284415610e-02
8.995628575700839735e-02 9.273810696071248250e-02
9.033876626417491895e-02 1.011031102093501305e-01
9.039478725433734707e-02 9.164595406971383362e-02
9.042300582853490809e-02 9.514812095850092022e-02
9.043507290197273785e-02 9.212680731586388172e-02
9.045339813164549048e-02 9.150473029333687502e-02
9.057558829021497560e-02 9.059326712005588700e-02
9.073823458114613216e-02 9.942357203197157989e-02
9.081709163887324854e-02 1.176132937574862758e-01
9.082831466285405664e-02 9.093142338412170400e-02
9.094632901774177269e-02 1.118588346660070038e-01
9.109891587478592678e-02 9.249033094992714643e-02
9.111868804195853710e-02 1.051332370788968240e-01
9.131968257681681578e-02 1.688868702269378241e-01
9.146987667989874005e-02 9.157308126902072298e-02
9.160213095339468647e-02 1.117268418930090906e-01
9.169232083853082194e-02 9.178123240663899063e-02
9.173993681325896821e-02 1.141777993198306168e-01
9.177378910553976588e-02 9.371205162744510042e-02
9.190951270029532050e-02 9.331343699789518276e-02
9.213234268467304644e-02 1.023298599024695943e-01
9.221177428776719531e-02 1.437667415570855756e-01
9.230039987364117848e-02 9.882399012296320950e-02
9.263193454116744330e-02 1.070366578760087034e-01
9.269436480197804085e-02 9.276613353213666868e-02
9.283184637956871932e-02 9.302701230198774651e-02
9.333166727661762474e-02 9.625945523934437142e-02
9.342752693961883792e-02 1.685345393206623132e-01
9.346172242521401385e-02 9.347938957443344132e-02
9.355036961472305845e-02 9.372015948312223399e-02
9.373747565616703803e-02 1.877788340656864341e-01
9.383388103893372523e-02 9.439784929984663953e-02
9.389984190455319402e-02 1.022195205698929327e-01
9.407140842128920710e-02 9.432895702112620295e-02
9.408984679134853313e-02 1.330017407331958446e-01
9.424188801237043389e-02 1.014989729392599821e-01
9.455822067184435631e-02 9.611489743543205622e-02
9.464159074078364042e-02 9.537353983750429531e-02
9.480915220734499604e-02 1.017146687343425254e-01
9.509949353496079116e-02 9.519286818104111259e-02
9.510808818380542262e-02 1.353431579661987239e-01
9.533742005055215185e-02 9.758480720427474553e-02
9.546868513770588593e-02 1.315430793177408131e-01
9.554775069416564237e-02 1.078010575682964572e-01
9.555789334762208875e-02 1.065090292586859805e-01
9.557640264069212910e-02 1.762620885945449245e-01
9.588503409358525853e-02 9.648747187981614182e-02
9.619423092865088398e-02 9.651059736835086722e-02
9.619471222677841715e-02 1.190453011203031070e-01
9.624730451719022695e-02 1.093340418997875013e-01
9.633727177891297788e-02 1.043545057427428535e-01
9.637898833363782447e-02 1.306905077134731252e-01
9.644191070863614157e-02 1.123484146271151868e-01
9.656165377907696690e-02 1.522986684905591748e-01
9.696124390814339633e-02 9.859418355067101070e-02
9.700989401493578801e-02 1.123403205839912378e-01
9.723010060112725894e-02 1.047230217429291482e-01
9.734499246916607229e-02 1.032517713996215780e-01
9.760572371175546547e-02 1.026240898374565780e-01
9.768253124128231657e-02 1.619425254061404862e-01
9.775803263237818619e-02 1.079349451884278610e-01
9.779444686128646591e-02 1.725171562572885842e-01
9.780753715168545581e-02 9.790830427688398951e-02
9.786928290382022888e-02 9.787031074065634384e-02
9.799792545996062476e-02 9.824923732161444656e-02
9.801179759775312250e-02 1.021171021897040315e-01
9.810416147773549922e-02 1.018690944765233142e-01
9.811698882073767447e-02 1.029967029842820403e-01
9.829261797256776123e-02 9.958182873600564256e-02
9.839709020791662097e-02 9.907298905330366723e-02
9.851777979079065495e-02 9.983669725562287212e-02
9.878674402540570110e-02 1.010668543818765280e-01
9.883582887288826224e-02 9.884140222751761073e-02
9.938591429429760593e-02 1.126091470523070542e-01
9.945354246921130070e-02 1.074505363934391972e-01
9.977392382786059999e-02 1.050353693415766732e-01
9.982135722160245805e-02 9.994093215649636763e-02
9.993277697156920103e-02 1.005278141568382855e-01
9.998076362196824107e-02 1.066701124065981970e-01
1.000213546560650701e-01 1.262289924242521177e-01
1.003933534929351279e-01 1.008594642116765333e-01
1.011555015198225271e-01 1.011943067420963682e-01
1.014221317553903323e-01 1.020187885706931308e-01
1.014228132107711094e-01 1.513672170486974611e-01
1.015579483363899388e-01 1.026213014832809689e-01
1.015598683213230213e-01 1.016634675482175343e-01
1.016961854338813975e-01 1.039900101139718952e-01
1.019539950706557507e-01 1.056016372673042741e-01
1.020766759511387567e-01 1.036245055136111454e-01
1.026177257359846967e-01 1.027110613940060979e-01
1.026727566974212497e-01 1.054823964244751971e-01
1.029465797071289629e-01 1.029471133054331300e-01
1.032683443882122520e-01 1.066850190329951681e-01
1.032802946027156082e-01 1.261311487349809080e-01
1.034126633399999329e-01 1.111365757641395308e-01
1.034459389079410568e-01 1.125412969931969681e-01
1.034788178429477817e-01 1.047833761904190530e-01
1.035611769468144511e-01 1.035662217042565836e-01
1.036699421032064444e-01 1.066494045898294801e-01
1.037175920050731337e-01 1.421407885796708848e-01
1.041009731301219821e-01 1.267462668723493002e-01
1.041599170529957097e-01 1.046065285100879066e-01
1.041934238735500451e-01 1.069545389157338378e-01
1.042327601132642806e-01 1.376294635818816336e-01
1.042570928010368297e-01 1.370692938852810794e-01
1.044407792695098841e-01 1.046970788094672422e-01
1.044657452589341090e-01 1.055118305351203378e-01
1.047651520139741832e-01 1.049087414320411804e-01
1.049434829043234679e-01 1.056877768867843931e-01
1.050596450091838968e-01 1.055387781915492068e-01
1.051035183059658568e-01 1.059712054826185967e-01
1.051716521864990705e-01 1.072306694618625489e-01
1.054926572142774743e-01 1.098701605409070359e-01
1.056177219633198938e-01 1.094440773886084101e-01
1.061191472630740318e-01 1.067047205239285979e-01
1.062107834204553541e-01 1.151307591507111233e-01
1.062437632035964363e-01 1.309357635611832216e-01
1.062917439593036167e-01 1.101438039670566693e-01
1.070236414069168640e-01 1.248842142277511724e-01
1.071094673055529023e-01 1.142289308150764571e-01
1.073572432609243982e-01 1.119940104316709401e-01
1.077294542763024970e-01 1.079817447410164333e-01
1.077727066349645213e-01 1.091852158141207035e-01
1.079778734351583558e-01 1.107848468354222654e-01
1.080018521314571184e-01 1.100623115146591308e-01
1.080243236013289643e-01 1.080434016825856658e-01
1.082909369729249116e-01 1.443361186304264188e-01
1.083088313706232486e-01 1.110923337149520712e-01
1.084586932453990016e-01 1.155939768177571964e-01
1.084816143727903304e-01 1.156146263457842466e-01
1.084862505969765856e-01 1.085054298465845529e-01
1.087185991342361630e-01 1.164618825078307801e-01
1.088345421268651358e-01 1.093963920288682085e-01
1.093679911852258047e-01 1.093922538918066650e-01
1.097014611299548525e-01 1.097014865048216575e-01
1.104451808962934323e-01 1.423064094354013764e-01
1.107922268565077889e-01 1.108268980493304634e-01
1.108634087027245696e-01 1.657399880759621302e-01
1.114459181581890085e-01 1.513598918103116753e-01
1.115400389397791792e-01 1.115400523821083040e-01
1.116733777631762486e-01 1.116751442148568862e-01
1.117018704733389461e-01 1.174558602372187677e-01
1.123413752662362208e-01 1.153472320167537590e-01
1.124085717177858157e-01 1.134737791298491144e-01
1.124667743831414407e-01 1.200244215465725989e-01
1.128130251443159732e-01 1.642560253803230785e-01
1.128192875288446251e-01 1.449785639737425913e-01
1.128935611386734789e-01 1.141305758997390868e-01
1.129747652486279563e-01 1.319350200442135634e-01
1.130091795383895842e-01 1.172705078334648071e-01
1.134985253933861460e-01 1.139359443175437109e-01
1.137236974249103555e-01 1.399520272890955319e-01
1.137911075006996370e-01 1.248382920283432201e-01
1.142961334660703571e-01 1.154330052882168306e-01
1.143162160715443798e-01 1.143258098454285610e-01
1.143360970414760841e-01 1.436472569691397416e-01
1.143949975444663175e-01 1.146963734165680759e-01
1.144518988772156298e-01 1.197897415202629628e-01
1.145676488359512329e-01 1.151249103379311522e-01
1.145856849645361525e-01 1.334242573541646881e-01
1.147515600184959156e-01 1.205191012068163176e-01
1.148171644379988171e-01 1.378762219535925593e-01
1.148856493603229445e-01 1.172030626418095467e-01
1.149627024587372981e-01 1.204818143418253246e-01
1.149773798219033555e-01 1.157115367250218796e-01
1.150720150231115263e-01 1.204970326360936123e-01
1.153482903191693498e-01 1.168641357134045933e-01
1.155683376677269364e-01 1.191615125166218536e-01
1.162665636498939892e-01 1.557882959064011419e-01
1.162923695466616114e-01 1.221292475243941633e-01
1.164353835245489077e-01 1.196494545573817958e-01
1.167293673869572168e-01 1.203222884188043240e-01
1.167347160057377320e-01 1.224559212758942750e-01
1.169933110872703186e-01 1.187642552464668461e-01
1.169936192846835754e-01 1.171531155935231217e-01
1.170086511001627166e-01 1.210042269264354625e-01
1.172083403654602396e-01 2.085639513193279226e-01
1.177084261818383271e-01 1.198283219958203444e-01
1.181876959199986421e-01 1.324101761417106338e-01
1.184796776294544107e-01 1.299221345096412406e-01
1.189726565195657337e-01 1.206363094009402642e-01
1.191527891177905918e-01 1.375808727574323043e-01
1.192416346227593987e-01 1.200176664191046766e-01
1.192456347012467582e-01 1.465741228787897921e-01
1.194445258992845732e-01 1.194559281209855578e-01
1.195135115031242395e-01 1.349595527963630415e-01
1.196788186032430451e-01 1.208147295564394180e-01
1.197885941691157058e-01 1.300176933010556146e-01
1.201352261030228796e-01 1.209710533822399570e-01
1.201761027066509807e-01 1.222070046464735354e-01
1.202836614369520024e-01 1.261641084472427954e-01
1.205710773764457761e-01 1.249547780619366388e-01
1.206669253861983176e-01 1.257198373224234222e-01
1.208594846020285413e-01 1.226583815356192819e-01
1.220319538419546990e-01 1.363047259826996316e-01
1.221076319435623614e-01 1.229883720074938097e-01
1.223224959785655375e-01 1.226829300114495175e-01
1.225850757409167047e-01 1.459930997771310968e-01
1.228110126519593448e-01 1.236683468348936943e-01
1.228259706975921850e-01 1.229116114585537684e-01
1.231948976646677629e-01 1.248788644761987116e-01
1.233620293053199063e-01 1.448336039108417406e-01
1.234635816907271588e-01 1.392273074571338254e-01
1.235871230666198001e-01 1.583603724755684172e-01
1.237823503893959592e-01 1.244570318588036351e-01
1.238366358954571395e-01 1.242220211115421385e-01
1.242582536805027643e-01 1.264995488060963458e-01
1.247899330044774796e-01 1.248856589645180037e-01
1.251147509203242303e-01 1.281429714578295465e-01
1.252134511443788178e-01 1.278054290359574852e-01
1.252654002348869700e-01 1.275282628076823410e-01
1.254524511658077490e-01 1.262597677238701255e-01
1.267336173645894348e-01 1.506024132036528351e-01
1.268420261452786468e-01 1.446763947447627929e-01
1.270399854248818738e-01 1.320447338671686677e-01
1.274966718228771334e-01 1.294501299104804104e-01
1.276133884090843162e-01 1.356506093068466923e-01
1.276955537013151898e-01 1.284527560241970068e-01
1.280773302817483084e-01 1.284232037638315671e-01
1.283462365676620309e-01 1.375020596665232353e-01
1.284938644185915912e-01 1.403365999475450210e-01
1.286884351506871749e-01 1.507522458261597309e-01
1.293441806217692780e-01 1.448641949399348261e-01
1.297811690708380039e-01 1.306878516573884985e-01
1.298098167624023302e-01 1.307826676311536485e-01
1.299124262616873637e-01 1.689631808304087324e-01
1.303550219604215077e-01 1.322304548846079397e-01
1.314389914036273865e-01 1.397304212864146078e-01
1.317960093678587630e-01 1.368136238519097880e-01
1.321200768346774967e-01 1.321202557866621441e-01
1.321506107144898301e-01 1.343781284959534583e-01
1.325016008401655176e-01 1.407997763516870005e-01
1.325533430317547001e-01 1.704929512666670810e-01
1.327164921456634172e-01 1.385153686802431672e-01
1.330605571762468464e-01 1.330619779743594244e-01
1.337706242193354989e-01 1.337905072280874963e-01
1.341292493953783749e-01 1.359784634024303329e-01
1.342864910427528369e-01 1.483295697078048647e-01
1.344608061401612042e-01 1.423207262624199554e-01
1.345161016142765453e-01 1.392903806931210520e-01
1.347657857206017717e-01 1.441655112096241476e-01
1.351050074406154877e-01 1.359618668222179194e-01
1.352687916520865230e-01 1.365216366840008022e-01
1.357076687242028401e-01 1.374216318413890858e-01
1.358935150378924595e-01 1.495722701447324832e-01
1.360959647583539212e-01 1.374127657556723781e-01
1.373360648738408407e-01 1.375441886260654056e-01
1.373681124752179350e-01 1.373929443277646378e-01
1.378708724792453710e-01 1.394709719324884467e-01
1.381036564134003886e-01 1.725804451449939603e-01
1.384711690528830363e-01 1.412839964157824313e-01
1.389343383000838927e-01 1.422391968093046355e-01
1.389728824119119688e-01 1.407361950290090258e-01
1.390213062858067228e-01 1.390314090463641572e-01
1.403837189849117817e-01 1.413929169098870897e-01
1.404425446557003021e-01 1.404587851324800296e-01
1.413684158881289010e-01 1.418596495615031816e-01
1.413780247558678871e-01 1.414898605565303724e-01
1.416837839624859874e-01 1.418628602669609606e-01
1.417963052140828462e-01 1.418754888373192913e-01
1.420426393774968099e-01 1.430344828774772481e-01
1.420995649818715401e-01 1.421131950193501581e-01
1.423528418026167308e-01 1.436532326115635416e-01
1.426906222418054537e-01 1.451654483128971829e-01
1.433542920250207298e-01 1.446325474291849100e-01
1.442368303807597396e-01 1.443274832058303037e-01
1.443170234622626058e-01 1.472579737190607418e-01
1.453090476091136451e-01 1.807855450581231649e-01
1.455815833151171412e-01 1.608974280724660144e-01
1.456181472358812623e-01 1.459273101959871477e-01
1.460260052316767754e-01 1.462182487318607893e-01
1.474633252159507912e-01 1.481718826808542666e-01
1.494018189018631315e-01 1.700364915703005408e-01
1.514291717661457870e-01 1.520257198279940103e-01
1.517242081468022086e-01 1.587910971021005702e-01
1.528254574683417244e-01 1.537844880105862788e-01
1.548001940864147108e-01 1.620695895267648956e-01
1.555771906616677802e-01 1.556860363259746638e-01
1.565230922480503328e-01 1.575485972681753832e-01
1.569749025929576547e-01 1.573016966081947632e-01
1.627978656103198085e-01 1.638468413572618243e-01
1.639546122856189447e-01 1.673402395323096425e-01
1.648272278168091964e-01 1.655773493403183416e-01
1.656696259570745733e-01 1.661731134537004495e-01
1.660960021339186188e-01 1.668999347497941155e-01
1.666240277340528542e-01 1.704142729926371169e-01
1.668331722051456800e-01 1.680735732412403927e-01
1.713365795944493397e-01 1.714785631500637120e-01
1.783923347481478627e-01 1.797449433796528828e-01
1.852866255700447162e-01 1.857223977205262888e-01
1.880899307490523642e-01 1.882848822212027928e-01
1.959656104063109416e-01 1.964354083374754423e-01
2.552658953841961398e-01 2.565931310256436837e-01
2.716902770031536241e-01 2.717675593590816452e-01
2.767520960768937721e-01 2.767522045056562408e-01
2.904785694689404063e-01 2.905980169662724655e-01
2.950044410585718202e-01 2.950519700276007518e-01
