8.713255864694351427e-01 8.717791911074970201e-01
9.411872839612076547e-01 9.419439501130775216e-01
9.643622673516858423e-01 9.656795985132402560e-01
9.792214792123529188e-01 1.031232968378122505e+00
9.807717300751751521e-01 9.832306163008383004e-01
9.808072406297667634e-01 9.985253210788190836e-01
9.813056965817357202e-01 9.814372970449000144e-01
9.833177039732255986e-01 9.841413315631427627e-01
9.840933819330304200e-01 1.027816010671338542e+00
9.852418869836079285e-01 9.886246198490145076e-01
9.869903460386552085e-01 9.872112894147895279e-01
9.895448838055895813e-01 9.898270383056095856e-01
9.937102947086353666e-01 9.938133876418236978e-01
9.957859677736051740e-01 1.076187586108330985e+00
9.981628677891213330e-01 9.998534350977050789e-01
1.009395527189087094e+00 1.059234065543569470e+00
1.009469133365360705e+00 1.009469193656821417e+00
1.010535274486331625e+00 1.012059156737681542e+00
1.011428033536618587e+00 1.011510705102138807e+00
1.012084294887534153e+00 1.029364107806528983e+00
1.014856147352724891e+00 1.024004181099821276e+00
1.015906150495093030e+00 1.023533871200981604e+00
1.015910596894492590e+00 1.025033011991035137e+00
1.018469121319190540e+00 1.019492626856642215e+00
1.021243210418793179e+00 1.027393880691137129e+00
1.022092304419018216e+00 1.025527847447339935e+00
1.023516861711049053e+00 1.023518368627414299e+00
1.024991971276843383e+00 1.025021655953261002e+00
1.028764011886097007e+00 1.029226710692569213e+00
1.038064724823188900e+00 1.045864167104905817e+00
1.045148745761322662e+00 1.045148797508256955e+00
1.057820508081859456e+00 1.061149072748003963e+00
1.066542663505241517e+00 1.085541609691659248e+00
1.067080486069393208e+00 1.069207975605822369e+00
1.110726708340812774e+00 1.111154203962720688e+00
1.117376050865229065e+00 1.125586027711501735e+00
1.168129958767710086e+00 1.171804312568246242e+00
