5.544936196316622296e-02 5.650187016195377249e-02
6.188021128520487801e-02 6.202753207091939169e-02
6.597767310497622273e-02 6.608041558237981450e-02
6.822702023507846991e-02 6.823124768629783288e-02
6.926422232713130844e-02 7.145496281742882982e-02
7.023051362184280777e-02 7.049610113262369526e-02
7.044201394381427450e-02 7.134047867238149654e-02
7.052843440148424958e-02 7.095078755068208454e-02
7.140949253917742989e-02 7.167894617215007924e-02
7.154913692861743224e-02 7.170815930784311953e-02
7.270697371841680634e-02 7.273153529145319485e-02
7.377027321468533627e-02 7.383929873291217305e-02
7.521468960063584785e-02 7.528829124595844136e-02
7.568064895639248224e-02 7.570311802050239125e-02
7.696926865585906885e-02 7.698830057388680870e-02
7.706407776811016741e-02 7.714594476723508898e-02
7.824443828041277582e-02 7.865742556588278811e-02
7.829428896760409762e-02 7.830912374542617349e-02
7.925954873463525452e-02 7.925955021678267320e-02
7.932774548451210217e-02 7.940357288147954773e-02
8.026972895694098331e-02 8.056798823877629745e-02
8.227369098264630809e-02 8.271349711624396972e-02
8.233382582225495794e-02 8.237453884031591123e-02
8.355930324060564796e-02 8.377817946995515241e-02
8.705489033637940632e-02 8.726291577009399891e-02
8.707652448750831387e-02 8.715767677591114426e-02
8.710157110573894801e-02 8.725891238601571342e-02
8.747764654266425299e-02 8.830536320443108100e-02
8.769819601848109769e-02 8.929880037844371843e-02
8.875470178621155948e-02 8.900488801287145813e-02
8.941715093273822079e-02 8.973155018127416949e-02
9.040574608040606586e-02 9.040604345488641169e-02
9.064145947451263119e-02 9.092230240869740576e-02
9.144381012868199599e-02 9.145787308937386451e-02
9.266081988582734741e-02 9.266168021131310217e-02
9.274521411993176534e-02 9.280954665060715814e-02
9.361787367431267937e-02 9.380130021134622242e-02
9.388981822304814928e-02 9.398272724383884003e-02
9.430129413442200903e-02 9.462371498797070291e-02
9.476559029986249272e-02 9.584228046205486851e-02
9.627305525666257635e-02 9.627592352156853772e-02
9.704360197323236292e-02 9.709194246979177545e-02
9.716624482243738092e-02 9.812480929980690880e-02
9.723742707191472545e-02 9.806928380388796329e-02
9.810388733731446875e-02 9.810592460256520320e-02
9.923770014140186058e-02 9.946978609291483309e-02
9.924828454344049311e-02 9.941080875262632566e-02
9.959676403027367675e-02 9.959749217354492423e-02
9.966232762884354168e-02 9.971346338918937735e-02
9.977006416293097979e-02 9.977009185301626004e-02
1.002984660544260637e-01 1.003343194113942571e-01
1.014076803261950710e-01 1.015888464807511438e-01
1.026115847962931343e-01 1.026561284682534769e-01
1.033647095379816028e-01 1.033705836316997917e-01
1.040435266785893209e-01 1.040695412986509666e-01
1.041522092670983113e-01 1.055237092634372931e-01
1.043373144856489382e-01 1.043373887280465290e-01
1.049455803168728996e-01 1.049580158671467728e-01
1.081525439530552773e-01 1.087797445368532817e-01
1.082754815227738310e-01 1.082760987386014867e-01
1.087539088107932206e-01 1.088001374019695600e-01
1.087621207967331416e-01 1.090291889710978818e-01
1.093953688303940103e-01 1.094708378643941826e-01
1.111408012634126502e-01 1.112196347456315543e-01
1.129705281413555529e-01 1.129802451263739738e-01
1.132154719808890070e-01 1.139034284466878821e-01
1.132670728629326107e-01 1.134785317096855956e-01
1.134336764677336129e-01 1.134416935055020531e-01
1.150606283530852675e-01 1.151064494090687507e-01
1.176950398602684966e-01 1.179342432525644635e-01
1.197598795497783614e-01 1.199816107584007197e-01
1.204136993483806983e-01 1.206025719284317399e-01
1.211888817321582629e-01 1.212105853261926519e-01
1.216965081338958060e-01 1.237409762584370521e-01
1.221443230464023116e-01 1.221765567017329135e-01
1.235133284642490753e-01 1.235133877621352183e-01
1.271949175321329673e-01 1.273460198183879455e-01
1.276456668570466746e-01 1.277153908513880554e-01
1.281848701069666918e-01 1.281862097379083409e-01
1.284466973461858286e-01 1.284991940824447287e-01
1.286565761171657996e-01 1.288971111001570025e-01
1.314044229857725954e-01 1.314334494184140334e-01
1.336868389284366909e-01 1.355815923521017652e-01
1.339968101261670153e-01 1.345246195369305953e-01
1.349483532058283475e-01 1.359463770541398941e-01
1.356285726197646035e-01 1.356375288403605384e-01
1.357602457759689574e-01 1.358971139637587255e-01
1.379944520584637235e-01 1.384930813377819592e-01
1.390405555716218433e-01 1.390844403418644848e-01
1.422535298495165856e-01 1.424439702636177141e-01
1.439369514647311776e-01 1.441174225716333468e-01
1.440597274379256665e-01 1.456037450597199578e-01
1.479459814996842704e-01 1.491183505039406221e-01
1.484269428941142055e-01 1.486035628071713799e-01
1.495148460063489282e-01 1.495148807845945449e-01
1.650924786477775963e-01 1.651730485269750637e-01
1.726400126706481297e-01 1.727455919889116509e-01
1.758048373620161031e-01 1.760749448562697328e-01
1.851647019507701719e-01 1.854398911043706188e-01
1.901052335191867615e-01 1.936127374685615576e-01
1.906415279231229720e-01 1.906445488266918786e-01
2.021125856067595150e-01 2.021132116937000012e-01
2.518210802045437458e-01 3.150977907999740757e-01
2.576697822731901510e-01 3.035569959214800551e-01
2.636730845462793016e-01 2.797615243769830951e-01
2.657329396573465674e-01 2.657393809633786241e-01
2.666857295868683697e-01 2.666861608763836933e-01
2.730297535173138446e-01 2.730302236141760597e-01
2.733874159481455290e-01 2.828826061243666090e-01
2.744030452920876995e-01 2.754790843338151829e-01
2.756652129150270469e-01 2.756929085374723032e-01
2.776389984584158865e-01 2.981439634042493680e-01
2.782540618364279794e-01 2.811284807608834813e-01
2.787262150351951240e-01 2.787339934027814325e-01
2.793380214692560148e-01 2.794726371415676147e-01
2.798130799757144738e-01 2.801254640513803906e-01
2.811297056080561130e-01 2.813160481534328627e-01
2.839727990432537874e-01 2.841359006349826188e-01
2.839912630500448509e-01 3.040550335622147493e-01
2.843130326119163165e-01 2.979990320107863133e-01
2.853520392183115928e-01 2.909426104681548386e-01
2.855382557097815299e-01 3.011853248471951239e-01
2.864296085343815967e-01 2.864487685163898956e-01
2.877656664410616072e-01 2.906871704513348531e-01
2.877665843998419293e-01 2.878862861346684898e-01
2.880240406513432383e-01 2.893205923164834936e-01
2.886047505665887969e-01 2.891587898863745565e-01
2.888375325548862560e-01 2.888394120503945395e-01
2.891420896012358854e-01 2.893558283705868761e-01
2.891843539804137553e-01 2.903006139253981877e-01
2.892710557816615680e-01 2.896386525641115872e-01
2.893163695238352151e-01 2.897000447612245178e-01
2.900263055932609246e-01 2.900268542989491438e-01
2.916804791637895855e-01 2.948935855062423395e-01
2.917156539238335289e-01 2.917206421183202725e-01
2.919259431940498528e-01 2.925703919360317373e-01
2.928287975142083166e-01 2.937326300608406049e-01
2.936789490344690612e-01 2.985254528686950848e-01
2.949804928100439039e-01 2.998939668039328765e-01
2.954794737736763932e-01 3.010067323575442710e-01
2.956720891322315303e-01 2.972012549751125166e-01
2.963795844038753513e-01 3.006812912684720951e-01
2.965933347788761165e-01 2.965959410000813534e-01
2.968292355076183608e-01 2.977233548106940630e-01
2.978008122883060715e-01 2.979536428794258285e-01
2.978582760921633654e-01 2.981963572495189285e-01
2.987063741797170158e-01 2.993267713771125549e-01
2.996167986020586427e-01 3.008733289374174169e-01
3.000284811570325672e-01 3.000589347897256731e-01
3.001952982017123128e-01 3.037748464991785191e-01
3.008798973047675518e-01 3.010049987807612015e-01
3.016255526468760162e-01 3.017480607463040032e-01
3.038437727669254795e-01 3.038616782413851025e-01
3.039114706835659985e-01 3.039630021950514016e-01
3.042438001940790393e-01 3.044830424427079074e-01
3.045475908134622767e-01 3.045881111911172834e-01
3.130395781636399755e-01 3.130397166731622716e-01
3.144375724022255292e-01 3.145001683987231345e-01
