3.524483352532313540e-02 3.553350768885680383e-02
4.321442445011984546e-02 4.342517477721541397e-02
4.479001713485392111e-02 4.481108741280188934e-02
5.447081637942464971e-02 5.453269135629142811e-02
5.732565640448250566e-02 5.741776810899758277e-02
5.927629972548335846e-02 6.061569235653535559e-02
6.078705888177135530e-02 6.118607185137548560e-02
6.107427303191280410e-02 6.109123385888401425e-02
6.126872677849984350e-02 6.136820415731486511e-02
6.252285353612643815e-02 6.261088336243475494e-02
6.341529782176227870e-02 6.434052215294364108e-02
6.530346759141657242e-02 6.531700234781699643e-02
6.538231378774912728e-02 6.611799863958878198e-02
6.575160405195711044e-02 6.575679956996316466e-02
6.616558466832063445e-02 6.616558536631779452e-02
6.651801503167961704e-02 6.690621704298688188e-02
6.675391151697664116e-02 6.844810057585618002e-02
6.707667690343187272e-02 6.725716259877870251e-02
6.802239390046191381e-02 6.887853331344283292e-02
6.833136952659957242e-02 6.845148957991409322e-02
6.906301866992074767e-02 6.945674189574609081e-02
6.916229898690209876e-02 6.927464766566925058e-02
6.939076936318012978e-02 6.948201194125698532e-02
6.995820661285770403e-02 7.025749459733800217e-02
7.023051057782467299e-02 7.025817750304071130e-02
7.111918475792579353e-02 7.142520504834364015e-02
7.157969053282693672e-02 7.205788394879020231e-02
7.192160670505381992e-02 7.553885570756119217e-02
7.192192148195643286e-02 7.199085767929599977e-02
7.198296215865053471e-02 7.199175051767781053e-02
7.237466149191119913e-02 7.333963479006336272e-02
7.243460011709178248e-02 7.252999218968327055e-02
7.258125313386092070e-02 7.277138917991737843e-02
7.300078130502164753e-02 7.303574172919133356e-02
7.323954419551144401e-02 7.541909819363759593e-02
7.341324515968748743e-02 7.377490571531440666e-02
7.366045271023033414e-02 7.366265101989483144e-02
7.390290100592783462e-02 7.395758202179847363e-02
7.475620560682888494e-02 7.487386248673807976e-02
7.484377012252819983e-02 7.553345420901556861e-02
7.499028605414262416e-02 7.527873657107102268e-02
7.521838418644098689e-02 7.529716571750025289e-02
7.817216932566149745e-02 7.853922303670912708e-02
7.888688069287146110e-02 7.894271429959083541e-02
7.895030459037220838e-02 7.895282337350068014e-02
7.901523022495440807e-02 8.321826111075922294e-02
8.022143856258079353e-02 8.081375486016631471e-02
8.056670096902310285e-02 8.081512630464700309e-02
8.073535449071096715e-02 8.074869464209614989e-02
8.127681551759080580e-02 8.239752252178166037e-02
8.163576599817075341e-02 8.163987020423647822e-02
8.216904447786030352e-02 8.218134688265836540e-02
8.233784820055900511e-02 8.238603673337092925e-02
8.268215834240855155e-02 8.275812004597514482e-02
8.310531507158579190e-02 8.338828620055524499e-02
8.366066652845545459e-02 8.411075964540608296e-02
8.639243637778422358e-02 8.664777558775248190e-02
8.651719193816879983e-02 8.656678186582300594e-02
8.653266920548756402e-02 8.653368634892923128e-02
8.654025383190194765e-02 8.686730489472843653e-02
8.678713558116442350e-02 8.680878829314724043e-02
8.692541810576791261e-02 8.697902101810481290e-02
8.718666500478962356e-02 8.719825689614423003e-02
8.901013289588288746e-02 8.926883064178328664e-02
8.989460988197178759e-02 8.997439169689686045e-02
9.091689622969993667e-02 9.118518251281328146e-02
9.535806468294601157e-02 9.540394648988846649e-02
9.663509099702211058e-02 9.663793604911680157e-02
1.028574927264775118e-01 1.028853700334640964e-01
1.043024507835730724e-01 1.043480169423353643e-01
1.043779469440154206e-01 1.045578703471324311e-01
1.047842180335367551e-01 1.048463328669344552e-01
1.065584056109298294e-01 1.067062464559456192e-01
1.080341925906222605e-01 1.081449854912502756e-01
1.089116640840383510e-01 1.094544924936590863e-01
1.090919769205169754e-01 1.118561664700415542e-01
1.092816511705957810e-01 1.101216821306997412e-01
1.095663821606561034e-01 1.105469569118998907e-01
1.095724620949047462e-01 1.104890197144617892e-01
1.098343753416747837e-01 1.106229066797443927e-01
1.099090098101958013e-01 1.101859320321296742e-01
1.100236821166298701e-01 1.100463796604699840e-01
1.108655138717073857e-01 1.114644186381066326e-01
1.110866937610826000e-01 1.116393836502028447e-01
1.111202625843386443e-01 1.113327700674717341e-01
1.113506892362891854e-01 1.129682925043967723e-01
1.113555672636082211e-01 1.116134938659915088e-01
1.114556076497795201e-01 1.125443816938829777e-01
1.119218537515443701e-01 1.121197789917641463e-01
1.119339744703339579e-01 1.122528900580736511e-01
1.124104535853542031e-01 1.124287574506729198e-01
1.128383806928542066e-01 1.140692942731945797e-01
1.144291819213072853e-01 1.162464724598723798e-01
1.152168257343262336e-01 1.152221170297068609e-01
1.153437218602838960e-01 1.160806982938671211e-01
1.159304165448419854e-01 1.163676370848373970e-01
1.165808578565143416e-01 1.171746776968687759e-01
1.177031568374604237e-01 1.178105468615987250e-01
1.180130899729893712e-01 1.190183242892134119e-01
1.181805062700620329e-01 1.190491495474344102e-01
1.188094807051673779e-01 1.192821424614565473e-01
1.191514984905183566e-01 1.194319777192596604e-01
1.195291821759067313e-01 1.217730245556577356e-01
1.196200215412448337e-01 1.207863384078410873e-01
1.197978693461418942e-01 1.198009393229315517e-01
1.207642628002375401e-01 1.207675577545501006e-01
1.209737272922277729e-01 1.285689237305027433e-01
1.211460327194544412e-01 1.215120297749199274e-01
1.212538659752976505e-01 1.212887567933668281e-01
1.234923203394183849e-01 1.235644249031539049e-01
1.266861822781022162e-01 1.268502334197821046e-01
1.281581769989501018e-01 1.285526664724558898e-01
1.284623054551565502e-01 1.285716604569298593e-01
1.284882233805161589e-01 1.284955364888661078e-01
1.290834182033612776e-01 1.292192116604037044e-01
1.302456090428133484e-01 1.303880313877448793e-01
1.319248151264904023e-01 1.319601417496848450e-01
1.344321021666920746e-01 1.345621166308533789e-01
1.347334943181313083e-01 1.347335786691658543e-01
1.353596517640947294e-01 1.366440271641965742e-01
1.354809453445614542e-01 1.354874211289269492e-01
1.397427274832364896e-01 1.402535974226526150e-01
1.420699472095910965e-01 1.427332373788068320e-01
1.448208240909048539e-01 1.463932288957410233e-01
1.450046144578453211e-01 1.450073551032083907e-01
1.595419169973762430e-01 1.598410833398324071e-01
1.609955610096874268e-01 1.622641715901141368e-01
1.724337900094837783e-01 1.724340920888063622e-01
1.739665716206495183e-01 1.739729301299562658e-01
1.760277292963327578e-01 1.763838366838989258e-01
1.763522336240590793e-01 1.763757892960085560e-01
1.851456318946734236e-01 1.852087712155493504e-01
1.857367542471461963e-01 1.871449550392099426e-01
2.103968553500520089e-01 2.104069536921450989e-01
2.429891799343647241e-01 2.431462728772757487e-01
2.458049976656973001e-01 2.458287668080288701e-01
2.553754177706043516e-01 2.553795690316926770e-01
2.603456158418058775e-01 3.128182110844243136e-01
2.709421866351013897e-01 3.095574634689582383e-01
2.709974232195807575e-01 2.710183082746287497e-01
2.713732937008538904e-01 3.045329666477700759e-01
2.720051443339504549e-01 2.721868194525701168e-01
2.725133047579209600e-01 3.008612892021354512e-01
2.726221715154901193e-01 2.733825498523675401e-01
2.740706287453044121e-01 2.740973933992942868e-01
2.765428522025362712e-01 2.995272540224939162e-01
2.786073871349123987e-01 3.084342088290749073e-01
2.793525913586182852e-01 2.872217481085834745e-01
2.805120025593320077e-01 2.808053519080605520e-01
2.808939568924760377e-01 2.921251201501793293e-01
2.810075136180907318e-01 2.810136697153205465e-01
2.819377614900732687e-01 2.819595788661621305e-01
2.824427488586475632e-01 2.824966949924099247e-01
2.832287921695644251e-01 2.883073886077266446e-01
2.834030771779040836e-01 2.834267145450996006e-01
2.834544164064948246e-01 2.840338263306017019e-01
2.839534571720769285e-01 2.918995989918786171e-01
2.841046514695091396e-01 3.040083961220959030e-01
2.842613473621140030e-01 2.844755696030932812e-01
2.849170817018804036e-01 2.849247445785384469e-01
2.880682416102137711e-01 2.908738711873102845e-01
2.885490319968443407e-01 2.888126199292135321e-01
2.919709966801099510e-01 2.922461249895554336e-01
2.921971085047162520e-01 2.921971454300711923e-01
2.928962914363095749e-01 2.940825874687926778e-01
2.929014721171684932e-01 2.930373853769802639e-01
2.940282329920086424e-01 2.941208527706797304e-01
2.942795837067961329e-01 2.942795841640320487e-01
2.945145021665162011e-01 3.032965860759946897e-01
2.961683430169189113e-01 3.057051050653631918e-01
2.965495613214764736e-01 2.972519865874122535e-01
2.971290084767944650e-01 2.973374832607304508e-01
2.972159381429421710e-01 2.972412732943331970e-01
2.979756414792351094e-01 2.984211457345078422e-01
2.986882381472300008e-01 3.028530199424897540e-01
2.987993203695523681e-01 2.988098737055005505e-01
2.988028110259761672e-01 2.988910473571450011e-01
2.993412264731141748e-01 2.994321030178548892e-01
3.002931771006746020e-01 3.010332362346889723e-01
3.010553139131230127e-01 3.010904706269778575e-01
3.037238275688395883e-01 3.112669309439535792e-01
3.038018614035281062e-01 3.040368034388234442e-01
3.079406957186426319e-01 3.084948582203808076e-01
