7.860818848960866578e-01 7.890352572109711193e-01
8.434992787932810154e-01 8.436367871661492046e-01
8.524984599481070235e-01 8.527140368859067454e-01
9.138797135648634162e-01 9.586064485153072967e-01
9.443370359719190921e-01 9.443914137785648366e-01
9.728299218076043031e-01 9.771689061615093097e-01
9.838164737924034453e-01 9.842719969292890170e-01
9.841889050590163501e-01 9.855587319128209511e-01
9.849297856938465934e-01 9.850415245001651332e-01
9.862584885429203085e-01 1.046855952369451170e+00
9.868308623859531892e-01 9.868572062618088392e-01
9.888798846770250339e-01 9.889284858366313991e-01
9.894483170439355435e-01 9.901004034569744761e-01
9.915523264872380116e-01 9.917682946963983781e-01
9.917238836517817679e-01 9.917261668895532845e-01
9.923072534946483225e-01 9.923520599163758726e-01
9.926455956328615882e-01 9.928546861834566251e-01
9.954661672327296262e-01 1.022147436775514340e+00
9.955872831272515322e-01 1.019001838136233129e+00
9.968455032018982420e-01 9.975569052411399351e-01
9.968867655089402868e-01 1.014772108755897406e+00
9.971357876210082960e-01 9.971362223652165957e-01
9.987740287349066159e-01 1.048280301618712107e+00
9.997660541110432453e-01 1.009773764414052533e+00
9.999608673512241364e-01 1.002143108032040431e+00
1.000059373577119493e+00 1.000079195034651702e+00
1.002025918908908020e+00 1.027317908641585786e+00
1.002650225269846151e+00 1.004857095750288254e+00
1.003388383930127414e+00 1.033772191155918119e+00
1.003589039885006695e+00 1.004018369948788791e+00
1.005897344058387377e+00 1.006075807290750745e+00
1.007733552021968348e+00 1.008224524587413518e+00
1.008424571988145058e+00 1.008458823738349608e+00
1.011073810043488841e+00 1.017554580860063007e+00
1.015386650690052184e+00 1.018807092376609713e+00
1.017895587165168259e+00 1.020212597358836959e+00
1.019516213661719073e+00 1.020008510909093280e+00
1.021275340615898308e+00 1.021826177732294560e+00
1.021436287384930974e+00 1.047347393852344988e+00
1.021690244142164916e+00 1.021718338721337105e+00
1.022377264490513582e+00 1.022975294577541661e+00
1.022836589458911316e+00 1.026896584482793306e+00
1.024362530880489119e+00 1.024960471726986899e+00
1.024702825353330793e+00 1.025424691263566057e+00
1.027760301821122768e+00 1.028455222512536960e+00
1.029750282561899821e+00 1.039329622933545805e+00
1.033597050632578673e+00 1.043266290636239102e+00
1.045743376430637861e+00 1.089540295094724387e+00
1.047865625665255873e+00 1.048140974776135437e+00
1.054315566484730127e+00 1.058537562218723194e+00
1.059285264159246509e+00 1.062144324196403700e+00
1.061634333887709669e+00 1.067658260387980729e+00
1.062406686889749707e+00 1.063582513281110531e+00
1.076355097981494868e+00 1.076388061733441814e+00
1.096714643877714890e+00 1.100667190489321046e+00
1.097013006388325440e+00 1.099349360307346313e+00
1.097824424555881473e+00 1.116669654478929630e+00
1.100272204572917634e+00 1.100293517726236070e+00
1.112785040839742390e+00 1.113967986475356664e+00
