0.000000000000000000e+00 7.893990897905323045e-02
0.000000000000000000e+00 6.592442398367480416e-02
0.000000000000000000e+00 6.478917987133883671e-02
0.000000000000000000e+00 4.439994649388737114e-02
0.000000000000000000e+00 5.852443565471588532e-02
0.000000000000000000e+00 6.165632667996864824e-02
0.000000000000000000e+00 1.014581149224026424e-01
0.000000000000000000e+00 7.314164061621909740e-02
0.000000000000000000e+00 5.852205325047288298e-02
0.000000000000000000e+00 5.287936720501811017e-02
0.000000000000000000e+00 7.353353158287653790e-02
0.000000000000000000e+00 8.019949828266997871e-02
0.000000000000000000e+00 7.294573397867967768e-02
0.000000000000000000e+00 5.083287194796595743e-02
0.000000000000000000e+00 4.036813802533702200e-02
0.000000000000000000e+00 6.213397512923863469e-02
0.000000000000000000e+00 5.935596172241039414e-02
0.000000000000000000e+00 5.317625501031922330e-02
0.000000000000000000e+00 9.104971712413624518e-02
0.000000000000000000e+00 3.669296475078580311e-02
0.000000000000000000e+00 8.052275129244036711e-02
0.000000000000000000e+00 6.242595222618669421e-02
0.000000000000000000e+00 9.133462531919663008e-02
0.000000000000000000e+00 6.295977656725156024e-02
0.000000000000000000e+00 6.952489668488523455e-02
0.000000000000000000e+00 3.526850072159463251e-02
0.000000000000000000e+00 3.380612607678765147e-02
0.000000000000000000e+00 2.921655051899348446e-02
0.000000000000000000e+00 8.475249008442981014e-02
0.000000000000000000e+00 5.676644972996960914e-02
0.000000000000000000e+00 9.823917784166789902e-02
0.000000000000000000e+00 6.579620646507480797e-02
0.000000000000000000e+00 1.778606047566740761e-02
0.000000000000000000e+00 4.542104639013540279e-02
0.000000000000000000e+00 6.489816731244156534e-02
0.000000000000000000e+00 3.017444934281835953e-02
0.000000000000000000e+00 8.134314038960818727e-02
0.000000000000000000e+00 7.736803977484077444e-02
0.000000000000000000e+00 6.358118838252962979e-02
0.000000000000000000e+00 4.622748166853471452e-02
0.000000000000000000e+00 4.433405512223139583e-02
0.000000000000000000e+00 5.628842702547937754e-02
0.000000000000000000e+00 3.916281061328617114e-02
0.000000000000000000e+00 6.030112727884781587e-02
0.000000000000000000e+00 7.201322096914003490e-02
0.000000000000000000e+00 5.807705147437490500e-02
0.000000000000000000e+00 5.969896203659667833e-02
0.000000000000000000e+00 5.669641223306955830e-02
0.000000000000000000e+00 4.231168881846166657e-02
0.000000000000000000e+00 5.379305642713531899e-02
0.000000000000000000e+00 5.996074803892814664e-02
0.000000000000000000e+00 7.990412007288116847e-02
0.000000000000000000e+00 7.280111313629067382e-02
0.000000000000000000e+00 8.366089648751243169e-02
0.000000000000000000e+00 2.237731539659814847e-02
0.000000000000000000e+00 7.764378363394019988e-02
0.000000000000000000e+00 6.625885869419147201e-02
0.000000000000000000e+00 3.418109061762528850e-02
0.000000000000000000e+00 5.168561229404568941e-02
0.000000000000000000e+00 7.142916212680615329e-02
0.000000000000000000e+00 5.754940985441267531e-02
0.000000000000000000e+00 5.953377156085146171e-02
0.000000000000000000e+00 2.389683170486897601e-02
0.000000000000000000e+00 3.710217635451427964e-02
0.000000000000000000e+00 4.159001906186430425e-02
0.000000000000000000e+00 3.277741301781886968e-02
0.000000000000000000e+00 3.732807938364899464e-02
0.000000000000000000e+00 5.516743824800577484e-02
0.000000000000000000e+00 5.001806378731286917e-02
0.000000000000000000e+00 5.202737975005573140e-02
0.000000000000000000e+00 6.266463509434008761e-02
0.000000000000000000e+00 4.227621956900498579e-02
0.000000000000000000e+00 2.052764107221654102e-02
0.000000000000000000e+00 8.784699264178962019e-02
0.000000000000000000e+00 3.877091571063834285e-02
0.000000000000000000e+00 8.599931236620685093e-02
0.000000000000000000e+00 9.243459574042146853e-02
0.000000000000000000e+00 5.392094800822883061e-02
0.000000000000000000e+00 4.957216187826912063e-02
0.000000000000000000e+00 3.792904280308533049e-02
0.000000000000000000e+00 7.409914449858361063e-02
0.000000000000000000e+00 3.403688730035033666e-02
0.000000000000000000e+00 6.495131847452280394e-02
0.000000000000000000e+00 3.769649268806827408e-02
0.000000000000000000e+00 3.628155648562261804e-02
0.000000000000000000e+00 3.999916360502599189e-02
0.000000000000000000e+00 7.160184078060112534e-02
0.000000000000000000e+00 5.097525727600148160e-02
0.000000000000000000e+00 6.579069336380477528e-02
0.000000000000000000e+00 3.542958821438309952e-02
0.000000000000000000e+00 3.791078345160837221e-02
0.000000000000000000e+00 5.804548739723717349e-02
0.000000000000000000e+00 2.878505079632538363e-02
0.000000000000000000e+00 8.415548605590439379e-02
0.000000000000000000e+00 4.258703900837315648e-02
0.000000000000000000e+00 4.848918308512775027e-02
0.000000000000000000e+00 5.112616625501308770e-02
0.000000000000000000e+00 6.924798346758531675e-02
0.000000000000000000e+00 2.948629694945678961e-02
0.000000000000000000e+00 4.793285244280311858e-02
0.000000000000000000e+00 6.632443264881686396e-02
0.000000000000000000e+00 6.211537070091847912e-02
0.000000000000000000e+00 6.155570329058660667e-02
0.000000000000000000e+00 5.792729598715280065e-02
0.000000000000000000e+00 6.271602360068780080e-02
0.000000000000000000e+00 3.955033077193317870e-02
0.000000000000000000e+00 3.706909905754589979e-02
0.000000000000000000e+00 4.715275965315346429e-02
0.000000000000000000e+00 5.418296720146665441e-02
0.000000000000000000e+00 5.056587385906940318e-02
0.000000000000000000e+00 4.391884546418648588e-02
0.000000000000000000e+00 2.537351740934573954e-02
0.000000000000000000e+00 6.718145229448617417e-02
0.000000000000000000e+00 4.668284449246261347e-02
0.000000000000000000e+00 2.636036791249846481e-02
0.000000000000000000e+00 7.018902028037721230e-02
0.000000000000000000e+00 6.566307949284087842e-02
0.000000000000000000e+00 7.045081739024570966e-02
0.000000000000000000e+00 5.892002024663951093e-02
0.000000000000000000e+00 3.427281237384793150e-02
0.000000000000000000e+00 2.442773402391553925e-02
0.000000000000000000e+00 6.717105673922531273e-02
0.000000000000000000e+00 5.357922655829171904e-02
0.000000000000000000e+00 8.203817192083605325e-02
0.000000000000000000e+00 3.920627692123087454e-02
0.000000000000000000e+00 1.058724117598977554e-02
0.000000000000000000e+00 3.880224333112047841e-02
0.000000000000000000e+00 4.270681415921512292e-02
0.000000000000000000e+00 5.147698795706451280e-02
0.000000000000000000e+00 6.379832329249449097e-02
0.000000000000000000e+00 4.948189583016750909e-02
0.000000000000000000e+00 5.675297067587783961e-02
0.000000000000000000e+00 4.008286112604806523e-02
0.000000000000000000e+00 7.159184705977340857e-02
0.000000000000000000e+00 9.267518810048801237e-02
0.000000000000000000e+00 6.860133765332171452e-02
0.000000000000000000e+00 7.121155738389289835e-02
0.000000000000000000e+00 5.763960778498201931e-02
0.000000000000000000e+00 5.156896801168079497e-02
0.000000000000000000e+00 5.849417618305826488e-02
0.000000000000000000e+00 4.866151790605940941e-02
0.000000000000000000e+00 1.600759718786782040e-02
0.000000000000000000e+00 6.921714506410293899e-02
0.000000000000000000e+00 1.213413583292569271e-02
0.000000000000000000e+00 8.892207057060177999e-02
0.000000000000000000e+00 6.573451332693816540e-02
0.000000000000000000e+00 3.976015465646170338e-02
0.000000000000000000e+00 4.620349103628152571e-02
0.000000000000000000e+00 5.256673325531090873e-02
0.000000000000000000e+00 2.367070955584446232e-02
0.000000000000000000e+00 3.728660364767943936e-02
0.000000000000000000e+00 8.581413294565209959e-02
0.000000000000000000e+00 5.977610870272850180e-02
0.000000000000000000e+00 7.208901883657214960e-02
0.000000000000000000e+00 3.661736532772191105e-02
0.000000000000000000e+00 4.198425147868441870e-02
0.000000000000000000e+00 7.806193818482354274e-02
0.000000000000000000e+00 6.384418850677264778e-02
0.000000000000000000e+00 7.292844016863772594e-02
0.000000000000000000e+00 2.996395886440600398e-02
0.000000000000000000e+00 6.617300283805994943e-02
0.000000000000000000e+00 4.191104714502635886e-02
0.000000000000000000e+00 8.039198199532797406e-02
0.000000000000000000e+00 5.401009003529101682e-02
0.000000000000000000e+00 5.257216940845403641e-02
0.000000000000000000e+00 7.720035544721706722e-02
0.000000000000000000e+00 1.938734136952331016e-02
0.000000000000000000e+00 6.148211655429778461e-02
0.000000000000000000e+00 8.216537159556719372e-02
0.000000000000000000e+00 6.292293497572705452e-02
0.000000000000000000e+00 5.028607029444422116e-02
0.000000000000000000e+00 5.686957060407860087e-02
0.000000000000000000e+00 4.825104575753790676e-02
0.000000000000000000e+00 6.437840518022024117e-02
0.000000000000000000e+00 2.773500365867982015e-02
0.000000000000000000e+00 1.200931588558683087e-02
0.000000000000000000e+00 2.217233952568710767e-02
0.000000000000000000e+00 5.910707541963027695e-02
0.000000000000000000e+00 2.485851144267140281e-02
0.000000000000000000e+00 4.251230876934630754e-02
0.000000000000000000e+00 3.420147389888290174e-02
0.000000000000000000e+00 5.773425034977486270e-02
0.000000000000000000e+00 3.874144251033735664e-02
0.000000000000000000e+00 2.647262231539743854e-02
0.000000000000000000e+00 4.701567693165416978e-02
0.000000000000000000e+00 5.207231702632535847e-02
0.000000000000000000e+00 4.000705958011397528e-02
0.000000000000000000e+00 2.844856671404180984e-02
0.000000000000000000e+00 3.321795928370512713e-02
0.000000000000000000e+00 3.555904382125592983e-02
0.000000000000000000e+00 5.836648052806769210e-02
0.000000000000000000e+00 2.769003878236483279e-02
0.000000000000000000e+00 3.579889418570841170e-02
0.000000000000000000e+00 7.769591599458028353e-02
0.000000000000000000e+00 4.682108855147302379e-02
0.000000000000000000e+00 6.422427891921106066e-03
0.000000000000000000e+00 5.477720090738297937e-02
0.000000000000000000e+00 8.277637290552629368e-02
0.000000000000000000e+00 3.742837717788742580e-02
0.000000000000000000e+00 4.862658099636954501e-02
0.000000000000000000e+00 5.938588109515119395e-02
0.000000000000000000e+00 5.514858867114587337e-02
0.000000000000000000e+00 6.238015684013504397e-02
0.000000000000000000e+00 4.842203353023318002e-02
0.000000000000000000e+00 6.021836764759144062e-02
0.000000000000000000e+00 3.025066845721896894e-02
0.000000000000000000e+00 2.017396253291127428e-02
0.000000000000000000e+00 4.166338571510876804e-02
0.000000000000000000e+00 3.368599360587028885e-02
0.000000000000000000e+00 5.077951118724143009e-02
0.000000000000000000e+00 6.470995304649611313e-02
0.000000000000000000e+00 8.114892533590813140e-02
0.000000000000000000e+00 9.100938859676713233e-02
0.000000000000000000e+00 5.019075908963951949e-02
0.000000000000000000e+00 5.243219101617718064e-02
0.000000000000000000e+00 3.360111965384116051e-02
0.000000000000000000e+00 7.209255284713123046e-02
0.000000000000000000e+00 3.135830339420171003e-02
0.000000000000000000e+00 3.851277513994585955e-02
0.000000000000000000e+00 4.360755370928689340e-02
0.000000000000000000e+00 5.912832975985320150e-02
0.000000000000000000e+00 4.606222188890388147e-02
0.000000000000000000e+00 5.446543829270862613e-02
0.000000000000000000e+00 6.151694508883701062e-02
0.000000000000000000e+00 6.680780508429347286e-02
0.000000000000000000e+00 4.857471192381853514e-02
0.000000000000000000e+00 4.644665252023723323e-02
0.000000000000000000e+00 2.566754600930165262e-02
0.000000000000000000e+00 6.854674036005943549e-02
0.000000000000000000e+00 4.095600415207265727e-02
0.000000000000000000e+00 4.725674172043793642e-02
0.000000000000000000e+00 3.058121190970212316e-02
0.000000000000000000e+00 1.614029645411163907e-02
0.000000000000000000e+00 6.719095668049861192e-02
0.000000000000000000e+00 4.423124599367933563e-02
0.000000000000000000e+00 3.987788070094044207e-02
0.000000000000000000e+00 1.269415669666913195e-02
0.000000000000000000e+00 3.950139835695495871e-02
0.000000000000000000e+00 4.592717534246576472e-02
0.000000000000000000e+00 8.990469745687972372e-03
0.000000000000000000e+00 1.911673646755158995e-02
0.000000000000000000e+00 5.184373499792898493e-02
0.000000000000000000e+00 5.813891737683037769e-02
0.000000000000000000e+00 7.843794512800093821e-02
0.000000000000000000e+00 4.543066295886412365e-02
0.000000000000000000e+00 5.166661334569993408e-02
0.000000000000000000e+00 2.641066267315381882e-02
0.000000000000000000e+00 4.147244422330231134e-02
0.000000000000000000e+00 3.880937790829849798e-02
0.000000000000000000e+00 4.899530282676679838e-02
0.000000000000000000e+00 2.216143433451887162e-02
0.000000000000000000e+00 3.402923137271042509e-02
0.000000000000000000e+00 2.536521790338285356e-02
0.000000000000000000e+00 7.115821000195184098e-02
0.000000000000000000e+00 1.140073176363991941e-02
0.000000000000000000e+00 4.135544585012047858e-02
0.000000000000000000e+00 4.758451856133284058e-02
0.000000000000000000e+00 3.934212120279439312e-02
0.000000000000000000e+00 4.435588808372057518e-02
0.000000000000000000e+00 2.345808718351986497e-02
0.000000000000000000e+00 4.048856026932529800e-02
0.000000000000000000e+00 2.248553923621717313e-02
0.000000000000000000e+00 4.666627874491663386e-02
0.000000000000000000e+00 6.118183389230471420e-02
0.000000000000000000e+00 5.059264422628722419e-02
0.000000000000000000e+00 6.733330109590814072e-02
0.000000000000000000e+00 5.636842951474545921e-02
0.000000000000000000e+00 2.488593505701134842e-02
0.000000000000000000e+00 4.428852522741321546e-02
0.000000000000000000e+00 8.353721651351260491e-02
0.000000000000000000e+00 5.180544821774640124e-02
0.000000000000000000e+00 4.022018055874996417e-02
0.000000000000000000e+00 5.390268007650843990e-02
0.000000000000000000e+00 2.602819781978355645e-02
0.000000000000000000e+00 2.814643047763843928e-02
0.000000000000000000e+00 3.837567212342730266e-02
0.000000000000000000e+00 5.325722167465633122e-02
0.000000000000000000e+00 9.270369810538217625e-02
0.000000000000000000e+00 3.957040797586673653e-02
0.000000000000000000e+00 2.630260096837089973e-02
0.000000000000000000e+00 3.606688066675842186e-02
0.000000000000000000e+00 5.336729451826274090e-02
0.000000000000000000e+00 8.131460425400056924e-02
0.000000000000000000e+00 3.055298480663061131e-02
0.000000000000000000e+00 6.928606622986878405e-02
0.000000000000000000e+00 4.972029070453192617e-02
0.000000000000000000e+00 5.776195630764378863e-02
0.000000000000000000e+00 2.712173473908359098e-02
0.000000000000000000e+00 3.568487100135350754e-02
0.000000000000000000e+00 5.150050304965853032e-02
0.000000000000000000e+00 2.774734950747966694e-02
0.000000000000000000e+00 1.846824422441726773e-02
0.000000000000000000e+00 3.078223834630939432e-02
0.000000000000000000e+00 7.765248836942126483e-03
0.000000000000000000e+00 3.879897160493533947e-02
0.000000000000000000e+00 4.231307221483870257e-02
0.000000000000000000e+00 3.995384220634608935e-02
0.000000000000000000e+00 2.556485035354499197e-02
0.000000000000000000e+00 3.098158686501790646e-02
0.000000000000000000e+00 5.313222143293883093e-02
0.000000000000000000e+00 6.778540721355327814e-02
0.000000000000000000e+00 3.836296386934385377e-02
0.000000000000000000e+00 2.285721170221799783e-02
0.000000000000000000e+00 6.392812993377425257e-02
0.000000000000000000e+00 5.850789333510812706e-02
0.000000000000000000e+00 4.240777491512610908e-02
0.000000000000000000e+00 4.150621460494174908e-02
0.000000000000000000e+00 4.762141822011835279e-02
0.000000000000000000e+00 3.618906992784014232e-02
0.000000000000000000e+00 5.324444926577643483e-02
0.000000000000000000e+00 5.517638054848431062e-02
0.000000000000000000e+00 2.885787065845763638e-02
0.000000000000000000e+00 4.723953498702276876e-02
0.000000000000000000e+00 3.207991261480980238e-02
0.000000000000000000e+00 6.126316891832619960e-02
0.000000000000000000e+00 5.694525157348227090e-02
0.000000000000000000e+00 6.761662607451418561e-02
0.000000000000000000e+00 1.774427477963622102e-02
0.000000000000000000e+00 2.886803605631530628e-02
0.000000000000000000e+00 2.212810091385017733e-02
0.000000000000000000e+00 4.727537366421386000e-02
0.000000000000000000e+00 4.574592744497577718e-02
0.000000000000000000e+00 1.062192400748988158e-01
0.000000000000000000e+00 2.365697324221797265e-02
0.000000000000000000e+00 5.373510688387405504e-02
0.000000000000000000e+00 6.979595429490652314e-02
0.000000000000000000e+00 4.303692649270238202e-02
0.000000000000000000e+00 2.135211284426067821e-02
0.000000000000000000e+00 2.806110929812238863e-02
0.000000000000000000e+00 1.573456384078242287e-02
0.000000000000000000e+00 7.585809294113916162e-03
0.000000000000000000e+00 2.678595788308298434e-02
0.000000000000000000e+00 2.921196525680004943e-02
0.000000000000000000e+00 4.218175812254668089e-02
0.000000000000000000e+00 2.646998557514807643e-02
0.000000000000000000e+00 2.808325862892979002e-02
0.000000000000000000e+00 3.474793915996382543e-02
0.000000000000000000e+00 3.795952751801696945e-02
0.000000000000000000e+00 1.732693729111517769e-02
0.000000000000000000e+00 5.128216975655865845e-02
0.000000000000000000e+00 5.186664409537813242e-02
0.000000000000000000e+00 5.403122438465856291e-03
0.000000000000000000e+00 4.470207437365561476e-02
0.000000000000000000e+00 7.935295547237182501e-02
0.000000000000000000e+00 3.289546631324754417e-02
0.000000000000000000e+00 3.430639709047743346e-02
0.000000000000000000e+00 2.939682897511205692e-02
0.000000000000000000e+00 5.504153860857344260e-02
0.000000000000000000e+00 3.667893820523565607e-02
0.000000000000000000e+00 5.715542023694460128e-02
0.000000000000000000e+00 2.160619949297494166e-02
0.000000000000000000e+00 2.870291753141166260e-02
0.000000000000000000e+00 3.164968797991317417e-02
0.000000000000000000e+00 1.754186442914410643e-02
0.000000000000000000e+00 4.598551690303055023e-02
0.000000000000000000e+00 6.206695873208881858e-02
0.000000000000000000e+00 6.882273283673820408e-02
0.000000000000000000e+00 7.970496890780770505e-02
0.000000000000000000e+00 4.241070758929881002e-02
0.000000000000000000e+00 3.957583128135785944e-02
0.000000000000000000e+00 3.145722037437694019e-02
0.000000000000000000e+00 6.599909402584386298e-02
0.000000000000000000e+00 4.037498084361063749e-02
0.000000000000000000e+00 5.054198501487609102e-02
0.000000000000000000e+00 9.328113964468986996e-02
0.000000000000000000e+00 1.639694709398263617e-02
0.000000000000000000e+00 6.476104166178651977e-02
0.000000000000000000e+00 1.160070236239229245e-02
0.000000000000000000e+00 2.642263405389689429e-02
0.000000000000000000e+00 6.952226633201259720e-02
0.000000000000000000e+00 1.978738944359747023e-02
0.000000000000000000e+00 2.894141254705751010e-02
0.000000000000000000e+00 3.277369280301464100e-02
0.000000000000000000e+00 5.193363211393177414e-02
0.000000000000000000e+00 4.695559298805525306e-02
0.000000000000000000e+00 1.327101639693267603e-02
0.000000000000000000e+00 2.806717266232463051e-02
0.000000000000000000e+00 5.513221203001542232e-03
0.000000000000000000e+00 3.635463843607855683e-02
0.000000000000000000e+00 4.464424183913532490e-02
0.000000000000000000e+00 3.287845385472259324e-02
0.000000000000000000e+00 5.816859789096114758e-02
0.000000000000000000e+00 1.519849199433256741e-02
0.000000000000000000e+00 5.839473639498181379e-02
0.000000000000000000e+00 4.130043949588947660e-02
0.000000000000000000e+00 5.817175833184001776e-02
0.000000000000000000e+00 4.551207815207918006e-02
0.000000000000000000e+00 1.746246397654202531e-02
0.000000000000000000e+00 4.607693620149048291e-02
0.000000000000000000e+00 3.730015368088020894e-02
0.000000000000000000e+00 4.784667156978793245e-02
0.000000000000000000e+00 4.144341812828451072e-02
0.000000000000000000e+00 6.570462674056425090e-02
0.000000000000000000e+00 4.234815182893426899e-02
0.000000000000000000e+00 3.086317507233109908e-02
0.000000000000000000e+00 5.498861536497697683e-03
0.000000000000000000e+00 1.413757545802545035e-02
0.000000000000000000e+00 5.237097540174766308e-02
0.000000000000000000e+00 1.902735283356793081e-02
0.000000000000000000e+00 3.269740708315975464e-02
0.000000000000000000e+00 3.526321201318542015e-02
0.000000000000000000e+00 4.002890754163244968e-02
0.000000000000000000e+00 6.916378629173529358e-02
0.000000000000000000e+00 3.608829366308155540e-02
0.000000000000000000e+00 6.009952737001197920e-02
0.000000000000000000e+00 6.185733838338530050e-02
0.000000000000000000e+00 6.272407659276622860e-02
0.000000000000000000e+00 4.370507836555367898e-02
0.000000000000000000e+00 8.797095074442684570e-02
0.000000000000000000e+00 4.407774390018690674e-02
0.000000000000000000e+00 5.829194330058908025e-02
0.000000000000000000e+00 3.989126342431149191e-02
0.000000000000000000e+00 3.495010509759596123e-02
0.000000000000000000e+00 5.367751937175404414e-02
0.000000000000000000e+00 2.886670833609777248e-02
0.000000000000000000e+00 4.664584984682818014e-02
0.000000000000000000e+00 1.257953592700887524e-02
0.000000000000000000e+00 5.457880280207479812e-02
0.000000000000000000e+00 5.801901887978543754e-02
0.000000000000000000e+00 3.943767434217766710e-02
0.000000000000000000e+00 2.723603312313739588e-02
0.000000000000000000e+00 9.481341187614131250e-02
0.000000000000000000e+00 3.370972455600543954e-02
0.000000000000000000e+00 8.239589757119444857e-02
0.000000000000000000e+00 1.395998257180422648e-02
0.000000000000000000e+00 4.109352138208552385e-02
0.000000000000000000e+00 7.377332850537003661e-02
0.000000000000000000e+00 3.797036498129859744e-02
0.000000000000000000e+00 4.408886665276389588e-02
0.000000000000000000e+00 5.800277472305624682e-02
0.000000000000000000e+00 8.211630374412014557e-03
0.000000000000000000e+00 4.008901152970313631e-02
0.000000000000000000e+00 9.105179789742569307e-02
0.000000000000000000e+00 2.140344346889578447e-02
0.000000000000000000e+00 5.429052551283078398e-02
0.000000000000000000e+00 1.791731351326032728e-02
0.000000000000000000e+00 4.410917596611075436e-02
0.000000000000000000e+00 5.136844182388633495e-02
0.000000000000000000e+00 4.903342447367610435e-02
0.000000000000000000e+00 3.749969496990779305e-02
0.000000000000000000e+00 3.686270257675890172e-02
0.000000000000000000e+00 4.558592733164661126e-02
0.000000000000000000e+00 6.380668073793474560e-02
0.000000000000000000e+00 5.559595121792194200e-02
0.000000000000000000e+00 6.160654515617121352e-02
0.000000000000000000e+00 4.544163160792123735e-02
0.000000000000000000e+00 2.929164662179848180e-02
0.000000000000000000e+00 3.403374259923572925e-02
0.000000000000000000e+00 6.797013416522813822e-02
0.000000000000000000e+00 2.672913131665066028e-02
0.000000000000000000e+00 5.193867019577672051e-02
0.000000000000000000e+00 6.015153590785866922e-02
0.000000000000000000e+00 1.786822060813466131e-02
0.000000000000000000e+00 5.725164168246175272e-02
0.000000000000000000e+00 5.454621459327179539e-02
0.000000000000000000e+00 4.652880609477896140e-02
0.000000000000000000e+00 3.726524654189532909e-02
0.000000000000000000e+00 2.977053816037165609e-02
0.000000000000000000e+00 2.446086927855182711e-02
0.000000000000000000e+00 4.483971313424488236e-02
0.000000000000000000e+00 2.353718387049820449e-02
0.000000000000000000e+00 3.541176496688334258e-02
0.000000000000000000e+00 2.564410312704166334e-02
0.000000000000000000e+00 3.179732566151978468e-02
0.000000000000000000e+00 5.204310770441596123e-02
0.000000000000000000e+00 1.553174080994703873e-02
0.000000000000000000e+00 5.359326219254333112e-02
0.000000000000000000e+00 1.980059039767087872e-02
0.000000000000000000e+00 3.373239745425840597e-02
0.000000000000000000e+00 5.798904848499706471e-02
0.000000000000000000e+00 5.022575591440157222e-02
0.000000000000000000e+00 1.248867857495011141e-02
0.000000000000000000e+00 3.121964453990851845e-02
0.000000000000000000e+00 3.928575450242641903e-02
0.000000000000000000e+00 3.600030081283699807e-02
0.000000000000000000e+00 6.683020090587599160e-02
0.000000000000000000e+00 5.757553351366474087e-02
0.000000000000000000e+00 2.816791848069249982e-02
0.000000000000000000e+00 4.242139069355801290e-02
0.000000000000000000e+00 2.382085365843635699e-02
0.000000000000000000e+00 4.975617154590009084e-02
0.000000000000000000e+00 3.147707761411966398e-02
0.000000000000000000e+00 3.621462283525388876e-02
0.000000000000000000e+00 1.661420042697264038e-02
0.000000000000000000e+00 5.220520144773892895e-02
0.000000000000000000e+00 1.589447105506926888e-02
0.000000000000000000e+00 2.924882235401082137e-02
0.000000000000000000e+00 1.592385853689872247e-02
0.000000000000000000e+00 3.835261262340817351e-02
0.000000000000000000e+00 3.969647534036288561e-02
0.000000000000000000e+00 2.637837559503470805e-02
0.000000000000000000e+00 1.792340616259483280e-02
0.000000000000000000e+00 4.246110369044340388e-02
0.000000000000000000e+00 4.336860708646866902e-02
0.000000000000000000e+00 2.048537420926162603e-02
0.000000000000000000e+00 1.631782638875989289e-02
0.000000000000000000e+00 2.336784980294368680e-02
0.000000000000000000e+00 3.932463148958527388e-02
0.000000000000000000e+00 2.232201997051090972e-02
