5.871438800878630015e-01 5.872302347191886707e-01
5.979145443499148671e-01 5.979152374469012265e-01
7.101127553612813781e-01 7.111479204984164637e-01
9.917076916088352068e-01 1.076102892998478167e+00
9.918409751218938419e-01 9.918611888581527758e-01
9.923211558198143933e-01 1.015849545541371635e+00
9.924262554527908398e-01 9.924269917009652664e-01
9.927146115570936180e-01 9.928375464776419967e-01
9.935733504930279736e-01 9.938336013173310057e-01
9.936824523454087510e-01 9.944091627399491706e-01
9.973079756371590054e-01 1.027393218215801651e+00
9.980965513983115489e-01 1.035848676473923424e+00
9.983613090778500343e-01 1.012984056190900040e+00
1.000373245655984400e+00 1.008722416762124263e+00
1.001388206769645350e+00 1.039201584256347788e+00
1.001742779322021271e+00 1.009274601411335626e+00
1.002167823970895988e+00 1.002339572826581371e+00
1.003013004130898889e+00 1.003220065846225584e+00
1.003260239703281487e+00 1.048576016663209431e+00
1.004125308442011866e+00 1.004419284924605416e+00
1.004319176168697370e+00 1.004413993108957737e+00
1.004399995136842749e+00 1.005807672166562083e+00
1.004404159140659614e+00 1.004405017409857992e+00
1.004456930199808973e+00 1.004594099503587135e+00
1.004790922961535049e+00 1.004802586144895926e+00
1.004892200061015650e+00 1.024318964348707839e+00
1.006482849158221171e+00 1.006482879171623157e+00
1.007115643128981830e+00 1.008724550384229035e+00
1.008856427904513353e+00 1.009096214463004237e+00
1.008943020499629473e+00 1.009475128962115553e+00
1.015509761446769410e+00 1.076904478572784818e+00
1.018523707253926158e+00 1.024570352067166512e+00
1.018798059548698065e+00 1.019169916388325214e+00
1.019735229103901464e+00 1.020480343762681708e+00
1.022124513450410221e+00 1.027939128400545021e+00
1.032648315889538981e+00 1.032817490947399719e+00
1.035824254185123916e+00 1.047364363558785261e+00
1.043224967319091201e+00 1.043243454134854087e+00
1.047197579341926366e+00 1.047218451244965598e+00
1.058162966062884847e+00 1.064454660197209579e+00
1.060872868090930954e+00 1.061465216440329540e+00
1.116839596379364696e+00 1.137493955115721933e+00
1.134530855543707917e+00 1.134772575416419516e+00
1.162239687443568981e+00 1.162756781039486098e+00
1.166246708220244788e+00 1.170076264617679218e+00
