0.000000000000000000e+00 3.038027207367122173e-04
0.000000000000000000e+00 1.090521924197673798e-03
0.000000000000000000e+00 1.284266705624759197e-03
0.000000000000000000e+00 1.292034634388983250e-03
0.000000000000000000e+00 1.382638467475771904e-03
0.000000000000000000e+00 1.533972914330661297e-03
0.000000000000000000e+00 1.789182308129966259e-03
0.000000000000000000e+00 1.901995041407644749e-03
0.000000000000000000e+00 2.114821458235383034e-03
0.000000000000000000e+00 2.241073874756693840e-03
0.000000000000000000e+00 2.622120780870318413e-03
0.000000000000000000e+00 3.376029664650559425e-03
0.000000000000000000e+00 3.861678531393408775e-03
0.000000000000000000e+00 3.869832027703523636e-03
0.000000000000000000e+00 4.016559105366468430e-03
0.000000000000000000e+00 4.538523033261299133e-03
0.000000000000000000e+00 4.542862996459007263e-03
0.000000000000000000e+00 4.604686982929706573e-03
0.000000000000000000e+00 5.080665461719036102e-03
0.000000000000000000e+00 5.099626258015632629e-03
0.000000000000000000e+00 5.114258266985416412e-03
0.000000000000000000e+00 5.386149045079946518e-03
0.000000000000000000e+00 5.412408616393804550e-03
0.000000000000000000e+00 5.554983392357826233e-03
0.000000000000000000e+00 5.732760298997163773e-03
0.000000000000000000e+00 5.863260012120008469e-03
0.000000000000000000e+00 5.896988324820995331e-03
0.000000000000000000e+00 6.028654053807258606e-03
0.000000000000000000e+00 6.052933633327484131e-03
0.000000000000000000e+00 6.109175737947225571e-03
0.000000000000000000e+00 6.400635465979576111e-03
0.000000000000000000e+00 6.447422783821821213e-03
0.000000000000000000e+00 6.457827053964138031e-03
0.000000000000000000e+00 6.481803953647613525e-03
0.000000000000000000e+00 6.532316561788320541e-03
0.000000000000000000e+00 6.756153423339128494e-03
0.000000000000000000e+00 6.797745358198881149e-03
0.000000000000000000e+00 6.871275603771209717e-03
0.000000000000000000e+00 6.952298805117607117e-03
0.000000000000000000e+00 6.973551586270332336e-03
0.000000000000000000e+00 7.042307406663894653e-03
0.000000000000000000e+00 7.121633272618055344e-03
0.000000000000000000e+00 7.203629240393638611e-03
0.000000000000000000e+00 7.282393518835306168e-03
0.000000000000000000e+00 7.430478464812040329e-03
0.000000000000000000e+00 7.485093083232641220e-03
0.000000000000000000e+00 7.649356499314308167e-03
0.000000000000000000e+00 7.655220571905374527e-03
0.000000000000000000e+00 7.727105170488357544e-03
0.000000000000000000e+00 7.848825305700302124e-03
0.000000000000000000e+00 8.021474815905094147e-03
0.000000000000000000e+00 8.021830581128597260e-03
0.000000000000000000e+00 8.096778765320777893e-03
0.000000000000000000e+00 8.201285265386104584e-03
0.000000000000000000e+00 8.214868605136871338e-03
0.000000000000000000e+00 8.223664015531539917e-03
0.000000000000000000e+00 8.269165642559528351e-03
0.000000000000000000e+00 8.332951925694942474e-03
0.000000000000000000e+00 8.334446698427200317e-03
0.000000000000000000e+00 8.393120951950550079e-03
0.000000000000000000e+00 8.496513590216636658e-03
0.000000000000000000e+00 8.613460697233676910e-03
0.000000000000000000e+00 8.719610981643199921e-03
0.000000000000000000e+00 8.737564086914062500e-03
0.000000000000000000e+00 8.834674023091793060e-03
0.000000000000000000e+00 8.878273889422416687e-03
0.000000000000000000e+00 8.966986089944839478e-03
0.000000000000000000e+00 8.979613892734050751e-03
0.000000000000000000e+00 9.007308632135391235e-03
0.000000000000000000e+00 9.099745191633701324e-03
0.000000000000000000e+00 9.443349204957485199e-03
0.000000000000000000e+00 9.562142193317413330e-03
0.000000000000000000e+00 9.646262973546981812e-03
0.000000000000000000e+00 9.705799631774425507e-03
0.000000000000000000e+00 9.794580750167369843e-03
0.000000000000000000e+00 9.918514639139175415e-03
0.000000000000000000e+00 9.937847033143043518e-03
0.000000000000000000e+00 9.940151125192642212e-03
0.000000000000000000e+00 1.004895288497209549e-02
0.000000000000000000e+00 1.037842314690351486e-02
0.000000000000000000e+00 1.057438086718320847e-02
0.000000000000000000e+00 1.066462323069572449e-02
0.000000000000000000e+00 1.069825142621994019e-02
0.000000000000000000e+00 1.072783954441547394e-02
0.000000000000000000e+00 1.073881797492504120e-02
0.000000000000000000e+00 1.076751761138439178e-02
0.000000000000000000e+00 1.081325765699148178e-02
0.000000000000000000e+00 1.095052715390920639e-02
0.000000000000000000e+00 1.101056113839149475e-02
0.000000000000000000e+00 1.107683591544628143e-02
0.000000000000000000e+00 1.109750289469957352e-02
0.000000000000000000e+00 1.111394166946411133e-02
0.000000000000000000e+00 1.114934403449296951e-02
0.000000000000000000e+00 1.118874549865722656e-02
0.000000000000000000e+00 1.120675355195999146e-02
0.000000000000000000e+00 1.126209460198879242e-02
0.000000000000000000e+00 1.128832995891571045e-02
0.000000000000000000e+00 1.145553402602672577e-02
0.000000000000000000e+00 1.149285864084959030e-02
0.000000000000000000e+00 1.153764221817255020e-02
0.000000000000000000e+00 1.160829793661832809e-02
0.000000000000000000e+00 1.171819586306810379e-02
0.000000000000000000e+00 1.175742410123348236e-02
0.000000000000000000e+00 1.179814152419567108e-02
0.000000000000000000e+00 1.181518565863370895e-02
0.000000000000000000e+00 1.181974261999130249e-02
0.000000000000000000e+00 1.188115403056144714e-02
0.000000000000000000e+00 1.199218071997165680e-02
0.000000000000000000e+00 1.238820049911737442e-02
0.000000000000000000e+00 1.240053772926330566e-02
0.000000000000000000e+00 1.243860740214586258e-02
0.000000000000000000e+00 1.258931122720241547e-02
0.000000000000000000e+00 1.266417745500802994e-02
0.000000000000000000e+00 1.268822140991687775e-02
0.000000000000000000e+00 1.270705368369817734e-02
0.000000000000000000e+00 1.270974613726139069e-02
0.000000000000000000e+00 1.271140109747648239e-02
0.000000000000000000e+00 1.274629123508930206e-02
0.000000000000000000e+00 1.274993829429149628e-02
0.000000000000000000e+00 1.277072634547948837e-02
0.000000000000000000e+00 1.279924996197223663e-02
0.000000000000000000e+00 1.284612808376550674e-02
0.000000000000000000e+00 1.284637674689292908e-02
0.000000000000000000e+00 1.298177521675825119e-02
0.000000000000000000e+00 1.298689655959606171e-02
0.000000000000000000e+00 1.299304049462080002e-02
0.000000000000000000e+00 1.299634668976068497e-02
0.000000000000000000e+00 1.314155757427215576e-02
0.000000000000000000e+00 1.318069454282522202e-02
0.000000000000000000e+00 1.332587003707885742e-02
0.000000000000000000e+00 1.333789434283971786e-02
0.000000000000000000e+00 1.336910761892795563e-02
0.000000000000000000e+00 1.342451293021440506e-02
0.000000000000000000e+00 1.345651224255561829e-02
0.000000000000000000e+00 1.348695252090692520e-02
0.000000000000000000e+00 1.351518183946609497e-02
0.000000000000000000e+00 1.351801212877035141e-02
0.000000000000000000e+00 1.353178266435861588e-02
0.000000000000000000e+00 1.353566348552703857e-02
0.000000000000000000e+00 1.355436723679304123e-02
0.000000000000000000e+00 1.367417350411415100e-02
0.000000000000000000e+00 1.367527805268764496e-02
0.000000000000000000e+00 1.373246032744646072e-02
0.000000000000000000e+00 1.376343425363302231e-02
0.000000000000000000e+00 1.386009901762008667e-02
0.000000000000000000e+00 1.387894246727228165e-02
0.000000000000000000e+00 1.389649603515863419e-02
0.000000000000000000e+00 1.392266247421503067e-02
0.000000000000000000e+00 1.406558137387037277e-02
0.000000000000000000e+00 1.411325950175523758e-02
0.000000000000000000e+00 1.415259949862957001e-02
0.000000000000000000e+00 1.416905596852302551e-02
0.000000000000000000e+00 1.416973676532506943e-02
0.000000000000000000e+00 1.419932954013347626e-02
0.000000000000000000e+00 1.428117696195840836e-02
0.000000000000000000e+00 1.432286109775304794e-02
0.000000000000000000e+00 1.435546297580003738e-02
0.000000000000000000e+00 1.435622386634349823e-02
0.000000000000000000e+00 1.450274419039487839e-02
0.000000000000000000e+00 1.451426278799772263e-02
0.000000000000000000e+00 1.453118398785591125e-02
0.000000000000000000e+00 1.455622632056474686e-02
0.000000000000000000e+00 1.463929470628499985e-02
0.000000000000000000e+00 1.467346120625734329e-02
0.000000000000000000e+00 1.472027786076068878e-02
0.000000000000000000e+00 1.473586820065975189e-02
0.000000000000000000e+00 1.482951454818248749e-02
0.000000000000000000e+00 1.485348865389823914e-02
0.000000000000000000e+00 1.505291089415550232e-02
0.000000000000000000e+00 1.510566938668489456e-02
0.000000000000000000e+00 1.517110969871282578e-02
0.000000000000000000e+00 1.518466416746377945e-02
0.000000000000000000e+00 1.521738898009061813e-02
0.000000000000000000e+00 1.524653378874063492e-02
0.000000000000000000e+00 1.530592981725931168e-02
0.000000000000000000e+00 1.549220457673072815e-02
0.000000000000000000e+00 1.558276452124118805e-02
0.000000000000000000e+00 1.560600940138101578e-02
0.000000000000000000e+00 1.574778370559215546e-02
0.000000000000000000e+00 1.574866846203804016e-02
0.000000000000000000e+00 1.582114212214946747e-02
0.000000000000000000e+00 1.591864041984081268e-02
0.000000000000000000e+00 1.593525707721710205e-02
0.000000000000000000e+00 1.598858088254928589e-02
0.000000000000000000e+00 1.608287915587425232e-02
0.000000000000000000e+00 1.611371152102947235e-02
0.000000000000000000e+00 1.613696850836277008e-02
0.000000000000000000e+00 1.620120182633399963e-02
0.000000000000000000e+00 1.621002890169620514e-02
0.000000000000000000e+00 1.621022261679172516e-02
0.000000000000000000e+00 1.629794575273990631e-02
0.000000000000000000e+00 1.638364419341087341e-02
0.000000000000000000e+00 1.667651161551475525e-02
0.000000000000000000e+00 1.672312989830970764e-02
0.000000000000000000e+00 1.672509126365184784e-02
0.000000000000000000e+00 1.680524833500385284e-02
0.000000000000000000e+00 1.691444590687751770e-02
0.000000000000000000e+00 1.696013659238815308e-02
0.000000000000000000e+00 1.699109561741352081e-02
0.000000000000000000e+00 1.707710511982440948e-02
0.000000000000000000e+00 1.728504337370395660e-02
0.000000000000000000e+00 1.733267866075038910e-02
0.000000000000000000e+00 1.734409667551517487e-02
0.000000000000000000e+00 1.736674085259437561e-02
0.000000000000000000e+00 1.739745587110519409e-02
0.000000000000000000e+00 1.744711026549339294e-02
0.000000000000000000e+00 1.759053766727447510e-02
0.000000000000000000e+00 1.759962178766727448e-02
0.000000000000000000e+00 1.762695796787738800e-02
0.000000000000000000e+00 1.774278469383716583e-02
0.000000000000000000e+00 1.776207424700260162e-02
0.000000000000000000e+00 1.776213757693767548e-02
0.000000000000000000e+00 1.777585782110691071e-02
0.000000000000000000e+00 1.778999716043472290e-02
0.000000000000000000e+00 1.788254640996456146e-02
0.000000000000000000e+00 1.794782280921936035e-02
0.000000000000000000e+00 1.799964718520641327e-02
0.000000000000000000e+00 1.803637482225894928e-02
0.000000000000000000e+00 1.805296912789344788e-02
0.000000000000000000e+00 1.823422685265541077e-02
0.000000000000000000e+00 1.826107315719127655e-02
0.000000000000000000e+00 1.829854026436805725e-02
0.000000000000000000e+00 1.834840886294841766e-02
0.000000000000000000e+00 1.836926303803920746e-02
0.000000000000000000e+00 1.844618842005729675e-02
0.000000000000000000e+00 1.846449822187423706e-02
0.000000000000000000e+00 1.857450790703296661e-02
0.000000000000000000e+00 1.859298162162303925e-02
0.000000000000000000e+00 1.862309686839580536e-02
0.000000000000000000e+00 1.867702789604663849e-02
0.000000000000000000e+00 1.870206743478775024e-02
0.000000000000000000e+00 1.876363903284072876e-02
0.000000000000000000e+00 1.885499991476535797e-02
0.000000000000000000e+00 1.886103674769401550e-02
0.000000000000000000e+00 1.899641938507556915e-02
0.000000000000000000e+00 1.899928785860538483e-02
0.000000000000000000e+00 1.912212930619716644e-02
0.000000000000000000e+00 1.919041946530342102e-02
0.000000000000000000e+00 1.919262111186981201e-02
0.000000000000000000e+00 1.926268637180328369e-02
0.000000000000000000e+00 1.933673210442066193e-02
0.000000000000000000e+00 1.934370212256908417e-02
0.000000000000000000e+00 1.934459246695041656e-02
0.000000000000000000e+00 1.952564343810081482e-02
0.000000000000000000e+00 1.958134211599826813e-02
0.000000000000000000e+00 1.966816559433937073e-02
0.000000000000000000e+00 1.966898888349533081e-02
0.000000000000000000e+00 1.985581219196319580e-02
0.000000000000000000e+00 1.989846117794513702e-02
0.000000000000000000e+00 1.990338414907455444e-02
0.000000000000000000e+00 1.995006948709487915e-02
0.000000000000000000e+00 1.996797323226928711e-02
0.000000000000000000e+00 1.998757943511009216e-02
0.000000000000000000e+00 2.002606727182865143e-02
0.000000000000000000e+00 2.013298869132995605e-02
0.000000000000000000e+00 2.014876529574394226e-02
0.000000000000000000e+00 2.021533809602260590e-02
0.000000000000000000e+00 2.021794207394123077e-02
0.000000000000000000e+00 2.030975557863712311e-02
0.000000000000000000e+00 2.032172121107578278e-02
0.000000000000000000e+00 2.047161385416984558e-02
0.000000000000000000e+00 2.051772177219390869e-02
0.000000000000000000e+00 2.062307484447956085e-02
0.000000000000000000e+00 2.064999192953109741e-02
0.000000000000000000e+00 2.068033814430236816e-02
0.000000000000000000e+00 2.068576775491237640e-02
0.000000000000000000e+00 2.078011073172092438e-02
0.000000000000000000e+00 2.078975923359394073e-02
0.000000000000000000e+00 2.084309794008731842e-02
0.000000000000000000e+00 2.103097736835479736e-02
0.000000000000000000e+00 2.108672820031642914e-02
0.000000000000000000e+00 2.112747356295585632e-02
0.000000000000000000e+00 2.126599289476871490e-02
0.000000000000000000e+00 2.126831188797950745e-02
0.000000000000000000e+00 2.132079377770423889e-02
0.000000000000000000e+00 2.149342186748981476e-02
0.000000000000000000e+00 2.156150899827480316e-02
0.000000000000000000e+00 2.159431017935276031e-02
0.000000000000000000e+00 2.167133241891860962e-02
0.000000000000000000e+00 2.169617079198360443e-02
0.000000000000000000e+00 2.170332707464694977e-02
0.000000000000000000e+00 2.176525816321372986e-02
0.000000000000000000e+00 2.177043259143829346e-02
0.000000000000000000e+00 2.196750417351722717e-02
0.000000000000000000e+00 2.201916091144084930e-02
0.000000000000000000e+00 2.205217070877552032e-02
0.000000000000000000e+00 2.219178155064582825e-02
0.000000000000000000e+00 2.219790592789649963e-02
0.000000000000000000e+00 2.223387174308300018e-02
0.000000000000000000e+00 2.231913805007934570e-02
0.000000000000000000e+00 2.233207412064075470e-02
0.000000000000000000e+00 2.239806205034255981e-02
0.000000000000000000e+00 2.261066250503063202e-02
0.000000000000000000e+00 2.265892177820205688e-02
0.000000000000000000e+00 2.267463505268096924e-02
0.000000000000000000e+00 2.277764119207859039e-02
0.000000000000000000e+00 2.278051525354385376e-02
0.000000000000000000e+00 2.279216051101684570e-02
0.000000000000000000e+00 2.292362228035926819e-02
0.000000000000000000e+00 2.299734391272068024e-02
0.000000000000000000e+00 2.300724945962429047e-02
0.000000000000000000e+00 2.314044907689094543e-02
0.000000000000000000e+00 2.318336814641952515e-02
0.000000000000000000e+00 2.331168390810489655e-02
0.000000000000000000e+00 2.332042157649993896e-02
0.000000000000000000e+00 2.336582913994789124e-02
0.000000000000000000e+00 2.349445968866348267e-02
0.000000000000000000e+00 2.356576919555664062e-02
0.000000000000000000e+00 2.360639162361621857e-02
0.000000000000000000e+00 2.362084574997425079e-02
0.000000000000000000e+00 2.363375760614871979e-02
0.000000000000000000e+00 2.367201633751392365e-02
0.000000000000000000e+00 2.372687868773937225e-02
0.000000000000000000e+00 2.376604452729225159e-02
0.000000000000000000e+00 2.381437830626964569e-02
0.000000000000000000e+00 2.390618622303009033e-02
0.000000000000000000e+00 2.390823885798454285e-02
0.000000000000000000e+00 2.407657541334629059e-02
0.000000000000000000e+00 2.420040033757686615e-02
0.000000000000000000e+00 2.428269013762474060e-02
0.000000000000000000e+00 2.433290705084800720e-02
0.000000000000000000e+00 2.445031143724918365e-02
0.000000000000000000e+00 2.445911802351474762e-02
0.000000000000000000e+00 2.452059090137481689e-02
0.000000000000000000e+00 2.461771667003631592e-02
0.000000000000000000e+00 2.466407977044582367e-02
0.000000000000000000e+00 2.477847784757614136e-02
0.000000000000000000e+00 2.478616125881671906e-02
0.000000000000000000e+00 2.489017695188522339e-02
0.000000000000000000e+00 2.502318099141120911e-02
0.000000000000000000e+00 2.504437044262886047e-02
0.000000000000000000e+00 2.505628019571304321e-02
0.000000000000000000e+00 2.512983791530132294e-02
0.000000000000000000e+00 2.513123862445354462e-02
0.000000000000000000e+00 2.518520504236221313e-02
0.000000000000000000e+00 2.524203807115554810e-02
0.000000000000000000e+00 2.527009695768356323e-02
0.000000000000000000e+00 2.528094686567783356e-02
0.000000000000000000e+00 2.538899146020412445e-02
0.000000000000000000e+00 2.539470046758651733e-02
0.000000000000000000e+00 2.542811818420886993e-02
0.000000000000000000e+00 2.545340359210968018e-02
0.000000000000000000e+00 2.552373334765434265e-02
0.000000000000000000e+00 2.555848844349384308e-02
0.000000000000000000e+00 2.556615695357322693e-02
0.000000000000000000e+00 2.563856914639472961e-02
0.000000000000000000e+00 2.568218298256397247e-02
0.000000000000000000e+00 2.573295496404170990e-02
0.000000000000000000e+00 2.580010145902633667e-02
0.000000000000000000e+00 2.583352662622928619e-02
0.000000000000000000e+00 2.584284730255603790e-02
0.000000000000000000e+00 2.602610550820827484e-02
0.000000000000000000e+00 2.614097669720649719e-02
0.000000000000000000e+00 2.631760574877262115e-02
0.000000000000000000e+00 2.655380405485630035e-02
0.000000000000000000e+00 2.655872702598571777e-02
0.000000000000000000e+00 2.658421918749809265e-02
0.000000000000000000e+00 2.670890279114246368e-02
0.000000000000000000e+00 2.673410996794700623e-02
0.000000000000000000e+00 2.680403552949428558e-02
0.000000000000000000e+00 2.690593525767326355e-02
0.000000000000000000e+00 2.703520469367504120e-02
0.000000000000000000e+00 2.724281512200832367e-02
0.000000000000000000e+00 2.725486271083354950e-02
0.000000000000000000e+00 2.734606526792049408e-02
0.000000000000000000e+00 2.738891914486885071e-02
0.000000000000000000e+00 2.744705043733119965e-02
0.000000000000000000e+00 2.750838547945022583e-02
0.000000000000000000e+00 2.751579694449901581e-02
0.000000000000000000e+00 2.754526399075984955e-02
0.000000000000000000e+00 2.764857187867164612e-02
0.000000000000000000e+00 2.765331976115703583e-02
0.000000000000000000e+00 2.770334109663963318e-02
0.000000000000000000e+00 2.773490361869335175e-02
0.000000000000000000e+00 2.782146446406841278e-02
0.000000000000000000e+00 2.796008996665477753e-02
0.000000000000000000e+00 2.797684818506240845e-02
0.000000000000000000e+00 2.801243402063846588e-02
0.000000000000000000e+00 2.802882902324199677e-02
0.000000000000000000e+00 2.806537970900535583e-02
0.000000000000000000e+00 2.815767936408519745e-02
0.000000000000000000e+00 2.821306139230728149e-02
0.000000000000000000e+00 2.826052904129028320e-02
0.000000000000000000e+00 2.826873399317264557e-02
0.000000000000000000e+00 2.830292470753192902e-02
0.000000000000000000e+00 2.832717448472976685e-02
0.000000000000000000e+00 2.857993729412555695e-02
0.000000000000000000e+00 2.859694883227348328e-02
0.000000000000000000e+00 2.862186357378959656e-02
0.000000000000000000e+00 2.886495552957057953e-02
0.000000000000000000e+00 2.887399867177009583e-02
0.000000000000000000e+00 2.888480760157108307e-02
0.000000000000000000e+00 2.889833040535449982e-02
0.000000000000000000e+00 2.890849672257900238e-02
0.000000000000000000e+00 2.890908345580101013e-02
0.000000000000000000e+00 2.894570864737033844e-02
0.000000000000000000e+00 2.897941507399082184e-02
0.000000000000000000e+00 2.901930548250675201e-02
0.000000000000000000e+00 2.903106249868869781e-02
0.000000000000000000e+00 2.911335788667201996e-02
0.000000000000000000e+00 2.911518886685371399e-02
0.000000000000000000e+00 2.913398109376430511e-02
0.000000000000000000e+00 2.914812602102756500e-02
0.000000000000000000e+00 2.923800796270370483e-02
0.000000000000000000e+00 2.923898212611675262e-02
0.000000000000000000e+00 2.928115427494049072e-02
0.000000000000000000e+00 2.932488359510898590e-02
0.000000000000000000e+00 2.947497181594371796e-02
0.000000000000000000e+00 2.971401065587997437e-02
0.000000000000000000e+00 2.980038337409496307e-02
0.000000000000000000e+00 2.989891543984413147e-02
0.000000000000000000e+00 2.992002479732036591e-02
0.000000000000000000e+00 3.027923963963985443e-02
0.000000000000000000e+00 3.033213876187801361e-02
0.000000000000000000e+00 3.034161217510700226e-02
0.000000000000000000e+00 3.035589493811130524e-02
0.000000000000000000e+00 3.040041774511337280e-02
0.000000000000000000e+00 3.086369298398494720e-02
0.000000000000000000e+00 3.092573769390583038e-02
0.000000000000000000e+00 3.093335404992103577e-02
0.000000000000000000e+00 3.095229342579841614e-02
0.000000000000000000e+00 3.126445785164833069e-02
0.000000000000000000e+00 3.138234466314315796e-02
0.000000000000000000e+00 3.160579875111579895e-02
0.000000000000000000e+00 3.187185525894165039e-02
0.000000000000000000e+00 3.198435902595520020e-02
0.000000000000000000e+00 3.255346417427062988e-02
0.000000000000000000e+00 3.268753737211227417e-02
0.000000000000000000e+00 3.278918191790580750e-02
0.000000000000000000e+00 3.286873176693916321e-02
0.000000000000000000e+00 3.294357284903526306e-02
0.000000000000000000e+00 3.333773836493492126e-02
0.000000000000000000e+00 3.336665034294128418e-02
0.000000000000000000e+00 3.353635594248771667e-02
0.000000000000000000e+00 3.385047614574432373e-02
0.000000000000000000e+00 3.385892137885093689e-02
0.000000000000000000e+00 3.387354314327239990e-02
0.000000000000000000e+00 3.389529883861541748e-02
0.000000000000000000e+00 3.393588215112686157e-02
0.000000000000000000e+00 3.417209908366203308e-02
0.000000000000000000e+00 3.422720730304718018e-02
0.000000000000000000e+00 3.442734479904174805e-02
0.000000000000000000e+00 3.442735970020294189e-02
0.000000000000000000e+00 3.467278927564620972e-02
0.000000000000000000e+00 3.483051434159278870e-02
0.000000000000000000e+00 3.503418713808059692e-02
0.000000000000000000e+00 3.504843637347221375e-02
0.000000000000000000e+00 3.509770333766937256e-02
0.000000000000000000e+00 3.517240658402442932e-02
0.000000000000000000e+00 3.535115346312522888e-02
0.000000000000000000e+00 3.582378476858139038e-02
0.000000000000000000e+00 3.582979738712310791e-02
0.000000000000000000e+00 3.611599281430244446e-02
0.000000000000000000e+00 3.614647686481475830e-02
0.000000000000000000e+00 3.630750253796577454e-02
0.000000000000000000e+00 3.634600341320037842e-02
0.000000000000000000e+00 3.653831034898757935e-02
0.000000000000000000e+00 3.675814345479011536e-02
0.000000000000000000e+00 3.691917285323143005e-02
0.000000000000000000e+00 3.694310784339904785e-02
0.000000000000000000e+00 3.711187839508056641e-02
0.000000000000000000e+00 3.714654222130775452e-02
0.000000000000000000e+00 3.715286031365394592e-02
0.000000000000000000e+00 3.786572813987731934e-02
0.000000000000000000e+00 3.794793039560317993e-02
0.000000000000000000e+00 3.861103206872940063e-02
0.000000000000000000e+00 3.947766125202178955e-02
0.000000000000000000e+00 3.965096175670623779e-02
0.000000000000000000e+00 3.980952128767967224e-02
0.000000000000000000e+00 3.987115621566772461e-02
0.000000000000000000e+00 4.054505750536918640e-02
0.000000000000000000e+00 4.058238118886947632e-02
0.000000000000000000e+00 4.077646508812904358e-02
0.000000000000000000e+00 4.186666756868362427e-02
0.000000000000000000e+00 4.239885881543159485e-02
0.000000000000000000e+00 4.271314293146133423e-02
0.000000000000000000e+00 4.289770871400833130e-02
0.000000000000000000e+00 4.308097437024116516e-02
0.000000000000000000e+00 4.308457300066947937e-02
0.000000000000000000e+00 4.399175196886062622e-02
0.000000000000000000e+00 4.444621875882148743e-02
0.000000000000000000e+00 4.495319351553916931e-02
0.000000000000000000e+00 4.581573233008384705e-02
0.000000000000000000e+00 4.609949141740798950e-02
0.000000000000000000e+00 4.734380915760993958e-02
0.000000000000000000e+00 4.739731922745704651e-02
0.000000000000000000e+00 4.783837497234344482e-02
0.000000000000000000e+00 4.795290529727935791e-02
0.000000000000000000e+00 4.946424439549446106e-02
0.000000000000000000e+00 5.055156722664833069e-02
0.000000000000000000e+00 5.082707479596138000e-02
0.000000000000000000e+00 5.210032314062118530e-02
0.000000000000000000e+00 5.340278148651123047e-02
0.000000000000000000e+00 5.346411094069480896e-02
0.000000000000000000e+00 5.540116503834724426e-02
0.000000000000000000e+00 5.607416480779647827e-02
0.000000000000000000e+00 5.613870918750762939e-02
0.000000000000000000e+00 5.806899443268775940e-02
0.000000000000000000e+00 6.036939844489097595e-02
