0.000000000000000000e+00 6.160198245197534561e-04
0.000000000000000000e+00 1.234631985425949097e-03
0.000000000000000000e+00 1.467037131078541279e-03
0.000000000000000000e+00 1.575625035911798477e-03
0.000000000000000000e+00 1.627883524633944035e-03
0.000000000000000000e+00 1.748855574987828732e-03
0.000000000000000000e+00 2.221036003902554512e-03
0.000000000000000000e+00 2.361224498599767685e-03
0.000000000000000000e+00 2.495387103408575058e-03
0.000000000000000000e+00 2.634353935718536377e-03
0.000000000000000000e+00 2.637571189552545547e-03
0.000000000000000000e+00 2.749359235167503357e-03
0.000000000000000000e+00 2.773817395791411400e-03
0.000000000000000000e+00 2.816486172378063202e-03
0.000000000000000000e+00 3.015969647094607353e-03
0.000000000000000000e+00 3.135788254439830780e-03
0.000000000000000000e+00 3.139621112495660782e-03
0.000000000000000000e+00 3.262223675847053528e-03
0.000000000000000000e+00 3.472737502306699753e-03
0.000000000000000000e+00 3.502473235130310059e-03
0.000000000000000000e+00 3.503570333123207092e-03
0.000000000000000000e+00 3.524274565279483795e-03
0.000000000000000000e+00 3.581379540264606476e-03
0.000000000000000000e+00 3.636300330981612206e-03
0.000000000000000000e+00 3.681696951389312744e-03
0.000000000000000000e+00 4.023352637887001038e-03
0.000000000000000000e+00 4.119123332202434540e-03
0.000000000000000000e+00 4.187793005257844925e-03
0.000000000000000000e+00 4.309932701289653778e-03
0.000000000000000000e+00 4.322596825659275055e-03
0.000000000000000000e+00 4.446532577276229858e-03
0.000000000000000000e+00 4.554033745080232620e-03
0.000000000000000000e+00 4.563829395920038223e-03
0.000000000000000000e+00 4.628346301615238190e-03
0.000000000000000000e+00 4.737193230539560318e-03
0.000000000000000000e+00 4.903310444205999374e-03
0.000000000000000000e+00 5.056490190327167511e-03
0.000000000000000000e+00 5.058703944087028503e-03
0.000000000000000000e+00 5.141269881278276443e-03
0.000000000000000000e+00 5.191617179661989212e-03
0.000000000000000000e+00 5.211599171161651611e-03
0.000000000000000000e+00 5.217723082751035690e-03
0.000000000000000000e+00 5.218797829002141953e-03
0.000000000000000000e+00 5.252728238701820374e-03
0.000000000000000000e+00 5.267497152090072632e-03
0.000000000000000000e+00 5.303179379552602768e-03
0.000000000000000000e+00 5.350487772375345230e-03
0.000000000000000000e+00 5.509010516107082367e-03
0.000000000000000000e+00 5.543882958590984344e-03
0.000000000000000000e+00 5.604649428278207779e-03
0.000000000000000000e+00 5.676321685314178467e-03
0.000000000000000000e+00 5.680190864950418472e-03
0.000000000000000000e+00 5.688446108251810074e-03
0.000000000000000000e+00 5.695913452655076981e-03
0.000000000000000000e+00 5.705883726477622986e-03
0.000000000000000000e+00 5.748745985329151154e-03
0.000000000000000000e+00 5.770864896476268768e-03
0.000000000000000000e+00 5.816304124891757965e-03
0.000000000000000000e+00 5.829542875289916992e-03
0.000000000000000000e+00 5.845353007316589355e-03
0.000000000000000000e+00 5.904336925595998764e-03
0.000000000000000000e+00 5.968642886728048325e-03
0.000000000000000000e+00 5.976105108857154846e-03
0.000000000000000000e+00 6.027205381542444229e-03
0.000000000000000000e+00 6.029151845723390579e-03
0.000000000000000000e+00 6.086769513785839081e-03
0.000000000000000000e+00 6.108283065259456635e-03
0.000000000000000000e+00 6.116732489317655563e-03
0.000000000000000000e+00 6.142639089375734329e-03
0.000000000000000000e+00 6.240705959498882294e-03
0.000000000000000000e+00 6.364387460052967072e-03
0.000000000000000000e+00 6.433346774429082870e-03
0.000000000000000000e+00 6.454978138208389282e-03
0.000000000000000000e+00 6.457537412643432617e-03
0.000000000000000000e+00 6.500683724880218506e-03
0.000000000000000000e+00 6.537331733852624893e-03
0.000000000000000000e+00 6.557784508913755417e-03
0.000000000000000000e+00 6.557921878993511200e-03
0.000000000000000000e+00 6.596895866096019745e-03
0.000000000000000000e+00 6.615770980715751648e-03
0.000000000000000000e+00 6.715870928019285202e-03
0.000000000000000000e+00 6.775382440537214279e-03
0.000000000000000000e+00 6.817318499088287354e-03
0.000000000000000000e+00 6.870987359434366226e-03
0.000000000000000000e+00 6.965994369238615036e-03
0.000000000000000000e+00 7.013149559497833252e-03
0.000000000000000000e+00 7.104615215212106705e-03
0.000000000000000000e+00 7.148005999624729156e-03
0.000000000000000000e+00 7.212758064270019531e-03
0.000000000000000000e+00 7.328923325985670090e-03
0.000000000000000000e+00 7.349414750933647156e-03
0.000000000000000000e+00 7.482585497200489044e-03
0.000000000000000000e+00 7.498870138078927994e-03
0.000000000000000000e+00 7.525391411036252975e-03
0.000000000000000000e+00 7.568399887531995773e-03
0.000000000000000000e+00 7.630996406078338623e-03
0.000000000000000000e+00 7.637998554855585098e-03
0.000000000000000000e+00 7.690251339226961136e-03
0.000000000000000000e+00 7.702749688178300858e-03
0.000000000000000000e+00 7.860297337174415588e-03
0.000000000000000000e+00 7.883869111537933350e-03
0.000000000000000000e+00 7.884828373789787292e-03
0.000000000000000000e+00 7.887657731771469116e-03
0.000000000000000000e+00 7.893193513154983521e-03
0.000000000000000000e+00 7.901310920715332031e-03
0.000000000000000000e+00 7.915238849818706512e-03
0.000000000000000000e+00 7.935795001685619354e-03
0.000000000000000000e+00 7.937809452414512634e-03
0.000000000000000000e+00 7.940130308270454407e-03
0.000000000000000000e+00 8.049859665334224701e-03
0.000000000000000000e+00 8.104143664240837097e-03
0.000000000000000000e+00 8.138556964695453644e-03
0.000000000000000000e+00 8.175875991582870483e-03
0.000000000000000000e+00 8.246064186096191406e-03
0.000000000000000000e+00 8.342750370502471924e-03
0.000000000000000000e+00 8.442411199212074280e-03
0.000000000000000000e+00 8.457981981337070465e-03
0.000000000000000000e+00 8.459853939712047577e-03
0.000000000000000000e+00 8.555403910577297211e-03
0.000000000000000000e+00 8.567184209823608398e-03
0.000000000000000000e+00 8.598197251558303833e-03
0.000000000000000000e+00 8.618060499429702759e-03
0.000000000000000000e+00 8.642980828881263733e-03
0.000000000000000000e+00 8.655091747641563416e-03
0.000000000000000000e+00 8.657254278659820557e-03
0.000000000000000000e+00 8.671976625919342041e-03
0.000000000000000000e+00 8.750073611736297607e-03
0.000000000000000000e+00 8.756184950470924377e-03
0.000000000000000000e+00 8.884963579475879669e-03
0.000000000000000000e+00 8.977163583040237427e-03
0.000000000000000000e+00 8.992831222712993622e-03
0.000000000000000000e+00 8.994176052510738373e-03
0.000000000000000000e+00 9.019947610795497894e-03
0.000000000000000000e+00 9.099286049604415894e-03
0.000000000000000000e+00 9.171508252620697021e-03
0.000000000000000000e+00 9.203246794641017914e-03
0.000000000000000000e+00 9.204069152474403381e-03
0.000000000000000000e+00 9.252478368580341339e-03
0.000000000000000000e+00 9.352586232125759125e-03
0.000000000000000000e+00 9.468719363212585449e-03
0.000000000000000000e+00 9.618529118597507477e-03
0.000000000000000000e+00 9.632190689444541931e-03
0.000000000000000000e+00 9.646388702094554901e-03
0.000000000000000000e+00 9.698413312435150146e-03
0.000000000000000000e+00 9.726126678287982941e-03
0.000000000000000000e+00 9.734538383781909943e-03
0.000000000000000000e+00 9.742006659507751465e-03
0.000000000000000000e+00 9.764512069523334503e-03
0.000000000000000000e+00 9.786246344447135925e-03
0.000000000000000000e+00 9.791739284992218018e-03
0.000000000000000000e+00 9.858431294560432434e-03
0.000000000000000000e+00 9.879306890070438385e-03
0.000000000000000000e+00 9.891042485833168030e-03
0.000000000000000000e+00 9.937402792274951935e-03
0.000000000000000000e+00 9.943433105945587158e-03
0.000000000000000000e+00 9.963137097656726837e-03
0.000000000000000000e+00 1.003431528806686401e-02
0.000000000000000000e+00 1.015321351587772369e-02
0.000000000000000000e+00 1.016336772590875626e-02
0.000000000000000000e+00 1.016360055655241013e-02
0.000000000000000000e+00 1.032825652509927750e-02
0.000000000000000000e+00 1.033427752554416656e-02
0.000000000000000000e+00 1.034397911280393600e-02
0.000000000000000000e+00 1.040501147508621216e-02
0.000000000000000000e+00 1.040539797395467758e-02
0.000000000000000000e+00 1.045177504420280457e-02
0.000000000000000000e+00 1.045494247227907181e-02
0.000000000000000000e+00 1.049020979553461075e-02
0.000000000000000000e+00 1.050894893705844879e-02
0.000000000000000000e+00 1.057329494506120682e-02
0.000000000000000000e+00 1.058394927531480789e-02
0.000000000000000000e+00 1.062394957989454269e-02
0.000000000000000000e+00 1.067121047526597977e-02
0.000000000000000000e+00 1.072322670370340347e-02
0.000000000000000000e+00 1.073842216283082962e-02
0.000000000000000000e+00 1.074078120291233063e-02
0.000000000000000000e+00 1.080378331243991852e-02
0.000000000000000000e+00 1.089261099696159363e-02
0.000000000000000000e+00 1.089768111705780029e-02
0.000000000000000000e+00 1.090098172426223755e-02
0.000000000000000000e+00 1.095439027994871140e-02
0.000000000000000000e+00 1.096385996788740158e-02
0.000000000000000000e+00 1.098959799855947495e-02
0.000000000000000000e+00 1.112099550664424896e-02
0.000000000000000000e+00 1.117179915308952332e-02
0.000000000000000000e+00 1.118504256010055542e-02
0.000000000000000000e+00 1.119722146540880203e-02
0.000000000000000000e+00 1.121820881962776184e-02
0.000000000000000000e+00 1.122869085520505905e-02
0.000000000000000000e+00 1.125324424356222153e-02
0.000000000000000000e+00 1.127854175865650177e-02
0.000000000000000000e+00 1.134964544326066971e-02
0.000000000000000000e+00 1.137662306427955627e-02
0.000000000000000000e+00 1.138955820351839066e-02
0.000000000000000000e+00 1.140514202415943146e-02
0.000000000000000000e+00 1.144242379814386368e-02
0.000000000000000000e+00 1.150582171976566315e-02
0.000000000000000000e+00 1.157259289175271988e-02
0.000000000000000000e+00 1.163859292864799500e-02
0.000000000000000000e+00 1.164603605866432190e-02
0.000000000000000000e+00 1.164641510695219040e-02
0.000000000000000000e+00 1.166588906198740005e-02
0.000000000000000000e+00 1.168006472289562225e-02
0.000000000000000000e+00 1.172185502946376801e-02
0.000000000000000000e+00 1.172615773975849152e-02
0.000000000000000000e+00 1.191643346101045609e-02
0.000000000000000000e+00 1.200499944388866425e-02
0.000000000000000000e+00 1.212071441113948822e-02
0.000000000000000000e+00 1.212967559695243835e-02
0.000000000000000000e+00 1.217633206397294998e-02
0.000000000000000000e+00 1.227003056555986404e-02
0.000000000000000000e+00 1.228634640574455261e-02
0.000000000000000000e+00 1.230445317924022675e-02
0.000000000000000000e+00 1.234708260744810104e-02
0.000000000000000000e+00 1.240555662661790848e-02
0.000000000000000000e+00 1.250509917736053467e-02
0.000000000000000000e+00 1.253040041774511337e-02
0.000000000000000000e+00 1.272400096058845520e-02
0.000000000000000000e+00 1.277392357587814331e-02
0.000000000000000000e+00 1.283865608274936676e-02
0.000000000000000000e+00 1.287404540926218033e-02
0.000000000000000000e+00 1.291168853640556335e-02
0.000000000000000000e+00 1.300366315990686417e-02
0.000000000000000000e+00 1.300544105470180511e-02
0.000000000000000000e+00 1.302579045295715332e-02
0.000000000000000000e+00 1.308600418269634247e-02
0.000000000000000000e+00 1.312161888927221298e-02
0.000000000000000000e+00 1.313511654734611511e-02
0.000000000000000000e+00 1.315281074494123459e-02
0.000000000000000000e+00 1.328861992806196213e-02
0.000000000000000000e+00 1.329202484339475632e-02
0.000000000000000000e+00 1.342273969203233719e-02
0.000000000000000000e+00 1.348461583256721497e-02
0.000000000000000000e+00 1.349982153624296188e-02
0.000000000000000000e+00 1.352235954254865646e-02
0.000000000000000000e+00 1.353030186146497726e-02
0.000000000000000000e+00 1.353096589446067810e-02
0.000000000000000000e+00 1.360679231584072113e-02
0.000000000000000000e+00 1.361478306353092194e-02
0.000000000000000000e+00 1.365395169705152512e-02
0.000000000000000000e+00 1.365597918629646301e-02
0.000000000000000000e+00 1.372083369642496109e-02
0.000000000000000000e+00 1.374456472694873810e-02
0.000000000000000000e+00 1.374864950776100159e-02
0.000000000000000000e+00 1.377146132290363312e-02
0.000000000000000000e+00 1.384626608341932297e-02
0.000000000000000000e+00 1.386236213147640228e-02
0.000000000000000000e+00 1.390751730650663376e-02
0.000000000000000000e+00 1.399056427180767059e-02
0.000000000000000000e+00 1.403802726417779922e-02
0.000000000000000000e+00 1.406005583703517914e-02
0.000000000000000000e+00 1.410361006855964661e-02
0.000000000000000000e+00 1.422234438359737396e-02
0.000000000000000000e+00 1.422538701444864273e-02
0.000000000000000000e+00 1.423740107566118240e-02
0.000000000000000000e+00 1.429805997759103775e-02
0.000000000000000000e+00 1.434266753494739532e-02
0.000000000000000000e+00 1.437405962496995926e-02
0.000000000000000000e+00 1.437884196639060974e-02
0.000000000000000000e+00 1.441272441297769547e-02
0.000000000000000000e+00 1.441959571093320847e-02
0.000000000000000000e+00 1.449775230139493942e-02
0.000000000000000000e+00 1.456341240555047989e-02
0.000000000000000000e+00 1.457422971725463867e-02
0.000000000000000000e+00 1.463179849088191986e-02
0.000000000000000000e+00 1.465198770165443420e-02
0.000000000000000000e+00 1.474756002426147461e-02
0.000000000000000000e+00 1.476586330682039261e-02
0.000000000000000000e+00 1.476595364511013031e-02
0.000000000000000000e+00 1.477377396076917648e-02
0.000000000000000000e+00 1.483656466007232666e-02
0.000000000000000000e+00 1.485531777143478394e-02
0.000000000000000000e+00 1.487361546605825424e-02
0.000000000000000000e+00 1.487381104379892349e-02
0.000000000000000000e+00 1.487454865127801895e-02
0.000000000000000000e+00 1.492280606180429459e-02
0.000000000000000000e+00 1.496662572026252747e-02
0.000000000000000000e+00 1.501397415995597839e-02
0.000000000000000000e+00 1.504500675946474075e-02
0.000000000000000000e+00 1.513693202286958694e-02
0.000000000000000000e+00 1.515169348567724228e-02
0.000000000000000000e+00 1.532096043229103088e-02
0.000000000000000000e+00 1.533260662108659744e-02
0.000000000000000000e+00 1.533365901559591293e-02
0.000000000000000000e+00 1.537530217319726944e-02
0.000000000000000000e+00 1.544791180640459061e-02
0.000000000000000000e+00 1.548514328896999359e-02
0.000000000000000000e+00 1.554238609969615936e-02
0.000000000000000000e+00 1.556175295263528824e-02
0.000000000000000000e+00 1.556588709354400635e-02
0.000000000000000000e+00 1.557023543864488602e-02
0.000000000000000000e+00 1.561052631586790085e-02
0.000000000000000000e+00 1.561803929507732391e-02
0.000000000000000000e+00 1.571181975305080414e-02
0.000000000000000000e+00 1.583951711654663086e-02
0.000000000000000000e+00 1.588918268680572510e-02
0.000000000000000000e+00 1.590221561491489410e-02
0.000000000000000000e+00 1.592696830630302429e-02
0.000000000000000000e+00 1.597504131495952606e-02
0.000000000000000000e+00 1.597964391112327576e-02
0.000000000000000000e+00 1.601538434624671936e-02
0.000000000000000000e+00 1.603239402174949646e-02
0.000000000000000000e+00 1.620615273714065552e-02
0.000000000000000000e+00 1.622804254293441772e-02
0.000000000000000000e+00 1.623321883380413055e-02
0.000000000000000000e+00 1.623681560158729553e-02
0.000000000000000000e+00 1.628499105572700500e-02
0.000000000000000000e+00 1.632010564208030701e-02
0.000000000000000000e+00 1.632786542177200317e-02
0.000000000000000000e+00 1.638680323958396912e-02
0.000000000000000000e+00 1.650344766676425934e-02
0.000000000000000000e+00 1.662269048392772675e-02
0.000000000000000000e+00 1.669723913073539734e-02
0.000000000000000000e+00 1.674403250217437744e-02
0.000000000000000000e+00 1.679241470992565155e-02
0.000000000000000000e+00 1.681571267545223236e-02
0.000000000000000000e+00 1.690324954688549042e-02
0.000000000000000000e+00 1.690622605383396149e-02
0.000000000000000000e+00 1.691206172108650208e-02
0.000000000000000000e+00 1.692825742065906525e-02
0.000000000000000000e+00 1.696551777422428131e-02
0.000000000000000000e+00 1.700062118470668793e-02
0.000000000000000000e+00 1.702841557562351227e-02
0.000000000000000000e+00 1.703178323805332184e-02
0.000000000000000000e+00 1.704867742955684662e-02
0.000000000000000000e+00 1.711679995059967041e-02
0.000000000000000000e+00 1.729623042047023773e-02
0.000000000000000000e+00 1.730960048735141754e-02
0.000000000000000000e+00 1.731610111892223358e-02
0.000000000000000000e+00 1.732424087822437286e-02
0.000000000000000000e+00 1.748755015432834625e-02
0.000000000000000000e+00 1.759517565369606018e-02
0.000000000000000000e+00 1.765290088951587677e-02
0.000000000000000000e+00 1.772802695631980896e-02
0.000000000000000000e+00 1.786116696894168854e-02
0.000000000000000000e+00 1.795511692762374878e-02
0.000000000000000000e+00 1.804027706384658813e-02
0.000000000000000000e+00 1.817124336957931519e-02
0.000000000000000000e+00 1.828912831842899323e-02
0.000000000000000000e+00 1.833864860236644745e-02
0.000000000000000000e+00 1.849891431629657745e-02
0.000000000000000000e+00 1.854185201227664948e-02
0.000000000000000000e+00 1.854440011084079742e-02
0.000000000000000000e+00 1.858673617243766785e-02
0.000000000000000000e+00 1.869814656674861908e-02
0.000000000000000000e+00 1.870368234813213348e-02
0.000000000000000000e+00 1.878362335264682770e-02
0.000000000000000000e+00 1.879181712865829468e-02
0.000000000000000000e+00 1.879670098423957825e-02
0.000000000000000000e+00 1.888881810009479523e-02
0.000000000000000000e+00 1.892170496284961700e-02
0.000000000000000000e+00 1.892536878585815430e-02
0.000000000000000000e+00 1.895952783524990082e-02
0.000000000000000000e+00 1.902939192950725555e-02
0.000000000000000000e+00 1.908843964338302612e-02
0.000000000000000000e+00 1.910873129963874817e-02
0.000000000000000000e+00 1.915853284299373627e-02
0.000000000000000000e+00 1.928648911416530609e-02
0.000000000000000000e+00 1.936054229736328125e-02
0.000000000000000000e+00 1.943205483257770538e-02
0.000000000000000000e+00 1.944352127611637115e-02
0.000000000000000000e+00 1.945282146334648132e-02
0.000000000000000000e+00 1.949444971978664398e-02
0.000000000000000000e+00 1.954972743988037109e-02
0.000000000000000000e+00 1.958549208939075470e-02
0.000000000000000000e+00 1.965567283332347870e-02
0.000000000000000000e+00 1.967776380479335785e-02
0.000000000000000000e+00 1.975643634796142578e-02
0.000000000000000000e+00 1.985805854201316833e-02
0.000000000000000000e+00 1.987293921411037445e-02
0.000000000000000000e+00 1.989916525781154633e-02
0.000000000000000000e+00 1.990788243710994720e-02
0.000000000000000000e+00 2.006040886044502258e-02
0.000000000000000000e+00 2.008388005197048187e-02
0.000000000000000000e+00 2.011197060346603394e-02
0.000000000000000000e+00 2.011448331177234650e-02
0.000000000000000000e+00 2.023261412978172302e-02
0.000000000000000000e+00 2.040880732238292694e-02
0.000000000000000000e+00 2.046789787709712982e-02
0.000000000000000000e+00 2.048721909523010254e-02
0.000000000000000000e+00 2.051985077559947968e-02
0.000000000000000000e+00 2.056262642145156860e-02
0.000000000000000000e+00 2.067377604544162750e-02
0.000000000000000000e+00 2.067813277244567871e-02
0.000000000000000000e+00 2.071511745452880859e-02
0.000000000000000000e+00 2.081706374883651733e-02
0.000000000000000000e+00 2.115328609943389893e-02
0.000000000000000000e+00 2.122989483177661896e-02
0.000000000000000000e+00 2.128037065267562866e-02
0.000000000000000000e+00 2.129564620554447174e-02
0.000000000000000000e+00 2.133505791425704956e-02
0.000000000000000000e+00 2.144596166908740997e-02
0.000000000000000000e+00 2.160618081688880920e-02
0.000000000000000000e+00 2.171883918344974518e-02
0.000000000000000000e+00 2.186837606132030487e-02
0.000000000000000000e+00 2.187564224004745483e-02
0.000000000000000000e+00 2.224272489547729492e-02
0.000000000000000000e+00 2.225045301020145416e-02
0.000000000000000000e+00 2.255386859178543091e-02
0.000000000000000000e+00 2.256008982658386230e-02
0.000000000000000000e+00 2.256527170538902283e-02
0.000000000000000000e+00 2.271559834480285645e-02
0.000000000000000000e+00 2.276073023676872253e-02
0.000000000000000000e+00 2.286471426486968994e-02
0.000000000000000000e+00 2.293922379612922668e-02
0.000000000000000000e+00 2.299600653350353241e-02
0.000000000000000000e+00 2.304336056113243103e-02
0.000000000000000000e+00 2.318342402577400208e-02
0.000000000000000000e+00 2.344957180321216583e-02
0.000000000000000000e+00 2.358698286116123199e-02
0.000000000000000000e+00 2.360597439110279083e-02
0.000000000000000000e+00 2.361089922487735748e-02
0.000000000000000000e+00 2.380017936229705811e-02
0.000000000000000000e+00 2.386949956417083740e-02
0.000000000000000000e+00 2.397311851382255554e-02
0.000000000000000000e+00 2.399468235671520233e-02
0.000000000000000000e+00 2.406495995819568634e-02
0.000000000000000000e+00 2.410000562667846680e-02
0.000000000000000000e+00 2.425705641508102417e-02
0.000000000000000000e+00 2.470563724637031555e-02
0.000000000000000000e+00 2.471023611724376678e-02
0.000000000000000000e+00 2.482983283698558807e-02
0.000000000000000000e+00 2.489015646278858185e-02
0.000000000000000000e+00 2.495630271732807159e-02
0.000000000000000000e+00 2.499660849571228027e-02
0.000000000000000000e+00 2.529489621520042419e-02
0.000000000000000000e+00 2.534285746514797211e-02
0.000000000000000000e+00 2.535285986959934235e-02
0.000000000000000000e+00 2.556168474256992340e-02
0.000000000000000000e+00 2.571247704327106476e-02
0.000000000000000000e+00 2.573401667177677155e-02
0.000000000000000000e+00 2.580554224550724030e-02
0.000000000000000000e+00 2.587873302400112152e-02
0.000000000000000000e+00 2.588451094925403595e-02
0.000000000000000000e+00 2.591735124588012695e-02
0.000000000000000000e+00 2.612325921654701233e-02
0.000000000000000000e+00 2.628164365887641907e-02
0.000000000000000000e+00 2.660293132066726685e-02
0.000000000000000000e+00 2.661268599331378937e-02
0.000000000000000000e+00 2.672168985009193420e-02
0.000000000000000000e+00 2.672246284782886505e-02
0.000000000000000000e+00 2.681106515228748322e-02
0.000000000000000000e+00 2.687606588006019592e-02
0.000000000000000000e+00 2.688962779939174652e-02
0.000000000000000000e+00 2.697120234370231628e-02
0.000000000000000000e+00 2.702134102582931519e-02
0.000000000000000000e+00 2.728476934134960175e-02
0.000000000000000000e+00 2.731125429272651672e-02
0.000000000000000000e+00 2.742455899715423584e-02
0.000000000000000000e+00 2.753332443535327911e-02
0.000000000000000000e+00 2.802066504955291748e-02
0.000000000000000000e+00 2.820506878197193146e-02
0.000000000000000000e+00 2.823961339890956879e-02
0.000000000000000000e+00 2.826953679323196411e-02
0.000000000000000000e+00 2.827959880232810974e-02
0.000000000000000000e+00 2.853334508836269379e-02
0.000000000000000000e+00 2.854054234921932220e-02
0.000000000000000000e+00 2.869494631886482239e-02
0.000000000000000000e+00 2.871413528919219971e-02
0.000000000000000000e+00 2.876685932278633118e-02
0.000000000000000000e+00 2.885012701153755188e-02
0.000000000000000000e+00 2.887527830898761749e-02
0.000000000000000000e+00 2.916838042438030243e-02
0.000000000000000000e+00 2.929831109941005707e-02
0.000000000000000000e+00 2.940975315868854523e-02
0.000000000000000000e+00 2.960610762238502502e-02
0.000000000000000000e+00 2.978998795151710510e-02
0.000000000000000000e+00 2.987370640039443970e-02
0.000000000000000000e+00 3.031338378787040710e-02
0.000000000000000000e+00 3.044385090470314026e-02
0.000000000000000000e+00 3.070753253996372223e-02
0.000000000000000000e+00 3.086047619581222534e-02
0.000000000000000000e+00 3.099383041262626648e-02
0.000000000000000000e+00 3.199080377817153931e-02
0.000000000000000000e+00 3.208206966519355774e-02
0.000000000000000000e+00 3.234807401895523071e-02
0.000000000000000000e+00 3.274199366569519043e-02
0.000000000000000000e+00 3.335888311266899109e-02
0.000000000000000000e+00 3.337555378675460815e-02
0.000000000000000000e+00 3.340934962034225464e-02
0.000000000000000000e+00 3.346833959221839905e-02
0.000000000000000000e+00 3.354578092694282532e-02
0.000000000000000000e+00 3.380202502012252808e-02
0.000000000000000000e+00 3.386803716421127319e-02
0.000000000000000000e+00 3.516471758484840393e-02
0.000000000000000000e+00 3.519200906157493591e-02
0.000000000000000000e+00 3.529937192797660828e-02
0.000000000000000000e+00 3.693379089236259460e-02
0.000000000000000000e+00 3.701921924948692322e-02
0.000000000000000000e+00 3.717701509594917297e-02
0.000000000000000000e+00 3.759357333183288574e-02
0.000000000000000000e+00 3.759864345192909241e-02
0.000000000000000000e+00 3.761860355734825134e-02
0.000000000000000000e+00 3.819212689995765686e-02
0.000000000000000000e+00 4.193130135536193848e-02
0.000000000000000000e+00 4.274464771151542664e-02
0.000000000000000000e+00 4.313717037439346313e-02
0.000000000000000000e+00 4.336059838533401489e-02
0.000000000000000000e+00 4.528351128101348877e-02
