0.000000000000000000e+00 8.296591113321483135e-04
0.000000000000000000e+00 1.295022666454315186e-03
0.000000000000000000e+00 1.342846546322107315e-03
0.000000000000000000e+00 1.597758848220109940e-03
0.000000000000000000e+00 1.785221043974161148e-03
0.000000000000000000e+00 2.456462010741233826e-03
0.000000000000000000e+00 2.656794385984539986e-03
0.000000000000000000e+00 2.926481422036886215e-03
0.000000000000000000e+00 2.976781688630580902e-03
0.000000000000000000e+00 2.980579622089862823e-03
0.000000000000000000e+00 3.198442282155156136e-03
0.000000000000000000e+00 3.636777633801102638e-03
0.000000000000000000e+00 3.731996053829789162e-03
0.000000000000000000e+00 3.765468252822756767e-03
0.000000000000000000e+00 4.034562502056360245e-03
0.000000000000000000e+00 4.063972271978855133e-03
0.000000000000000000e+00 4.150622058659791946e-03
0.000000000000000000e+00 4.286459181457757950e-03
0.000000000000000000e+00 4.306435119360685349e-03
0.000000000000000000e+00 4.425269551575183868e-03
0.000000000000000000e+00 4.517889115959405899e-03
0.000000000000000000e+00 4.538107197731733322e-03
0.000000000000000000e+00 4.576395731419324875e-03
0.000000000000000000e+00 4.670714493840932846e-03
0.000000000000000000e+00 4.872363992035388947e-03
0.000000000000000000e+00 5.059973336756229401e-03
0.000000000000000000e+00 5.156997125595808029e-03
0.000000000000000000e+00 5.178267136216163635e-03
0.000000000000000000e+00 5.445887334644794464e-03
0.000000000000000000e+00 5.521981976926326752e-03
0.000000000000000000e+00 5.636224057525396347e-03
0.000000000000000000e+00 6.032528821378946304e-03
0.000000000000000000e+00 6.079195998609066010e-03
0.000000000000000000e+00 6.281751673668622971e-03
0.000000000000000000e+00 6.404112558811903000e-03
0.000000000000000000e+00 6.404231302440166473e-03
0.000000000000000000e+00 6.485189311206340790e-03
0.000000000000000000e+00 6.524407770484685898e-03
0.000000000000000000e+00 6.575342267751693726e-03
0.000000000000000000e+00 6.639417260885238647e-03
0.000000000000000000e+00 6.825566291809082031e-03
0.000000000000000000e+00 6.903567351400852203e-03
0.000000000000000000e+00 6.908224895596504211e-03
0.000000000000000000e+00 6.980489939451217651e-03
0.000000000000000000e+00 7.150051649659872055e-03
0.000000000000000000e+00 7.245446089655160904e-03
0.000000000000000000e+00 7.274283096194267273e-03
0.000000000000000000e+00 7.282931823283433914e-03
0.000000000000000000e+00 7.408698089420795441e-03
0.000000000000000000e+00 7.552714552730321884e-03
0.000000000000000000e+00 7.640025578439235687e-03
0.000000000000000000e+00 7.842285558581352234e-03
0.000000000000000000e+00 7.921777665615081787e-03
0.000000000000000000e+00 7.964740507304668427e-03
0.000000000000000000e+00 8.044842630624771118e-03
0.000000000000000000e+00 8.235442452132701874e-03
0.000000000000000000e+00 8.279846981167793274e-03
0.000000000000000000e+00 8.333373814821243286e-03
0.000000000000000000e+00 8.460990153253078461e-03
0.000000000000000000e+00 8.580102585256099701e-03
0.000000000000000000e+00 8.580184541642665863e-03
0.000000000000000000e+00 8.797829970717430115e-03
0.000000000000000000e+00 8.829667232930660248e-03
0.000000000000000000e+00 8.839480578899383545e-03
0.000000000000000000e+00 8.854197338223457336e-03
0.000000000000000000e+00 8.878013119101524353e-03
0.000000000000000000e+00 8.915635757148265839e-03
0.000000000000000000e+00 9.076707065105438232e-03
0.000000000000000000e+00 9.164606221020221710e-03
0.000000000000000000e+00 9.311944246292114258e-03
0.000000000000000000e+00 9.448104538023471832e-03
0.000000000000000000e+00 9.519370272755622864e-03
0.000000000000000000e+00 9.608900174498558044e-03
0.000000000000000000e+00 9.735431522130966187e-03
0.000000000000000000e+00 9.874275885522365570e-03
0.000000000000000000e+00 9.896292351186275482e-03
0.000000000000000000e+00 9.934161789715290070e-03
0.000000000000000000e+00 9.961486794054508209e-03
0.000000000000000000e+00 1.014791335910558701e-02
0.000000000000000000e+00 1.045568753033876419e-02
0.000000000000000000e+00 1.048806775361299515e-02
0.000000000000000000e+00 1.050287019461393356e-02
0.000000000000000000e+00 1.052883546799421310e-02
0.000000000000000000e+00 1.056358683854341507e-02
0.000000000000000000e+00 1.068276539444923401e-02
0.000000000000000000e+00 1.069945096969604492e-02
0.000000000000000000e+00 1.072994153946638107e-02
0.000000000000000000e+00 1.082196459174156189e-02
0.000000000000000000e+00 1.084456127136945724e-02
0.000000000000000000e+00 1.098376512527465820e-02
0.000000000000000000e+00 1.099461410194635391e-02
0.000000000000000000e+00 1.103448588401079178e-02
0.000000000000000000e+00 1.114881411194801331e-02
0.000000000000000000e+00 1.118169352412223816e-02
0.000000000000000000e+00 1.134852319955825806e-02
0.000000000000000000e+00 1.147945504635572433e-02
0.000000000000000000e+00 1.163043640553951263e-02
0.000000000000000000e+00 1.163208670914173126e-02
0.000000000000000000e+00 1.172343362122774124e-02
0.000000000000000000e+00 1.174983661621809006e-02
0.000000000000000000e+00 1.185061875730752945e-02
0.000000000000000000e+00 1.189738977700471878e-02
0.000000000000000000e+00 1.200421899557113647e-02
0.000000000000000000e+00 1.215291675180196762e-02
0.000000000000000000e+00 1.231445651501417160e-02
0.000000000000000000e+00 1.232424564659595490e-02
0.000000000000000000e+00 1.236666552722454071e-02
0.000000000000000000e+00 1.243825536221265793e-02
0.000000000000000000e+00 1.249191537499427795e-02
0.000000000000000000e+00 1.255295611917972565e-02
0.000000000000000000e+00 1.261424459517002106e-02
0.000000000000000000e+00 1.263174507766962051e-02
0.000000000000000000e+00 1.267778780311346054e-02
0.000000000000000000e+00 1.269423868507146835e-02
0.000000000000000000e+00 1.276080496609210968e-02
0.000000000000000000e+00 1.281005423516035080e-02
0.000000000000000000e+00 1.287454552948474884e-02
0.000000000000000000e+00 1.290419325232505798e-02
0.000000000000000000e+00 1.291796192526817322e-02
0.000000000000000000e+00 1.295082736760377884e-02
0.000000000000000000e+00 1.300206966698169708e-02
0.000000000000000000e+00 1.305837556719779968e-02
0.000000000000000000e+00 1.305892784148454666e-02
0.000000000000000000e+00 1.308730710297822952e-02
0.000000000000000000e+00 1.311319880187511444e-02
0.000000000000000000e+00 1.334649045020341873e-02
0.000000000000000000e+00 1.337178237736225128e-02
0.000000000000000000e+00 1.341098081320524216e-02
0.000000000000000000e+00 1.341965142637491226e-02
0.000000000000000000e+00 1.343849953263998032e-02
0.000000000000000000e+00 1.347116846591234207e-02
0.000000000000000000e+00 1.347349956631660461e-02
0.000000000000000000e+00 1.349833328276872635e-02
0.000000000000000000e+00 1.350851450115442276e-02
0.000000000000000000e+00 1.353782229125499725e-02
0.000000000000000000e+00 1.356018986552953720e-02
0.000000000000000000e+00 1.366033498197793961e-02
0.000000000000000000e+00 1.366948988288640976e-02
0.000000000000000000e+00 1.368995383381843567e-02
0.000000000000000000e+00 1.392792072147130966e-02
0.000000000000000000e+00 1.395583618432283401e-02
0.000000000000000000e+00 1.404784526675939560e-02
0.000000000000000000e+00 1.409231219440698624e-02
0.000000000000000000e+00 1.409424655139446259e-02
0.000000000000000000e+00 1.410579588264226913e-02
0.000000000000000000e+00 1.411861088126897812e-02
0.000000000000000000e+00 1.420780550688505173e-02
0.000000000000000000e+00 1.430960558354854584e-02
0.000000000000000000e+00 1.432925555855035782e-02
0.000000000000000000e+00 1.447257585823535919e-02
0.000000000000000000e+00 1.454757433384656906e-02
0.000000000000000000e+00 1.467441115528345108e-02
0.000000000000000000e+00 1.470080949366092682e-02
0.000000000000000000e+00 1.475676707923412323e-02
0.000000000000000000e+00 1.476557739078998566e-02
0.000000000000000000e+00 1.481607090681791306e-02
0.000000000000000000e+00 1.496989466249942780e-02
0.000000000000000000e+00 1.499763689935207367e-02
0.000000000000000000e+00 1.503654941916465759e-02
0.000000000000000000e+00 1.504704635590314865e-02
0.000000000000000000e+00 1.507079415023326874e-02
0.000000000000000000e+00 1.508553326129913330e-02
0.000000000000000000e+00 1.508553698658943176e-02
0.000000000000000000e+00 1.512228231877088547e-02
0.000000000000000000e+00 1.528728846460580826e-02
0.000000000000000000e+00 1.528912223875522614e-02
0.000000000000000000e+00 1.532112248241901398e-02
0.000000000000000000e+00 1.534950919449329376e-02
0.000000000000000000e+00 1.538406498730182648e-02
0.000000000000000000e+00 1.540465187281370163e-02
0.000000000000000000e+00 1.545666903257369995e-02
0.000000000000000000e+00 1.548841129988431931e-02
0.000000000000000000e+00 1.552416384220123291e-02
0.000000000000000000e+00 1.570475846529006958e-02
0.000000000000000000e+00 1.582330837845802307e-02
0.000000000000000000e+00 1.582721993327140808e-02
0.000000000000000000e+00 1.584332808852195740e-02
0.000000000000000000e+00 1.585546508431434631e-02
0.000000000000000000e+00 1.585785113275051117e-02
0.000000000000000000e+00 1.586447842419147491e-02
0.000000000000000000e+00 1.588803157210350037e-02
0.000000000000000000e+00 1.613309793174266815e-02
0.000000000000000000e+00 1.613966934382915497e-02
0.000000000000000000e+00 1.621943525969982147e-02
0.000000000000000000e+00 1.638616807758808136e-02
0.000000000000000000e+00 1.642566360533237457e-02
0.000000000000000000e+00 1.648199558258056641e-02
0.000000000000000000e+00 1.648419909179210663e-02
0.000000000000000000e+00 1.655130274593830109e-02
0.000000000000000000e+00 1.660015806555747986e-02
0.000000000000000000e+00 1.661070249974727631e-02
0.000000000000000000e+00 1.662619411945343018e-02
0.000000000000000000e+00 1.675002463161945343e-02
0.000000000000000000e+00 1.677803322672843933e-02
0.000000000000000000e+00 1.679990999400615692e-02
0.000000000000000000e+00 1.688074134290218353e-02
0.000000000000000000e+00 1.690088585019111633e-02
0.000000000000000000e+00 1.692110672593116760e-02
0.000000000000000000e+00 1.694640144705772400e-02
0.000000000000000000e+00 1.694868318736553192e-02
0.000000000000000000e+00 1.698175631463527679e-02
0.000000000000000000e+00 1.700388081371784210e-02
0.000000000000000000e+00 1.702470518648624420e-02
0.000000000000000000e+00 1.703624427318572998e-02
0.000000000000000000e+00 1.704789511859416962e-02
0.000000000000000000e+00 1.714172214269638062e-02
0.000000000000000000e+00 1.721641421318054199e-02
0.000000000000000000e+00 1.728530786931514740e-02
0.000000000000000000e+00 1.741580665111541748e-02
0.000000000000000000e+00 1.741750538349151611e-02
0.000000000000000000e+00 1.747968047857284546e-02
0.000000000000000000e+00 1.751247234642505646e-02
0.000000000000000000e+00 1.751401089131832123e-02
0.000000000000000000e+00 1.752143353223800659e-02
0.000000000000000000e+00 1.752993091940879822e-02
0.000000000000000000e+00 1.754487492144107819e-02
0.000000000000000000e+00 1.758044213056564331e-02
0.000000000000000000e+00 1.762249320745468140e-02
0.000000000000000000e+00 1.766022481024265289e-02
0.000000000000000000e+00 1.767253689467906952e-02
0.000000000000000000e+00 1.774787716567516327e-02
0.000000000000000000e+00 1.784596592187881470e-02
0.000000000000000000e+00 1.789629459381103516e-02
0.000000000000000000e+00 1.798030175268650055e-02
0.000000000000000000e+00 1.799147948622703552e-02
0.000000000000000000e+00 1.802926510572433472e-02
0.000000000000000000e+00 1.805639639496803284e-02
0.000000000000000000e+00 1.813557930290699005e-02
0.000000000000000000e+00 1.824937202036380768e-02
0.000000000000000000e+00 1.829573884606361389e-02
0.000000000000000000e+00 1.829831674695014954e-02
0.000000000000000000e+00 1.845775730907917023e-02
0.000000000000000000e+00 1.854127086699008942e-02
0.000000000000000000e+00 1.861514896154403687e-02
0.000000000000000000e+00 1.863994821906089783e-02
0.000000000000000000e+00 1.865795254707336426e-02
0.000000000000000000e+00 1.870332472026348114e-02
0.000000000000000000e+00 1.880407519638538361e-02
0.000000000000000000e+00 1.883222721517086029e-02
0.000000000000000000e+00 1.887310855090618134e-02
0.000000000000000000e+00 1.896215975284576416e-02
0.000000000000000000e+00 1.896774396300315857e-02
0.000000000000000000e+00 1.903278566896915436e-02
0.000000000000000000e+00 1.904732361435890198e-02
0.000000000000000000e+00 1.906987652182579041e-02
0.000000000000000000e+00 1.916741393506526947e-02
0.000000000000000000e+00 1.922841742634773254e-02
0.000000000000000000e+00 1.934802904725074768e-02
0.000000000000000000e+00 1.937272027134895325e-02
0.000000000000000000e+00 1.942524872720241547e-02
0.000000000000000000e+00 1.943876966834068298e-02
0.000000000000000000e+00 1.945813186466693878e-02
0.000000000000000000e+00 1.951520517468452454e-02
0.000000000000000000e+00 1.953827403485774994e-02
0.000000000000000000e+00 1.957852393388748169e-02
0.000000000000000000e+00 1.972661912441253662e-02
0.000000000000000000e+00 1.980782672762870789e-02
0.000000000000000000e+00 1.980946585536003113e-02
0.000000000000000000e+00 1.993373222649097443e-02
0.000000000000000000e+00 2.014122903347015381e-02
0.000000000000000000e+00 2.022235468029975891e-02
0.000000000000000000e+00 2.023316547274589539e-02
0.000000000000000000e+00 2.025783248245716095e-02
0.000000000000000000e+00 2.027550712227821350e-02
0.000000000000000000e+00 2.030042558908462524e-02
0.000000000000000000e+00 2.035016939043998718e-02
0.000000000000000000e+00 2.055404707789421082e-02
0.000000000000000000e+00 2.064110338687896729e-02
0.000000000000000000e+00 2.068291604518890381e-02
0.000000000000000000e+00 2.072940953075885773e-02
0.000000000000000000e+00 2.073282189667224884e-02
0.000000000000000000e+00 2.074807323515415192e-02
0.000000000000000000e+00 2.086519636213779449e-02
0.000000000000000000e+00 2.088009938597679138e-02
0.000000000000000000e+00 2.101357281208038330e-02
0.000000000000000000e+00 2.108392491936683655e-02
0.000000000000000000e+00 2.114741876721382141e-02
0.000000000000000000e+00 2.115416899323463440e-02
0.000000000000000000e+00 2.128032408654689789e-02
0.000000000000000000e+00 2.131106890738010406e-02
0.000000000000000000e+00 2.131400629878044128e-02
0.000000000000000000e+00 2.138971537351608276e-02
0.000000000000000000e+00 2.141992561519145966e-02
0.000000000000000000e+00 2.144269831478595734e-02
0.000000000000000000e+00 2.146957814693450928e-02
0.000000000000000000e+00 2.148466557264328003e-02
0.000000000000000000e+00 2.160341478884220123e-02
0.000000000000000000e+00 2.166852168738842010e-02
0.000000000000000000e+00 2.167885750532150269e-02
0.000000000000000000e+00 2.168517373502254486e-02
0.000000000000000000e+00 2.169648185372352600e-02
0.000000000000000000e+00 2.183060534298419952e-02
0.000000000000000000e+00 2.198194712400436401e-02
0.000000000000000000e+00 2.202698029577732086e-02
0.000000000000000000e+00 2.205965109169483185e-02
0.000000000000000000e+00 2.208530716598033905e-02
0.000000000000000000e+00 2.209295704960823059e-02
0.000000000000000000e+00 2.214574627578258514e-02
0.000000000000000000e+00 2.215632237493991852e-02
0.000000000000000000e+00 2.230798453092575073e-02
0.000000000000000000e+00 2.242765948176383972e-02
0.000000000000000000e+00 2.262177132070064545e-02
0.000000000000000000e+00 2.272228524088859558e-02
0.000000000000000000e+00 2.272788248956203461e-02
0.000000000000000000e+00 2.274541929364204407e-02
0.000000000000000000e+00 2.275704219937324524e-02
0.000000000000000000e+00 2.284382469952106476e-02
0.000000000000000000e+00 2.289223857223987579e-02
0.000000000000000000e+00 2.299323305487632751e-02
0.000000000000000000e+00 2.301538549363613129e-02
0.000000000000000000e+00 2.308393456041812897e-02
0.000000000000000000e+00 2.316147834062576294e-02
0.000000000000000000e+00 2.325583621859550476e-02
0.000000000000000000e+00 2.326560765504837036e-02
0.000000000000000000e+00 2.330027706921100616e-02
0.000000000000000000e+00 2.334564365446567535e-02
0.000000000000000000e+00 2.343783155083656311e-02
0.000000000000000000e+00 2.360712364315986633e-02
0.000000000000000000e+00 2.365636453032493591e-02
0.000000000000000000e+00 2.368818223476409912e-02
0.000000000000000000e+00 2.369654364883899689e-02
0.000000000000000000e+00 2.370153740048408508e-02
0.000000000000000000e+00 2.374287322163581848e-02
0.000000000000000000e+00 2.386911399662494659e-02
0.000000000000000000e+00 2.390196919441223145e-02
0.000000000000000000e+00 2.394818887114524841e-02
0.000000000000000000e+00 2.402893640100955963e-02
0.000000000000000000e+00 2.415377460420131683e-02
0.000000000000000000e+00 2.417770773172378540e-02
0.000000000000000000e+00 2.426364272832870483e-02
0.000000000000000000e+00 2.456348203122615814e-02
0.000000000000000000e+00 2.460287883877754211e-02
0.000000000000000000e+00 2.472934126853942871e-02
0.000000000000000000e+00 2.475785464048385620e-02
0.000000000000000000e+00 2.478517219424247742e-02
0.000000000000000000e+00 2.479442581534385681e-02
0.000000000000000000e+00 2.481098286807537079e-02
0.000000000000000000e+00 2.484869025647640228e-02
0.000000000000000000e+00 2.505232766270637512e-02
0.000000000000000000e+00 2.508117072284221649e-02
0.000000000000000000e+00 2.514315582811832428e-02
0.000000000000000000e+00 2.540336549282073975e-02
0.000000000000000000e+00 2.544979564845561981e-02
0.000000000000000000e+00 2.577005140483379364e-02
0.000000000000000000e+00 2.577211335301399231e-02
0.000000000000000000e+00 2.577497623860836029e-02
0.000000000000000000e+00 2.582418359816074371e-02
0.000000000000000000e+00 2.587382309138774872e-02
0.000000000000000000e+00 2.602517232298851013e-02
0.000000000000000000e+00 2.608363889157772064e-02
0.000000000000000000e+00 2.608998492360115051e-02
0.000000000000000000e+00 2.616141736507415771e-02
0.000000000000000000e+00 2.618342079222202301e-02
0.000000000000000000e+00 2.619428187608718872e-02
0.000000000000000000e+00 2.619447745382785797e-02
0.000000000000000000e+00 2.621777914464473724e-02
0.000000000000000000e+00 2.634260058403015137e-02
0.000000000000000000e+00 2.635964937508106232e-02
0.000000000000000000e+00 2.657465636730194092e-02
0.000000000000000000e+00 2.660997956991195679e-02
0.000000000000000000e+00 2.667402476072311401e-02
0.000000000000000000e+00 2.672368101775646210e-02
0.000000000000000000e+00 2.686390094459056854e-02
0.000000000000000000e+00 2.686629258096218109e-02
0.000000000000000000e+00 2.688728086650371552e-02
0.000000000000000000e+00 2.705477178096771240e-02
0.000000000000000000e+00 2.710196748375892639e-02
0.000000000000000000e+00 2.710487134754657745e-02
0.000000000000000000e+00 2.728792466223239899e-02
0.000000000000000000e+00 2.729573845863342285e-02
0.000000000000000000e+00 2.771308086812496185e-02
0.000000000000000000e+00 2.782154828310012817e-02
0.000000000000000000e+00 2.807399071753025055e-02
0.000000000000000000e+00 2.808146737515926361e-02
0.000000000000000000e+00 2.808181382715702057e-02
0.000000000000000000e+00 2.823186293244361877e-02
0.000000000000000000e+00 2.826536074280738831e-02
0.000000000000000000e+00 2.837068401277065277e-02
0.000000000000000000e+00 2.839609980583190918e-02
0.000000000000000000e+00 2.853352203965187073e-02
0.000000000000000000e+00 2.858070656657218933e-02
0.000000000000000000e+00 2.876853011548519135e-02
0.000000000000000000e+00 2.883499860763549805e-02
0.000000000000000000e+00 2.893602289259433746e-02
0.000000000000000000e+00 2.903173677623271942e-02
0.000000000000000000e+00 2.907336130738258362e-02
0.000000000000000000e+00 2.929608337581157684e-02
0.000000000000000000e+00 2.932805567979812622e-02
0.000000000000000000e+00 2.935243584215641022e-02
0.000000000000000000e+00 2.943317778408527374e-02
0.000000000000000000e+00 2.944667264819145203e-02
0.000000000000000000e+00 2.952795661985874176e-02
0.000000000000000000e+00 2.960119396448135376e-02
0.000000000000000000e+00 2.961068227887153625e-02
0.000000000000000000e+00 2.971749566495418549e-02
0.000000000000000000e+00 2.971846796572208405e-02
0.000000000000000000e+00 2.977277524769306183e-02
0.000000000000000000e+00 2.978015877306461334e-02
0.000000000000000000e+00 2.990332432091236115e-02
0.000000000000000000e+00 2.990460582077503204e-02
0.000000000000000000e+00 2.993211522698402405e-02
0.000000000000000000e+00 2.998166531324386597e-02
0.000000000000000000e+00 3.000352531671524048e-02
0.000000000000000000e+00 3.006758913397789001e-02
0.000000000000000000e+00 3.012569807469844818e-02
0.000000000000000000e+00 3.016892448067665100e-02
0.000000000000000000e+00 3.047453239560127258e-02
0.000000000000000000e+00 3.078089654445648193e-02
0.000000000000000000e+00 3.109455481171607971e-02
0.000000000000000000e+00 3.109643422067165375e-02
0.000000000000000000e+00 3.147526085376739502e-02
0.000000000000000000e+00 3.152238950133323669e-02
0.000000000000000000e+00 3.165737539529800415e-02
0.000000000000000000e+00 3.174139931797981262e-02
0.000000000000000000e+00 3.180512785911560059e-02
0.000000000000000000e+00 3.182389959692955017e-02
0.000000000000000000e+00 3.183034807443618774e-02
0.000000000000000000e+00 3.184008970856666565e-02
0.000000000000000000e+00 3.210182115435600281e-02
0.000000000000000000e+00 3.215275332331657410e-02
0.000000000000000000e+00 3.222892060875892639e-02
0.000000000000000000e+00 3.226992115378379822e-02
0.000000000000000000e+00 3.232208639383316040e-02
0.000000000000000000e+00 3.240011259913444519e-02
0.000000000000000000e+00 3.295448049902915955e-02
0.000000000000000000e+00 3.308583423495292664e-02
0.000000000000000000e+00 3.317468240857124329e-02
0.000000000000000000e+00 3.324275836348533630e-02
0.000000000000000000e+00 3.339606896042823792e-02
0.000000000000000000e+00 3.345449268817901611e-02
0.000000000000000000e+00 3.355399146676063538e-02
0.000000000000000000e+00 3.368239849805831909e-02
0.000000000000000000e+00 3.428293019533157349e-02
0.000000000000000000e+00 3.440636768937110901e-02
0.000000000000000000e+00 3.444668650627136230e-02
0.000000000000000000e+00 3.445561975240707397e-02
0.000000000000000000e+00 3.477020561695098877e-02
0.000000000000000000e+00 3.489813953638076782e-02
0.000000000000000000e+00 3.518215194344520569e-02
0.000000000000000000e+00 3.548876568675041199e-02
0.000000000000000000e+00 3.592208027839660645e-02
0.000000000000000000e+00 3.598122298717498779e-02
0.000000000000000000e+00 3.606926277279853821e-02
0.000000000000000000e+00 3.608600795269012451e-02
0.000000000000000000e+00 3.617606312036514282e-02
0.000000000000000000e+00 3.672130405902862549e-02
0.000000000000000000e+00 3.690900281071662903e-02
0.000000000000000000e+00 3.692139312624931335e-02
0.000000000000000000e+00 3.718499466776847839e-02
0.000000000000000000e+00 3.719738498330116272e-02
0.000000000000000000e+00 3.728330880403518677e-02
0.000000000000000000e+00 3.733543306589126587e-02
0.000000000000000000e+00 3.748348355293273926e-02
0.000000000000000000e+00 3.752527758479118347e-02
0.000000000000000000e+00 3.757943958044052124e-02
0.000000000000000000e+00 3.774767369031906128e-02
0.000000000000000000e+00 3.777253255248069763e-02
0.000000000000000000e+00 3.820142894983291626e-02
0.000000000000000000e+00 3.880093991756439209e-02
0.000000000000000000e+00 3.928994759917259216e-02
0.000000000000000000e+00 3.944114968180656433e-02
0.000000000000000000e+00 3.984498977661132812e-02
0.000000000000000000e+00 3.987505659461021423e-02
0.000000000000000000e+00 4.014366865158081055e-02
0.000000000000000000e+00 4.018975421786308289e-02
0.000000000000000000e+00 4.056003689765930176e-02
0.000000000000000000e+00 4.060993716120719910e-02
0.000000000000000000e+00 4.091430082917213440e-02
0.000000000000000000e+00 4.100088402628898621e-02
0.000000000000000000e+00 4.201997071504592896e-02
0.000000000000000000e+00 4.214274138212203979e-02
0.000000000000000000e+00 4.252601414918899536e-02
0.000000000000000000e+00 4.268818721175193787e-02
0.000000000000000000e+00 4.291244968771934509e-02
0.000000000000000000e+00 4.301127791404724121e-02
0.000000000000000000e+00 4.316836968064308167e-02
0.000000000000000000e+00 4.358699545264244080e-02
0.000000000000000000e+00 4.359885677695274353e-02
0.000000000000000000e+00 4.376808553934097290e-02
0.000000000000000000e+00 4.418636113405227661e-02
0.000000000000000000e+00 4.439267888665199280e-02
0.000000000000000000e+00 4.694436118006706238e-02
0.000000000000000000e+00 4.699019715189933777e-02
0.000000000000000000e+00 4.823391884565353394e-02
0.000000000000000000e+00 4.885282367467880249e-02
0.000000000000000000e+00 4.918872565031051636e-02
0.000000000000000000e+00 4.997668787837028503e-02
0.000000000000000000e+00 5.082616209983825684e-02
0.000000000000000000e+00 5.083426460623741150e-02
0.000000000000000000e+00 5.208126455545425415e-02
0.000000000000000000e+00 5.217816680669784546e-02
0.000000000000000000e+00 5.258041247725486755e-02
0.000000000000000000e+00 5.260277166962623596e-02
0.000000000000000000e+00 5.296674370765686035e-02
0.000000000000000000e+00 5.540660023689270020e-02
0.000000000000000000e+00 5.600660666823387146e-02
0.000000000000000000e+00 5.629888176918029785e-02
0.000000000000000000e+00 5.730928108096122742e-02
0.000000000000000000e+00 5.923818796873092651e-02
