9.302790462970733643e-02 9.809378534555435181e-02
8.717899024486541748e-02 8.895954489707946777e-02
7.384836673736572266e-02 8.005718886852264404e-02
6.736065447330474854e-02 7.390081137418746948e-02
6.403423845767974854e-02 8.393617719411849976e-02
6.360651552677154541e-02 6.503254175186157227e-02
6.050577014684677124e-02 6.606277823448181152e-02
5.903964489698410034e-02 8.346398174762725830e-02
5.846243724226951599e-02 7.509469240903854370e-02
5.794673040509223938e-02 6.201235577464103699e-02
5.705182999372482300e-02 7.308634370565414429e-02
5.590257421135902405e-02 5.658145621418952942e-02
5.532657727599143982e-02 6.580469012260437012e-02
5.447526276111602783e-02 5.485873296856880188e-02
5.379503592848777771e-02 6.082090362906455994e-02
5.346002802252769470e-02 5.558508262038230896e-02
5.238448083400726318e-02 7.358160614967346191e-01
5.214082077145576477e-02 5.541034042835235596e-02
5.193066969513893127e-02 5.674773454666137695e-02
5.138695240020751953e-02 5.155919492244720459e-02
5.117664858698844910e-02 5.273127183318138123e-02
5.018198117613792419e-02 5.785154178738594055e-02
4.922825470566749573e-02 5.383429303765296936e-02
4.869305342435836792e-02 6.192630156874656677e-02
4.856968671083450317e-02 4.971206188201904297e-02
4.811355844140052795e-02 6.016407534480094910e-02
4.802350699901580811e-02 5.918340757489204407e-02
4.754148423671722412e-02 5.755121633410453796e-02
4.684992507100105286e-02 5.431039631366729736e-02
4.609194770455360413e-02 4.917218163609504700e-02
4.606899991631507874e-02 5.018856376409530640e-02
4.592617228627204895e-02 5.151882395148277283e-02
4.551160708069801331e-02 6.183961778879165649e-02
4.535716399550437927e-02 4.570171609520912170e-02
4.474369436502456665e-02 4.753855615854263306e-02
4.430451989173889160e-02 5.554509162902832031e-02
4.355126246809959412e-02 4.606525972485542297e-02
4.303662478923797607e-02 5.075883492827415466e-02
4.300203546881675720e-02 5.203659087419509888e-02
4.113936796784400940e-02 4.504611715674400330e-02
4.060235992074012756e-02 4.880759865045547485e-02
4.005991667509078979e-02 4.776068776845932007e-02
3.913242742419242859e-02 3.980671986937522888e-02
3.901403024792671204e-02 4.010758176445960999e-02
3.787348791956901550e-02 6.258092075586318970e-02
3.709138929843902588e-02 4.661409556865692139e-02
3.589854761958122253e-02 3.788348659873008728e-02
3.547174856066703796e-02 3.616622462868690491e-02
3.530488908290863037e-02 3.691470250487327576e-02
3.504769504070281982e-02 3.727843984961509705e-02
3.440836071968078613e-02 3.636546432971954346e-02
3.420980647206306458e-02 4.769119247794151306e-02
3.316237032413482666e-02 3.517658635973930359e-02
3.314010426402091980e-02 3.387169539928436279e-02
3.283469751477241516e-02 4.141885042190551758e-02
3.272801265120506287e-02 3.331469744443893433e-02
3.261369466781616211e-02 3.342755138874053955e-02
3.235413134098052979e-02 3.419515490531921387e-02
3.229177370667457581e-02 3.572694212198257446e-02
3.158299252390861511e-02 3.325193002820014954e-02
3.065025992691516876e-02 3.385781869292259216e-02
3.000524267554283142e-02 3.531422466039657593e-02
2.978999726474285126e-02 3.824766725301742554e-02
2.978589944541454315e-02 4.581847414374351501e-02
2.968637458980083466e-02 3.329302370548248291e-02
2.904311195015907288e-02 3.046996518969535828e-02
2.862522192299365997e-02 3.117697499692440033e-02
2.749275602400302887e-02 2.793980576097965240e-02
2.707328647375106812e-02 2.755178697407245636e-02
2.678130380809307098e-02 2.838570438325405121e-02
2.618266642093658447e-02 2.869045920670032501e-02
2.597471885383129120e-02 2.994331344962120056e-02
2.579833567142486572e-02 3.615257516503334045e-02
2.366054803133010864e-02 2.535800077021121979e-02
2.320907078683376312e-02 2.834684774279594421e-02
2.296915277838706970e-02 2.950221486389636993e-02
2.148170024156570435e-02 2.155153825879096985e-02
2.130228281021118164e-02 2.628074213862419128e-02
2.007543668150901794e-02 2.134918421506881714e-02
1.926311664283275604e-02 1.994568109512329102e-02
