0.000000000000000000e+00 3.299657546449452639e-04
0.000000000000000000e+00 8.563510491512715816e-04
0.000000000000000000e+00 1.387796248309314251e-03
0.000000000000000000e+00 1.632457133382558823e-03
0.000000000000000000e+00 2.233900595456361771e-03
0.000000000000000000e+00 2.270074794068932533e-03
0.000000000000000000e+00 2.594052813947200775e-03
0.000000000000000000e+00 2.629720838740468025e-03
0.000000000000000000e+00 2.851871075108647346e-03
0.000000000000000000e+00 2.911192830651998520e-03
0.000000000000000000e+00 2.926604356616735458e-03
0.000000000000000000e+00 2.956713316962122917e-03
0.000000000000000000e+00 3.039029194042086601e-03
0.000000000000000000e+00 3.161982866004109383e-03
0.000000000000000000e+00 3.300122916698455811e-03
0.000000000000000000e+00 3.337200498208403587e-03
0.000000000000000000e+00 3.382481634616851807e-03
0.000000000000000000e+00 3.432326950132846832e-03
0.000000000000000000e+00 3.853367641568183899e-03
0.000000000000000000e+00 4.114611539989709854e-03
0.000000000000000000e+00 4.115460440516471863e-03
0.000000000000000000e+00 4.153795540332794189e-03
0.000000000000000000e+00 4.253752995282411575e-03
0.000000000000000000e+00 4.311535041779279709e-03
0.000000000000000000e+00 4.335370846092700958e-03
0.000000000000000000e+00 4.520267713814973831e-03
0.000000000000000000e+00 4.525488242506980896e-03
0.000000000000000000e+00 4.560552071779966354e-03
0.000000000000000000e+00 4.568079952150583267e-03
0.000000000000000000e+00 4.669204354286193848e-03
0.000000000000000000e+00 4.756542388349771500e-03
0.000000000000000000e+00 4.871991928666830063e-03
0.000000000000000000e+00 4.874757025390863419e-03
0.000000000000000000e+00 4.984124563634395599e-03
0.000000000000000000e+00 5.060277879238128662e-03
0.000000000000000000e+00 5.127170588821172714e-03
0.000000000000000000e+00 5.154624115675687790e-03
0.000000000000000000e+00 5.236987490206956863e-03
0.000000000000000000e+00 5.267466884106397629e-03
0.000000000000000000e+00 5.331867374479770660e-03
0.000000000000000000e+00 5.349084269255399704e-03
0.000000000000000000e+00 5.404257681220769882e-03
0.000000000000000000e+00 5.456948652863502502e-03
0.000000000000000000e+00 5.546100903302431107e-03
0.000000000000000000e+00 5.662157200276851654e-03
0.000000000000000000e+00 5.682614631950855255e-03
0.000000000000000000e+00 5.704338662326335907e-03
0.000000000000000000e+00 5.820319056510925293e-03
0.000000000000000000e+00 5.830185953527688980e-03
0.000000000000000000e+00 5.931696854531764984e-03
0.000000000000000000e+00 5.940092261880636215e-03
0.000000000000000000e+00 6.043563131242990494e-03
0.000000000000000000e+00 6.093640346080064774e-03
0.000000000000000000e+00 6.125081330537796021e-03
0.000000000000000000e+00 6.149389315396547318e-03
0.000000000000000000e+00 6.238706409931182861e-03
0.000000000000000000e+00 6.262128707021474838e-03
0.000000000000000000e+00 6.308896467089653015e-03
0.000000000000000000e+00 6.420281250029802322e-03
0.000000000000000000e+00 6.426732987165451050e-03
0.000000000000000000e+00 6.462231278419494629e-03
0.000000000000000000e+00 6.525292526930570602e-03
0.000000000000000000e+00 6.544447503983974457e-03
0.000000000000000000e+00 6.559769622981548309e-03
0.000000000000000000e+00 6.582494825124740601e-03
0.000000000000000000e+00 6.633133161813020706e-03
0.000000000000000000e+00 6.702280603349208832e-03
0.000000000000000000e+00 6.740230601280927658e-03
0.000000000000000000e+00 6.742100231349468231e-03
0.000000000000000000e+00 6.755580194294452667e-03
0.000000000000000000e+00 6.757450290024280548e-03
0.000000000000000000e+00 6.791484076529741287e-03
0.000000000000000000e+00 6.800982169806957245e-03
0.000000000000000000e+00 6.853970233350992203e-03
0.000000000000000000e+00 6.873745936900377274e-03
0.000000000000000000e+00 6.976694334298372269e-03
0.000000000000000000e+00 6.981109734624624252e-03
0.000000000000000000e+00 6.987891625612974167e-03
0.000000000000000000e+00 7.072697393596172333e-03
0.000000000000000000e+00 7.072795182466506958e-03
0.000000000000000000e+00 7.076177280396223068e-03
0.000000000000000000e+00 7.117308676242828369e-03
0.000000000000000000e+00 7.193770725280046463e-03
0.000000000000000000e+00 7.301869802176952362e-03
0.000000000000000000e+00 7.311026100069284439e-03
0.000000000000000000e+00 7.461498491466045380e-03
0.000000000000000000e+00 7.493592798709869385e-03
0.000000000000000000e+00 7.508854847401380539e-03
0.000000000000000000e+00 7.545480038970708847e-03
0.000000000000000000e+00 7.548504974693059921e-03
0.000000000000000000e+00 7.570049725472927094e-03
0.000000000000000000e+00 7.619008887559175491e-03
0.000000000000000000e+00 7.639923132956027985e-03
0.000000000000000000e+00 7.649214472621679306e-03
0.000000000000000000e+00 7.663635537028312683e-03
0.000000000000000000e+00 7.753469515591859818e-03
0.000000000000000000e+00 7.767947390675544739e-03
0.000000000000000000e+00 7.805687375366687775e-03
0.000000000000000000e+00 7.827062159776687622e-03
0.000000000000000000e+00 7.831478491425514221e-03
0.000000000000000000e+00 7.944822311401367188e-03
0.000000000000000000e+00 7.950807921588420868e-03
0.000000000000000000e+00 7.980456575751304626e-03
0.000000000000000000e+00 8.009319193661212921e-03
0.000000000000000000e+00 8.029768243432044983e-03
0.000000000000000000e+00 8.041494525969028473e-03
0.000000000000000000e+00 8.056567981839179993e-03
0.000000000000000000e+00 8.062421344220638275e-03
0.000000000000000000e+00 8.076710626482963562e-03
0.000000000000000000e+00 8.085012435913085938e-03
0.000000000000000000e+00 8.109235204756259918e-03
0.000000000000000000e+00 8.160203695297241211e-03
0.000000000000000000e+00 8.172832429409027100e-03
0.000000000000000000e+00 8.196077309548854828e-03
0.000000000000000000e+00 8.201820775866508484e-03
0.000000000000000000e+00 8.296572603285312653e-03
0.000000000000000000e+00 8.304806426167488098e-03
0.000000000000000000e+00 8.321026340126991272e-03
0.000000000000000000e+00 8.395153097808361053e-03
0.000000000000000000e+00 8.399230428040027618e-03
0.000000000000000000e+00 8.527696132659912109e-03
0.000000000000000000e+00 8.558887988328933716e-03
0.000000000000000000e+00 8.567776530981063843e-03
0.000000000000000000e+00 8.568211458623409271e-03
0.000000000000000000e+00 8.606653660535812378e-03
0.000000000000000000e+00 8.618954569101333618e-03
0.000000000000000000e+00 8.678847923874855042e-03
0.000000000000000000e+00 8.679729886353015900e-03
0.000000000000000000e+00 8.681132458150386810e-03
0.000000000000000000e+00 8.691962808370590210e-03
0.000000000000000000e+00 8.732962422072887421e-03
0.000000000000000000e+00 8.815906010568141937e-03
0.000000000000000000e+00 8.862855844199657440e-03
0.000000000000000000e+00 8.890956640243530273e-03
0.000000000000000000e+00 9.023847058415412903e-03
0.000000000000000000e+00 9.086164645850658417e-03
0.000000000000000000e+00 9.103887714445590973e-03
0.000000000000000000e+00 9.110016748309135437e-03
0.000000000000000000e+00 9.111342020332813263e-03
0.000000000000000000e+00 9.126927703619003296e-03
0.000000000000000000e+00 9.162200614809989929e-03
0.000000000000000000e+00 9.178330190479755402e-03
0.000000000000000000e+00 9.258204139769077301e-03
0.000000000000000000e+00 9.260012768208980560e-03
0.000000000000000000e+00 9.260306134819984436e-03
0.000000000000000000e+00 9.418282657861709595e-03
0.000000000000000000e+00 9.475211612880229950e-03
0.000000000000000000e+00 9.499863721430301666e-03
0.000000000000000000e+00 9.535014629364013672e-03
0.000000000000000000e+00 9.577427059412002563e-03
0.000000000000000000e+00 9.619732387363910675e-03
0.000000000000000000e+00 9.666704572737216949e-03
0.000000000000000000e+00 9.736402891576290131e-03
0.000000000000000000e+00 9.758395142853260040e-03
0.000000000000000000e+00 9.774861857295036316e-03
0.000000000000000000e+00 9.803278371691703796e-03
0.000000000000000000e+00 9.862094186246395111e-03
0.000000000000000000e+00 9.902304969727993011e-03
0.000000000000000000e+00 9.918468073010444641e-03
0.000000000000000000e+00 1.000080164521932602e-02
0.000000000000000000e+00 1.007373444736003876e-02
0.000000000000000000e+00 1.008865050971508026e-02
0.000000000000000000e+00 1.012592483311891556e-02
0.000000000000000000e+00 1.016305573284626007e-02
0.000000000000000000e+00 1.024110894650220871e-02
0.000000000000000000e+00 1.024218276143074036e-02
0.000000000000000000e+00 1.031532231718301773e-02
0.000000000000000000e+00 1.037125755101442337e-02
0.000000000000000000e+00 1.037335488945245743e-02
0.000000000000000000e+00 1.046912372112274170e-02
0.000000000000000000e+00 1.049583312124013901e-02
0.000000000000000000e+00 1.052465941756963730e-02
0.000000000000000000e+00 1.054945960640907288e-02
0.000000000000000000e+00 1.059483271092176437e-02
0.000000000000000000e+00 1.060075405985116959e-02
0.000000000000000000e+00 1.060953829437494278e-02
0.000000000000000000e+00 1.062888652086257935e-02
0.000000000000000000e+00 1.063893456012010574e-02
0.000000000000000000e+00 1.070035435259342194e-02
0.000000000000000000e+00 1.075280364602804184e-02
0.000000000000000000e+00 1.086670253425836563e-02
0.000000000000000000e+00 1.087441295385360718e-02
0.000000000000000000e+00 1.088892854750156403e-02
0.000000000000000000e+00 1.089801080524921417e-02
0.000000000000000000e+00 1.093659922480583191e-02
0.000000000000000000e+00 1.100777927786111832e-02
0.000000000000000000e+00 1.102341990917921066e-02
0.000000000000000000e+00 1.109012309461832047e-02
0.000000000000000000e+00 1.111396402120590210e-02
0.000000000000000000e+00 1.126525830477476120e-02
0.000000000000000000e+00 1.127088628709316254e-02
0.000000000000000000e+00 1.137886755168437958e-02
0.000000000000000000e+00 1.139310095459222794e-02
0.000000000000000000e+00 1.140993461012840271e-02
0.000000000000000000e+00 1.146621443331241608e-02
0.000000000000000000e+00 1.152887474745512009e-02
0.000000000000000000e+00 1.152889803051948547e-02
0.000000000000000000e+00 1.153669226914644241e-02
0.000000000000000000e+00 1.154707837849855423e-02
0.000000000000000000e+00 1.155344210565090179e-02
0.000000000000000000e+00 1.155500300228595734e-02
0.000000000000000000e+00 1.155619043856859207e-02
0.000000000000000000e+00 1.158405747264623642e-02
0.000000000000000000e+00 1.172541920095682144e-02
0.000000000000000000e+00 1.172877289354801178e-02
0.000000000000000000e+00 1.176394987851381302e-02
0.000000000000000000e+00 1.183982845395803452e-02
0.000000000000000000e+00 1.192022301256656647e-02
0.000000000000000000e+00 1.207459811121225357e-02
0.000000000000000000e+00 1.216476410627365112e-02
0.000000000000000000e+00 1.219429261982440948e-02
0.000000000000000000e+00 1.225574407726526260e-02
0.000000000000000000e+00 1.226868201047182083e-02
0.000000000000000000e+00 1.228175777941942215e-02
0.000000000000000000e+00 1.228404697030782700e-02
0.000000000000000000e+00 1.242434047162532806e-02
0.000000000000000000e+00 1.246075425297021866e-02
0.000000000000000000e+00 1.250198949128389359e-02
0.000000000000000000e+00 1.250327751040458679e-02
0.000000000000000000e+00 1.259708497673273087e-02
0.000000000000000000e+00 1.261832844465970993e-02
0.000000000000000000e+00 1.266935467720031738e-02
0.000000000000000000e+00 1.269811950623989105e-02
0.000000000000000000e+00 1.271509844809770584e-02
0.000000000000000000e+00 1.272115856409072876e-02
0.000000000000000000e+00 1.272652298212051392e-02
0.000000000000000000e+00 1.277934387326240540e-02
0.000000000000000000e+00 1.281263586133718491e-02
0.000000000000000000e+00 1.291115954518318176e-02
0.000000000000000000e+00 1.306664105504751205e-02
0.000000000000000000e+00 1.306901313364505768e-02
0.000000000000000000e+00 1.317677181214094162e-02
0.000000000000000000e+00 1.321351155638694763e-02
0.000000000000000000e+00 1.326576061546802521e-02
0.000000000000000000e+00 1.329631451517343521e-02
0.000000000000000000e+00 1.333777047693729401e-02
0.000000000000000000e+00 1.335390750318765640e-02
0.000000000000000000e+00 1.341773662716150284e-02
0.000000000000000000e+00 1.342245005071163177e-02
0.000000000000000000e+00 1.343612931668758392e-02
0.000000000000000000e+00 1.346910465508699417e-02
0.000000000000000000e+00 1.350467372685670853e-02
0.000000000000000000e+00 1.351513992995023727e-02
0.000000000000000000e+00 1.356834545731544495e-02
0.000000000000000000e+00 1.357596740126609802e-02
0.000000000000000000e+00 1.359719503670930862e-02
0.000000000000000000e+00 1.362071651965379715e-02
0.000000000000000000e+00 1.363617833703756332e-02
0.000000000000000000e+00 1.365641038864850998e-02
0.000000000000000000e+00 1.368418429046869278e-02
0.000000000000000000e+00 1.375851687043905258e-02
0.000000000000000000e+00 1.378147769719362259e-02
0.000000000000000000e+00 1.383823156356811523e-02
0.000000000000000000e+00 1.386757101863622665e-02
0.000000000000000000e+00 1.387240923941135406e-02
0.000000000000000000e+00 1.396325416862964630e-02
0.000000000000000000e+00 1.397098228335380554e-02
0.000000000000000000e+00 1.411362085491418839e-02
0.000000000000000000e+00 1.420251745730638504e-02
0.000000000000000000e+00 1.421104837208986282e-02
0.000000000000000000e+00 1.422399654984474182e-02
0.000000000000000000e+00 1.435557659715414047e-02
0.000000000000000000e+00 1.435738801956176758e-02
0.000000000000000000e+00 1.436404511332511902e-02
0.000000000000000000e+00 1.454310957342386246e-02
0.000000000000000000e+00 1.455292105674743652e-02
0.000000000000000000e+00 1.461665239185094833e-02
0.000000000000000000e+00 1.467642374336719513e-02
0.000000000000000000e+00 1.467679534107446671e-02
0.000000000000000000e+00 1.473812758922576904e-02
0.000000000000000000e+00 1.474409550428390503e-02
0.000000000000000000e+00 1.490866392850875854e-02
0.000000000000000000e+00 1.491541601717472076e-02
0.000000000000000000e+00 1.502397097647190094e-02
0.000000000000000000e+00 1.503908727318048477e-02
0.000000000000000000e+00 1.505581475794315338e-02
0.000000000000000000e+00 1.507081277668476105e-02
0.000000000000000000e+00 1.521460711956024170e-02
0.000000000000000000e+00 1.529851835221052170e-02
0.000000000000000000e+00 1.531548332422971725e-02
0.000000000000000000e+00 1.542414072901010513e-02
0.000000000000000000e+00 1.543757319450378418e-02
0.000000000000000000e+00 1.545744389295578003e-02
0.000000000000000000e+00 1.551239844411611557e-02
0.000000000000000000e+00 1.552320178598165512e-02
0.000000000000000000e+00 1.553666405379772186e-02
0.000000000000000000e+00 1.561050489544868469e-02
0.000000000000000000e+00 1.569463871419429779e-02
0.000000000000000000e+00 1.575482450425624847e-02
0.000000000000000000e+00 1.576640456914901733e-02
0.000000000000000000e+00 1.579255796968936920e-02
0.000000000000000000e+00 1.580619625747203827e-02
0.000000000000000000e+00 1.583492755889892578e-02
0.000000000000000000e+00 1.589570567011833191e-02
0.000000000000000000e+00 1.589590124785900116e-02
0.000000000000000000e+00 1.590475253760814667e-02
0.000000000000000000e+00 1.594052836298942566e-02
0.000000000000000000e+00 1.595376804471015930e-02
0.000000000000000000e+00 1.598224416375160217e-02
0.000000000000000000e+00 1.602104306221008301e-02
0.000000000000000000e+00 1.621802523732185364e-02
0.000000000000000000e+00 1.622817665338516235e-02
0.000000000000000000e+00 1.625482179224491119e-02
0.000000000000000000e+00 1.625575311481952667e-02
0.000000000000000000e+00 1.627207174897193909e-02
0.000000000000000000e+00 1.627710275352001190e-02
0.000000000000000000e+00 1.634523831307888031e-02
0.000000000000000000e+00 1.634640060365200043e-02
0.000000000000000000e+00 1.645633019506931305e-02
0.000000000000000000e+00 1.645816490054130554e-02
0.000000000000000000e+00 1.649116352200508118e-02
0.000000000000000000e+00 1.650068163871765137e-02
0.000000000000000000e+00 1.659644395112991333e-02
0.000000000000000000e+00 1.665946096181869507e-02
0.000000000000000000e+00 1.674550957977771759e-02
0.000000000000000000e+00 1.677213609218597412e-02
0.000000000000000000e+00 1.680587604641914368e-02
0.000000000000000000e+00 1.683730818331241608e-02
0.000000000000000000e+00 1.692447438836097717e-02
0.000000000000000000e+00 1.695847883820533752e-02
0.000000000000000000e+00 1.696153171360492706e-02
0.000000000000000000e+00 1.698569394648075104e-02
0.000000000000000000e+00 1.699769310653209686e-02
0.000000000000000000e+00 1.708843745291233063e-02
0.000000000000000000e+00 1.712541282176971436e-02
0.000000000000000000e+00 1.720780506730079651e-02
0.000000000000000000e+00 1.725445315241813660e-02
0.000000000000000000e+00 1.726947911083698273e-02
0.000000000000000000e+00 1.736714504659175873e-02
0.000000000000000000e+00 1.747228205204010010e-02
0.000000000000000000e+00 1.754093542695045471e-02
0.000000000000000000e+00 1.757092215120792389e-02
0.000000000000000000e+00 1.757998019456863403e-02
0.000000000000000000e+00 1.758076064288616180e-02
0.000000000000000000e+00 1.763965934514999390e-02
0.000000000000000000e+00 1.766414381563663483e-02
0.000000000000000000e+00 1.770231127738952637e-02
0.000000000000000000e+00 1.771014928817749023e-02
0.000000000000000000e+00 1.771955192089080811e-02
0.000000000000000000e+00 1.778285764157772064e-02
0.000000000000000000e+00 1.784563250839710236e-02
0.000000000000000000e+00 1.786014065146446228e-02
0.000000000000000000e+00 1.790796406567096710e-02
0.000000000000000000e+00 1.793033257126808167e-02
0.000000000000000000e+00 1.804380677640438080e-02
0.000000000000000000e+00 1.806728914380073547e-02
0.000000000000000000e+00 1.810624636709690094e-02
0.000000000000000000e+00 1.838103123009204865e-02
0.000000000000000000e+00 1.846615411341190338e-02
0.000000000000000000e+00 1.847637258470058441e-02
0.000000000000000000e+00 1.863872259855270386e-02
0.000000000000000000e+00 1.868026331067085266e-02
0.000000000000000000e+00 1.871034875512123108e-02
0.000000000000000000e+00 1.875851117074489594e-02
0.000000000000000000e+00 1.879577897489070892e-02
0.000000000000000000e+00 1.888118498027324677e-02
0.000000000000000000e+00 1.891195029020309448e-02
0.000000000000000000e+00 1.893384568393230438e-02
0.000000000000000000e+00 1.893777959048748016e-02
0.000000000000000000e+00 1.935920678079128265e-02
0.000000000000000000e+00 1.937415823340415955e-02
0.000000000000000000e+00 1.938942447304725647e-02
0.000000000000000000e+00 1.941080018877983093e-02
0.000000000000000000e+00 1.946518942713737488e-02
0.000000000000000000e+00 1.949046924710273743e-02
0.000000000000000000e+00 1.952009461820125580e-02
0.000000000000000000e+00 1.970201544463634491e-02
0.000000000000000000e+00 1.973076537251472473e-02
0.000000000000000000e+00 1.979974098503589630e-02
0.000000000000000000e+00 1.986400783061981201e-02
0.000000000000000000e+00 1.990517973899841309e-02
0.000000000000000000e+00 1.991856098175048828e-02
0.000000000000000000e+00 1.992639340460300446e-02
0.000000000000000000e+00 1.995307393372058868e-02
0.000000000000000000e+00 1.996462419629096985e-02
0.000000000000000000e+00 2.000370435416698456e-02
0.000000000000000000e+00 2.001276239752769470e-02
0.000000000000000000e+00 2.005539834499359131e-02
0.000000000000000000e+00 2.010061778128147125e-02
0.000000000000000000e+00 2.020335383713245392e-02
0.000000000000000000e+00 2.038639225065708160e-02
0.000000000000000000e+00 2.055240981280803680e-02
0.000000000000000000e+00 2.059004642069339752e-02
0.000000000000000000e+00 2.063469029963016510e-02
0.000000000000000000e+00 2.065785415470600128e-02
0.000000000000000000e+00 2.067581564188003540e-02
0.000000000000000000e+00 2.068100310862064362e-02
0.000000000000000000e+00 2.069762349128723145e-02
0.000000000000000000e+00 2.070637978613376617e-02
0.000000000000000000e+00 2.070668153464794159e-02
0.000000000000000000e+00 2.087831497192382812e-02
0.000000000000000000e+00 2.095033042132854462e-02
0.000000000000000000e+00 2.095480635762214661e-02
0.000000000000000000e+00 2.101277932524681091e-02
0.000000000000000000e+00 2.103564701974391937e-02
0.000000000000000000e+00 2.116560190916061401e-02
0.000000000000000000e+00 2.136469259858131409e-02
0.000000000000000000e+00 2.141223289072513580e-02
0.000000000000000000e+00 2.142180874943733215e-02
0.000000000000000000e+00 2.154179662466049194e-02
0.000000000000000000e+00 2.165878564119338989e-02
0.000000000000000000e+00 2.201417833566665649e-02
0.000000000000000000e+00 2.203138731420040131e-02
0.000000000000000000e+00 2.218199707567691803e-02
0.000000000000000000e+00 2.228470705449581146e-02
0.000000000000000000e+00 2.233891002833843231e-02
0.000000000000000000e+00 2.248265221714973450e-02
0.000000000000000000e+00 2.251005172729492188e-02
0.000000000000000000e+00 2.273576706647872925e-02
0.000000000000000000e+00 2.282031811773777008e-02
0.000000000000000000e+00 2.306975796818733215e-02
0.000000000000000000e+00 2.312811464071273804e-02
0.000000000000000000e+00 2.323887124657630920e-02
0.000000000000000000e+00 2.349889464676380157e-02
0.000000000000000000e+00 2.355025336146354675e-02
0.000000000000000000e+00 2.369818650186061859e-02
0.000000000000000000e+00 2.378500439226627350e-02
0.000000000000000000e+00 2.379413321614265442e-02
0.000000000000000000e+00 2.385902404785156250e-02
0.000000000000000000e+00 2.386902272701263428e-02
0.000000000000000000e+00 2.397219650447368622e-02
0.000000000000000000e+00 2.398477308452129364e-02
0.000000000000000000e+00 2.411594241857528687e-02
0.000000000000000000e+00 2.412759885191917419e-02
0.000000000000000000e+00 2.424806170165538788e-02
0.000000000000000000e+00 2.427256666123867035e-02
0.000000000000000000e+00 2.442898787558078766e-02
0.000000000000000000e+00 2.452263608574867249e-02
0.000000000000000000e+00 2.468668669462203979e-02
0.000000000000000000e+00 2.472609654068946838e-02
0.000000000000000000e+00 2.477274090051651001e-02
0.000000000000000000e+00 2.478172443807125092e-02
0.000000000000000000e+00 2.496412396430969238e-02
0.000000000000000000e+00 2.499407716095447540e-02
0.000000000000000000e+00 2.502354793250560760e-02
0.000000000000000000e+00 2.517242543399333954e-02
0.000000000000000000e+00 2.527127601206302643e-02
0.000000000000000000e+00 2.549787610769271851e-02
0.000000000000000000e+00 2.554540522396564484e-02
0.000000000000000000e+00 2.556111663579940796e-02
0.000000000000000000e+00 2.558741904795169830e-02
0.000000000000000000e+00 2.569477632641792297e-02
0.000000000000000000e+00 2.584101259708404541e-02
0.000000000000000000e+00 2.591399662196636200e-02
0.000000000000000000e+00 2.600634284317493439e-02
0.000000000000000000e+00 2.618950232863426208e-02
0.000000000000000000e+00 2.648245356976985931e-02
0.000000000000000000e+00 2.654052339494228363e-02
0.000000000000000000e+00 2.661279402673244476e-02
0.000000000000000000e+00 2.680323459208011627e-02
0.000000000000000000e+00 2.681530639529228210e-02
0.000000000000000000e+00 2.704849094152450562e-02
0.000000000000000000e+00 2.717493288218975067e-02
0.000000000000000000e+00 2.729194425046443939e-02
0.000000000000000000e+00 2.754146791994571686e-02
0.000000000000000000e+00 2.777466922998428345e-02
0.000000000000000000e+00 2.825861051678657532e-02
0.000000000000000000e+00 2.834869362413883209e-02
0.000000000000000000e+00 2.857735566794872284e-02
0.000000000000000000e+00 2.873007580637931824e-02
0.000000000000000000e+00 2.878631278872489929e-02
0.000000000000000000e+00 2.891082689166069031e-02
0.000000000000000000e+00 2.893864735960960388e-02
0.000000000000000000e+00 2.897869050502777100e-02
0.000000000000000000e+00 2.919409982860088348e-02
0.000000000000000000e+00 2.944023348391056061e-02
0.000000000000000000e+00 2.953068539500236511e-02
0.000000000000000000e+00 2.963725291192531586e-02
0.000000000000000000e+00 2.977488934993743896e-02
0.000000000000000000e+00 2.981403283774852753e-02
0.000000000000000000e+00 2.992973662912845612e-02
0.000000000000000000e+00 2.997914515435695648e-02
0.000000000000000000e+00 3.001056052744388580e-02
0.000000000000000000e+00 3.025364503264427185e-02
0.000000000000000000e+00 3.037606552243232727e-02
0.000000000000000000e+00 3.040974214673042297e-02
0.000000000000000000e+00 3.056489303708076477e-02
0.000000000000000000e+00 3.087902069091796875e-02
0.000000000000000000e+00 3.094741515815258026e-02
0.000000000000000000e+00 3.156581521034240723e-02
0.000000000000000000e+00 3.157592937350273132e-02
0.000000000000000000e+00 3.161288425326347351e-02
0.000000000000000000e+00 3.195707499980926514e-02
0.000000000000000000e+00 3.202321380376815796e-02
0.000000000000000000e+00 3.214768692851066589e-02
0.000000000000000000e+00 3.289059922099113464e-02
0.000000000000000000e+00 3.292676806449890137e-02
0.000000000000000000e+00 3.314039483666419983e-02
0.000000000000000000e+00 3.330412879586219788e-02
0.000000000000000000e+00 3.354879096150398254e-02
0.000000000000000000e+00 3.356970846652984619e-02
0.000000000000000000e+00 3.398407623171806335e-02
0.000000000000000000e+00 3.412295877933502197e-02
0.000000000000000000e+00 3.468117862939834595e-02
0.000000000000000000e+00 3.503600135445594788e-02
0.000000000000000000e+00 3.524006530642509460e-02
0.000000000000000000e+00 3.582132235169410706e-02
0.000000000000000000e+00 3.930437192320823669e-02
0.000000000000000000e+00 4.974716901779174805e-02
