5.044721812009811401e-02 5.396629869937896729e-02
5.030774325132369995e-02 5.054184421896934509e-02
4.853522405028343201e-02 4.908296838402748108e-02
4.795758798718452454e-02 4.951432347297668457e-02
4.489541053771972656e-02 4.503990709781646729e-02
4.466221481561660767e-02 7.999022603034973145e-01
4.257493466138839722e-02 4.484857618808746338e-02
4.200670123100280762e-02 4.249145463109016418e-02
3.894111886620521545e-02 3.903145715594291687e-02
3.793560713529586792e-02 3.866002708673477173e-02
3.793266788125038147e-02 4.279809817671775818e-02
3.719023615121841431e-02 4.482580348849296570e-02
3.613819181919097900e-02 5.684059113264083862e-02
3.574052080512046814e-02 4.228977486491203308e-02
3.512701019644737244e-02 3.838267177343368530e-02
3.501139208674430847e-02 3.505377843976020813e-02
3.372880816459655762e-02 3.612623736262321472e-02
3.342272713780403137e-02 3.725345060229301453e-02
3.314720466732978821e-02 3.328894078731536865e-02
3.296162560582160950e-02 3.477017208933830261e-02
3.217715397477149963e-02 3.559231758117675781e-02
3.208780661225318909e-02 3.466555848717689514e-02
3.196855634450912476e-02 3.439753502607345581e-02
3.182648494839668274e-02 3.922524303197860718e-02
3.144155815243721008e-02 3.531771153211593628e-02
3.124500066041946411e-02 3.472904860973358154e-02
3.087500669062137604e-02 3.090403415262699127e-02
3.025550954043865204e-02 3.120518103241920471e-02
2.952908910810947418e-02 3.044336847960948944e-02
2.921896055340766907e-02 3.101705573499202728e-02
2.875142917037010193e-02 2.875293232500553131e-02
2.824174985289573669e-02 3.335389122366905212e-02
2.710626833140850067e-02 3.093709237873554230e-02
2.705753222107887268e-02 3.924502432346343994e-02
2.687107957899570465e-02 3.092672489583492279e-02
2.610043436288833618e-02 2.658869512379169464e-02
2.568396180868148804e-02 2.925134450197219849e-02
2.563358843326568604e-02 3.339724987745285034e-02
2.547763288021087646e-02 2.836743928492069244e-02
2.515382878482341766e-02 2.654868550598621368e-02
2.507882378995418549e-02 2.812243066728115082e-02
2.419389039278030396e-02 2.790441922843456268e-02
2.417108602821826935e-02 2.675327658653259277e-02
2.417009696364402771e-02 2.785926871001720428e-02
2.391562610864639282e-02 2.609491534531116486e-02
2.372181229293346405e-02 2.459093369543552399e-02
2.370280213654041290e-02 3.086143359541893005e-02
2.228813990950584412e-02 2.490336820483207703e-02
2.226981706917285919e-02 2.794964984059333801e-02
2.135621011257171631e-02 2.279167622327804565e-02
2.078534848988056183e-02 2.886031568050384521e-02
2.011497877538204193e-02 2.123105339705944061e-02
1.982547529041767120e-02 2.036028169095516205e-02
1.928375102579593658e-02 2.098920010030269623e-02
1.926861330866813660e-02 2.193536795675754547e-02
1.926415227353572845e-02 2.025122940540313721e-02
1.882774010300636292e-02 2.233451604843139648e-02
1.874584518373012543e-02 1.875160820782184601e-02
1.848450489342212677e-02 1.861223205924034119e-02
1.788762211799621582e-02 2.248954027891159058e-02
1.705723069608211517e-02 1.820024847984313965e-02
1.687492243945598602e-02 1.769230887293815613e-02
1.500616222620010376e-02 1.680762693285942078e-02
1.316006388515233994e-02 1.557348296046257019e-02
