9.541518241167068481e-02 1.015343293547630310e-01
8.247593045234680176e-02 8.517583459615707397e-02
7.585046440362930298e-02 7.999869436025619507e-02
6.781639158725738525e-02 7.113048434257507324e-02
6.650041788816452026e-02 7.933451980352401733e-02
6.299025565385818481e-02 6.854855269193649292e-02
6.063861772418022156e-02 6.154765188694000244e-02
6.038361415266990662e-02 7.710667699575424194e-02
6.027222797274589539e-02 6.364558637142181396e-02
5.988400802016258240e-02 6.545972824096679688e-02
5.830749124288558960e-02 5.948173999786376953e-02
5.646137148141860962e-02 6.411822885274887085e-02
5.400935932993888855e-02 5.718240141868591309e-02
5.316344276070594788e-02 5.400576442480087280e-02
5.302557721734046936e-02 5.721196532249450684e-02
5.235749110579490662e-02 5.370579287409782410e-02
5.235536769032478333e-02 6.160481646656990051e-02
5.183141678571701050e-02 5.229032039642333984e-02
4.945569112896919250e-02 5.636275932192802429e-02
4.911800101399421692e-02 5.614174902439117432e-02
4.896973818540573120e-02 7.557451725006103516e-02
4.885184019804000854e-02 6.122858077287673950e-02
4.874362051486968994e-02 4.919861629605293274e-02
4.782965034246444702e-02 7.299663871526718140e-02
4.743844270706176758e-02 6.321508437395095825e-02
4.722483083605766296e-02 5.061901360750198364e-02
4.693440347909927368e-02 5.441498383879661560e-02
4.627989232540130615e-02 8.942446857690811157e-02
4.627851769328117371e-02 6.992994993925094604e-02
4.611625149846076965e-02 5.651821941137313843e-02
4.604908078908920288e-02 5.048739910125732422e-02
4.567319527268409729e-02 4.661604389548301697e-02
4.553413018584251404e-02 6.200106441974639893e-02
4.550492390990257263e-02 5.269439518451690674e-02
4.538470134139060974e-02 5.114039406180381775e-02
4.528399556875228882e-02 5.849713087081909180e-02
4.509350284934043884e-02 4.995901882648468018e-02
4.475558549165725708e-02 6.810958683490753174e-02
4.468070343136787415e-02 5.148583650588989258e-02
4.459461569786071777e-02 7.507469505071640015e-02
4.448709636926651001e-02 5.580023676156997681e-02
4.445452243089675903e-02 5.498722568154335022e-02
4.407594352960586548e-02 4.577865824103355408e-02
4.389267787337303162e-02 5.234085768461227417e-02
4.388269782066345215e-02 4.713251069188117981e-02
4.348330944776535034e-02 4.506622254848480225e-02
4.313048720359802246e-02 7.283915877342224121e-01
4.264055937528610229e-02 4.535405337810516357e-02
4.127981886267662048e-02 5.329426750540733337e-02
4.099031910300254822e-02 4.121351242065429688e-02
4.040156304836273193e-02 4.440922662615776062e-02
4.012289270758628845e-02 4.347544908523559570e-02
3.966702893376350403e-02 4.783879965543746948e-02
3.912369534373283386e-02 3.938532993197441101e-02
3.907676041126251221e-02 4.573883116245269775e-02
3.823290020227432251e-02 4.626080021262168884e-02
3.780064731836318970e-02 4.025038331747055054e-02
3.753187134861946106e-02 3.970509395003318787e-02
3.707312047481536865e-02 4.098184406757354736e-02
3.705254569649696350e-02 5.371289700269699097e-02
3.682257980108261108e-02 5.270492285490036011e-02
3.637837991118431091e-02 3.667879849672317505e-02
3.598461300134658813e-02 4.664283618330955505e-02
3.565729036927223206e-02 4.196678102016448975e-02
3.559240698814392090e-02 3.682110831141471863e-02
3.327396512031555176e-02 3.694053366780281067e-02
3.287629410624504089e-02 3.779347613453865051e-02
3.176007047295570374e-02 3.429486602544784546e-02
3.145211189985275269e-02 3.282602503895759583e-02
3.137690946459770203e-02 3.204559907317161560e-02
3.126818314194679260e-02 3.719673678278923035e-02
3.121691010892391205e-02 4.502569139003753662e-02
3.117180988192558289e-02 4.046867787837982178e-02
3.057212196290493011e-02 3.058527223765850067e-02
2.960305288434028625e-02 3.233557939529418945e-02
2.955096215009689331e-02 3.555482998490333557e-02
2.917222119867801666e-02 3.895487263798713684e-02
2.880512923002243042e-02 3.671344742178916931e-02
2.797892875969409943e-02 3.434183076024055481e-02
2.764726988971233368e-02 3.008316829800605774e-02
2.621969208121299744e-02 2.941869758069515228e-02
2.619584091007709503e-02 2.922850474715232849e-02
2.612494677305221558e-02 2.760829217731952667e-02
2.247976139187812805e-02 2.366214245557785034e-02
2.126471139490604401e-02 2.343587949872016907e-02
2.115592919290065765e-02 3.355255722999572754e-02
2.036737836897373199e-02 2.089518494904041290e-02
1.972150243818759918e-02 2.384095266461372375e-02
1.959683187305927277e-02 2.076651155948638916e-02
1.858950965106487274e-02 1.970578543841838837e-02
1.299024838954210281e-02 1.729729026556015015e-02
1.101107150316238403e-02 1.128336321562528610e-02
