9.161324799060821533e-02 1.021124422550201416e-01
7.755233347415924072e-02 7.832253724336624146e-02
7.085698843002319336e-02 7.104863971471786499e-02
6.869494169950485229e-02 7.341761142015457153e-02
6.834504008293151855e-02 7.181869447231292725e-02
6.486066430807113647e-02 7.478600740432739258e-02
6.165546178817749023e-02 7.275267690420150757e-02
6.014524400234222412e-02 7.544364035129547119e-02
6.006816774606704712e-02 7.979201525449752808e-02
5.723197758197784424e-02 6.688356399536132812e-02
5.642938986420631409e-02 5.795682966709136963e-02
5.528520420193672180e-02 5.918082967400550842e-02
5.475322157144546509e-02 7.188643813133239746e-01
5.473558604717254639e-02 5.597095564007759094e-02
5.420002713799476624e-02 5.679733306169509888e-02
5.376647785305976868e-02 5.968733131885528564e-02
5.324938148260116577e-02 5.550088733434677124e-02
5.285254493355751038e-02 5.644603446125984192e-02
5.216868221759796143e-02 6.838079541921615601e-02
5.059617012739181519e-02 6.290650367736816406e-02
5.048001557588577271e-02 6.071322783827781677e-02
4.952124133706092834e-02 5.119685083627700806e-02
4.865995422005653381e-02 6.167845055460929871e-02
4.827974364161491394e-02 5.335637181997299194e-02
4.698565229773521423e-02 5.761506780982017517e-02
4.688750952482223511e-02 4.965304583311080933e-02
4.679322242736816406e-02 5.039480701088905334e-02
4.646976292133331299e-02 6.713248044252395630e-02
4.574915021657943726e-02 5.238774046301841736e-02
4.544214904308319092e-02 5.137636512517929077e-02
4.493707045912742615e-02 5.744834244251251221e-02
4.490999877452850342e-02 5.311375111341476440e-02
4.426976293325424194e-02 4.483669251203536987e-02
4.420746490359306335e-02 5.258579552173614502e-02
4.417943581938743591e-02 5.148263275623321533e-02
4.386551678180694580e-02 4.819628223776817322e-02
4.383587837219238281e-02 7.508848607540130615e-02
4.381423443555831909e-02 4.957149177789688110e-02
4.236624017357826233e-02 4.980038851499557495e-02
4.230277985334396362e-02 5.047413706779479980e-02
4.087823629379272461e-02 4.397856444120407104e-02
4.076228290796279907e-02 5.007414892315864563e-02
3.950757905840873718e-02 5.002436414361000061e-02
3.897656127810478210e-02 5.307039618492126465e-02
3.879392519593238831e-02 5.080746486783027649e-02
3.864618763327598572e-02 4.406816512346267700e-02
3.857133165001869202e-02 4.865061491727828979e-02
3.852651640772819519e-02 4.095679894089698792e-02
3.773267194628715515e-02 3.786794841289520264e-02
3.757355734705924988e-02 5.043667182326316833e-02
3.748858347535133362e-02 3.775757178664207458e-02
3.652711585164070129e-02 5.931705981492996216e-02
3.652422502636909485e-02 3.942071273922920227e-02
3.642661869525909424e-02 3.729897737503051758e-02
3.546519577503204346e-02 4.272675886750221252e-02
3.543954715132713318e-02 3.550055623054504395e-02
3.534688800573348999e-02 4.183950275182723999e-02
3.483217954635620117e-02 4.902203008532524109e-02
3.482205420732498169e-02 3.679765388369560242e-02
3.439421579241752625e-02 3.953502699732780457e-02
3.431072458624839783e-02 4.069181159138679504e-02
3.417680785059928894e-02 4.061334580183029175e-02
3.318430110812187195e-02 4.405554011464118958e-02
3.104610927402973175e-02 3.217804059386253357e-02
3.077447973191738129e-02 3.207622095942497253e-02
3.069021366536617279e-02 3.110811114311218262e-02
3.063303232192993164e-02 3.110231272876262665e-02
2.989564277231693268e-02 3.515078499913215637e-02
2.956886216998100281e-02 4.409620910882949829e-02
2.935455739498138428e-02 3.289144113659858704e-02
2.911668270826339722e-02 3.207707777619361877e-02
2.905148826539516449e-02 3.291071206331253052e-02
2.839239127933979034e-02 2.995429001748561859e-02
2.808434516191482544e-02 2.845920249819755554e-02
2.792790718376636505e-02 4.135921224951744080e-02
2.731654979288578033e-02 3.267434239387512207e-02
2.702374756336212158e-02 2.860552258789539337e-02
2.691868506371974945e-02 3.023757971823215485e-02
2.616971731185913086e-02 2.649810351431369781e-02
2.600255981087684631e-02 3.771757334470748901e-02
2.360954508185386658e-02 2.485554106533527374e-02
2.254048921167850494e-02 2.333584241569042206e-02
1.932364143431186676e-02 1.961299777030944824e-02
1.917573809623718262e-02 2.065640874207019806e-02
1.831625774502754211e-02 2.145363949239253998e-02
