3.786160899058907403e-02 3.820623923412937856e-02
4.315950821455376285e-02 4.325119420220362859e-02
6.171354656194619898e-02 6.171444354697340484e-02
7.953173254809633996e-02 7.958927497649422034e-02
8.206183794877471016e-02 8.277579450066194222e-02
8.410915252726704205e-02 8.584424008419752616e-02
8.625092204426469678e-02 8.630247124155422667e-02
8.822892337084836667e-02 8.846363086106426299e-02
8.880153225938144934e-02 8.886930891422105405e-02
8.916631121218350498e-02 9.013648393643659829e-02
9.484843176100966888e-02 9.499227941744413373e-02
9.801784526101954553e-02 9.806364750608626002e-02
1.017576462140378502e-01 1.017594651348167623e-01
1.049306338590226817e-01 1.050603826232317517e-01
1.060713954588258789e-01 1.070115625078396082e-01
1.148562447230266070e-01 1.148718863119406880e-01
1.163859871853052119e-01 1.194792875949426542e-01
1.186386323435956458e-01 1.191790728477660627e-01
1.264931521433214356e-01 1.265021336415223241e-01
1.265552641873288753e-01 1.271921637262566906e-01
1.277034257492005442e-01 1.277050216994616294e-01
1.295617015883217538e-01 1.296174043832501177e-01
1.320569919232226497e-01 1.320572329102832065e-01
1.334966314060734571e-01 1.335027607865006127e-01
1.354851663100734016e-01 1.368094133119894806e-01
1.379879713919814621e-01 1.387407613422450003e-01
1.381974155457420250e-01 1.383354215874878501e-01
1.411701455942878380e-01 1.412020247807957429e-01
1.413207277144460927e-01 1.415341379759387230e-01
1.441853558805386015e-01 1.442572576898759340e-01
1.457461613848300419e-01 1.457902070926957727e-01
1.480798675756286042e-01 1.480900724004458602e-01
1.485048749879493979e-01 1.487338989297219138e-01
1.661736359652268291e-01 1.661935826364240032e-01
1.713967307200741641e-01 1.717177664202226839e-01
1.888853113144469686e-01 1.890500201654722601e-01
1.908290897296865407e-01 1.908293850539033998e-01
1.920625311214498587e-01 1.920957011444683338e-01
1.951912932940056689e-01 1.951972582249456578e-01
1.971085433007556398e-01 1.978693818873415167e-01
2.006666860060349611e-01 2.008135580700986522e-01
2.654985677694032264e-01 9.201108511998448147e-01
