0.000000000000000000e+00 2.945871884917383721e-01
0.000000000000000000e+00 2.901435708092327537e-01
0.000000000000000000e+00 2.692961333841189520e-01
0.000000000000000000e+00 1.216699713609795536e-01
0.000000000000000000e+00 2.795591142524041506e-01
0.000000000000000000e+00 2.656205486512437375e-01
0.000000000000000000e+00 2.342318835372654284e-01
0.000000000000000000e+00 2.151635190011362830e-01
0.000000000000000000e+00 1.914503104178687798e-01
0.000000000000000000e+00 1.569276932553688997e-01
0.000000000000000000e+00 1.850064203589242562e-01
0.000000000000000000e+00 2.389714828445305139e-01
0.000000000000000000e+00 2.556610255474610072e-01
0.000000000000000000e+00 2.552647142810471337e-01
0.000000000000000000e+00 2.702238460343764359e-01
0.000000000000000000e+00 2.464996285538698928e-01
0.000000000000000000e+00 2.218395087636633178e-01
0.000000000000000000e+00 2.191871365670438609e-01
0.000000000000000000e+00 1.938473121114218933e-01
0.000000000000000000e+00 3.378239854894451999e-02
0.000000000000000000e+00 1.208032432174922094e-01
0.000000000000000000e+00 1.491943203670923201e-01
0.000000000000000000e+00 2.493115726681652544e-01
0.000000000000000000e+00 2.892950759738720512e-01
0.000000000000000000e+00 8.921898037253778169e-02
0.000000000000000000e+00 8.081740840510594215e-02
0.000000000000000000e+00 2.180578425716368784e-01
0.000000000000000000e+00 2.249181326112719981e-01
0.000000000000000000e+00 2.129135612426658053e-01
0.000000000000000000e+00 2.412775003061725931e-01
0.000000000000000000e+00 3.041314892321786423e-01
0.000000000000000000e+00 1.890703397730250646e-01
0.000000000000000000e+00 1.579434238494327181e-01
0.000000000000000000e+00 1.199566790905341324e-01
0.000000000000000000e+00 2.295086722825145087e-01
0.000000000000000000e+00 1.457360068790856666e-01
0.000000000000000000e+00 1.739786843613111977e-01
0.000000000000000000e+00 8.690016750782622590e-02
0.000000000000000000e+00 2.244074288164452924e-01
0.000000000000000000e+00 9.208651551936096469e-02
0.000000000000000000e+00 1.942712815859719833e-01
0.000000000000000000e+00 1.541635441889687708e-01
0.000000000000000000e+00 1.496771090961395434e-01
0.000000000000000000e+00 1.235326652729317881e-01
0.000000000000000000e+00 2.260613231821518854e-01
0.000000000000000000e+00 1.209065867826197987e-01
0.000000000000000000e+00 2.482869340752215104e-01
0.000000000000000000e+00 2.181309448490592884e-01
0.000000000000000000e+00 1.925720423563481165e-01
0.000000000000000000e+00 9.739251440805697657e-02
0.000000000000000000e+00 1.740927213070369850e-01
0.000000000000000000e+00 1.197305992407485253e-01
0.000000000000000000e+00 2.324144588431981961e-01
0.000000000000000000e+00 8.308206058273819028e-02
0.000000000000000000e+00 1.037837993119024166e-01
0.000000000000000000e+00 1.488404265079472655e-01
0.000000000000000000e+00 2.160078215177937133e-01
0.000000000000000000e+00 2.150734784233817587e-01
0.000000000000000000e+00 1.352972735909228341e-01
0.000000000000000000e+00 2.283580807834161286e-01
0.000000000000000000e+00 2.228293041281879938e-01
0.000000000000000000e+00 1.913905191546509954e-01
0.000000000000000000e+00 1.762785063132693564e-01
0.000000000000000000e+00 1.721626277498461977e-01
0.000000000000000000e+00 1.223005759480365745e-01
0.000000000000000000e+00 1.080996411273058705e-01
0.000000000000000000e+00 2.140608855583175929e-01
0.000000000000000000e+00 2.600367795064494336e-01
0.000000000000000000e+00 1.577178797009793632e-01
0.000000000000000000e+00 1.136556456120362685e-01
0.000000000000000000e+00 1.229872248740616625e-01
0.000000000000000000e+00 1.320256379959097170e-01
0.000000000000000000e+00 1.827040825301614602e-01
0.000000000000000000e+00 1.564017202898016767e-01
0.000000000000000000e+00 2.287848264574593171e-01
0.000000000000000000e+00 1.959248641628450471e-01
0.000000000000000000e+00 3.736978471225666648e-02
0.000000000000000000e+00 2.489999495173412791e-01
0.000000000000000000e+00 9.631709469886753916e-02
0.000000000000000000e+00 1.226837900194631681e-01
0.000000000000000000e+00 1.786393562352802944e-01
0.000000000000000000e+00 1.444823143748936722e-01
0.000000000000000000e+00 6.163579595771195158e-02
0.000000000000000000e+00 2.025990519446881633e-01
0.000000000000000000e+00 2.182563447183473171e-01
0.000000000000000000e+00 1.544746193870119022e-01
0.000000000000000000e+00 1.319062226459185028e-01
0.000000000000000000e+00 4.443167065364452689e-02
0.000000000000000000e+00 1.707623640636319606e-01
0.000000000000000000e+00 1.040975158259046796e-01
0.000000000000000000e+00 7.929951743574153999e-02
0.000000000000000000e+00 1.077519419008187707e-01
0.000000000000000000e+00 1.126410658960716321e-01
0.000000000000000000e+00 2.754633665498912309e-01
0.000000000000000000e+00 1.814589150941555568e-02
0.000000000000000000e+00 1.682979848900232334e-01
0.000000000000000000e+00 4.440047028215612229e-02
0.000000000000000000e+00 2.070960064659058963e-01
0.000000000000000000e+00 8.221912905890781109e-02
0.000000000000000000e+00 2.046023986479697798e-01
0.000000000000000000e+00 1.596739633440870387e-01
0.000000000000000000e+00 1.817012366361910047e-01
0.000000000000000000e+00 4.601757044085289655e-02
0.000000000000000000e+00 1.531672823051646315e-01
0.000000000000000000e+00 5.734442789630851689e-02
0.000000000000000000e+00 2.230088779641574981e-01
0.000000000000000000e+00 2.088534009331521613e-01
0.000000000000000000e+00 2.197989686987043556e-01
0.000000000000000000e+00 1.244753708913915319e-01
0.000000000000000000e+00 1.780913409486992449e-01
0.000000000000000000e+00 3.437466811735057637e-01
0.000000000000000000e+00 1.127013113318624110e-01
0.000000000000000000e+00 1.128836373592402714e-01
0.000000000000000000e+00 5.662101145257794621e-02
0.000000000000000000e+00 1.470692468394208252e-01
0.000000000000000000e+00 1.780796353823568268e-01
0.000000000000000000e+00 2.506093106431164785e-01
0.000000000000000000e+00 2.293709484473111515e-01
0.000000000000000000e+00 2.052828939629256222e-01
0.000000000000000000e+00 1.479840954770909045e-01
0.000000000000000000e+00 1.600156406192692893e-01
0.000000000000000000e+00 1.304813320295423740e-01
0.000000000000000000e+00 5.790179550679683262e-02
0.000000000000000000e+00 1.970483718041217414e-01
0.000000000000000000e+00 8.061462035949608362e-02
0.000000000000000000e+00 1.316100614671562585e-01
0.000000000000000000e+00 8.882098075881730836e-02
0.000000000000000000e+00 2.097461950997989988e-01
0.000000000000000000e+00 1.136202051589888934e-01
0.000000000000000000e+00 1.071811263018213473e-01
0.000000000000000000e+00 1.085869879753919159e-01
0.000000000000000000e+00 1.288211182383122710e-01
0.000000000000000000e+00 2.032365111646865785e-01
0.000000000000000000e+00 1.948363083880380875e-01
0.000000000000000000e+00 6.145474046928819933e-02
0.000000000000000000e+00 1.275662543797931869e-01
0.000000000000000000e+00 5.921917413014378406e-02
0.000000000000000000e+00 1.078833609619179457e-01
0.000000000000000000e+00 6.196630918444315933e-02
0.000000000000000000e+00 1.505091024451263859e-01
0.000000000000000000e+00 8.655136696853947542e-02
0.000000000000000000e+00 1.798868978728806189e-01
0.000000000000000000e+00 1.638814481255863320e-01
0.000000000000000000e+00 1.372966558440520124e-01
0.000000000000000000e+00 1.964098996563729826e-01
0.000000000000000000e+00 2.201016676795847504e-01
0.000000000000000000e+00 1.171315779216055980e-01
0.000000000000000000e+00 5.354122712610637214e-02
0.000000000000000000e+00 2.340886551462733473e-02
0.000000000000000000e+00 6.291809526692164478e-02
0.000000000000000000e+00 1.072106255792105584e-01
0.000000000000000000e+00 3.034597216689623456e-01
0.000000000000000000e+00 2.304500145872952210e-01
0.000000000000000000e+00 8.284345389569150453e-02
0.000000000000000000e+00 2.303276588040041040e-01
0.000000000000000000e+00 8.133570318621820283e-02
0.000000000000000000e+00 1.628013481025237796e-01
0.000000000000000000e+00 9.983177035305401681e-02
0.000000000000000000e+00 1.622854432285636694e-01
0.000000000000000000e+00 1.112037962663856988e-01
0.000000000000000000e+00 8.872889518237973838e-02
0.000000000000000000e+00 1.240982631124623037e-01
0.000000000000000000e+00 3.169119373946420459e-02
0.000000000000000000e+00 1.289513068932505724e-01
0.000000000000000000e+00 2.534046770593230691e-01
0.000000000000000000e+00 8.075640637268108324e-02
0.000000000000000000e+00 1.102465751324521043e-01
0.000000000000000000e+00 1.536596836859768778e-01
0.000000000000000000e+00 1.781232942855355827e-01
0.000000000000000000e+00 1.861381187352239841e-01
0.000000000000000000e+00 4.573888334191510141e-02
0.000000000000000000e+00 5.271699046118569210e-02
0.000000000000000000e+00 9.884169773426752792e-02
0.000000000000000000e+00 1.532915305151270613e-01
0.000000000000000000e+00 8.653723527137553717e-02
0.000000000000000000e+00 1.425019827531288641e-01
0.000000000000000000e+00 9.934779208581215326e-02
0.000000000000000000e+00 1.969370314538225475e-01
0.000000000000000000e+00 1.159024606174504785e-01
0.000000000000000000e+00 4.524741520034321340e-02
0.000000000000000000e+00 6.797319687369707264e-02
0.000000000000000000e+00 2.665076193684384753e-01
0.000000000000000000e+00 8.405151635510899055e-02
0.000000000000000000e+00 5.821782658662615767e-02
0.000000000000000000e+00 1.868728645554373069e-01
0.000000000000000000e+00 6.465853839521411295e-02
0.000000000000000000e+00 1.477878792704620525e-01
0.000000000000000000e+00 7.900060036118906892e-02
0.000000000000000000e+00 5.078969041951908459e-02
0.000000000000000000e+00 1.958279351556472536e-01
0.000000000000000000e+00 1.226823118267297147e-01
0.000000000000000000e+00 1.151821834635622932e-01
0.000000000000000000e+00 1.008939799951705102e-01
0.000000000000000000e+00 4.057242381537990578e-02
0.000000000000000000e+00 1.259908414620592998e-01
0.000000000000000000e+00 7.351453400935530069e-02
0.000000000000000000e+00 6.801869284430918372e-02
0.000000000000000000e+00 1.366994224127447699e-01
0.000000000000000000e+00 2.114365932576164897e-01
0.000000000000000000e+00 2.709730965930082225e-01
0.000000000000000000e+00 1.962740801134791602e-01
0.000000000000000000e+00 1.046510563547124462e-01
0.000000000000000000e+00 1.229634849786733070e-01
0.000000000000000000e+00 7.750504571455513192e-02
0.000000000000000000e+00 9.000957577065124560e-02
0.000000000000000000e+00 2.173668591756111323e-01
0.000000000000000000e+00 8.224873699982546138e-02
0.000000000000000000e+00 1.307963168679493748e-01
0.000000000000000000e+00 7.867327688058271817e-02
0.000000000000000000e+00 1.715919261565340415e-01
0.000000000000000000e+00 1.606610416624124626e-01
0.000000000000000000e+00 6.707522522757408678e-02
0.000000000000000000e+00 1.501363192060621229e-02
0.000000000000000000e+00 1.455187486334096614e-01
0.000000000000000000e+00 3.526793959064296324e-02
0.000000000000000000e+00 2.115661886668831482e-01
0.000000000000000000e+00 9.427167335040154139e-02
0.000000000000000000e+00 2.293994491776476033e-02
0.000000000000000000e+00 1.084356666740817071e-01
0.000000000000000000e+00 4.241977096056435970e-02
0.000000000000000000e+00 4.701909559153174406e-02
0.000000000000000000e+00 1.450812230699968508e-01
0.000000000000000000e+00 1.267515291534320465e-01
0.000000000000000000e+00 6.610285079687723553e-02
0.000000000000000000e+00 2.769668628121623247e-02
0.000000000000000000e+00 1.043160330662392388e-01
0.000000000000000000e+00 9.383410263169787713e-02
0.000000000000000000e+00 7.164241326973730395e-02
0.000000000000000000e+00 8.765059303202303587e-02
0.000000000000000000e+00 6.182178958648503614e-02
0.000000000000000000e+00 9.110762305725279842e-02
0.000000000000000000e+00 1.385202924396656543e-01
0.000000000000000000e+00 2.345828029505411250e-01
0.000000000000000000e+00 1.560066557274874255e-01
0.000000000000000000e+00 1.026921511373209139e-01
0.000000000000000000e+00 8.376363836608427538e-02
0.000000000000000000e+00 1.140594257649799464e-01
0.000000000000000000e+00 1.664112248689769424e-01
0.000000000000000000e+00 9.138530053364492256e-02
0.000000000000000000e+00 1.549614285062279051e-01
0.000000000000000000e+00 1.521072552118880594e-01
0.000000000000000000e+00 7.921253069252461032e-02
0.000000000000000000e+00 4.200318996474471794e-02
0.000000000000000000e+00 1.881111804626240114e-01
0.000000000000000000e+00 1.036175314685074123e-01
0.000000000000000000e+00 1.727244263435466776e-01
0.000000000000000000e+00 1.522702759199000833e-01
0.000000000000000000e+00 3.078376591556172132e-02
0.000000000000000000e+00 7.693513497194059969e-02
