0.000000000000000000e+00 7.238889894047242923e-02
0.000000000000000000e+00 9.206691142930856220e-02
0.000000000000000000e+00 7.244989540083499047e-02
0.000000000000000000e+00 9.043382660173338028e-02
0.000000000000000000e+00 8.868655139112260888e-02
0.000000000000000000e+00 4.968049714089187857e-02
0.000000000000000000e+00 9.676239168971828564e-02
0.000000000000000000e+00 1.044821547038886494e-01
0.000000000000000000e+00 8.211682180968515876e-02
0.000000000000000000e+00 7.531933210012108082e-02
0.000000000000000000e+00 9.087295000393051658e-02
0.000000000000000000e+00 7.251379458128737188e-02
0.000000000000000000e+00 8.714721932157042106e-02
0.000000000000000000e+00 6.920377865624606495e-02
0.000000000000000000e+00 8.681256530510818303e-02
0.000000000000000000e+00 9.453937960918816497e-02
0.000000000000000000e+00 9.984042507016185897e-02
0.000000000000000000e+00 6.220655786305757246e-02
0.000000000000000000e+00 9.332417793065288236e-02
0.000000000000000000e+00 8.281692567418491580e-02
0.000000000000000000e+00 1.070999352054645831e-01
0.000000000000000000e+00 6.263771487645419800e-02
0.000000000000000000e+00 6.398431425308555298e-02
0.000000000000000000e+00 4.143778634416463852e-02
0.000000000000000000e+00 8.592491947217686943e-02
0.000000000000000000e+00 7.553224292267932127e-02
0.000000000000000000e+00 1.045028486205868828e-01
0.000000000000000000e+00 7.166857499588290270e-02
0.000000000000000000e+00 8.677638975029046409e-02
0.000000000000000000e+00 9.214534588969040818e-02
0.000000000000000000e+00 8.279642057548541878e-02
0.000000000000000000e+00 6.826062164787329023e-02
0.000000000000000000e+00 6.597969821619134589e-02
0.000000000000000000e+00 8.452513374688963577e-02
0.000000000000000000e+00 7.033496425731809720e-02
0.000000000000000000e+00 7.868584526036555282e-02
0.000000000000000000e+00 8.747906776219860348e-02
0.000000000000000000e+00 6.031282753076706860e-02
0.000000000000000000e+00 8.635512357117622328e-02
0.000000000000000000e+00 8.413004263771449442e-02
0.000000000000000000e+00 5.726622732070269645e-02
0.000000000000000000e+00 8.507300531158791534e-02
0.000000000000000000e+00 4.544801990763781829e-02
0.000000000000000000e+00 6.477967228277098366e-02
0.000000000000000000e+00 4.286051893315624695e-02
0.000000000000000000e+00 7.862877171830284784e-02
0.000000000000000000e+00 8.337900965057046254e-02
0.000000000000000000e+00 7.486919573448240495e-02
0.000000000000000000e+00 5.423422699956399057e-02
0.000000000000000000e+00 9.424098737498692868e-02
0.000000000000000000e+00 3.176169914354277923e-02
0.000000000000000000e+00 3.832777698136873717e-02
0.000000000000000000e+00 7.829861445565443334e-02
0.000000000000000000e+00 5.578953395156931866e-02
0.000000000000000000e+00 9.178096440549730894e-02
0.000000000000000000e+00 5.401280642080150823e-02
0.000000000000000000e+00 9.267268985345804289e-02
0.000000000000000000e+00 4.282482742653634378e-02
0.000000000000000000e+00 1.005443017206584105e-01
0.000000000000000000e+00 6.750093977827399672e-02
0.000000000000000000e+00 3.449500319327299808e-02
0.000000000000000000e+00 7.954928902923745493e-02
0.000000000000000000e+00 8.501350735555876503e-02
0.000000000000000000e+00 5.933472867119679584e-02
0.000000000000000000e+00 4.664575885148291440e-02
0.000000000000000000e+00 6.599266913394905010e-02
0.000000000000000000e+00 4.429053080616161125e-02
0.000000000000000000e+00 6.261354078089766129e-02
0.000000000000000000e+00 7.111630538365205922e-02
0.000000000000000000e+00 8.189554695187790945e-02
0.000000000000000000e+00 5.373019979961512343e-02
0.000000000000000000e+00 6.793130334647565216e-02
0.000000000000000000e+00 9.229545221864784987e-02
0.000000000000000000e+00 8.870601241878260657e-02
0.000000000000000000e+00 2.522792489824384962e-02
0.000000000000000000e+00 5.424963125419273585e-02
0.000000000000000000e+00 6.471548315889671943e-02
0.000000000000000000e+00 7.922630927887271135e-02
0.000000000000000000e+00 6.243897806311000942e-02
0.000000000000000000e+00 7.531457774761689261e-02
0.000000000000000000e+00 9.826856307325228246e-02
0.000000000000000000e+00 6.404184612744967531e-02
0.000000000000000000e+00 4.937525685357759681e-02
0.000000000000000000e+00 2.737448152017584943e-02
0.000000000000000000e+00 5.423245964414528941e-02
0.000000000000000000e+00 1.111930788472569043e-01
0.000000000000000000e+00 4.355417047007700132e-02
0.000000000000000000e+00 5.285466190007016146e-02
0.000000000000000000e+00 7.960202783596820320e-02
0.000000000000000000e+00 5.278350499134286389e-02
0.000000000000000000e+00 6.669148791375235918e-02
0.000000000000000000e+00 6.915521564588519854e-02
0.000000000000000000e+00 8.154355652268149846e-02
0.000000000000000000e+00 6.926975908993814046e-02
0.000000000000000000e+00 7.671289434155709186e-02
0.000000000000000000e+00 7.052289563591601640e-02
0.000000000000000000e+00 5.120320313528386319e-02
0.000000000000000000e+00 1.890133303018214084e-02
0.000000000000000000e+00 6.972089505988551816e-02
0.000000000000000000e+00 6.277649079178872216e-02
0.000000000000000000e+00 6.490200166035017815e-02
0.000000000000000000e+00 4.570100684139733610e-02
0.000000000000000000e+00 1.018623049653155366e-01
0.000000000000000000e+00 3.185842832754964132e-02
0.000000000000000000e+00 9.049726813327285679e-02
0.000000000000000000e+00 5.842576478910636861e-02
0.000000000000000000e+00 5.671075941487183081e-02
0.000000000000000000e+00 7.098406163443037042e-02
0.000000000000000000e+00 3.389109095063983640e-02
0.000000000000000000e+00 5.295471404774616114e-02
0.000000000000000000e+00 5.216323659113569766e-02
0.000000000000000000e+00 4.051147921314732919e-02
0.000000000000000000e+00 5.807201011605937768e-02
0.000000000000000000e+00 8.040468785648260952e-02
0.000000000000000000e+00 6.765447907108994297e-02
0.000000000000000000e+00 6.627441689551440140e-02
0.000000000000000000e+00 5.181898645007824988e-02
0.000000000000000000e+00 5.222965779207085907e-02
0.000000000000000000e+00 5.254489681540101126e-02
0.000000000000000000e+00 6.280944741558830424e-02
0.000000000000000000e+00 6.435630380491996760e-02
0.000000000000000000e+00 9.072150227477877860e-02
0.000000000000000000e+00 1.030369272700102853e-02
0.000000000000000000e+00 6.864359032094873025e-02
0.000000000000000000e+00 5.056222464360370789e-02
0.000000000000000000e+00 3.238054767018906654e-02
0.000000000000000000e+00 5.615178096722335532e-02
0.000000000000000000e+00 6.201049975105574902e-02
0.000000000000000000e+00 5.785866977653859877e-02
0.000000000000000000e+00 5.726217744872495047e-02
0.000000000000000000e+00 6.441427182192820122e-02
0.000000000000000000e+00 1.020437521476115494e-01
0.000000000000000000e+00 6.708042828766375143e-02
0.000000000000000000e+00 7.216636931514480713e-02
0.000000000000000000e+00 2.999252557036484121e-02
0.000000000000000000e+00 4.998137303358972383e-02
0.000000000000000000e+00 3.958684031854842883e-02
0.000000000000000000e+00 5.690628935231244190e-02
0.000000000000000000e+00 3.152341834661662179e-02
0.000000000000000000e+00 6.591663990792888395e-02
0.000000000000000000e+00 6.543005878601647340e-02
0.000000000000000000e+00 6.737858061706589186e-02
0.000000000000000000e+00 4.681074074366032428e-02
0.000000000000000000e+00 7.602880628252070561e-02
0.000000000000000000e+00 6.828094442468232717e-02
0.000000000000000000e+00 9.302888159992112049e-02
0.000000000000000000e+00 6.252450794030371684e-02
0.000000000000000000e+00 4.363240865631353577e-02
0.000000000000000000e+00 6.336777727923591230e-02
0.000000000000000000e+00 2.015457570109272303e-02
0.000000000000000000e+00 2.396020723534758243e-02
0.000000000000000000e+00 3.677942058033396855e-02
0.000000000000000000e+00 3.746164114207041484e-02
0.000000000000000000e+00 5.458337404236103529e-02
0.000000000000000000e+00 5.934452957370821985e-02
0.000000000000000000e+00 6.452489373217276669e-02
0.000000000000000000e+00 8.562853178743676241e-02
0.000000000000000000e+00 6.509761904063472715e-02
0.000000000000000000e+00 2.432627823028058259e-02
0.000000000000000000e+00 5.051617815945307760e-02
0.000000000000000000e+00 4.857514600668036420e-02
0.000000000000000000e+00 7.377930569425114604e-02
0.000000000000000000e+00 8.995709079302591227e-02
0.000000000000000000e+00 2.860455831235058505e-02
0.000000000000000000e+00 2.994126255070134537e-02
0.000000000000000000e+00 5.541049644389297452e-02
0.000000000000000000e+00 6.155759215911229404e-02
0.000000000000000000e+00 2.428574810010481269e-02
0.000000000000000000e+00 6.792055076852293594e-02
0.000000000000000000e+00 4.027464408726229295e-02
0.000000000000000000e+00 2.980127670959863487e-02
0.000000000000000000e+00 5.484102591993109121e-02
0.000000000000000000e+00 5.496799315550546239e-02
0.000000000000000000e+00 8.093756906958621267e-02
0.000000000000000000e+00 6.287605186479613972e-02
0.000000000000000000e+00 6.553916365321177384e-02
0.000000000000000000e+00 7.179828321960377013e-02
0.000000000000000000e+00 5.897791182992672548e-02
0.000000000000000000e+00 7.016173132179573391e-02
0.000000000000000000e+00 3.763209919931338049e-02
0.000000000000000000e+00 6.948405858157674642e-02
0.000000000000000000e+00 8.465718252284967771e-02
0.000000000000000000e+00 8.296583146371996897e-02
0.000000000000000000e+00 5.611907809786516321e-02
0.000000000000000000e+00 1.005270153739416111e-01
0.000000000000000000e+00 4.819244178770137887e-02
0.000000000000000000e+00 9.267240668772619427e-02
0.000000000000000000e+00 3.772105675534932062e-02
0.000000000000000000e+00 7.119006452131804163e-02
0.000000000000000000e+00 5.788436523732150979e-02
0.000000000000000000e+00 1.033579246365047000e-01
0.000000000000000000e+00 7.360847690048294423e-02
0.000000000000000000e+00 1.005323875513867843e-01
0.000000000000000000e+00 6.189726733014692950e-02
0.000000000000000000e+00 7.241804821647161716e-02
0.000000000000000000e+00 3.246219008209125928e-02
0.000000000000000000e+00 6.751320705095002761e-02
0.000000000000000000e+00 3.916425704557371240e-02
0.000000000000000000e+00 6.162065112028510677e-02
0.000000000000000000e+00 6.253209744497781331e-02
0.000000000000000000e+00 4.958770882633232319e-02
0.000000000000000000e+00 7.562691977684718458e-02
0.000000000000000000e+00 8.841682366466548093e-02
0.000000000000000000e+00 5.476043721500349626e-02
0.000000000000000000e+00 7.546806258302828085e-02
0.000000000000000000e+00 5.627337301277485909e-02
0.000000000000000000e+00 4.491667434920148388e-02
0.000000000000000000e+00 8.028654395727315152e-02
0.000000000000000000e+00 1.754893899505734559e-02
0.000000000000000000e+00 2.536468210695502420e-02
0.000000000000000000e+00 6.016348527906238697e-02
0.000000000000000000e+00 4.685274356365205090e-02
0.000000000000000000e+00 8.054792002344381141e-02
0.000000000000000000e+00 3.434610228863770043e-02
0.000000000000000000e+00 4.588902375887340263e-02
0.000000000000000000e+00 5.869138784874512044e-02
0.000000000000000000e+00 5.222287388353754473e-02
0.000000000000000000e+00 3.911754173261262901e-02
0.000000000000000000e+00 3.425250401093934971e-02
0.000000000000000000e+00 1.903304702897931286e-02
0.000000000000000000e+00 7.925024244044825972e-02
0.000000000000000000e+00 8.676644315152669262e-02
0.000000000000000000e+00 4.726180771610300618e-02
0.000000000000000000e+00 3.535009345549097043e-02
0.000000000000000000e+00 4.169050531623816336e-02
0.000000000000000000e+00 6.194253670203585943e-02
0.000000000000000000e+00 4.944881202123289216e-02
0.000000000000000000e+00 7.768528515551989533e-02
0.000000000000000000e+00 5.696644915913163382e-02
0.000000000000000000e+00 3.751313295488586941e-02
0.000000000000000000e+00 4.637120001445650674e-02
0.000000000000000000e+00 1.453466069341236878e-02
0.000000000000000000e+00 6.216892174472534588e-02
0.000000000000000000e+00 7.098647462842930245e-02
0.000000000000000000e+00 5.467604299119684097e-02
0.000000000000000000e+00 1.466321624874682497e-02
0.000000000000000000e+00 7.676585237064992295e-03
0.000000000000000000e+00 1.700665360946818430e-02
0.000000000000000000e+00 5.842907247640397039e-02
0.000000000000000000e+00 8.175029094065232316e-02
0.000000000000000000e+00 3.738701111243545455e-02
0.000000000000000000e+00 5.071199292993677776e-02
0.000000000000000000e+00 5.725560093006248907e-02
0.000000000000000000e+00 4.974913559133535557e-02
0.000000000000000000e+00 5.226365101214198311e-02
0.000000000000000000e+00 6.309164312693968379e-02
0.000000000000000000e+00 4.988647182194259205e-02
0.000000000000000000e+00 4.406466956813326341e-02
0.000000000000000000e+00 5.735268295716200448e-02
0.000000000000000000e+00 3.133643207294135175e-02
0.000000000000000000e+00 3.802312811637121454e-02
0.000000000000000000e+00 5.522794980450572433e-02
0.000000000000000000e+00 3.235726586379800845e-02
0.000000000000000000e+00 5.357207262221959365e-02
0.000000000000000000e+00 6.863978560175977572e-02
0.000000000000000000e+00 3.778641146595255323e-02
0.000000000000000000e+00 6.444307360006025498e-02
0.000000000000000000e+00 5.498610025082698721e-02
0.000000000000000000e+00 5.812994569279215928e-02
0.000000000000000000e+00 4.110825073800550983e-02
0.000000000000000000e+00 2.782154025094850380e-02
0.000000000000000000e+00 8.002533875571792021e-02
0.000000000000000000e+00 3.647976516700755789e-02
0.000000000000000000e+00 7.965268631783101183e-02
0.000000000000000000e+00 2.498247238096697534e-02
0.000000000000000000e+00 4.283672398208192983e-02
0.000000000000000000e+00 5.044004708756591460e-02
0.000000000000000000e+00 2.292338311882574295e-02
0.000000000000000000e+00 5.720428946473708753e-02
0.000000000000000000e+00 7.782925135559076724e-02
0.000000000000000000e+00 7.245611381124471284e-02
0.000000000000000000e+00 5.650299334815377106e-02
0.000000000000000000e+00 1.409501492582388230e-02
0.000000000000000000e+00 1.276060659840650043e-02
0.000000000000000000e+00 5.390984186140929113e-02
0.000000000000000000e+00 5.722411944927828509e-02
0.000000000000000000e+00 1.016217454731067060e-01
0.000000000000000000e+00 5.706941029513588198e-02
0.000000000000000000e+00 6.706005765945599606e-02
0.000000000000000000e+00 5.189236043450589503e-02
0.000000000000000000e+00 3.290808502112461259e-02
0.000000000000000000e+00 3.847085649138809460e-02
0.000000000000000000e+00 5.594070760708767104e-02
0.000000000000000000e+00 5.524659071475478134e-02
0.000000000000000000e+00 5.086406418700070708e-02
0.000000000000000000e+00 6.265251881888839192e-02
0.000000000000000000e+00 6.095669481137328677e-02
0.000000000000000000e+00 5.335940345827376585e-02
0.000000000000000000e+00 4.111604583994602630e-02
0.000000000000000000e+00 6.245100032199977363e-02
0.000000000000000000e+00 4.656289009142587643e-02
0.000000000000000000e+00 4.167012887146330502e-02
0.000000000000000000e+00 4.124392665221172927e-02
0.000000000000000000e+00 4.327719636257741642e-02
0.000000000000000000e+00 4.889888732082544459e-02
0.000000000000000000e+00 4.762838123966331438e-02
0.000000000000000000e+00 4.712073007794950752e-02
0.000000000000000000e+00 3.697547065298491253e-02
0.000000000000000000e+00 4.350911357932429196e-02
0.000000000000000000e+00 6.694268533180264269e-02
0.000000000000000000e+00 2.550619334389305978e-02
0.000000000000000000e+00 7.645111311830060652e-02
0.000000000000000000e+00 3.967986656136446993e-02
0.000000000000000000e+00 3.964731360220409562e-02
0.000000000000000000e+00 3.110700460239739992e-02
0.000000000000000000e+00 5.948703151687475404e-02
0.000000000000000000e+00 1.022892809975961964e-01
0.000000000000000000e+00 2.232818115556015753e-02
0.000000000000000000e+00 6.009159689910916619e-02
0.000000000000000000e+00 5.608461134686405780e-02
0.000000000000000000e+00 9.402317651050254299e-02
0.000000000000000000e+00 4.929294103355026657e-02
0.000000000000000000e+00 5.656341525188844643e-02
0.000000000000000000e+00 8.027868912046648431e-02
0.000000000000000000e+00 5.098091751331616794e-02
0.000000000000000000e+00 4.182987190983922937e-02
0.000000000000000000e+00 8.213964463497960833e-02
0.000000000000000000e+00 4.189708856197078141e-02
0.000000000000000000e+00 3.614222088736013944e-02
0.000000000000000000e+00 4.602610630663973162e-02
0.000000000000000000e+00 3.949282211203677256e-02
0.000000000000000000e+00 4.055121303799490151e-02
0.000000000000000000e+00 6.238638540694238510e-02
0.000000000000000000e+00 5.438616510677645594e-02
0.000000000000000000e+00 5.357959403120723246e-02
0.000000000000000000e+00 4.618183153061497515e-02
0.000000000000000000e+00 3.226437805479188958e-02
0.000000000000000000e+00 8.862425662287404249e-02
0.000000000000000000e+00 1.689687269743997411e-02
0.000000000000000000e+00 5.532074786397418037e-02
0.000000000000000000e+00 5.764048939345745026e-02
0.000000000000000000e+00 3.562969430829224238e-02
0.000000000000000000e+00 3.110299489384239086e-02
0.000000000000000000e+00 8.429257155759661835e-02
0.000000000000000000e+00 3.010904537132839953e-02
0.000000000000000000e+00 2.155494021922989278e-02
0.000000000000000000e+00 4.203519619011027858e-02
0.000000000000000000e+00 1.720225551557711188e-02
0.000000000000000000e+00 1.168472720320246211e-01
0.000000000000000000e+00 7.094586645131739644e-02
0.000000000000000000e+00 3.009279050772846464e-02
0.000000000000000000e+00 3.837142896072086307e-02
0.000000000000000000e+00 3.071332247305988764e-02
0.000000000000000000e+00 4.804768600770877029e-02
0.000000000000000000e+00 6.090330429069923390e-02
0.000000000000000000e+00 2.024186970956570741e-02
0.000000000000000000e+00 6.571015082533417095e-02
0.000000000000000000e+00 1.429283856467104645e-02
0.000000000000000000e+00 4.779089141625752352e-02
0.000000000000000000e+00 2.027401662878876645e-02
0.000000000000000000e+00 5.524015926972253299e-02
0.000000000000000000e+00 4.495859838071353948e-02
0.000000000000000000e+00 5.162272520615063948e-02
0.000000000000000000e+00 4.657207496228910754e-02
0.000000000000000000e+00 4.506703583153066905e-02
0.000000000000000000e+00 2.576994578700489771e-02
0.000000000000000000e+00 5.935776299206851209e-02
0.000000000000000000e+00 4.875295690770291984e-02
0.000000000000000000e+00 8.003005715757621763e-02
0.000000000000000000e+00 6.358944245586616029e-02
0.000000000000000000e+00 4.970989320864111632e-02
0.000000000000000000e+00 5.639545396596984395e-02
0.000000000000000000e+00 3.381160151444476125e-02
0.000000000000000000e+00 8.253813903189657908e-02
0.000000000000000000e+00 8.680838579229435692e-02
0.000000000000000000e+00 8.924563232464947926e-02
0.000000000000000000e+00 2.594469845874543962e-02
0.000000000000000000e+00 6.027950547782470053e-02
0.000000000000000000e+00 6.620419382382428108e-02
0.000000000000000000e+00 4.717822420335206213e-02
0.000000000000000000e+00 3.544945751765254255e-02
0.000000000000000000e+00 2.367208739942645856e-02
0.000000000000000000e+00 8.126204068815640058e-02
0.000000000000000000e+00 8.349370409457601561e-02
0.000000000000000000e+00 1.979792756076831362e-02
0.000000000000000000e+00 2.780279563573405735e-02
0.000000000000000000e+00 4.830558918097131726e-02
0.000000000000000000e+00 1.424115032134706804e-02
0.000000000000000000e+00 6.852177767619882509e-02
0.000000000000000000e+00 3.036592674611219428e-02
0.000000000000000000e+00 2.731004546863701962e-02
0.000000000000000000e+00 4.092981222741440273e-02
0.000000000000000000e+00 6.681012228639693351e-02
0.000000000000000000e+00 5.860853400236634703e-02
0.000000000000000000e+00 3.109726348356574299e-02
0.000000000000000000e+00 3.888507279989033422e-02
0.000000000000000000e+00 5.808221991886380886e-02
0.000000000000000000e+00 3.274025252865715024e-02
0.000000000000000000e+00 2.008088874038315569e-02
0.000000000000000000e+00 3.721392048100170130e-02
0.000000000000000000e+00 6.750637278651897000e-02
0.000000000000000000e+00 4.511640142475133869e-02
0.000000000000000000e+00 7.756605637795052632e-02
0.000000000000000000e+00 5.443678036334587828e-02
0.000000000000000000e+00 8.905258807970013735e-02
0.000000000000000000e+00 4.791074650079920477e-02
0.000000000000000000e+00 6.580415908667545943e-02
0.000000000000000000e+00 5.938604464932496774e-02
0.000000000000000000e+00 2.247283538321259710e-02
0.000000000000000000e+00 3.363309066911494838e-02
0.000000000000000000e+00 6.378063603181595431e-02
0.000000000000000000e+00 2.075154647480017753e-02
0.000000000000000000e+00 3.413854804290917394e-02
0.000000000000000000e+00 4.747846710143724391e-02
0.000000000000000000e+00 3.211623532830838040e-02
0.000000000000000000e+00 3.816459370607180185e-02
0.000000000000000000e+00 4.613559014941946701e-02
0.000000000000000000e+00 4.783201767984729402e-02
0.000000000000000000e+00 5.819558563448356397e-02
0.000000000000000000e+00 4.584962093830955571e-02
0.000000000000000000e+00 1.114586659776754390e-01
0.000000000000000000e+00 4.296011700208506034e-02
0.000000000000000000e+00 6.041147268960789934e-02
0.000000000000000000e+00 7.258402752799372748e-02
0.000000000000000000e+00 7.692906645165938084e-02
0.000000000000000000e+00 7.500974054563386284e-02
0.000000000000000000e+00 6.383348646658799919e-02
0.000000000000000000e+00 3.547031336597247092e-02
0.000000000000000000e+00 2.454030772095906060e-02
0.000000000000000000e+00 4.755404523448650972e-02
0.000000000000000000e+00 5.771827527394487317e-02
0.000000000000000000e+00 4.758646057649427996e-02
0.000000000000000000e+00 1.628250462685185487e-02
0.000000000000000000e+00 3.116359100940734733e-02
0.000000000000000000e+00 5.625158253384979212e-02
0.000000000000000000e+00 5.630662371882491635e-02
0.000000000000000000e+00 2.946157030622192571e-02
0.000000000000000000e+00 4.303697064430296593e-02
0.000000000000000000e+00 3.309223315664579224e-02
0.000000000000000000e+00 4.204388962631060850e-02
0.000000000000000000e+00 5.617431396575194719e-02
0.000000000000000000e+00 1.522140270783005692e-02
0.000000000000000000e+00 8.819633189063343093e-02
0.000000000000000000e+00 3.321346322440051763e-02
0.000000000000000000e+00 1.692645830417781327e-02
0.000000000000000000e+00 3.143110394599750446e-02
0.000000000000000000e+00 4.719526201696042783e-02
0.000000000000000000e+00 4.789940009952387695e-02
0.000000000000000000e+00 3.242010529400691371e-02
0.000000000000000000e+00 5.811006544912544064e-02
0.000000000000000000e+00 2.194370315953204573e-02
0.000000000000000000e+00 6.798960525642400166e-02
0.000000000000000000e+00 8.408570030437270693e-02
0.000000000000000000e+00 2.834203541440678473e-02
0.000000000000000000e+00 3.186897911555865853e-02
0.000000000000000000e+00 3.602747551762929684e-02
0.000000000000000000e+00 8.749377389322184062e-02
0.000000000000000000e+00 8.911872623725979048e-02
0.000000000000000000e+00 5.456250045679015420e-02
0.000000000000000000e+00 2.954554235141080426e-02
0.000000000000000000e+00 5.898117330530808222e-02
0.000000000000000000e+00 2.874109365976694475e-02
0.000000000000000000e+00 3.836126842551899202e-02
0.000000000000000000e+00 7.152673356555229456e-02
0.000000000000000000e+00 4.460234461310354920e-02
0.000000000000000000e+00 4.744549489083194072e-02
0.000000000000000000e+00 5.003629614672355091e-02
0.000000000000000000e+00 6.563354210653801757e-02
0.000000000000000000e+00 6.057707538767681532e-02
0.000000000000000000e+00 5.534377924516575148e-02
0.000000000000000000e+00 7.226032752331681963e-02
0.000000000000000000e+00 8.752132037385228214e-02
0.000000000000000000e+00 6.046696638255999456e-02
0.000000000000000000e+00 5.148844204388192125e-02
0.000000000000000000e+00 5.603695788615724316e-02
0.000000000000000000e+00 2.058051327648720286e-02
0.000000000000000000e+00 5.444721417280017767e-02
0.000000000000000000e+00 3.162473868218725753e-02
0.000000000000000000e+00 4.466440085244470504e-02
0.000000000000000000e+00 3.428692567089346860e-02
0.000000000000000000e+00 4.335707819979502109e-02
0.000000000000000000e+00 6.460658291033916090e-02
0.000000000000000000e+00 4.880004557458934855e-02
0.000000000000000000e+00 2.455122382952298898e-02
0.000000000000000000e+00 3.672040033988435009e-02
0.000000000000000000e+00 2.632096278156837582e-02
0.000000000000000000e+00 5.112992771101835393e-02
0.000000000000000000e+00 5.183346873243065145e-02
0.000000000000000000e+00 2.532541050987478781e-02
0.000000000000000000e+00 5.324425022286029957e-02
0.000000000000000000e+00 2.801487268750350174e-02
0.000000000000000000e+00 7.769223966479381349e-02
0.000000000000000000e+00 3.688619523561363633e-02
0.000000000000000000e+00 4.592569066823823376e-02
0.000000000000000000e+00 2.809484837972824750e-02
0.000000000000000000e+00 5.790576958536248348e-02
0.000000000000000000e+00 3.602837213108939229e-02
0.000000000000000000e+00 6.146882095436721760e-02
0.000000000000000000e+00 9.567790255314237435e-02
0.000000000000000000e+00 3.487376956743641621e-02
0.000000000000000000e+00 4.634284565114035054e-02
0.000000000000000000e+00 3.031473338244413535e-02
0.000000000000000000e+00 9.158580501783546157e-02
0.000000000000000000e+00 1.683187759764964014e-02
0.000000000000000000e+00 2.893678757330618925e-02
0.000000000000000000e+00 1.072660844607420255e-01
0.000000000000000000e+00 4.394631561155216276e-02
0.000000000000000000e+00 3.720316855305679654e-02
0.000000000000000000e+00 9.698312176649645511e-02
