0.000000000000000000e+00 7.274073144969003812e-02
0.000000000000000000e+00 9.451709689196684250e-02
0.000000000000000000e+00 8.670578113221397154e-02
0.000000000000000000e+00 8.823308793758818935e-02
0.000000000000000000e+00 9.365850564702545011e-02
0.000000000000000000e+00 9.090650324902720125e-02
0.000000000000000000e+00 7.748829959739708673e-02
0.000000000000000000e+00 9.244902293424862860e-02
0.000000000000000000e+00 1.172264296186911470e-01
0.000000000000000000e+00 8.774105645286252309e-02
0.000000000000000000e+00 7.483536585059714918e-02
0.000000000000000000e+00 6.817196947803934315e-02
0.000000000000000000e+00 8.011121069099406966e-02
0.000000000000000000e+00 2.087199808094964207e-02
0.000000000000000000e+00 8.052578767038399976e-02
0.000000000000000000e+00 7.789994107435940784e-02
0.000000000000000000e+00 9.750323362023650964e-02
0.000000000000000000e+00 8.735234205327942203e-02
0.000000000000000000e+00 6.775339807813328397e-02
0.000000000000000000e+00 7.567443996646741611e-02
0.000000000000000000e+00 9.354100277156844612e-02
0.000000000000000000e+00 7.805920388392954823e-02
0.000000000000000000e+00 9.084991925548546732e-02
0.000000000000000000e+00 6.380173028372289334e-02
0.000000000000000000e+00 6.873908151796884192e-02
0.000000000000000000e+00 2.207772140040854467e-02
0.000000000000000000e+00 5.591337799244748552e-02
0.000000000000000000e+00 5.958039463986589818e-02
0.000000000000000000e+00 8.871070787899944243e-02
0.000000000000000000e+00 9.762028205489628463e-02
0.000000000000000000e+00 7.419565908039517377e-02
0.000000000000000000e+00 7.189369221155701706e-02
0.000000000000000000e+00 6.700374840914125052e-02
0.000000000000000000e+00 7.691364012602285027e-02
0.000000000000000000e+00 9.281948995517771972e-02
0.000000000000000000e+00 6.902803143575406142e-02
0.000000000000000000e+00 6.395435680358049768e-02
0.000000000000000000e+00 9.547413267713326934e-02
0.000000000000000000e+00 7.020707725645922159e-02
0.000000000000000000e+00 8.724744789156281544e-02
0.000000000000000000e+00 7.715811864698689237e-02
0.000000000000000000e+00 8.325734545527777031e-02
0.000000000000000000e+00 5.117077639069218808e-02
0.000000000000000000e+00 6.199794379757841978e-02
0.000000000000000000e+00 6.770646685745264348e-02
0.000000000000000000e+00 4.985704515514433055e-02
0.000000000000000000e+00 8.535611065494672078e-02
0.000000000000000000e+00 8.651483750065183664e-02
0.000000000000000000e+00 6.286143486643802625e-02
0.000000000000000000e+00 7.941443335930428726e-02
0.000000000000000000e+00 5.354809175098282359e-02
0.000000000000000000e+00 8.995461738873981872e-02
0.000000000000000000e+00 6.567587517393691510e-02
0.000000000000000000e+00 8.786068108693459444e-02
0.000000000000000000e+00 8.717310365784883275e-02
0.000000000000000000e+00 1.044680750687803084e-01
0.000000000000000000e+00 2.978742453582958194e-02
0.000000000000000000e+00 3.430856383344510485e-02
0.000000000000000000e+00 9.177662054091638433e-02
0.000000000000000000e+00 8.083659997183384460e-02
0.000000000000000000e+00 8.122623226083294790e-02
0.000000000000000000e+00 1.001126624008725902e-01
0.000000000000000000e+00 7.034007419021401364e-02
0.000000000000000000e+00 7.511948666595279211e-02
0.000000000000000000e+00 6.890492087579111469e-02
0.000000000000000000e+00 5.207114169034357531e-02
0.000000000000000000e+00 8.449882915972314890e-02
0.000000000000000000e+00 1.585924535543680944e-02
0.000000000000000000e+00 1.040303251042133531e-01
0.000000000000000000e+00 7.689899073290028253e-02
0.000000000000000000e+00 8.516642528440587778e-02
0.000000000000000000e+00 4.037369986626472562e-02
0.000000000000000000e+00 3.681569784317957617e-02
0.000000000000000000e+00 8.074207944964023609e-02
0.000000000000000000e+00 5.089026228893522158e-02
0.000000000000000000e+00 1.053786349306800457e-01
0.000000000000000000e+00 8.508880099973711864e-02
0.000000000000000000e+00 7.367941392325792760e-02
0.000000000000000000e+00 8.022555831164480955e-02
0.000000000000000000e+00 6.023107127770275376e-02
0.000000000000000000e+00 8.120096598159740053e-02
0.000000000000000000e+00 5.130950842686436003e-02
0.000000000000000000e+00 8.706598963179323913e-02
0.000000000000000000e+00 4.225551596565506329e-02
0.000000000000000000e+00 8.476132928274093814e-02
0.000000000000000000e+00 7.450459682919061133e-02
0.000000000000000000e+00 6.457362265876746832e-02
0.000000000000000000e+00 5.118553314566329920e-02
0.000000000000000000e+00 4.391498282150387011e-02
0.000000000000000000e+00 7.797124633224138124e-02
0.000000000000000000e+00 5.118300610825922414e-02
0.000000000000000000e+00 8.322240463368656138e-02
0.000000000000000000e+00 8.788258964891738911e-02
0.000000000000000000e+00 5.880281360856635942e-02
0.000000000000000000e+00 4.404823915510919230e-02
0.000000000000000000e+00 9.804958535210657466e-02
0.000000000000000000e+00 5.753702440678546554e-02
0.000000000000000000e+00 7.939830665670943866e-02
0.000000000000000000e+00 3.296735752858277746e-02
0.000000000000000000e+00 5.656046885993785966e-02
0.000000000000000000e+00 4.527295721148754531e-02
0.000000000000000000e+00 6.768108387049825980e-02
0.000000000000000000e+00 5.368589528036686598e-02
0.000000000000000000e+00 7.039818504668542143e-02
0.000000000000000000e+00 7.618677616968103083e-02
0.000000000000000000e+00 4.409029977081728446e-02
0.000000000000000000e+00 3.137484944901718087e-02
0.000000000000000000e+00 5.933468294263515019e-02
0.000000000000000000e+00 9.627243256986699194e-02
0.000000000000000000e+00 8.473756877354506056e-02
0.000000000000000000e+00 9.367424849109404206e-02
0.000000000000000000e+00 7.421999342492403839e-02
0.000000000000000000e+00 1.684386375031558802e-02
0.000000000000000000e+00 6.311160396547839391e-02
0.000000000000000000e+00 7.396713175561303588e-02
0.000000000000000000e+00 5.465834544926487931e-02
0.000000000000000000e+00 9.954692779257377777e-02
0.000000000000000000e+00 5.420506854477938341e-02
0.000000000000000000e+00 8.796955942359697966e-02
0.000000000000000000e+00 6.458688686427960235e-02
0.000000000000000000e+00 7.913953657444101897e-02
0.000000000000000000e+00 8.132967544451948083e-02
0.000000000000000000e+00 3.066739788239704681e-02
0.000000000000000000e+00 4.252412281120494797e-02
0.000000000000000000e+00 5.049702051332590619e-02
0.000000000000000000e+00 5.102353115569291386e-02
0.000000000000000000e+00 7.166308862521776624e-02
0.000000000000000000e+00 8.820930396333549750e-02
0.000000000000000000e+00 6.268040682796879870e-02
0.000000000000000000e+00 6.120478530195894162e-02
0.000000000000000000e+00 7.710623255252715968e-02
0.000000000000000000e+00 7.585698461156838157e-02
0.000000000000000000e+00 7.007648833161689295e-02
0.000000000000000000e+00 2.650859202360117753e-02
0.000000000000000000e+00 7.131043736486991635e-02
0.000000000000000000e+00 3.431406469947071575e-02
0.000000000000000000e+00 3.264216653851150646e-02
0.000000000000000000e+00 7.374597675397644159e-02
0.000000000000000000e+00 5.862445240290196230e-02
0.000000000000000000e+00 5.367417960790499265e-02
0.000000000000000000e+00 9.933656790283346139e-02
0.000000000000000000e+00 6.755550084231425056e-02
0.000000000000000000e+00 6.488390075219636899e-02
0.000000000000000000e+00 6.789537454206730216e-02
0.000000000000000000e+00 5.964391834023335254e-02
0.000000000000000000e+00 1.002171538498351361e-01
0.000000000000000000e+00 5.306361363116007812e-02
0.000000000000000000e+00 6.150890874317758994e-02
0.000000000000000000e+00 3.167337907326565893e-02
0.000000000000000000e+00 3.459540067281754311e-02
0.000000000000000000e+00 6.097012277592035040e-02
0.000000000000000000e+00 3.130089277310986462e-02
0.000000000000000000e+00 5.242592402041463401e-02
0.000000000000000000e+00 7.548031556486163585e-02
0.000000000000000000e+00 5.534037507671698414e-02
0.000000000000000000e+00 9.581766652011923513e-02
0.000000000000000000e+00 4.801125114500518626e-02
0.000000000000000000e+00 2.637228726491952502e-02
0.000000000000000000e+00 3.393125434459449280e-02
0.000000000000000000e+00 6.355283982933077058e-02
0.000000000000000000e+00 6.293447538773166983e-02
0.000000000000000000e+00 8.305797390731443908e-02
0.000000000000000000e+00 5.430347746846761470e-02
0.000000000000000000e+00 7.020131043794076986e-02
0.000000000000000000e+00 7.523320525153479044e-02
0.000000000000000000e+00 4.793173773042342517e-02
0.000000000000000000e+00 7.320903529217930028e-02
0.000000000000000000e+00 4.665868124731446798e-02
0.000000000000000000e+00 7.411705110767584370e-02
0.000000000000000000e+00 7.702830536552723872e-02
0.000000000000000000e+00 4.000948940831699358e-02
0.000000000000000000e+00 6.988080052324995017e-02
0.000000000000000000e+00 7.706630607451886439e-02
0.000000000000000000e+00 4.417719169428338533e-02
0.000000000000000000e+00 3.088783431762292739e-02
0.000000000000000000e+00 4.478160960301722643e-02
0.000000000000000000e+00 4.892771705127040710e-02
0.000000000000000000e+00 6.073471659678732898e-02
0.000000000000000000e+00 3.735237700147025358e-02
0.000000000000000000e+00 5.412481007273172579e-02
0.000000000000000000e+00 8.783588508083267632e-02
0.000000000000000000e+00 7.633677321422734086e-02
0.000000000000000000e+00 4.448144478104856109e-02
0.000000000000000000e+00 4.967109222227279047e-02
0.000000000000000000e+00 4.788227504735704382e-02
0.000000000000000000e+00 6.538587021306244140e-02
0.000000000000000000e+00 2.601416098767953336e-02
0.000000000000000000e+00 3.052917491191799865e-02
0.000000000000000000e+00 9.058942465944060107e-02
0.000000000000000000e+00 5.692940082493148229e-02
0.000000000000000000e+00 4.070189826984157988e-02
0.000000000000000000e+00 9.916368964342980874e-02
0.000000000000000000e+00 5.916786588465852703e-02
0.000000000000000000e+00 6.068379061741543956e-02
0.000000000000000000e+00 7.790162514306679664e-02
0.000000000000000000e+00 8.177170246019933864e-02
0.000000000000000000e+00 4.968786233743656411e-02
0.000000000000000000e+00 6.657688136933150036e-02
0.000000000000000000e+00 5.708625899004009935e-02
0.000000000000000000e+00 4.219712756712405699e-02
0.000000000000000000e+00 2.539016621032910009e-02
0.000000000000000000e+00 3.739496328082837079e-02
0.000000000000000000e+00 2.984231626225749417e-02
0.000000000000000000e+00 4.806446025684468076e-02
0.000000000000000000e+00 4.709835170756313666e-02
0.000000000000000000e+00 6.352703040654184008e-02
0.000000000000000000e+00 8.300020613285953586e-02
0.000000000000000000e+00 1.401960946577354185e-02
0.000000000000000000e+00 4.864356354917413056e-02
0.000000000000000000e+00 8.050842668112383194e-02
0.000000000000000000e+00 7.649821938741524496e-02
0.000000000000000000e+00 7.635782209099756246e-02
0.000000000000000000e+00 5.584519056375798762e-02
0.000000000000000000e+00 4.128330167359643005e-02
0.000000000000000000e+00 6.060998750121278367e-02
0.000000000000000000e+00 7.082123388466150804e-02
0.000000000000000000e+00 4.573405937349275807e-02
0.000000000000000000e+00 4.512017493034597981e-02
0.000000000000000000e+00 1.053060377269799813e-01
0.000000000000000000e+00 7.219601753278799550e-02
0.000000000000000000e+00 4.442137745894339518e-02
0.000000000000000000e+00 3.129450364436259929e-02
0.000000000000000000e+00 8.051185327509675915e-02
0.000000000000000000e+00 6.247479654818605815e-02
0.000000000000000000e+00 2.831473838790229958e-02
0.000000000000000000e+00 4.797748459821955802e-02
0.000000000000000000e+00 4.066061635430054388e-02
0.000000000000000000e+00 5.195233962984407289e-02
0.000000000000000000e+00 6.190675384884883337e-02
0.000000000000000000e+00 5.450772806584596591e-02
0.000000000000000000e+00 1.488456477132187213e-02
0.000000000000000000e+00 7.503724074039538894e-02
0.000000000000000000e+00 4.582502797258512783e-02
0.000000000000000000e+00 6.371364158560086088e-02
0.000000000000000000e+00 8.052194712918220310e-02
0.000000000000000000e+00 9.505472913560114590e-02
0.000000000000000000e+00 5.995747190989737102e-02
0.000000000000000000e+00 6.142262696962946106e-02
0.000000000000000000e+00 9.223261024369895644e-02
0.000000000000000000e+00 3.947896592074491562e-02
0.000000000000000000e+00 3.085810944464578015e-02
0.000000000000000000e+00 8.926433719240980946e-02
0.000000000000000000e+00 5.668887915769969810e-02
0.000000000000000000e+00 1.264260482579335730e-02
0.000000000000000000e+00 8.530710626500621896e-02
0.000000000000000000e+00 7.689308131881653074e-02
0.000000000000000000e+00 6.006083487840158802e-02
0.000000000000000000e+00 6.099259411794871744e-02
0.000000000000000000e+00 3.829422175816482588e-02
0.000000000000000000e+00 4.464009355314994820e-02
0.000000000000000000e+00 2.442999780060767928e-02
0.000000000000000000e+00 4.583910693443184886e-02
0.000000000000000000e+00 3.675079720492830521e-02
0.000000000000000000e+00 4.638153744083780422e-02
0.000000000000000000e+00 2.534718522396625651e-02
0.000000000000000000e+00 8.507433039970914435e-02
0.000000000000000000e+00 4.878353214451659758e-02
0.000000000000000000e+00 6.950003387300851543e-02
0.000000000000000000e+00 2.667141896578776109e-02
0.000000000000000000e+00 7.551210680184528012e-02
0.000000000000000000e+00 4.365961352824020147e-02
0.000000000000000000e+00 6.904300203763077959e-02
0.000000000000000000e+00 2.587368881330011708e-02
0.000000000000000000e+00 5.850936365837994951e-02
0.000000000000000000e+00 2.286135971397595251e-02
0.000000000000000000e+00 6.204222536251634973e-02
0.000000000000000000e+00 3.513149956343603053e-02
0.000000000000000000e+00 3.435014669825516356e-03
0.000000000000000000e+00 4.229732565825573137e-02
0.000000000000000000e+00 4.261830098262986422e-02
0.000000000000000000e+00 9.502604361358391039e-02
0.000000000000000000e+00 5.161510587556200624e-02
0.000000000000000000e+00 3.007205670992740831e-02
0.000000000000000000e+00 5.956915376833564479e-02
0.000000000000000000e+00 6.506543900273896452e-02
0.000000000000000000e+00 2.469163622973224309e-02
0.000000000000000000e+00 3.741760282785625003e-02
0.000000000000000000e+00 5.263594128008181744e-02
0.000000000000000000e+00 3.664858399496559449e-02
0.000000000000000000e+00 6.779988150572111016e-02
0.000000000000000000e+00 6.090926506522530842e-02
0.000000000000000000e+00 5.170018644467417462e-02
0.000000000000000000e+00 7.368039153795401253e-02
0.000000000000000000e+00 7.300351553673976868e-02
0.000000000000000000e+00 6.195896253427069650e-02
0.000000000000000000e+00 5.718888394355684662e-02
0.000000000000000000e+00 3.998294064549521437e-02
0.000000000000000000e+00 9.344555185912217787e-02
0.000000000000000000e+00 5.146811964528385380e-02
0.000000000000000000e+00 3.591427811062506553e-02
0.000000000000000000e+00 5.590016562335339834e-02
0.000000000000000000e+00 3.796514792710953268e-02
0.000000000000000000e+00 4.246388189752629827e-02
0.000000000000000000e+00 4.318581915524016129e-02
0.000000000000000000e+00 3.748789770083828243e-02
0.000000000000000000e+00 5.843412437913746843e-02
0.000000000000000000e+00 3.470736502265085732e-02
0.000000000000000000e+00 3.914700732485022067e-02
0.000000000000000000e+00 2.341607744272321961e-02
0.000000000000000000e+00 4.329370625871360040e-02
0.000000000000000000e+00 4.154512153827485260e-02
0.000000000000000000e+00 1.266082450577499588e-02
0.000000000000000000e+00 3.648063234743608579e-02
0.000000000000000000e+00 4.470792267435489548e-02
0.000000000000000000e+00 6.540696745395305212e-02
0.000000000000000000e+00 7.130421240106285530e-02
0.000000000000000000e+00 8.244787868354193361e-02
0.000000000000000000e+00 3.334492522521795982e-02
0.000000000000000000e+00 6.044178873778791039e-02
0.000000000000000000e+00 1.052491746634332676e-01
0.000000000000000000e+00 2.628665531279784223e-02
0.000000000000000000e+00 4.108602886101603985e-02
0.000000000000000000e+00 4.152617129001841961e-02
0.000000000000000000e+00 5.240572375439889186e-02
0.000000000000000000e+00 2.714020404772197331e-02
0.000000000000000000e+00 7.479393051971303108e-02
0.000000000000000000e+00 5.097286093485799835e-02
0.000000000000000000e+00 4.227087356621753861e-02
0.000000000000000000e+00 4.483642965707735489e-02
0.000000000000000000e+00 3.785313694196702078e-02
0.000000000000000000e+00 5.028863759237166275e-02
0.000000000000000000e+00 4.257655882329221958e-02
0.000000000000000000e+00 3.705030319733777083e-02
0.000000000000000000e+00 4.646295574372186210e-02
0.000000000000000000e+00 4.424202519511686443e-02
0.000000000000000000e+00 3.844446178608316306e-02
0.000000000000000000e+00 3.280373474167491699e-02
0.000000000000000000e+00 4.739093862981563071e-02
0.000000000000000000e+00 5.791772762756178250e-02
0.000000000000000000e+00 3.985171149943397134e-02
0.000000000000000000e+00 5.734664152875430798e-02
0.000000000000000000e+00 4.051483947326915691e-02
0.000000000000000000e+00 7.100629703818757410e-02
0.000000000000000000e+00 2.086170967406014015e-02
0.000000000000000000e+00 5.548611011033140888e-02
0.000000000000000000e+00 3.983561293385801810e-02
0.000000000000000000e+00 7.745251176320110120e-02
0.000000000000000000e+00 5.700990872455852232e-02
0.000000000000000000e+00 2.035537657891882402e-02
0.000000000000000000e+00 2.206124261371384537e-02
0.000000000000000000e+00 4.244882322287964194e-02
0.000000000000000000e+00 2.511324623143001977e-02
0.000000000000000000e+00 2.288062596693887785e-02
0.000000000000000000e+00 8.663946796942811890e-02
0.000000000000000000e+00 3.138173269136941557e-02
0.000000000000000000e+00 4.916635150763944140e-02
0.000000000000000000e+00 7.495866003222871610e-02
0.000000000000000000e+00 9.669153273209293853e-02
0.000000000000000000e+00 2.738175293496936460e-02
0.000000000000000000e+00 6.841166038116446024e-02
0.000000000000000000e+00 1.727730097576432935e-02
0.000000000000000000e+00 7.227526530092437396e-02
0.000000000000000000e+00 2.448841886995535219e-02
0.000000000000000000e+00 4.016270198625290083e-02
0.000000000000000000e+00 5.441956061334295852e-02
0.000000000000000000e+00 2.983132791278024498e-02
0.000000000000000000e+00 8.065439995564180342e-02
0.000000000000000000e+00 3.897426049435154943e-02
0.000000000000000000e+00 3.860256564699912629e-02
0.000000000000000000e+00 5.626946527831783174e-02
0.000000000000000000e+00 8.058769727872203137e-02
0.000000000000000000e+00 3.368700756466370960e-02
0.000000000000000000e+00 2.447171726033096906e-02
0.000000000000000000e+00 1.681298389230656207e-02
0.000000000000000000e+00 6.657718248798369376e-02
0.000000000000000000e+00 1.857747731715535255e-02
0.000000000000000000e+00 4.318644707053411608e-02
0.000000000000000000e+00 5.474957359042791072e-02
0.000000000000000000e+00 9.738269412084287618e-03
0.000000000000000000e+00 4.126487559777764630e-02
0.000000000000000000e+00 8.336029263782415710e-02
0.000000000000000000e+00 4.411802477733679090e-02
0.000000000000000000e+00 2.264205365036619025e-02
0.000000000000000000e+00 3.908998094540506313e-02
0.000000000000000000e+00 2.266200646232245305e-02
0.000000000000000000e+00 7.883108969873575678e-02
0.000000000000000000e+00 5.947160960132644170e-02
0.000000000000000000e+00 6.905484960527653870e-02
0.000000000000000000e+00 4.178526465012288166e-02
0.000000000000000000e+00 3.394102784821704383e-02
0.000000000000000000e+00 4.658697497336497517e-02
0.000000000000000000e+00 5.110189456810258768e-02
0.000000000000000000e+00 6.106246513080042931e-02
0.000000000000000000e+00 7.498961039107369941e-02
0.000000000000000000e+00 5.133613995026554272e-02
0.000000000000000000e+00 4.445649666218196711e-02
0.000000000000000000e+00 5.362559046249877615e-02
0.000000000000000000e+00 2.732034167890069754e-02
0.000000000000000000e+00 5.396075978076440849e-02
0.000000000000000000e+00 6.049167953721565349e-02
0.000000000000000000e+00 6.350654186144828739e-02
0.000000000000000000e+00 5.198814703994909109e-02
0.000000000000000000e+00 7.263750722873529853e-02
0.000000000000000000e+00 2.946604721430264029e-02
0.000000000000000000e+00 4.805340267803977217e-02
0.000000000000000000e+00 7.585902371321739945e-02
0.000000000000000000e+00 4.233058398334117733e-02
0.000000000000000000e+00 5.162544269862082841e-02
0.000000000000000000e+00 4.254823733418652831e-02
0.000000000000000000e+00 5.799508344201780713e-02
0.000000000000000000e+00 5.401799795709579660e-02
0.000000000000000000e+00 3.983923703433727564e-02
0.000000000000000000e+00 4.310669171132282956e-02
0.000000000000000000e+00 2.130360854107453059e-02
0.000000000000000000e+00 5.190675507461323807e-02
0.000000000000000000e+00 3.551548025601222042e-02
0.000000000000000000e+00 4.668635644713719363e-02
0.000000000000000000e+00 4.450601535190446684e-02
0.000000000000000000e+00 6.606404399795282045e-02
0.000000000000000000e+00 5.360581887404877732e-02
0.000000000000000000e+00 6.976098872293393094e-02
0.000000000000000000e+00 1.316451384518529943e-02
0.000000000000000000e+00 4.540352387979501581e-02
0.000000000000000000e+00 4.730885990987056949e-02
0.000000000000000000e+00 2.130293010559590472e-02
0.000000000000000000e+00 7.582773582755265862e-02
0.000000000000000000e+00 1.309368646336022401e-01
0.000000000000000000e+00 7.395880018501506392e-02
0.000000000000000000e+00 5.976226797963405529e-02
0.000000000000000000e+00 1.566138853924463337e-02
0.000000000000000000e+00 3.689720919910944447e-02
0.000000000000000000e+00 7.561486963088837054e-02
0.000000000000000000e+00 2.922314398573130217e-02
0.000000000000000000e+00 5.760314816752928890e-02
0.000000000000000000e+00 6.465734269557633918e-02
0.000000000000000000e+00 3.950475396574300996e-02
0.000000000000000000e+00 4.891146407440038341e-02
0.000000000000000000e+00 5.026224143800707422e-02
0.000000000000000000e+00 1.869679890548875054e-02
0.000000000000000000e+00 7.302956470464734562e-02
0.000000000000000000e+00 3.097118573629263974e-02
0.000000000000000000e+00 3.588105050220633668e-02
0.000000000000000000e+00 7.004602897423678476e-02
0.000000000000000000e+00 6.525695904595829600e-02
0.000000000000000000e+00 6.913163419536202947e-02
0.000000000000000000e+00 1.800753031282613381e-02
0.000000000000000000e+00 2.883914323650658626e-02
0.000000000000000000e+00 2.464647230094109062e-02
0.000000000000000000e+00 5.150658719986200840e-02
0.000000000000000000e+00 8.614087025732117264e-02
0.000000000000000000e+00 4.255799140452808105e-02
0.000000000000000000e+00 5.591418989146958174e-02
0.000000000000000000e+00 4.407376044222986039e-02
0.000000000000000000e+00 4.042550812874706051e-02
0.000000000000000000e+00 3.568804417471561907e-02
0.000000000000000000e+00 2.701264924023972364e-02
0.000000000000000000e+00 4.826004844265868732e-02
0.000000000000000000e+00 5.610814778167365346e-02
0.000000000000000000e+00 6.206515257765129329e-02
0.000000000000000000e+00 4.745479782035708083e-02
0.000000000000000000e+00 2.748868967733745713e-02
0.000000000000000000e+00 5.514811484964844690e-02
0.000000000000000000e+00 7.178915032710125876e-02
0.000000000000000000e+00 3.418880894689755451e-02
0.000000000000000000e+00 1.444812998664790973e-02
0.000000000000000000e+00 5.376668712519958732e-02
0.000000000000000000e+00 5.320109097253154090e-02
0.000000000000000000e+00 2.843130863468804406e-02
0.000000000000000000e+00 1.506173448377619815e-02
0.000000000000000000e+00 1.557665543716019521e-02
0.000000000000000000e+00 4.079783246927619345e-02
0.000000000000000000e+00 2.958640753585236455e-02
0.000000000000000000e+00 2.052689954668893493e-02
0.000000000000000000e+00 6.163898034898647460e-02
0.000000000000000000e+00 3.720761194843374975e-02
0.000000000000000000e+00 5.127031691101690408e-02
0.000000000000000000e+00 2.569138899178730409e-02
0.000000000000000000e+00 3.836648889647309435e-02
0.000000000000000000e+00 8.606917980675603264e-02
0.000000000000000000e+00 1.556988505490942629e-02
0.000000000000000000e+00 9.219453914919609194e-02
0.000000000000000000e+00 2.391172185093821609e-02
0.000000000000000000e+00 5.748807566955001919e-02
0.000000000000000000e+00 4.151222127308730470e-02
0.000000000000000000e+00 3.325858964721368355e-02
0.000000000000000000e+00 1.939745336886134625e-02
0.000000000000000000e+00 4.099883096434504826e-02
0.000000000000000000e+00 8.584855883777881003e-02
0.000000000000000000e+00 2.714432863867541346e-02
0.000000000000000000e+00 2.948996766301179018e-02
0.000000000000000000e+00 6.110093786492221124e-02
0.000000000000000000e+00 5.179601751389483616e-02
0.000000000000000000e+00 6.757905205256703809e-03
0.000000000000000000e+00 5.757097087531128782e-02
0.000000000000000000e+00 5.026748469075060372e-02
0.000000000000000000e+00 2.435417123670016726e-02
0.000000000000000000e+00 4.015421893832957917e-02
0.000000000000000000e+00 2.286548536002046966e-02
0.000000000000000000e+00 4.154809202665683127e-02
0.000000000000000000e+00 6.270831420775670184e-02
0.000000000000000000e+00 9.187064031624656013e-02
0.000000000000000000e+00 1.540052057053891213e-02
0.000000000000000000e+00 4.491429406074606140e-02
0.000000000000000000e+00 8.806204942742174024e-02
0.000000000000000000e+00 3.109523940997071384e-02
0.000000000000000000e+00 4.894402433840283617e-02
0.000000000000000000e+00 5.571218265113941220e-02
0.000000000000000000e+00 6.180738359459569259e-02
0.000000000000000000e+00 3.801701945480365219e-02
