2.976488431026230383e-02 3.278621071472623272e-02
3.113105719308375055e-02 3.248319722848113517e-02
3.162447930703322224e-02 3.220900037957978579e-02
3.226003330515435363e-02 3.228520356090202464e-02
3.299131837004786599e-02 3.302580784770765138e-02
3.772994776455339955e-02 3.945299371856172965e-02
3.815373321236480847e-02 4.143092209279554405e-02
3.899617911253261404e-02 3.927831570253009080e-02
4.093771019654163235e-02 4.240381336161155174e-02
4.157171414389422559e-02 4.247609350215057755e-02
4.299492121829755209e-02 4.341534146035710973e-02
4.620870159848381592e-02 4.641023456991263951e-02
4.728767257109299516e-02 4.953918315071990930e-02
4.937810446005705400e-02 5.150502406437005437e-02
4.943765998766837949e-02 5.190134031723309116e-02
5.018485536441007894e-02 5.179085701747161014e-02
5.098119634733475070e-02 5.132398618628209591e-02
5.147979166231476944e-02 5.163409790123436177e-02
5.151098356468615524e-02 5.163821646128657211e-02
5.202456247840098885e-02 5.532127512543568576e-02
5.214365942331611325e-02 5.376022356850519712e-02
5.222252528881350664e-02 5.225800359307149895e-02
5.291272588645864333e-02 5.515714129377505964e-02
5.387737171295432781e-02 5.388477495080807450e-02
5.507562133866397702e-02 5.750960777669120866e-02
5.541444706913174062e-02 5.584691834592332704e-02
5.573251704101744169e-02 5.573296914058525203e-02
5.683529233261309932e-02 5.848726669394110206e-02
5.692626159383994133e-02 6.832397928767040829e-02
5.801685253015094468e-02 6.802501933489171759e-02
5.863923881733945631e-02 5.906049881713268390e-02
6.036073455412408612e-02 6.314450557848597101e-02
6.043307196979103013e-02 6.204090558464343125e-02
6.086404101421553220e-02 7.066683745298446562e-02
6.087187230598885279e-02 6.095527197629266314e-02
6.109489861658345955e-02 6.164901087619177600e-02
6.111766753546563763e-02 6.311995879234499895e-02
6.111867187469199186e-02 6.589008610113269993e-02
6.132405988065679769e-02 6.136526023042597477e-02
6.132981938715038189e-02 6.528967482072244033e-02
6.187482908709905638e-02 6.526342128444966029e-02
6.202566145334659914e-02 6.618413184336724431e-02
6.228531288337365440e-02 6.418755567557432595e-02
6.305942722563140368e-02 6.307534591164178084e-02
6.306662689806724620e-02 6.342002629227370958e-02
6.371640028029743053e-02 6.796847124290708586e-02
6.402429305981324759e-02 6.463191567156907624e-02
6.417946148721714872e-02 6.418186804678621682e-02
6.446893176456565400e-02 6.741193142724721810e-02
6.455238173399052704e-02 6.754362645496804485e-02
6.455386022784655176e-02 6.596428481120977794e-02
6.484066266661810130e-02 6.545739456109191112e-02
6.529552033174655656e-02 6.551395412571968391e-02
6.537714083130935494e-02 6.946053264891799417e-02
6.563476561233649864e-02 6.737728721750980976e-02
6.574484441096005438e-02 6.901932402092132712e-02
6.578323819381926008e-02 6.579008621164543491e-02
6.581072570963467094e-02 6.675376419094110336e-02
6.596864699600857307e-02 6.815414559288053564e-02
6.616043247827158025e-02 6.704197964041842817e-02
6.647205612172803202e-02 7.254861748801348653e-02
6.654339849047402611e-02 6.677605488631598030e-02
6.655317393926038494e-02 6.655564135947539262e-02
6.677270259261479379e-02 6.694331280532082873e-02
6.681074201200877527e-02 6.890635485248111647e-02
6.689345812877940667e-02 6.859903561641943204e-02
6.754547396196194931e-02 6.818109207057197751e-02
6.765388552515239073e-02 6.892454214814805469e-02
6.766411740000453923e-02 6.849529025068122612e-02
6.804606632880055850e-02 7.598928842956910457e-02
6.827362738216533056e-02 6.975499800289650110e-02
6.850803878264939695e-02 7.510151175339728480e-02
6.860300862658230692e-02 7.602199239579381096e-02
6.863260506116190818e-02 7.408647300362343480e-02
6.886657774525827003e-02 7.142695139193412646e-02
6.932114051549374822e-02 6.991995284992792714e-02
6.946271018455586754e-02 7.776401890810374917e-02
6.948919932614829043e-02 7.374026501641671449e-02
6.958045860947398298e-02 7.044054092324184002e-02
6.965130566254727762e-02 7.040988516731443159e-02
6.968164284847620793e-02 7.376241799063605609e-02
6.986108000399349205e-02 6.986174913353040972e-02
7.046825804390074999e-02 7.070735828642796261e-02
7.136248451315954644e-02 9.361065377490473960e-02
7.137936539693298665e-02 7.350557655933850909e-02
7.141460362438428744e-02 7.435917229644888049e-02
7.171263836410694814e-02 7.179053762376916281e-02
7.172647150208090461e-02 7.172907747492855701e-02
7.220071032023568647e-02 7.229792908808939378e-02
7.258750562954552343e-02 8.027137785842763940e-02
7.269710069985904632e-02 8.016831504486368609e-02
7.279149233107300165e-02 7.551072589668784973e-02
7.292302532104136259e-02 7.344730578112515507e-02
7.292398307366754207e-02 7.375644199423930791e-02
7.370398188713167542e-02 7.452789789454010438e-02
7.387410443437622543e-02 7.393456247969872053e-02
7.413049719314362962e-02 8.467079508347619132e-02
7.434023807720344101e-02 7.846013549641593643e-02
7.456760499217558735e-02 7.686725110544327666e-02
7.504144320270149382e-02 8.490788902064370924e-02
7.554428083795326765e-02 8.123912809278947822e-02
7.595974460768027681e-02 7.596934305089213246e-02
7.596135743722394473e-02 8.956260291772272231e-02
7.631785354565007173e-02 7.999361067956985150e-02
7.643866783445581181e-02 7.882685849962473013e-02
7.708503837600270969e-02 7.722959890535018024e-02
7.712326175535391681e-02 8.297533638992497795e-02
7.720181559197124288e-02 7.941044142241215908e-02
7.734456489401153600e-02 7.799186400646808404e-02
7.738742974680405673e-02 7.760792420703453709e-02
7.749893722260245421e-02 7.766657133829252269e-02
7.764599046510656244e-02 7.831423089511860280e-02
7.856182674821889089e-02 8.557251638895668755e-02
7.861171438582265081e-02 1.594231203899558469e-01
7.885348511596552978e-02 8.303162301629915532e-02
7.895704856500655733e-02 8.630377027698026005e-02
7.937090142168816420e-02 8.096855028448647629e-02
7.946928873868994159e-02 8.341074757771320403e-02
7.947451751439776890e-02 7.948770824813240765e-02
7.963082094748322182e-02 8.011277702769530051e-02
7.993642482499928315e-02 9.619028640521681828e-02
8.003045573403963497e-02 8.277257499766306481e-02
8.008092806695410459e-02 8.346991808300131821e-02
8.021766409876086856e-02 8.903152920188872610e-02
8.025675367520471171e-02 8.063850175336935433e-02
8.034419843274237527e-02 8.328573336112216063e-02
8.037902399105931184e-02 8.152423371578437772e-02
8.062973776732307307e-02 8.123466723198080608e-02
8.069992790610368283e-02 8.096003493462010370e-02
8.091705617944441875e-02 8.200315511107181266e-02
8.112462395828873296e-02 8.170971176943364611e-02
8.113261253498935122e-02 8.237672429734711754e-02
8.152297068010450065e-02 8.164671151298973084e-02
8.174519634545575342e-02 8.204291777250019568e-02
8.215409040669117979e-02 9.355408793845537696e-02
8.223874271770180433e-02 1.049745924035702660e-01
8.224207795244072028e-02 8.386266456283504589e-02
8.254471214786325561e-02 8.369556491415218458e-02
8.254553245290774388e-02 8.420318945018263890e-02
8.269902348236170264e-02 8.364931594886781951e-02
8.274804378950753603e-02 8.355828170692994328e-02
8.275786386662628558e-02 8.300735342635620628e-02
8.302010602030689135e-02 8.652225007986293071e-02
8.316640875753189555e-02 8.320191736331634946e-02
8.316826670165901325e-02 8.577881141542351151e-02
8.317941843422667347e-02 8.494241133872898475e-02
8.323131501874558857e-02 8.331845867407934592e-02
8.337849313496108195e-02 8.358877183331291094e-02
8.357300150859084398e-02 8.789762190268449182e-02
8.361104939193049479e-02 8.382398497914278490e-02
8.365293940013675267e-02 1.186031157021330135e-01
8.402454034496573132e-02 8.708243904772698663e-02
8.402926210816391572e-02 8.540657712512583766e-02
8.418354368834553292e-02 8.421501771855716134e-02
8.449170445958102682e-02 1.061185371579848741e-01
8.474700018713128558e-02 1.205766020355252960e-01
8.497692237431096751e-02 1.141652997807692943e-01
8.545263049958659596e-02 8.611713795573845698e-02
8.585032923155434814e-02 8.689533995267442745e-02
8.598684498721063940e-02 1.026094412293985375e-01
8.601522997810011339e-02 8.608822828597516297e-02
8.602464748902288738e-02 8.602510428103259110e-02
8.602876705832163129e-02 8.604200350013188614e-02
8.605247192103365750e-02 8.661680337560700993e-02
8.605420653723613866e-02 8.622496432827743418e-02
8.608515429322279033e-02 1.314600932594124916e-01
8.623503952035696529e-02 8.634476935270182785e-02
8.654758192874373313e-02 9.371361163220366663e-02
8.671461513695773171e-02 8.775331795749088948e-02
8.691117518714548684e-02 8.696904745652589419e-02
8.731735021910289052e-02 8.741202438628062343e-02
8.734666432871265873e-02 1.115321008892605908e-01
8.736798282267761728e-02 9.132346601117309615e-02
8.764969083439402842e-02 9.279734284623189500e-02
8.772044265349833447e-02 9.071124655933121561e-02
8.834453276945919420e-02 8.838044338127017119e-02
8.836310882020190216e-02 9.064197317987413016e-02
8.852868139303217421e-02 9.412038591253284181e-02
8.860898131092109775e-02 8.864687311681603010e-02
8.897719429513592515e-02 1.088987386655248107e-01
8.899391165391304370e-02 8.958756890822719421e-02
8.903898555517736346e-02 8.911540775730132646e-02
8.934665531653984694e-02 9.699507694682657499e-02
8.949869160241646915e-02 8.953785172554039329e-02
8.950634190780322463e-02 1.095994641511602169e-01
8.957260143550449527e-02 8.998041562523867443e-02
8.963126551220979010e-02 9.271196028913865350e-02
8.990155386576659247e-02 9.185896463926807032e-02
9.005946292415790977e-02 9.650160468118877677e-02
9.013401777971606632e-02 9.240468865664666631e-02
9.017837158602533265e-02 1.122789510981794664e-01
9.017962088357257822e-02 1.384986240385550071e-01
9.034468211927974834e-02 9.068854568408020456e-02
9.034517214997378476e-02 1.024029016073578074e-01
9.052067932028499964e-02 9.109997576608687420e-02
9.064452700110163519e-02 2.045489176731559722e-01
9.065257171174147255e-02 1.198167267330784713e-01
9.075943090461960350e-02 9.164388325498382115e-02
9.119434428762059064e-02 9.181984216102968832e-02
9.123674626048501601e-02 1.015805044454125006e-01
9.133226557706265736e-02 9.664191241785169417e-02
9.159663630452895278e-02 9.255092984413999802e-02
9.173000764224178982e-02 9.175551700208992023e-02
9.175047254907474359e-02 9.178595583515576639e-02
9.197565561567405679e-02 9.891949900520945194e-02
9.207211713096941086e-02 9.264955680639357094e-02
9.223470543691252022e-02 1.403261700723900385e-01
9.258864896824148261e-02 9.762279504663616547e-02
9.292031701448931480e-02 9.297660303547036764e-02
9.296164132631161425e-02 9.835448929324297485e-02
9.301301260018900174e-02 9.314668643089409061e-02
9.323895439475551883e-02 9.381234094502609311e-02
9.325913524369242036e-02 9.588467618521707980e-02
9.365771474273658359e-02 1.857270169870920695e-01
9.366769016215065191e-02 9.528327765254383797e-02
9.385781776190615933e-02 9.392957273489258019e-02
9.388566382559800083e-02 1.008216224264778804e-01
9.401768011743090458e-02 9.406623576059092162e-02
9.438912471115559755e-02 9.687864081518181292e-02
9.458673219432976731e-02 1.533180986464497964e-01
9.468541919854268907e-02 2.176819732563718135e-01
9.476226035768849087e-02 9.486475447688595686e-02
9.477029910717493788e-02 9.485549846536346641e-02
9.505890350378813636e-02 9.804514365334004999e-02
9.519001081249324481e-02 1.011550633714084629e-01
9.530918857800285693e-02 1.493700086460224841e-01
9.549946964697818286e-02 9.660231594854523651e-02
9.563229359432093291e-02 1.085124041857304239e-01
9.572373714990828342e-02 9.686665833116910040e-02
9.607199332515496681e-02 9.740349245505454390e-02
9.607760727540340384e-02 1.103085993373208173e-01
9.613195934717247426e-02 1.314216419517382772e-01
9.632696607367705055e-02 9.651849998974368350e-02
9.662322714975657423e-02 9.728153283974350085e-02
9.679660480294170755e-02 1.935440747978748599e-01
9.686740510955639538e-02 9.728320790932663831e-02
9.687621204486521198e-02 9.821750091046357878e-02
9.763127978915342453e-02 1.180175524676603110e-01
9.781693715475237028e-02 1.462164831064700909e-01
9.796176143006297965e-02 1.051502013952508030e-01
9.819609539386536801e-02 1.161905687280004595e-01
9.842614317973244487e-02 9.917608693057265723e-02
9.849534774773642531e-02 9.940546288767325434e-02
9.861265426584293892e-02 9.958082360980134717e-02
9.923264135795394070e-02 1.022297336965010545e-01
9.927101758778843210e-02 9.928997739183263727e-02
9.964665684938124601e-02 1.006807851031408380e-01
9.972666368619416410e-02 1.107435377224450929e-01
9.973925323238889973e-02 1.006890131316629383e-01
1.003209469711648372e-01 1.007010561116808839e-01
1.005559711568012604e-01 2.227592883380196398e-01
1.009241281963251385e-01 1.726421359826134649e-01
1.010462482819980967e-01 1.022636989872509616e-01
1.011196651871902330e-01 1.228227825008011698e-01
1.011222540279356347e-01 2.194514736980177905e-01
1.013689508855115107e-01 1.150120547946459348e-01
1.014099644611497625e-01 1.130098608115860243e-01
1.014495914994682363e-01 1.074557155466226988e-01
1.015692627647801216e-01 1.449196679645246011e-01
1.015936121195475661e-01 1.018784760628862612e-01
1.016047138696012930e-01 1.216059568693833859e-01
1.017425354039724478e-01 1.059332403559137131e-01
1.017696699164576252e-01 1.125072335562683767e-01
1.017731413816960473e-01 1.050431383103023752e-01
1.020877701079437733e-01 1.806274903553315159e-01
1.021081093331129980e-01 1.077666900068284389e-01
1.022342253798210199e-01 1.108634448700709652e-01
1.023610652661823273e-01 1.036783455570384066e-01
1.025061524909120780e-01 1.132504438842295430e-01
1.027068964958153252e-01 1.028060216664335863e-01
1.028566202778264521e-01 1.156863882678433458e-01
1.028956044411630660e-01 1.044269301394458865e-01
1.029746985545314519e-01 1.033646458378206373e-01
1.030048798155458328e-01 1.078456824978041850e-01
1.030169550327827976e-01 1.093168922643579788e-01
1.031130434618904301e-01 1.073298919460849987e-01
1.032253031242973684e-01 1.032484035509785292e-01
1.033265884818097696e-01 1.045684662095566902e-01
1.033533364161912244e-01 2.160839422790390707e-01
1.034396331061996077e-01 1.638275056204550606e-01
1.035066582250813300e-01 1.213934488442575954e-01
1.036034557968199404e-01 1.069350014342840827e-01
1.036842225770015918e-01 1.590771325728767283e-01
1.037472892094892796e-01 1.039606448640330860e-01
1.037494534614878533e-01 1.228216017651096170e-01
1.038084696272892488e-01 1.087989486797478478e-01
1.039786805248813367e-01 1.044926801324034260e-01
1.040044077212820411e-01 1.052442305020880736e-01
1.040867551592252888e-01 1.072793638868956151e-01
1.046723273402789672e-01 1.464647085388424697e-01
1.048712408198623075e-01 1.053619094195928502e-01
1.048758082341486736e-01 1.138752722511564425e-01
1.049276724235212177e-01 1.078842542511369573e-01
1.049639238581886319e-01 1.083805505584874290e-01
1.051234136021057392e-01 1.051468365718857267e-01
1.051797362263530572e-01 1.053082395096127943e-01
1.052767687032412774e-01 1.075342821543734673e-01
1.054017586717867216e-01 1.075538887584158859e-01
1.054284912725644840e-01 1.146771630666778147e-01
1.054814839043232422e-01 1.073248066211644619e-01
1.057057522154065538e-01 1.082677147025694342e-01
1.057911264570229881e-01 1.072192892047692664e-01
1.058967499437708376e-01 1.146766421178814360e-01
1.059077428576722379e-01 1.064560154586929874e-01
1.060009421736661239e-01 1.579765236506081583e-01
1.060100814517532380e-01 1.369282650089483355e-01
1.062248572809055408e-01 2.240873137081917377e-01
1.063228092803814168e-01 1.159305241084516713e-01
1.063295749400923890e-01 1.212075232780429057e-01
1.063302035626392944e-01 1.064092201735683529e-01
1.063951623648929645e-01 1.065255471880172250e-01
1.064048187512126598e-01 1.437957843043789208e-01
1.064646633500659495e-01 1.072392198882337888e-01
1.064720163768693856e-01 1.080321418360669500e-01
1.067105495067846993e-01 1.360366055744344771e-01
1.068728342641504792e-01 1.153147757152008929e-01
1.071507759501777735e-01 1.086510851434518560e-01
1.072744907121322561e-01 2.208549983198251909e-01
1.075145121206119436e-01 1.076113541309835636e-01
1.075544556659727702e-01 1.086166040406751215e-01
1.078739303861509513e-01 1.104363827988303765e-01
1.081172624457577558e-01 1.084775078436593793e-01
1.082763347131346365e-01 1.301950158992162820e-01
1.085906159928023279e-01 1.396643829270113046e-01
1.089835971341141935e-01 1.091417274700953732e-01
1.090669542225202043e-01 1.195075163521339551e-01
1.090737571530668998e-01 1.804866291258084843e-01
1.092354085643092027e-01 1.092716406735394913e-01
1.094021125068355138e-01 1.584774947955963631e-01
1.094710614537682952e-01 1.203054694903957916e-01
1.098819214671830635e-01 1.533523220040111656e-01
1.101864622117466330e-01 1.525752767704529056e-01
1.103308352721177749e-01 1.136673295092472391e-01
1.106959647420596715e-01 1.251068528040610306e-01
1.107478510807053951e-01 1.111869833776023969e-01
1.109573732172816213e-01 1.146392894645819616e-01
1.109986428997455088e-01 1.113386439463127514e-01
1.111344998473173390e-01 1.178317465517184220e-01
1.114733515484352816e-01 1.979734934433458604e-01
1.117443952897109322e-01 1.128664507480571511e-01
1.117879904387721751e-01 1.118043711615402669e-01
1.118654103671794797e-01 1.194903412365375811e-01
1.119435971738097363e-01 1.136487704338716292e-01
1.121807203917874474e-01 1.311955612186512798e-01
1.122942941330841576e-01 1.132041954020097108e-01
1.126677191270126777e-01 1.169678993729456190e-01
1.134262423690968330e-01 1.881456555138297515e-01
1.135211488402315394e-01 1.223473273159095820e-01
1.135723281124536022e-01 1.491078560867142577e-01
1.136629641534556423e-01 1.138580072478093952e-01
1.137296392995835737e-01 1.137336583249649452e-01
1.138408800700167894e-01 1.506185579420323828e-01
1.138758268458031353e-01 2.154729529024493884e-01
1.139099494744970631e-01 1.146022609728848674e-01
1.140351089471985657e-01 1.141724852133238488e-01
1.140558098429619999e-01 1.140673958208806432e-01
1.141053536114655931e-01 1.226771344401077629e-01
1.143239353515703716e-01 1.147104414458578747e-01
1.143554913698587028e-01 1.192411843286413364e-01
1.145079311914528747e-01 1.221028702397464472e-01
1.145971839949809917e-01 1.575743779635650210e-01
1.146034413757850423e-01 1.155314112790915976e-01
1.148333120566097793e-01 1.183495742982512144e-01
1.148575442266423080e-01 1.174738113629443109e-01
1.150892886421269329e-01 1.197490136892126050e-01
1.151344157385748718e-01 1.223793423515595474e-01
1.151608033630634048e-01 1.157530666344844666e-01
1.156634410084841913e-01 1.163449403563703022e-01
1.158361290451771913e-01 1.240323988510242531e-01
1.158876384234862056e-01 1.681021769097626462e-01
1.159846859872703667e-01 1.170083233461006178e-01
1.161207325427287412e-01 1.172043062948406184e-01
1.161293548770847839e-01 1.206501008869501068e-01
1.163034646028751617e-01 1.176851963961222658e-01
1.163760913987047091e-01 1.164274752327578016e-01
1.166212845548150606e-01 1.181093563317306416e-01
1.167558565327436043e-01 1.185283330628094517e-01
1.167831770787523260e-01 1.661125660262470771e-01
1.169511108601107852e-01 1.324374772312235382e-01
1.170334316007705516e-01 1.174497088496791602e-01
1.171601606890839004e-01 1.178688369081485193e-01
1.173387609605167498e-01 1.385023455397990100e-01
1.176430592302159933e-01 1.176610854394243427e-01
1.176674282748220307e-01 1.182863718505553774e-01
1.177318469586234317e-01 2.099742505988033969e-01
1.179414584911741559e-01 1.180435712704739765e-01
1.179953565608290594e-01 1.281580393506507598e-01
1.182794805886323436e-01 1.188774667989287437e-01
1.183300891067708971e-01 1.183378581606352176e-01
1.184045678894717346e-01 1.195209130630871808e-01
1.184693485608077773e-01 1.402306719286486314e-01
1.186865345959081663e-01 1.380917530613050004e-01
1.187233737132624145e-01 1.783340769269690373e-01
1.189435325755467399e-01 1.189452037771708409e-01
1.189692858431726091e-01 1.584000371131113472e-01
1.190562971194163572e-01 1.270455806476794292e-01
1.192722881592609696e-01 1.263270177572892450e-01
1.192852421799577844e-01 1.205135676253996507e-01
1.193430738892093945e-01 1.212316791246696862e-01
1.194325340252557349e-01 1.195499396735874298e-01
1.203317199849621849e-01 1.417155974976324062e-01
1.205270549714648615e-01 1.207824608765698388e-01
1.205514290722792259e-01 1.524658855150334835e-01
1.206435740776288096e-01 1.302676694266817203e-01
1.209380300465862784e-01 1.282214751838635369e-01
1.211241208293995925e-01 1.361821388680527489e-01
1.214708961395915415e-01 1.252377296064912937e-01
1.217148965390473653e-01 1.233538890616730777e-01
1.218039436662609470e-01 1.218712105801152412e-01
1.221557680749567748e-01 1.356541041303502559e-01
1.224066248388662320e-01 1.256573978828368632e-01
1.227161101774133928e-01 1.933246801911112922e-01
1.228745764527085227e-01 1.562870780755956368e-01
1.231730257408845119e-01 2.042401870961591537e-01
1.232318631854967539e-01 1.234819974297849676e-01
1.232758639856320754e-01 1.233338000676207358e-01
1.232822544764295980e-01 1.265384407641472198e-01
1.234935662453236632e-01 1.512528884780031946e-01
1.235821229122986142e-01 1.275280277759867631e-01
1.237259866841523420e-01 1.241059863572300664e-01
1.239256133110412245e-01 1.270463133275512302e-01
1.240727020159458349e-01 1.684633154260373189e-01
1.241201725137469764e-01 1.436123583392126257e-01
1.245362170458354095e-01 1.395255481102923578e-01
1.252954673090383442e-01 1.301720162736144382e-01
1.254895224007583354e-01 1.255107362884056721e-01
1.255591225989581006e-01 1.256242625844163352e-01
1.257262555023956063e-01 1.324882078532321483e-01
1.263904366125109535e-01 1.291606606284257663e-01
1.267835088523236176e-01 1.312446358985608630e-01
1.269394148358437557e-01 1.394064133279837303e-01
1.271943114341591574e-01 1.272038244376623717e-01
1.277148722970821160e-01 1.352066039181312462e-01
1.280224810117870649e-01 1.289717945962423895e-01
1.285868597238997990e-01 1.506636259659198673e-01
1.291137560047946886e-01 1.294194607047399193e-01
1.291257525917876570e-01 1.475395706287510045e-01
1.292305821707541991e-01 1.294077063953712470e-01
1.295661098588329063e-01 1.427269667235850081e-01
1.299490783948685502e-01 1.663001322101228252e-01
1.300908199175227486e-01 1.302680559653713321e-01
1.301587809711286237e-01 1.347961304798174498e-01
1.308462439079238482e-01 1.403965414646281273e-01
1.309831584030402007e-01 1.355625274864250274e-01
1.311508638151456796e-01 1.311509614344271157e-01
1.313228491587653535e-01 1.313424700027127634e-01
1.315217489915224969e-01 1.717212395225799215e-01
1.316948312788597808e-01 1.353546237742348224e-01
1.318427699338565739e-01 1.318919452789363012e-01
1.321473426466643897e-01 1.321810595703722391e-01
1.322252838946591236e-01 1.323330253289639324e-01
1.325425330992631157e-01 1.337958392725603074e-01
1.327265328552888479e-01 1.327322352032491437e-01
1.331022006323201445e-01 1.420955296911322330e-01
1.331128205758878025e-01 1.458258257570059224e-01
1.331870071696346081e-01 1.445315081720238148e-01
1.337246610847105110e-01 1.340266375716247516e-01
1.337541466730510220e-01 1.342359028573338331e-01
1.341407333894402143e-01 1.387670797660953692e-01
1.342739064954700523e-01 1.343207727920294747e-01
1.356464852705926705e-01 1.411890711358068373e-01
1.359285958640809866e-01 1.359339347797744457e-01
1.363851398893304867e-01 1.567876545780127195e-01
1.366622122036790232e-01 1.377790481811053402e-01
1.366730315766983006e-01 1.520158515113402276e-01
1.367110233934953900e-01 1.453678442253897862e-01
1.370714284390044668e-01 1.532839761937307421e-01
1.371873733017122121e-01 1.377235755453389554e-01
1.372082198174995882e-01 1.565508376555855563e-01
1.374261627288878296e-01 1.797275951661916893e-01
1.375022235629458911e-01 1.492814944504630703e-01
1.375380286434476074e-01 1.473678349354821393e-01
1.375774680463284494e-01 1.378312157532559645e-01
1.376019264245808837e-01 1.390191286790999348e-01
1.376032124853769356e-01 1.378159322168457657e-01
1.378601380872628290e-01 1.378939185423949110e-01
1.379686699653376591e-01 1.735366572273918662e-01
1.382871268882507054e-01 1.881704140856969021e-01
1.387956496202623069e-01 1.661254588239276520e-01
1.390098400324978334e-01 1.392997429176679736e-01
1.390415588120750834e-01 1.401329936346393523e-01
1.391039083690858436e-01 1.415724042189503984e-01
1.393317950691780882e-01 1.399065355762253160e-01
1.396806992873848574e-01 1.396807441439277264e-01
1.397438225436918868e-01 1.452049167890384906e-01
1.397885969424556007e-01 1.463673755984356561e-01
1.399976476169534356e-01 1.399996225893746227e-01
1.402336166059454658e-01 1.639239594712052495e-01
1.402750075367021065e-01 1.412329014652890791e-01
1.403693684337884162e-01 1.423221801009961485e-01
1.404326292802633991e-01 1.404899578835112905e-01
1.404749150372625044e-01 1.452813482110181798e-01
1.408797263345201445e-01 1.409986191153738411e-01
1.409715159806093077e-01 1.411357879619646039e-01
1.410865146945995685e-01 1.415615435410073619e-01
1.410964197070307957e-01 1.459947445030626012e-01
1.417341505811563207e-01 1.451794596433946261e-01
1.417747070558632583e-01 1.864274223760273019e-01
1.427674697622900724e-01 1.450543674027217067e-01
1.428674017774851090e-01 1.430806008401579454e-01
1.433837055604911814e-01 1.434477306331456703e-01
1.441837881075734296e-01 1.442344399119535603e-01
1.443172045463174402e-01 1.512911178097125775e-01
1.450695659932407511e-01 1.767218531811432514e-01
1.453350103193861986e-01 1.458035776821846319e-01
1.457979710239184490e-01 1.878829325436559283e-01
1.461959342123117511e-01 1.474075488537997802e-01
1.464978878242455262e-01 1.479631041004625946e-01
1.466555173692850600e-01 1.467826988028100577e-01
1.467671993826720478e-01 1.479797734946137755e-01
1.472196380610241440e-01 1.481868942084505203e-01
1.473834844939356514e-01 1.968788926694128305e-01
1.474569839538551197e-01 1.513967040686262922e-01
1.475819920388163342e-01 1.478145091452515436e-01
1.480332417249613508e-01 1.481324123238941526e-01
1.482244340148313744e-01 1.526082530466063569e-01
1.482318831992705532e-01 1.516805215940213170e-01
1.485231437131726284e-01 1.488545160170654524e-01
1.485864500881731443e-01 1.760953947070635905e-01
1.488402036440059362e-01 1.549875524265615645e-01
1.492423315225120950e-01 1.543176753104505139e-01
1.495882282876976055e-01 1.505334168673267414e-01
1.496904446239510633e-01 1.542675225785954674e-01
1.501983316209697383e-01 1.527510700729096393e-01
1.504872601652318675e-01 1.637896741622425489e-01
1.508057665767851829e-01 1.520665617452499341e-01
1.509056252525128872e-01 1.516922394090951809e-01
1.509087815304379077e-01 1.516894983151547971e-01
1.511377711076334895e-01 1.544739152439707774e-01
1.511982076224664406e-01 1.513373786848121461e-01
1.516854121018362533e-01 1.565723002676498998e-01
1.527271451124350143e-01 1.537065717212396931e-01
1.535574892282303150e-01 1.589941113530693728e-01
1.537978109892391698e-01 1.538422094523994310e-01
1.538236690407766283e-01 1.547175042622273844e-01
1.539164509654732671e-01 1.539722441497543282e-01
1.546850064792646973e-01 1.547791795879611132e-01
1.548320984597495731e-01 1.554689537926156606e-01
1.551428992543342211e-01 1.900694672793253881e-01
1.554032795087359475e-01 1.557462111054013221e-01
1.556311953700444117e-01 1.569701767604613774e-01
1.570884668302474363e-01 1.570886655518224095e-01
1.571338261539151904e-01 1.579627655032833367e-01
1.572492710080769240e-01 1.741887200772979094e-01
1.585313915046495381e-01 1.588731666211699312e-01
1.590402253797529863e-01 1.594162709435612002e-01
1.621836538662975724e-01 2.033718505486952488e-01
1.623894667918777401e-01 1.748892329300196224e-01
1.625466744573453581e-01 1.636579072874031759e-01
1.626690654390468560e-01 1.634030992004442129e-01
1.629560518686272441e-01 1.629916735983138742e-01
1.633177028153853239e-01 1.833743152946886168e-01
1.633305968950095610e-01 1.715542264097457692e-01
1.643724567903105116e-01 1.660479630928785866e-01
1.661789483437450254e-01 1.668839280030430250e-01
1.677606447803257073e-01 1.738400288522103376e-01
1.694347014763643577e-01 1.710997854962702514e-01
1.695365671935990803e-01 1.712570027187045874e-01
1.708486885784845088e-01 1.708487445345441835e-01
1.711656426027597933e-01 1.728390985390059198e-01
1.720725914660129752e-01 1.721554148384148442e-01
1.727345072699335848e-01 1.794751085613877362e-01
1.745421225384185815e-01 1.748433184360542736e-01
1.747117600616021060e-01 1.762488800690506230e-01
1.750111759770281161e-01 1.750612523630282191e-01
1.756203454191796742e-01 1.759451693925893900e-01
1.766399794239071064e-01 1.886137355224178080e-01
1.767160203164189480e-01 2.068930784511625043e-01
1.773838214031694116e-01 1.833434911215000851e-01
1.783593782912589465e-01 1.784357264171874402e-01
1.788982117573182651e-01 1.788982143599149310e-01
1.791179895595275406e-01 1.858838079774112750e-01
1.797379277268313646e-01 1.802603314138206403e-01
1.801412886761623033e-01 1.846028368122853147e-01
1.808307274874360049e-01 1.860443258254657062e-01
1.830504731819649344e-01 1.830509912523885230e-01
1.838983715372355388e-01 1.843366422603966437e-01
1.843724394264132649e-01 2.156239506259886585e-01
1.844682514538954488e-01 1.844711030041864819e-01
1.858540555651609361e-01 1.863106965810001348e-01
1.892380505672642266e-01 1.961779871607071402e-01
1.906162330904064284e-01 2.014922419721667246e-01
1.909460691074279237e-01 1.909822480798130939e-01
1.909853893042491313e-01 1.953571720097211084e-01
1.920884829687304340e-01 1.928558629620978904e-01
1.967065670733663396e-01 1.979032930223760256e-01
1.988345392608115714e-01 1.988665479653777823e-01
1.994126808203094403e-01 1.994241951769430699e-01
2.028168824233651524e-01 2.090951237182212541e-01
2.031161690778005291e-01 2.031262983359446994e-01
2.031573405205807370e-01 2.084409645356990470e-01
2.034745607165739101e-01 2.036322615184177065e-01
2.035460226118527005e-01 2.036648655332648772e-01
2.038787169231103258e-01 2.147323655228259021e-01
2.044826205711626210e-01 2.066225300727396186e-01
2.117169605249008546e-01 2.119383075326439492e-01
2.148268253910241010e-01 2.151039619137145587e-01
2.170040831073337118e-01 2.170938160946361273e-01
2.173129328008840677e-01 2.173476075750672976e-01
2.208911534222621487e-01 2.215786697294453989e-01
2.254190454332493099e-01 2.254330715947396591e-01
