4.965916893184280090e-02 5.048823400764865243e-02
6.781861519819078199e-02 7.169018763116129234e-02
7.520833264261174433e-02 7.523250352053287293e-02
7.553006120980824967e-02 7.553770145470513342e-02
7.698086390679510782e-02 7.698098599829573951e-02
7.743206680322053947e-02 7.765336737529290878e-02
7.809715741215125795e-02 7.809733552955346048e-02
7.880575897333909341e-02 7.889382735599453911e-02
7.900267247177919505e-02 7.935910543230344227e-02
7.931967651167204370e-02 7.936552004450447839e-02
8.138049182081402710e-02 8.189892229812635593e-02
8.293960144085558983e-02 8.439603043629688439e-02
8.310541665904978836e-02 8.313888007716974116e-02
8.434756933324517869e-02 8.438005738327633565e-02
8.599923323543082199e-02 8.607002536420831074e-02
8.749520750424120974e-02 8.776244751874490158e-02
8.762646090613203376e-02 8.770807943263843331e-02
8.776724619055904786e-02 8.812794975847476620e-02
8.805214645327187617e-02 8.965652227012785302e-02
8.833276225082137278e-02 8.833730632109804137e-02
8.899697619350044331e-02 8.920968607966014985e-02
8.915120931333962717e-02 9.080074629561411814e-02
8.941852029920686895e-02 8.960055411099887568e-02
8.944131023379560397e-02 9.002176560074430511e-02
9.056237999420856111e-02 9.091011250627691054e-02
9.243055056095267341e-02 9.582173084972971100e-02
9.267979005632678846e-02 9.273646770438565001e-02
9.291776503514019570e-02 9.314011278457601239e-02
9.312033777223591158e-02 9.330135893452794205e-02
9.313806483204424558e-02 9.320724235054150819e-02
9.356611041545834229e-02 9.379805028568029279e-02
9.365508356733602546e-02 9.400144161854513680e-02
9.449759236426295839e-02 9.543998253797096598e-02
9.457390857835731857e-02 9.745052722373449827e-02
9.459798169894108322e-02 9.600770876845868274e-02
9.469595411775440230e-02 9.575117028088135640e-02
9.475280587824205791e-02 9.495393951648230246e-02
9.594598737059462090e-02 9.619170639393519184e-02
9.595701558215155580e-02 9.694069290479356837e-02
9.639222969266512953e-02 9.647714957030538441e-02
9.644720467561093691e-02 9.646514479971213252e-02
9.676289588965976407e-02 9.697863161328802717e-02
9.765322669893795882e-02 9.768258821635478206e-02
9.766058775973651684e-02 9.796114544392238443e-02
9.768149124717498410e-02 9.799504409768944324e-02
9.796476219177983891e-02 9.834154754001508958e-02
9.817396799347812009e-02 9.823445123835310155e-02
9.824762959858299172e-02 1.025108462562647205e-01
9.914966240713149470e-02 9.915677816309828585e-02
9.940406039261631688e-02 9.963156068932479958e-02
1.002558964057671115e-01 1.002946853529907006e-01
1.008646166972174962e-01 1.008958430074646112e-01
1.009777516941617742e-01 1.009939780176746099e-01
1.011072253622262301e-01 1.015732375889602246e-01
1.012215299567438415e-01 1.012644485192097377e-01
1.016164359569645265e-01 1.018384777574628114e-01
1.027244078313795383e-01 1.051344526624189285e-01
1.028942858383833092e-01 1.064519503792800414e-01
1.029300593413409182e-01 1.071350517572702693e-01
1.029787107444580796e-01 1.030272329494031913e-01
1.030498212968049276e-01 1.030973228432640748e-01
1.034458436031833184e-01 1.037586799697683276e-01
1.036621048009198770e-01 1.041594076880480030e-01
1.038413616952876400e-01 1.038860825986177988e-01
1.040195032387871282e-01 1.053578396210507057e-01
1.042474725345886866e-01 1.043063297888164181e-01
1.043221646185464035e-01 1.046016348845871802e-01
1.048786979108674022e-01 1.062876461290065966e-01
1.049440050063496221e-01 1.049862017368999589e-01
1.050100457121176528e-01 1.050566847692673833e-01
1.054251540241756824e-01 1.054518870244625234e-01
1.055243263725980790e-01 1.055321056702956256e-01
1.061015070339542954e-01 1.062777025608565573e-01
1.061181794673791978e-01 1.063230121023755331e-01
1.065530557416214663e-01 1.066215119645567561e-01
1.066499114080874250e-01 1.068912420565075044e-01
1.068216810572856917e-01 1.068216836591040220e-01
1.076606246768797986e-01 1.123988264427027289e-01
1.083831575064127528e-01 1.092563593958323226e-01
1.084460486845293115e-01 1.086023077928875424e-01
1.088719819660332322e-01 1.090616080144433953e-01
1.089284665759060050e-01 1.089440998482973655e-01
1.095736564743822195e-01 1.115973325590669252e-01
1.099131870576892378e-01 1.099980694791285046e-01
1.100031838050932048e-01 1.100108218359457379e-01
1.100271576870346657e-01 1.114837249749968118e-01
1.101340696618994391e-01 1.102913882515105942e-01
1.101662856085679487e-01 1.101773657218649005e-01
1.108920957470018315e-01 1.110089511364204529e-01
1.112071379579605002e-01 1.112446433320602029e-01
1.112358476782598776e-01 1.131157397460865188e-01
1.115418151977497913e-01 1.130793560842927176e-01
1.117736075009796021e-01 1.124771390294634354e-01
1.121385588570448094e-01 1.131864142479260260e-01
1.122386930557755652e-01 1.122393289256087140e-01
1.128437566353968774e-01 1.130046974110541919e-01
1.130235902614677712e-01 1.130383171873861614e-01
1.130355260295280856e-01 1.130874936012256360e-01
1.134526042660942841e-01 1.134646187610375834e-01
1.134855263010153686e-01 1.141499767983134850e-01
1.136946840593890118e-01 1.137086613736042889e-01
1.140402250413005136e-01 1.141100268472775708e-01
1.140459033446547810e-01 1.140539788917070835e-01
1.148329440074213337e-01 1.179277232388782071e-01
1.151344075727545047e-01 1.153429124847485943e-01
1.152047608897503322e-01 1.152408616906677868e-01
1.156198450680530898e-01 1.156338734719867395e-01
1.156382806203850172e-01 1.169403178702801138e-01
1.161327084399266935e-01 1.169670607011874808e-01
1.162625766121077042e-01 1.165447855740358724e-01
1.165155356543198240e-01 1.165992090867026959e-01
1.165281403635329560e-01 1.166354858295013674e-01
1.165628865944742520e-01 1.169112476811685480e-01
1.166113039845330657e-01 1.166686668991354370e-01
1.168342022225577342e-01 1.171196387357237578e-01
1.169521729500783841e-01 1.171347998368947735e-01
1.170187851909709614e-01 1.172938241895273154e-01
1.170530514134175137e-01 1.170531298143310667e-01
1.173586926628228944e-01 1.179998173126778072e-01
1.175078259329050551e-01 1.178076490026242762e-01
1.176855853865270141e-01 1.176858234598358033e-01
1.177231478002381398e-01 1.183015848817957627e-01
1.178160407555046696e-01 1.181610591902965690e-01
1.179055783201073404e-01 1.197133619077983407e-01
1.181083379966074709e-01 1.190282792753404317e-01
1.181993202761833645e-01 1.181999423312572461e-01
1.182967223381902327e-01 1.214271118028451280e-01
1.184070028941799774e-01 1.184922646768989257e-01
1.184456345175193964e-01 1.184457905300703440e-01
1.187183930724752395e-01 1.188041635155937387e-01
1.188857647948329266e-01 1.191751703831945147e-01
1.190848195629050504e-01 1.238594745672385034e-01
1.198979838545444071e-01 1.202442912822972443e-01
1.200196056288951180e-01 1.200218052293654941e-01
1.201236232964988659e-01 1.220279663834940159e-01
1.201419522694888581e-01 1.204515334250835790e-01
1.206692094156262829e-01 1.214529675687381211e-01
1.207441573794165168e-01 1.218044458218563719e-01
1.207992845674547150e-01 1.214902488267601277e-01
1.209421220925300522e-01 1.211481963292260350e-01
1.210422167697697976e-01 1.213531924757423330e-01
1.210970977084332156e-01 1.215064130231783973e-01
1.213997746481290940e-01 1.217124524264294738e-01
1.216793064377710010e-01 1.235284296944179350e-01
1.217477056096686189e-01 1.220965148054205529e-01
1.220884540303953658e-01 1.260288725369366758e-01
1.222581348394143619e-01 1.222962092139562584e-01
1.223893509503852506e-01 1.228435060717884414e-01
1.230287648118722071e-01 1.231313505824051524e-01
1.232020574832539683e-01 1.256113696865060747e-01
1.233120837659671815e-01 1.239640243735937175e-01
1.238350796231356271e-01 1.267954878203941538e-01
1.238752896563736355e-01 1.240772322576393638e-01
1.238904900588264496e-01 1.253516045531342660e-01
1.239171023153439466e-01 1.257050353483279981e-01
1.240559591527842925e-01 1.243070442379698159e-01
1.242926242799317627e-01 1.243026238531818733e-01
1.243965621579502245e-01 1.249769395554421458e-01
1.244458183622855346e-01 1.250957770173556638e-01
1.245231839602149865e-01 1.271786184015533949e-01
1.245415430468512913e-01 1.246241655872977888e-01
1.247418253464889909e-01 1.256016900142924164e-01
1.247672507793672753e-01 1.398123389039394038e-01
1.249069482388367597e-01 1.253978632165807794e-01
1.249450427966602856e-01 1.261099141503765064e-01
1.251869957750105233e-01 1.284594553292692232e-01
1.252335899901617366e-01 1.324543330413287812e-01
1.253011092362003864e-01 1.268079299786452341e-01
1.253085976634214227e-01 1.270630209553532397e-01
1.256329212184018052e-01 1.256957325425638872e-01
1.258122907459372497e-01 1.280779401737700829e-01
1.260057188298661646e-01 1.260172944082442736e-01
1.260354203535523632e-01 1.270624979606290172e-01
1.260852334370065608e-01 1.272161356902520579e-01
1.261428381141227184e-01 1.262726702050180616e-01
1.266650752182686690e-01 1.267915725178311304e-01
1.268223818431550298e-01 1.272191911618959503e-01
1.268673748794008349e-01 1.290930143626651816e-01
1.269630366964112633e-01 1.272255951197438506e-01
1.271159601361946667e-01 1.272412929746196963e-01
1.271437233211060447e-01 1.358397263403464117e-01
1.273778151191446717e-01 1.275886941526876983e-01
1.275300306668038786e-01 1.300261131042191320e-01
1.275819539515394008e-01 1.292028629839271914e-01
1.279573662295143688e-01 1.281532161353777510e-01
1.280219169045873906e-01 1.280523063691063335e-01
1.280390434482465700e-01 1.281903493429653873e-01
1.280395534857425299e-01 1.284240711762089093e-01
1.283033680405542554e-01 1.310482731318582950e-01
1.285788430880732414e-01 1.299439803601780685e-01
1.289273406500254515e-01 1.290509412240386511e-01
1.292686053077809760e-01 1.320752778239654701e-01
1.293405291636837984e-01 1.318024070242494183e-01
1.293547322504438879e-01 1.311548546324315112e-01
1.293633067822517191e-01 1.301424900395694029e-01
1.293966845372057362e-01 1.309669098891259043e-01
1.294375280197418154e-01 1.297763252726801819e-01
1.295913993172866374e-01 1.298322997517027677e-01
1.300957616786024562e-01 1.464200665390005263e-01
1.303483484617738997e-01 1.303584543706306220e-01
1.305105090095561859e-01 1.305681043178158474e-01
1.305619137643978800e-01 1.306451693316580398e-01
1.307115197287550268e-01 1.309568775544964758e-01
1.307137193635657946e-01 1.314343853882945501e-01
1.308551477926572226e-01 1.324979190672057328e-01
1.309883062498337081e-01 1.310489280348001717e-01
1.310722607827151387e-01 1.318758991975398642e-01
1.311101917041755105e-01 1.311615968769197782e-01
1.311956869499172063e-01 1.314377297166202108e-01
1.313182910773055267e-01 1.313190854704516519e-01
1.314317140434759501e-01 1.317421858611722563e-01
1.314481859646430273e-01 1.318268483598360741e-01
1.314852624006307702e-01 1.316194809309783054e-01
1.315226071629622406e-01 1.315305307753902864e-01
1.316223533631797060e-01 1.339487061197455198e-01
1.316709389572136846e-01 1.316819262489225539e-01
1.317573712684775022e-01 1.351970444108411273e-01
1.317634479707867623e-01 1.318798656813702508e-01
1.319011722001744991e-01 1.323476513259137233e-01
1.319658578964238438e-01 1.323909763031122788e-01
1.321503301459809598e-01 1.327494775340901378e-01
1.321802129663718073e-01 1.321811822029187178e-01
1.322950449877346446e-01 1.338914567252509347e-01
1.324911713240687072e-01 1.341341872562238913e-01
1.325062805772387053e-01 1.337489500345083182e-01
1.326159101016644026e-01 1.334253553913174739e-01
1.326706953423273661e-01 1.336024233455314625e-01
1.327343716070409629e-01 1.336430682843203488e-01
1.328757727569696567e-01 1.329428304874943345e-01
1.330267944981095574e-01 1.330909225877946189e-01
1.332369059912315579e-01 1.339872307343168423e-01
1.334433503898677098e-01 1.336853667778525045e-01
1.334814475741529227e-01 1.356465842080741002e-01
1.337054054227767574e-01 1.341056798721308452e-01
1.338652523925501214e-01 1.344283174635257094e-01
1.338704891665093988e-01 1.338751630210830712e-01
1.339408026814809805e-01 1.423722858225105470e-01
1.339541382528268709e-01 1.340298913080761878e-01
1.341792221255425632e-01 1.341821370480175413e-01
1.342545158175243725e-01 1.344500109966507984e-01
1.343617382255542225e-01 1.343839016369631212e-01
1.344470442317041714e-01 1.344840856669576590e-01
1.344614126924223718e-01 1.346383633126255197e-01
1.344867537008632152e-01 1.345068596377031189e-01
1.346041082881237472e-01 1.346042020627566116e-01
1.346392187260092577e-01 1.358304714019076542e-01
1.347048143891600436e-01 1.389421561891795165e-01
1.348160037370419728e-01 1.350380221847108653e-01
1.348713130044426611e-01 1.398888486012143384e-01
1.348843264043774470e-01 1.405822842569975917e-01
1.349024727790219536e-01 1.352817087588685241e-01
1.349626042154732919e-01 1.376743835089184187e-01
1.351628634042332522e-01 1.696524431928541077e-01
1.351707413379342748e-01 1.422601468714097539e-01
1.351966948521160228e-01 1.354961374229792515e-01
1.352160371068724665e-01 1.367225644811233265e-01
1.353593269781956654e-01 1.391091626387097047e-01
1.356387068872269563e-01 1.358486765336415769e-01
1.357288812644351361e-01 1.415696083949804229e-01
1.357525236631479670e-01 1.368468834424316216e-01
1.359367536139095001e-01 1.362393082562029234e-01
1.360571186018968981e-01 1.361493712268850020e-01
1.363114803172741363e-01 1.366552319223022782e-01
1.365429852508903141e-01 1.365636328655109033e-01
1.365595218795834509e-01 1.366250049085017682e-01
1.366423451951468693e-01 1.369904103171731835e-01
1.369030309148951130e-01 1.370607288987952255e-01
1.369779775304463820e-01 1.533262430767457218e-01
1.369998493175164644e-01 1.370448741786609304e-01
1.370129184636001696e-01 1.429944674752622602e-01
1.371350557247600355e-01 1.372736627879891647e-01
1.371537834704447678e-01 1.575998710869129515e-01
1.374079730868263405e-01 1.377962724051828292e-01
1.374552931862968730e-01 1.377414736849307264e-01
1.374982215518890105e-01 1.380520603009107450e-01
1.375511863025475068e-01 1.397081491442067058e-01
1.377494109867832273e-01 1.382596777940204302e-01
1.377935184058287632e-01 1.378376445780065962e-01
1.377984922447283989e-01 1.396175205066255975e-01
1.378141696515116921e-01 1.382795367517614116e-01
1.378500630687894135e-01 1.409058791772795360e-01
1.379183056843630018e-01 1.379383480365902748e-01
1.379550163121047723e-01 1.379808111737520770e-01
1.383214140992188590e-01 1.428546513713443988e-01
1.383541959784690967e-01 1.407510694625100367e-01
1.383781585945796921e-01 1.383874526956543616e-01
1.388313903682972528e-01 1.395374875323660280e-01
1.388787770867905558e-01 1.390822297734619906e-01
1.389603756091005726e-01 1.390558194896609201e-01
1.391207322755840248e-01 1.402680525254886290e-01
1.391876085828172571e-01 1.410191478582619451e-01
1.393447141293767955e-01 1.395318730725878809e-01
1.395472975984537733e-01 1.395797739710673835e-01
1.395846321460855743e-01 1.414071424575732983e-01
1.396174233459008818e-01 1.401674862210170180e-01
1.396646027963178716e-01 1.396649540942399292e-01
1.397884758299305641e-01 1.401195640066853765e-01
1.400546698248905098e-01 1.414219505913243136e-01
1.402275084555049123e-01 1.428076767199541464e-01
1.402942532511542439e-01 1.411988622423715756e-01
1.403478937307223451e-01 1.405814768774368284e-01
1.403686843675389928e-01 1.431378255757493612e-01
1.404665841958752659e-01 1.404673608617928449e-01
1.405198244835813293e-01 1.405257998250314111e-01
1.405464380004224079e-01 1.405553846411017882e-01
1.407223798727210429e-01 1.410331969034407940e-01
1.407653224545314108e-01 1.408027284373748189e-01
1.408198619989640965e-01 1.772259972684473717e-01
1.408376993453779313e-01 1.438056693902784178e-01
1.408742774451292867e-01 1.410431601680291469e-01
1.411330534562228456e-01 1.447894955639719150e-01
1.412175906409437742e-01 1.531332517566237617e-01
1.415087760872023037e-01 1.415134144563295338e-01
1.416383185468477190e-01 1.756257724614428417e-01
1.418352625644624110e-01 1.433186646384325691e-01
1.418877726991319421e-01 1.419526024951167364e-01
1.421600977264606824e-01 1.424245778748155500e-01
1.423100145800757221e-01 1.423363800710051863e-01
1.424481976164850838e-01 1.428039956876769601e-01
1.424760942048108325e-01 1.495727684585384798e-01
1.425140237063027560e-01 1.463165023135860332e-01
1.425655602575857106e-01 1.445523586513640379e-01
1.425749946197225337e-01 1.434596681520675654e-01
1.425833684348676023e-01 1.425917529451040389e-01
1.426251802112744327e-01 1.430848720108847394e-01
1.426360792932424570e-01 1.428887443732087814e-01
1.427317187787653652e-01 1.429918842904039922e-01
1.427578182885432811e-01 1.432225531767546411e-01
1.427716382276148777e-01 1.512329990640272903e-01
1.428094885141530379e-01 1.429885114020332249e-01
1.428331944900034511e-01 1.429951153067501035e-01
1.428492668468062943e-01 1.429069480961131788e-01
1.428563488430073247e-01 1.428753707867866929e-01
1.428709942949542566e-01 1.435343299505452697e-01
1.429382211872101405e-01 1.429491068264978904e-01
1.431350776354436416e-01 1.431440596889451133e-01
1.431583119757165456e-01 1.564598175636071620e-01
1.431938193793262926e-01 1.457910040967118348e-01
1.432634588281894161e-01 1.435303947597848240e-01
1.435209452506974737e-01 1.436792219039061957e-01
1.435368078451320362e-01 1.435999265529943059e-01
1.436924608570168405e-01 1.443369827556784390e-01
1.438003125366177082e-01 1.448428126078156186e-01
1.439117461371224316e-01 1.439303691581504951e-01
1.440119131106637196e-01 1.451313058069361450e-01
1.444175555455725901e-01 1.444242483028774782e-01
1.444530020899108258e-01 1.446245107336838198e-01
1.444573431659556539e-01 1.454224657482741656e-01
1.446179704281249367e-01 1.446796615082851789e-01
1.447223277525340746e-01 1.457591992206721532e-01
1.447374477988174202e-01 1.456971860487043524e-01
1.447971919235281346e-01 1.450156218658034679e-01
1.448294474459450865e-01 1.448827804453876600e-01
1.448513713548947590e-01 1.463414307813171444e-01
1.448956995235805845e-01 1.465371515517469581e-01
1.452342025524124836e-01 1.456005210652762394e-01
1.452615587709611966e-01 1.457122654772669279e-01
1.452647836200195441e-01 1.501790681562635565e-01
1.452955993451145178e-01 1.454299409196053161e-01
1.457577647570552082e-01 1.475614212182467522e-01
1.458798594128977444e-01 1.520176895261107775e-01
1.459278763690991521e-01 1.460632589662447800e-01
1.459917968431957425e-01 1.460229931213688770e-01
1.461457427374522611e-01 1.496249230509231753e-01
1.464430114520120230e-01 1.470619921430502131e-01
1.467268895123446937e-01 1.467735565432922162e-01
1.467754145169600788e-01 1.484062362169686067e-01
1.468278851278177477e-01 1.484951341387441837e-01
1.469724912938621397e-01 1.470039579775277161e-01
1.471773515398122345e-01 1.607567490691198253e-01
1.471941796564940341e-01 1.540544405882294243e-01
1.472064435869972765e-01 1.472083281140373623e-01
1.473832516026606920e-01 1.474280405762055657e-01
1.474005299295572391e-01 1.481918732421342588e-01
1.474685446886318807e-01 1.531175696339864833e-01
1.478908381809266037e-01 1.478929813028248275e-01
1.480074991642147120e-01 1.498456689390818830e-01
1.482094202332747690e-01 1.584537427756625982e-01
1.482625091073132562e-01 1.487251809110562428e-01
1.486217245154880517e-01 1.491593105386805618e-01
1.487264420752558991e-01 1.494179150349894403e-01
1.489352444687570831e-01 1.493192576530127658e-01
1.490885186025458498e-01 1.490979114346649148e-01
1.492312519440605056e-01 1.520751524810587396e-01
1.492769295006275976e-01 1.493025563838701608e-01
1.493899163375684846e-01 1.503570091615884230e-01
1.493917203413360206e-01 1.494840139757934727e-01
1.495049916813329105e-01 1.516722842767593560e-01
1.496295645840996502e-01 1.504163033592751941e-01
1.497850150195288166e-01 1.513506562472291539e-01
1.497982819824886791e-01 1.502022842201301001e-01
1.498338413981459283e-01 1.615486579666351175e-01
1.498341485633780390e-01 1.509589968702129692e-01
1.499577184293208743e-01 1.502021035327672782e-01
1.501187095413373529e-01 1.501546463611624360e-01
1.502820285768732278e-01 1.512687620808571554e-01
1.503956605370449784e-01 1.512738997569101906e-01
1.504926696166823952e-01 1.505457728938532358e-01
1.506992169047931540e-01 1.533838994182913085e-01
1.508186827846878242e-01 1.516470945083260857e-01
1.511040425618101757e-01 1.565564549373288927e-01
1.511673547377733462e-01 1.512611687294274920e-01
1.511739827677784365e-01 1.594671025634260830e-01
1.511806056159695211e-01 1.511908530652418259e-01
1.512399624429776601e-01 1.619751831226757255e-01
1.513846602470923230e-01 1.514567708873218177e-01
1.514093189744498136e-01 1.518346382285928886e-01
1.514573206277807782e-01 1.515407926802429250e-01
1.515040931626954190e-01 1.515077984112369325e-01
1.516518339691045603e-01 1.516528629008050411e-01
1.516747698454724569e-01 1.549269138182530758e-01
1.518738923672360852e-01 1.521682472611867176e-01
1.518776708440353340e-01 1.522998007209905025e-01
1.519794179810881607e-01 1.544400690261922282e-01
1.521817323587445203e-01 1.522016993418007502e-01
1.521888758046980872e-01 1.521889881923496335e-01
1.522204163590323289e-01 1.527058767150940022e-01
1.522697299906819457e-01 1.522859807246308150e-01
1.522737928498619220e-01 1.547053196380176743e-01
1.524839700156787603e-01 1.531065426110821692e-01
1.527716519047883359e-01 1.538108631087062028e-01
1.533023965205728978e-01 1.535202436068417720e-01
1.533175799781843485e-01 1.544309993572722250e-01
1.534326711058246195e-01 1.542547188797596946e-01
1.536130782237843939e-01 1.541293652082002807e-01
1.536843858393819595e-01 1.536953475042830974e-01
1.537203431224704597e-01 1.538795212828774905e-01
1.537602313736337878e-01 1.539354761218348078e-01
1.540251023289876675e-01 1.546005672238008610e-01
1.544174407335267563e-01 1.550433241425596131e-01
1.548487855874583763e-01 1.681215221546933647e-01
1.549519992331590268e-01 1.549591001446700700e-01
1.550796436636359965e-01 1.562126015855815064e-01
1.553109612316701249e-01 1.588553936720268622e-01
1.554906607478696301e-01 1.615958300530953851e-01
1.555492665574043643e-01 1.602529618075201334e-01
1.555578428676427927e-01 1.560437206278519895e-01
1.555664046522803878e-01 1.559102651705572273e-01
1.556398156790319565e-01 1.838486524547392198e-01
1.556519677053194162e-01 1.567716047350941611e-01
1.559126803468310341e-01 1.559236583151369926e-01
1.559238964142362627e-01 1.559360688300860665e-01
1.561879181327165134e-01 1.562683374270159298e-01
1.562343908740032317e-01 1.575686537412692156e-01
1.563182003739126413e-01 1.595513816568033538e-01
1.564684124992809511e-01 1.564978585623132135e-01
1.564927904976822493e-01 1.566287953583976045e-01
1.565233395925921533e-01 1.568290208023118693e-01
1.565860275785414257e-01 1.566541086018976014e-01
1.566481638812728117e-01 1.685859722797719007e-01
1.567045781258713522e-01 1.579780440889928250e-01
1.572091849780804240e-01 1.581359321071705293e-01
1.573457282868799545e-01 1.580130843546424801e-01
1.576734728779376760e-01 1.580602022042168209e-01
1.577679375926078209e-01 1.579104992621627179e-01
1.578188608413866600e-01 1.598243587814407729e-01
1.578455760384269435e-01 1.581740405123976678e-01
1.578714378666528917e-01 1.586472363808860142e-01
1.580662222121999028e-01 1.580678375970847038e-01
1.589342552008445597e-01 1.590135046610019476e-01
1.589371807397189917e-01 1.589503746067323919e-01
1.590384760958657995e-01 1.590796796009829039e-01
1.591242603026773728e-01 1.890226820036232103e-01
1.592234707148386108e-01 1.603558396819505238e-01
1.592861365921583727e-01 1.612426703476904088e-01
1.592951737057425321e-01 1.595283740061868016e-01
1.595904901914143581e-01 1.595912283003530774e-01
1.596201882353634194e-01 1.596324654925153352e-01
1.596231599670216161e-01 1.597213846196238463e-01
1.598059694634098860e-01 1.600957878090329412e-01
1.598400709591951130e-01 1.832369111118853644e-01
1.598427318617639259e-01 1.659605668467249995e-01
1.599337950683060172e-01 1.599969167172338724e-01
1.601617912037626990e-01 1.671032215924831699e-01
1.601704464014021834e-01 1.694846797903886981e-01
1.603975638051007291e-01 1.604011862037545699e-01
1.605157976837941480e-01 1.605915807959799324e-01
1.605193715929172649e-01 1.609509063921534255e-01
1.606108754720834697e-01 1.606962649675183763e-01
1.606845404335207339e-01 1.611844833949413469e-01
1.607694412269425333e-01 1.610485907346637935e-01
1.607890708628546272e-01 1.619435035008833790e-01
1.610775913726643638e-01 1.668577849577410066e-01
1.611158374169805174e-01 1.614598653785219717e-01
1.611298553080567353e-01 1.611385783175778297e-01
1.611948433908350631e-01 1.885173975033164195e-01
1.612714659935369221e-01 1.613600899516192677e-01
1.613698011441164204e-01 1.619532553221503246e-01
1.614664719749629718e-01 1.738278022816364954e-01
1.614744255438906317e-01 1.614744255527824635e-01
1.614912007756646450e-01 1.614929550026980298e-01
1.615804385426810597e-01 1.858313592564438121e-01
1.616873723930873918e-01 1.617826376799239296e-01
1.617409168714767087e-01 1.618373099855276720e-01
1.617480679569635871e-01 1.618922235955829736e-01
1.619150318546486167e-01 1.627226209496085152e-01
1.620500031200226565e-01 1.622651363774852973e-01
1.621637208253280948e-01 1.626838986889016236e-01
1.621946459876765778e-01 1.622005106534038787e-01
1.622822666409584058e-01 1.623366014576606009e-01
1.623531248299619756e-01 1.661870681049471277e-01
1.623735109757698525e-01 1.624287889961212872e-01
1.623896562441071723e-01 1.626999616979121210e-01
1.624655233541554000e-01 1.625704856946077748e-01
1.625957579651730878e-01 1.628891209185850952e-01
1.626083224381059122e-01 1.637070865888924087e-01
1.626367041556627813e-01 1.640849259763302870e-01
1.626938312087442273e-01 1.630632601202133825e-01
1.628448914987058738e-01 1.628456959742433929e-01
1.630813782655518018e-01 1.634063147477330113e-01
1.632155327409165191e-01 1.632945938276862130e-01
1.632597531439203553e-01 1.632597684296318852e-01
1.633792581619805118e-01 1.634003339341757732e-01
1.634274901027961135e-01 1.671912294734050342e-01
1.636032987961961171e-01 1.812099249858079020e-01
1.636910326642790348e-01 1.656688533104660466e-01
1.637425664678889836e-01 1.673588665863232072e-01
1.640314341785097385e-01 1.651824453612485144e-01
1.641399191344541098e-01 1.650933104335753354e-01
1.641563014982811708e-01 1.641769129397867011e-01
1.643275792033858096e-01 1.798441592322711780e-01
1.645004357535107264e-01 1.645623421560222510e-01
1.645069132634278120e-01 1.655933216602413771e-01
1.646747827017676635e-01 1.652253186243000105e-01
1.647852024339839794e-01 1.682002886590995561e-01
1.648984482776659211e-01 1.725685140788590921e-01
1.652344113401835735e-01 1.725676776331484530e-01
1.653188728030856314e-01 1.653191460869825047e-01
1.653258573377280605e-01 1.653890510477593057e-01
1.653997368549728342e-01 1.681339875332778788e-01
1.655383506217547873e-01 1.656641119135835727e-01
1.656095424432981467e-01 1.656311024763623407e-01
1.656432591407369370e-01 1.835421717137536157e-01
1.656472943638377937e-01 1.702431444297275442e-01
1.660738959309321916e-01 1.660739454964477169e-01
1.661561027965482440e-01 1.662892666482146953e-01
1.661609975010039097e-01 1.661641375309712565e-01
1.661867657575395174e-01 1.662597215647760585e-01
1.662042481992275778e-01 1.799561232314531856e-01
1.662963755261489263e-01 1.666303891294513284e-01
1.663257831873140580e-01 1.676376026468343605e-01
1.665720957134751989e-01 1.703781859054259995e-01
1.667868644974891124e-01 1.669910493818518860e-01
1.669020062478589750e-01 1.893271220994562076e-01
1.670429143271264516e-01 1.672275935339842534e-01
1.671134859492708347e-01 1.671156776080692519e-01
1.674627668143417181e-01 1.679256757124698296e-01
1.676359697733197096e-01 1.681925305050814556e-01
1.678796022213450978e-01 1.678800033395733415e-01
1.680956091736207636e-01 1.717698362139681578e-01
1.682185592819384068e-01 1.708965026297733503e-01
1.683627736799692132e-01 1.698164742891894730e-01
1.684010248237675922e-01 1.707906571237969295e-01
1.684079219584453391e-01 2.053003021366487102e-01
1.684407408478994783e-01 1.804800280300018211e-01
1.685967305414803885e-01 1.687481001748512566e-01
1.693060570875997706e-01 1.693213914024348232e-01
1.701340005662625721e-01 2.082466112551316362e-01
1.702177310991490611e-01 1.712381494754574018e-01
1.704353467550231427e-01 1.704589853896922580e-01
1.705528207243886263e-01 1.705573886657013039e-01
1.707497634233509087e-01 1.707505915506019323e-01
1.710795982350683808e-01 1.724492653800078767e-01
1.714470888131834625e-01 1.719601195408712313e-01
1.716680706560643754e-01 1.724773319507194036e-01
1.717740474742220080e-01 1.749585255294080766e-01
1.721242370259355725e-01 1.724561318995357639e-01
1.721555017492186757e-01 1.749779984872999739e-01
1.721801275758046978e-01 1.731930166707295049e-01
1.724208072074748521e-01 1.725452633175420525e-01
1.724625283084332550e-01 1.731505009229614422e-01
1.728497073096392778e-01 1.741843732362257091e-01
1.729376193282989582e-01 1.738580128704915739e-01
1.729776324653240216e-01 1.731495790166411308e-01
1.732020102793865590e-01 1.733092311399866414e-01
1.734827364442091679e-01 1.736488237870043860e-01
1.735107028599099377e-01 1.740862588322736049e-01
1.735621269620337692e-01 1.737927360098187324e-01
1.737889745260545182e-01 1.737910846181352775e-01
1.737932693088288794e-01 1.746761283588880165e-01
1.739265099182285002e-01 1.788478333504764928e-01
1.739571191885722901e-01 1.752148469662868913e-01
1.740714735258238610e-01 1.760315094463307528e-01
1.741097136992511285e-01 1.767799181187955093e-01
1.748596645479637279e-01 1.751223536037255502e-01
1.752664395417809773e-01 1.753628733827350128e-01
1.752801106838934586e-01 1.753796100564798399e-01
1.754242010938952545e-01 1.766438605309788856e-01
1.755153983723700128e-01 1.776654440900578003e-01
1.755634001741727679e-01 1.758482709043969194e-01
1.755875317040661576e-01 1.758190117599729152e-01
1.766829336284790053e-01 1.774048866156199278e-01
1.773235340178390407e-01 1.858246807296020098e-01
1.781807785978871961e-01 1.782729170743735103e-01
1.783784668802416429e-01 1.788606128868717449e-01
1.786449802052686442e-01 1.786451458234230294e-01
1.787429588283950821e-01 1.804424952552041161e-01
1.789051326100639105e-01 1.807098262464622573e-01
1.789680388314986159e-01 1.797233166153569817e-01
1.791122449748001610e-01 1.791450647064579960e-01
1.799501440203276070e-01 1.801056364051156211e-01
1.800584200695182491e-01 1.851839819240953533e-01
1.800961375602844750e-01 1.800971460082746722e-01
1.801281036220415688e-01 1.804243164470598626e-01
1.803449288227511604e-01 1.803842152100460505e-01
1.804007992712446939e-01 1.818979780033857796e-01
1.816999450419777007e-01 1.820384746004367060e-01
1.817308975598684040e-01 1.818396582161864450e-01
1.819337268836978272e-01 1.820340132694778235e-01
1.831829948482076587e-01 1.875593582783130486e-01
1.832495242892670517e-01 1.832759062478485079e-01
1.833570721232051504e-01 1.847910696004658460e-01
1.834729588351484419e-01 1.835800947912172854e-01
1.837646384639972652e-01 1.849486376815668576e-01
1.837646862898040800e-01 1.837818450402538828e-01
1.838426783688137112e-01 1.838548904203184120e-01
1.841537480770923385e-01 1.850289294786482130e-01
1.841749039965947243e-01 1.842318689765273243e-01
1.844078139528722571e-01 1.915286025502763445e-01
1.844670069990079209e-01 1.845441452392746207e-01
1.845893031825564523e-01 1.846110138245135868e-01
1.851940487001446922e-01 1.851993535474771024e-01
1.861654365033008629e-01 1.878255299351521690e-01
1.862552394698855363e-01 1.902506102652398723e-01
1.869945416457400311e-01 1.872118077659427060e-01
1.883803880907981565e-01 1.901318549947211833e-01
1.903609660873603893e-01 1.905069697720512822e-01
1.904403477840158065e-01 1.906116204281141369e-01
1.914602080335577050e-01 2.106786656147209003e-01
1.942436617381373409e-01 1.994000004567372530e-01
1.943943431669764577e-01 1.944068086975468956e-01
1.947399042608805031e-01 1.947532078642641995e-01
1.953455478288441960e-01 1.954215829106701607e-01
1.960470370808240215e-01 1.960488075460739277e-01
1.974781419382226066e-01 2.006367037985334334e-01
1.979795930199175213e-01 1.979875175590329051e-01
1.990441765681631170e-01 1.992308248197251219e-01
1.998745454566625279e-01 1.998866761457286367e-01
2.003912674602051913e-01 2.026851218046857583e-01
2.014336946464126143e-01 2.015657509782651791e-01
2.039846156334917393e-01 2.044869948440348195e-01
2.078913767255949896e-01 2.079198221532950197e-01
