2.994596790470325717e-02 3.060768197600423693e-02
3.150438608249793437e-02 3.310778918082731698e-02
3.197913325472320767e-02 3.362172413536580751e-02
3.265425987288580328e-02 3.466055373513266674e-02
3.740320899510460317e-02 3.754514089274618022e-02
3.929725779262282365e-02 3.949453537979873141e-02
4.118899588602377426e-02 4.119503410864676363e-02
4.143715617189455691e-02 4.373938702568077458e-02
4.209087384907649748e-02 4.501687034708118373e-02
4.299821271329055949e-02 4.300095732954675731e-02
4.457739773370972269e-02 4.692605599711773684e-02
4.500893702115472961e-02 4.564627491056293118e-02
4.650467935415704412e-02 4.858028292339954674e-02
4.776414074895785761e-02 4.827541020188226562e-02
4.858219500637453447e-02 4.950752401114132811e-02
4.858562852831289219e-02 4.919986502405108986e-02
4.903768755189220896e-02 5.321801044571929096e-02
4.989330678817230358e-02 5.127879594043413536e-02
4.995449814369271047e-02 5.014342781623613160e-02
5.022526319539915435e-02 5.484430636101850914e-02
5.042887931290813974e-02 5.161284774933175973e-02
5.091926857297044556e-02 5.186662449112638268e-02
5.137185073912942795e-02 5.174528002756578760e-02
5.151113228442792680e-02 5.267398571597914358e-02
5.154638796248329352e-02 5.595495645554968145e-02
5.285221932051488436e-02 5.444264471832798574e-02
5.304695820817614121e-02 5.534218455391522185e-02
5.305341642336211527e-02 5.617309791548615733e-02
5.329759026399976535e-02 5.464194078215979522e-02
5.334565938544522101e-02 5.894442145319613025e-02
5.380156822440514824e-02 5.910102908319120329e-02
5.381310191464692971e-02 6.103078394186860905e-02
5.439764260594695533e-02 5.966635489895334710e-02
5.444841901400306050e-02 6.603181283732596774e-02
5.515996079569518429e-02 5.540096280790310357e-02
5.580821825520758395e-02 6.001010316933726163e-02
5.686101955627514970e-02 6.084158962025417589e-02
5.688445522439092294e-02 5.875123007407902914e-02
5.719091317406287123e-02 5.798832957581989689e-02
5.722948673735285541e-02 5.888005742072402460e-02
5.734588412113717643e-02 5.967685901010182092e-02
5.756126628545166907e-02 5.801438267970726592e-02
5.802814758014571139e-02 5.816132383158724439e-02
5.806748795990811923e-02 6.253595731032554617e-02
5.826382935572415461e-02 5.989975379799224869e-02
5.840793188149522031e-02 5.895074660713831710e-02
5.889923169214934112e-02 6.007750735670477904e-02
5.931024742029920166e-02 6.183600993955001845e-02
5.937752239299267515e-02 6.264770204138775389e-02
5.955093845521506474e-02 5.962246311371496854e-02
5.955119523092290007e-02 5.984019198290472380e-02
5.976432080253310519e-02 6.508948857642551933e-02
5.994568557243876855e-02 6.847415692261546449e-02
6.088943140992223585e-02 6.657980374392705181e-02
6.102886199827977504e-02 6.104014145165970184e-02
6.110154881591915027e-02 7.640839066172862293e-02
6.111605853090808227e-02 6.161811267389455393e-02
6.128200783918458239e-02 6.620881405260813091e-02
6.152737675107122772e-02 6.793212193734608773e-02
6.200835470576121500e-02 6.398879644826251101e-02
6.258982080382717583e-02 6.309118671842807446e-02
6.281343898375604806e-02 7.129360438559316504e-02
6.300393401533221915e-02 7.429555888014868770e-02
6.333706915936684889e-02 6.347128310590698097e-02
6.355897338108965067e-02 7.139104218948057190e-02
6.364293542811333415e-02 7.890537918416423713e-02
6.367702360833481234e-02 6.581613593445913291e-02
6.384628822548432669e-02 6.420371628064400205e-02
6.478767767142955269e-02 6.776030744470855349e-02
6.480770196838170349e-02 6.506826008294988584e-02
6.483525595897945970e-02 6.624556332878320242e-02
6.509149156139622250e-02 6.698835248176947255e-02
6.515962707778222285e-02 6.723508776189512925e-02
6.577486446063637859e-02 7.977571461591782820e-02
6.595238587309644462e-02 6.605556352006071441e-02
6.619566860410862341e-02 6.708136611231851898e-02
6.620567835572385706e-02 6.634507038619516517e-02
6.621592118786961967e-02 6.629808884922437640e-02
6.626468047372695291e-02 6.628523389818077871e-02
6.639577102113469742e-02 7.130267311840560174e-02
6.650639513751603615e-02 6.993552555030083107e-02
6.662266143428620391e-02 7.135785431275089297e-02
6.739082222270148526e-02 7.905873486606107559e-02
6.794278811732475110e-02 7.131183023520806796e-02
6.813825894601016619e-02 7.905408493743293352e-02
6.815359963419924394e-02 6.853202686032183744e-02
6.834981089328764914e-02 6.837340051787600681e-02
6.859803722961529959e-02 8.216968129640966900e-02
6.867310956729816285e-02 6.995846062318285263e-02
6.879972020435994040e-02 7.262667196099568956e-02
6.884276175097497896e-02 7.031695078236721574e-02
6.902037246707742879e-02 7.104449201340362618e-02
6.906409225916244898e-02 7.067967313161746534e-02
6.913389735142300152e-02 7.422384095230548373e-02
6.933398752093083983e-02 7.820804521900064088e-02
6.933991368641095887e-02 9.728817974162008719e-02
6.948180061941898467e-02 8.055666322711735328e-02
6.952834160403821573e-02 8.679563830378028699e-02
6.953631851871856784e-02 6.953791315980717425e-02
6.968955894434741838e-02 7.015576378726799678e-02
6.987426011294171901e-02 7.000095466839535707e-02
6.997501539360899414e-02 7.112357922178251524e-02
7.007631066368837092e-02 7.714727000087048814e-02
7.011235244026473024e-02 7.179190179840906627e-02
7.011355570018414085e-02 7.052372965029958529e-02
7.011922974576628720e-02 7.179152652109745125e-02
7.016007396384786599e-02 7.990404883873743203e-02
7.018287528150957133e-02 1.092849463820044636e-01
7.019044891987097357e-02 7.978647176326375545e-02
7.038359896087706402e-02 7.143861314455718370e-02
7.047207376533518031e-02 9.488561758689890990e-02
7.066238333585270204e-02 7.103436091913709061e-02
7.079396429200734975e-02 7.431436764226910519e-02
7.084819148542897960e-02 7.274672064042364550e-02
7.087264642178496554e-02 7.504958504509634531e-02
7.095878466994544331e-02 7.160744226939445845e-02
7.103825919829288849e-02 7.122437085357855024e-02
7.114014432334310467e-02 7.128242965994055491e-02
7.119615428136902291e-02 9.816407916912540943e-02
7.138919965241016796e-02 7.476076392111884183e-02
7.145165606586205420e-02 7.170773698785072592e-02
7.146236394916809231e-02 7.756930886925005042e-02
7.147193956992653474e-02 7.394960508539287491e-02
7.148698857169184795e-02 8.364821000281928709e-02
7.152260435942697780e-02 7.175559278463308766e-02
7.164275748396420340e-02 7.893458036820698298e-02
7.166080156644896726e-02 7.685262908787886260e-02
7.168376334146865647e-02 9.669158921319040423e-02
7.170544116377916555e-02 7.186124695940204754e-02
7.174763295922784168e-02 7.586060313575482272e-02
7.175018489504582375e-02 8.645447664290581424e-02
7.180901705486016084e-02 8.042481423963213083e-02
7.187426640952321311e-02 7.951428391390595596e-02
7.201425938133920734e-02 7.334736147038918574e-02
7.203082204744387651e-02 7.743286071743213372e-02
7.206092197706542857e-02 7.617366937757130696e-02
7.216664706708632304e-02 7.248830752928674126e-02
7.227145692498229690e-02 7.462119912441088354e-02
7.230212084061321542e-02 7.231129231420914405e-02
7.236208760660221839e-02 8.487689229424599802e-02
7.247191013576324836e-02 9.111476228781469067e-02
7.254700392481733262e-02 7.472743069306955754e-02
7.269318524651161018e-02 7.490603515896296360e-02
7.283600605599804823e-02 7.581868075969913634e-02
7.290371104079339248e-02 7.418799485525851001e-02
7.299987764023477266e-02 7.385987244528426088e-02
7.302181331165374933e-02 7.317264399178348422e-02
7.307882622151147534e-02 7.644219465067379760e-02
7.308555357674742514e-02 1.173774336657204681e-01
7.317952722292229983e-02 7.594369193026111187e-02
7.328937176736065318e-02 7.608820731711241070e-02
7.333268495409822618e-02 8.198666166145050782e-02
7.333598067816843313e-02 7.444406275138329421e-02
7.337638234104187918e-02 8.985467567704318037e-02
7.354357641057318595e-02 7.885082581696266357e-02
7.354905576305678649e-02 8.308036300429333387e-02
7.361345433409724470e-02 8.800423951720577620e-02
7.376441888199641861e-02 1.488517675021538145e-01
7.396045867405631746e-02 7.396130361562142097e-02
7.399945142770551765e-02 7.493679287510930653e-02
7.409859488415533602e-02 7.455059098824352859e-02
7.414216565276920967e-02 7.514050615292321156e-02
7.425249271486515645e-02 8.535271062231765404e-02
7.438055561340031763e-02 7.966808278833460710e-02
7.446337613693648771e-02 7.485279754413794173e-02
7.447531293598581847e-02 7.469396291063139237e-02
7.453752668902131895e-02 7.705335797422852018e-02
7.465225949962119023e-02 7.468888596526303270e-02
7.493262131437629370e-02 7.494226636729188484e-02
7.495996301553030372e-02 7.496431560791694260e-02
7.507068668328445438e-02 7.543147372705281961e-02
7.511072961296637318e-02 8.136447980819676296e-02
7.516714998381691937e-02 8.700796362174918752e-02
7.517139145693224611e-02 7.706548286877978882e-02
7.539409116758041818e-02 9.164328755146969319e-02
7.546369387189758027e-02 7.733823329503101973e-02
7.547278247404341778e-02 1.060259086694663733e-01
7.550785923635605634e-02 8.041448112644646040e-02
7.558280320618934733e-02 8.236609279367007597e-02
7.558808620542883938e-02 7.871526823373989346e-02
7.559506204604500568e-02 9.965324631507382902e-02
7.564372823058815309e-02 7.742805366869467965e-02
7.567892909273211954e-02 7.658307994002656882e-02
7.572538001314144118e-02 9.290678049569639496e-02
7.575441984982939081e-02 7.619845534779817742e-02
7.583264249431793946e-02 8.395180323738411776e-02
7.592464315558333787e-02 7.799036102113851565e-02
7.594865738699949076e-02 7.729735571153506513e-02
7.616880859330846243e-02 7.832593001226137441e-02
7.628460128743728974e-02 7.916722776500563497e-02
7.635728835492752720e-02 1.431637943555693904e-01
7.639311119928822447e-02 8.209110992517971994e-02
7.649735962432109571e-02 7.651102371790051426e-02
7.659570094817780284e-02 8.184614542573777352e-02
7.676360903609935615e-02 8.493692881843473153e-02
7.678081666471574251e-02 8.879851817138120773e-02
7.686062726253337085e-02 9.589260324254468559e-02
7.690852144553772529e-02 8.071813018588824828e-02
7.701785572543830283e-02 7.935494785545242624e-02
7.717532222856129942e-02 8.030859343144516882e-02
7.724065558431195133e-02 7.734343984984783094e-02
7.724376013474379410e-02 7.900224107129180662e-02
7.729828219469375705e-02 1.008599247994394071e-01
7.733041111217794916e-02 7.749055833140373883e-02
7.766801029430844827e-02 7.781991974737222095e-02
7.774037552257509476e-02 1.386104445806750074e-01
7.777577690461723314e-02 8.082676591001768107e-02
7.785450363179956257e-02 7.840008640828151354e-02
7.795700144132980403e-02 8.054829637425656164e-02
7.799156140227518630e-02 7.799184354895241644e-02
7.810657385389874197e-02 7.816601930290466294e-02
7.823171281123492138e-02 9.293693233946796750e-02
7.824729762094451146e-02 8.292773294613937918e-02
7.826649111575974260e-02 7.844239409416470243e-02
7.828159919984828408e-02 1.117147128252512223e-01
7.830713437819145084e-02 7.852074513721263305e-02
7.841858194998718723e-02 1.011563168486434711e-01
7.861705862908843767e-02 7.973817931806974346e-02
7.873736445332769895e-02 9.845909149328146981e-02
7.887370767262227855e-02 7.891548873922545060e-02
7.903439382326443718e-02 7.941549880298377773e-02
7.912365133897439340e-02 7.973883897314686109e-02
7.913384801888789788e-02 1.260334425738457720e-01
7.913784955511779518e-02 8.227880631886562435e-02
7.916832546027161022e-02 1.546520677644830644e-01
7.928477785609813755e-02 8.938189684340253072e-02
7.930368719865339699e-02 1.028785771725875264e-01
7.936182142404214768e-02 8.795155851505295774e-02
7.943256820664422457e-02 1.023902019887310277e-01
7.944277214936529274e-02 8.410369515822545272e-02
7.947105440639948282e-02 8.911084395449438145e-02
7.951109261579346332e-02 7.970724044349249138e-02
7.958489581748744157e-02 1.011083994233922256e-01
7.960105805004588642e-02 8.287470447995171074e-02
7.979236680616509647e-02 9.407508568905439961e-02
7.980497609049447272e-02 8.295665811592957406e-02
8.004514502124127073e-02 8.471260311968015211e-02
8.019684378155476911e-02 8.026238535943730490e-02
8.022395692093209352e-02 8.459347863817756608e-02
8.025996801210903697e-02 9.065211161129446693e-02
8.030015243188406981e-02 8.293231658736607836e-02
8.037238218640059551e-02 9.269454846174134122e-02
8.061934148416337320e-02 1.195200885244851463e-01
8.064595336421731542e-02 8.393149264891153205e-02
8.072738260280004630e-02 9.563711985929271298e-02
8.072784665518779879e-02 1.000158212508409777e-01
8.081238701566041682e-02 8.379856971267386767e-02
8.088288110169458700e-02 8.114123826970238984e-02
8.088810327878291628e-02 8.786139325059745542e-02
8.093920910400889679e-02 8.904967807347111131e-02
8.095833268790045278e-02 1.247876447306140307e-01
8.100364193242344524e-02 8.322286825455529891e-02
8.110490222731170373e-02 1.000506778356124726e-01
8.144606479552528311e-02 8.259525004823733974e-02
8.144727484395884731e-02 1.248121139412932123e-01
8.146528685082378429e-02 8.374645647007382399e-02
8.148965687004548764e-02 8.441179451180422233e-02
8.150956255919666882e-02 9.316516223487558701e-02
8.170866203849073972e-02 8.189083734858930430e-02
8.176456507817216057e-02 8.277120393547647559e-02
8.178147772350619071e-02 8.567354879795220646e-02
8.185572705251244197e-02 8.291990937208434942e-02
8.186321331289565795e-02 1.460490094009063433e-01
8.188119289876166773e-02 8.318528208753608877e-02
8.198803272078275528e-02 8.840522165493291951e-02
8.201970673898259512e-02 8.237029156213719616e-02
8.222989559437281215e-02 8.637820682398282546e-02
8.226415058150640669e-02 8.631577206424166648e-02
8.238477858415088617e-02 9.144439451379450523e-02
8.247986819137950731e-02 8.265171139394331123e-02
8.254631139113860483e-02 1.467300487996192615e-01
8.258804877371567210e-02 8.411689460559011733e-02
8.269505984251517006e-02 8.296133216869962246e-02
8.276741961405607861e-02 8.382459839479412811e-02
8.276752206375190268e-02 9.523376801696489813e-02
8.277897601360445501e-02 8.368032356181583087e-02
8.278782908988990830e-02 9.235045560368883300e-02
8.292514839852353770e-02 8.307099793615936589e-02
8.293731940178650230e-02 8.406922092317779815e-02
8.310601386276028624e-02 8.342103498837201425e-02
8.310855140228748383e-02 8.626249976872463199e-02
8.311856254318890358e-02 8.378455322622457846e-02
8.316380941732524901e-02 8.851711968375090833e-02
8.317043378656706343e-02 9.955712644365502517e-02
8.317522007376526583e-02 9.364816823136321022e-02
8.319252841709974533e-02 9.382995133521995768e-02
8.320960235160702878e-02 8.375482494964570090e-02
8.325880221011527915e-02 8.431375707281832388e-02
8.326353114440306069e-02 9.842469791537399038e-02
8.327658568354809332e-02 8.633800563861306065e-02
8.332836857350119086e-02 1.246282327999450046e-01
8.334940187773225151e-02 1.387106716368250170e-01
8.341132284302880950e-02 8.431813817866121163e-02
8.342278757852275572e-02 9.824531339065821489e-02
8.347927099445852372e-02 8.982474136102255868e-02
8.368871462425495067e-02 8.427700821018251076e-02
8.369895141279053152e-02 8.412608088509869464e-02
8.370414710530160729e-02 8.795913962140612663e-02
8.385799733750932961e-02 8.391135019963383290e-02
8.393579751656525534e-02 9.032308826253825085e-02
8.396998895487628456e-02 1.262128222400702438e-01
8.419655068606304860e-02 9.651336272863336729e-02
8.419734472597008301e-02 9.759501559666919346e-02
8.420669701881675073e-02 1.203796502506710026e-01
8.423443459433943570e-02 8.540289998324317178e-02
8.423753248182171138e-02 8.708441124890480001e-02
8.427025611224449320e-02 8.427102368573831381e-02
8.430359656185572315e-02 1.063803012895165739e-01
8.436416801098156615e-02 8.561457350195893212e-02
8.442384608146820402e-02 8.448417350850466467e-02
8.445500272004673181e-02 8.864425486639579410e-02
8.458716866877627472e-02 1.381644481977650774e-01
8.466768612685905693e-02 8.596029218127447524e-02
8.466861916019478851e-02 1.135843352074151907e-01
8.489773826464051820e-02 8.662265920529090002e-02
8.492479828269773601e-02 8.869338297270290550e-02
8.498954596749024037e-02 9.018814706517452873e-02
8.504311147718737751e-02 8.662423085262539735e-02
8.506182310099333344e-02 1.341439679236756666e-01
8.507803534472767326e-02 8.510018623598811227e-02
8.521549165257814862e-02 1.347542809226786598e-01
8.532195451200143277e-02 9.175839159953490254e-02
8.533077268720870578e-02 9.583438488965785595e-02
8.534655997369799962e-02 8.548426715594435732e-02
8.544103775556874392e-02 8.771021288536857974e-02
8.549351211880894252e-02 9.324314215777201875e-02
8.563520045102077094e-02 1.176285799817019390e-01
8.578414821198271367e-02 8.599720692987775084e-02
8.580020187754663907e-02 1.140059371561200907e-01
8.586695688508885760e-02 9.082993423758231599e-02
8.588552252298577161e-02 1.077845474213370847e-01
8.595145605072977701e-02 1.166528854662541720e-01
8.595182273784723881e-02 8.597857323391570883e-02
8.597755101767426411e-02 8.690180665242451530e-02
8.599144577701434145e-02 9.323322099581282663e-02
8.602419890032662886e-02 8.733504365278019210e-02
8.605663581223327308e-02 9.068774761440547005e-02
8.614354784608158067e-02 9.443460865241068425e-02
8.618245656535988841e-02 9.196390232525984698e-02
8.620006025580841114e-02 8.631104948949548661e-02
8.625069841954388639e-02 9.954005611450883473e-02
8.625546534299632917e-02 8.706523792314095622e-02
8.642247219538523595e-02 8.663536029198359856e-02
8.644215218193315731e-02 9.026571406205319281e-02
8.649834269208633852e-02 8.691340797949612118e-02
8.653870870007990268e-02 9.069708231871281834e-02
8.659132884123577067e-02 1.149784828946736059e-01
8.664886793602230575e-02 8.720935338413905724e-02
8.669533817560338973e-02 8.674966249415165531e-02
8.671285978725261356e-02 8.739505588499688060e-02
8.672781424446555920e-02 8.719478959467173718e-02
8.682124853575309831e-02 8.996853813258953725e-02
8.686486239043401947e-02 9.875412829452806518e-02
8.696455924038504204e-02 8.697730336181154487e-02
8.697568981038786284e-02 1.391757224775427015e-01
8.700666772158707762e-02 8.715512933023233932e-02
8.700800974967708157e-02 1.458756215614315510e-01
8.702092422437711361e-02 8.949902945267297627e-02
8.715590887804987308e-02 8.998091705612688840e-02
8.715716824127178741e-02 8.715753834717399062e-02
8.723945414129988252e-02 9.371265783116748682e-02
8.747118740519521651e-02 9.202544572660664723e-02
8.755927542870539648e-02 9.218083085382353103e-02
8.765100823015553599e-02 8.792267558061928057e-02
8.779924168412814312e-02 9.391799170862626112e-02
8.780663626979622050e-02 9.591699962799299373e-02
8.794617240947313896e-02 1.110147275753790991e-01
8.804691549067786283e-02 1.077093421345995811e-01
8.805187801938910153e-02 1.073942522726036020e-01
8.806976690187648393e-02 8.814064455957203170e-02
8.810559398823807065e-02 8.998281749542358376e-02
8.819649117642335001e-02 9.555350775635922111e-02
8.825900176645858075e-02 9.018327805160494814e-02
8.826005589227584047e-02 8.992236809142609144e-02
8.826883125117189477e-02 8.831288335083882501e-02
8.835710325496795581e-02 9.458062832989626301e-02
8.836132285707794243e-02 9.397482083439652467e-02
8.841887567786392566e-02 9.105193479646468691e-02
8.844403381465516800e-02 9.002771611611450064e-02
8.847681874020398018e-02 1.113993390221291874e-01
8.849332768522454040e-02 8.961028214694159721e-02
8.858247195129129170e-02 1.323775416254971415e-01
8.859900518642208067e-02 1.073109354105016705e-01
8.867694992527751230e-02 8.973719506248381550e-02
8.872333909573384969e-02 1.393927398459987310e-01
8.881488245719082464e-02 8.885867242983899739e-02
8.895720843027414559e-02 8.948046801445345977e-02
8.896807773731507663e-02 1.060693365553203177e-01
8.907400493769812577e-02 1.358811511695805496e-01
8.907723051578536611e-02 8.989302132313854721e-02
8.909656762036408106e-02 9.894764063501021445e-02
8.913187311430149917e-02 9.517225378116851708e-02
8.917036243125166239e-02 8.918821445155679373e-02
8.917199750935209113e-02 1.011026525309240837e-01
8.926427524193172869e-02 1.156212169180521471e-01
8.933856003047746519e-02 1.136454902118355648e-01
8.935594389024177631e-02 9.011377469023246212e-02
8.936062533796763907e-02 9.143227627293970539e-02
8.950673656312374549e-02 9.168722458456970981e-02
8.958034180365691268e-02 1.044044258661264435e-01
8.958757070969909642e-02 1.198873480270111064e-01
8.964655753018874185e-02 8.967202525785004930e-02
8.980161274192069443e-02 1.096413411833458001e-01
8.982514347192706305e-02 9.029837424623807229e-02
8.985402413879726990e-02 1.459505096473303898e-01
8.989646630156640505e-02 8.995974372181916867e-02
9.000641691737933103e-02 9.141154562931727567e-02
9.009838322056121229e-02 9.241351935373075255e-02
9.010494714282868411e-02 9.070684395951925105e-02
9.014826957902324911e-02 9.569519924756376972e-02
9.016593254690040415e-02 9.388520343326696438e-02
9.033486604234183814e-02 9.297439202761199895e-02
9.035774462614938607e-02 9.155285993867338934e-02
9.036371288990900641e-02 1.133737914144005016e-01
9.037817960178093357e-02 9.046544487570949700e-02
9.039613809380099563e-02 9.194554746299377079e-02
9.044261066617909073e-02 1.022464026722435110e-01
9.051924762917727685e-02 1.010227834192979623e-01
9.052567256460314349e-02 9.100933715577619321e-02
9.053919125136614121e-02 9.079699206095333264e-02
9.058115236302266560e-02 1.028096922254091578e-01
9.058435315251467390e-02 1.008769602733337323e-01
9.059683212007736686e-02 1.004844642415398254e-01
9.080653865360395482e-02 9.506028743850868101e-02
9.082151381157828329e-02 1.326393519426532774e-01
9.083742233922441345e-02 1.021663761925733632e-01
9.096038969436849586e-02 9.127407864920797365e-02
9.096475280988701451e-02 9.669257653737239888e-02
9.099503741925242528e-02 1.384305727996235358e-01
9.108498229881877017e-02 9.254277148928861940e-02
9.108865500486562627e-02 9.115151606373476934e-02
9.109563979015504465e-02 1.082089156125823487e-01
9.138907136590265767e-02 9.309711687627510168e-02
9.138955025235520613e-02 9.589805764118175535e-02
9.139777112343211440e-02 9.147557861739234741e-02
9.144738508412209033e-02 9.679190849165421329e-02
9.145661839885477207e-02 9.246259966140717157e-02
9.150355796707437817e-02 9.387033043950045175e-02
9.151113094504546852e-02 9.457328245053492344e-02
9.153331713543287618e-02 9.153787621775676120e-02
9.154938851926058829e-02 9.225017508435195968e-02
9.164205802150240943e-02 1.468862805054175491e-01
9.165520840453508788e-02 1.000033184354515436e-01
9.166845295630976498e-02 9.972354030620442233e-02
9.174499776433157894e-02 1.027491177364420055e-01
9.178130530824034350e-02 9.399516197669249840e-02
9.180522986309334887e-02 9.586235526067472812e-02
9.183450050411082199e-02 1.259590016253081257e-01
9.189877736313718792e-02 9.193124576841991968e-02
9.191069831141510105e-02 1.286970788920644704e-01
9.191350114648573488e-02 1.123480634602166267e-01
9.192460360409802911e-02 1.008852937756621604e-01
9.198222503583505794e-02 9.722141832425452990e-02
9.203734367045725284e-02 9.232558912354675573e-02
9.205534019448673166e-02 1.417369088414607015e-01
9.220163862287879264e-02 1.117532630660110216e-01
9.222755499016664638e-02 9.580705353589580309e-02
9.227620187194732204e-02 9.758854991434896820e-02
9.231302060470875093e-02 9.337457274469632140e-02
9.231692249126415006e-02 1.049205915617864582e-01
9.237654658428316734e-02 9.796394055175167148e-02
9.240092627875796938e-02 9.647541249226632143e-02
9.246654829417648436e-02 1.009266152976696640e-01
9.248101613092601925e-02 1.131814586967503783e-01
9.274824397902591000e-02 9.458915300436168683e-02
9.275105863471866385e-02 1.002415802584664395e-01
9.277967303959118450e-02 1.176591915860736720e-01
9.283509793075023220e-02 9.542020564639065727e-02
9.283668656316046430e-02 9.586614437878673844e-02
9.288426567644804399e-02 9.291491209678862107e-02
9.289700361371086568e-02 1.051376842687531815e-01
9.300373698809209777e-02 9.963751054254892103e-02
9.313319333346307960e-02 9.329722709011889492e-02
9.315555192252049366e-02 9.905620367243649083e-02
9.317323948165087688e-02 9.326347048018830688e-02
9.317443655794060975e-02 9.324291474923993017e-02
9.318386224838064169e-02 1.042815182427000997e-01
9.327904684284045456e-02 9.349849826121701957e-02
9.328812620681660450e-02 9.783109606354936649e-02
9.346737222349336960e-02 1.007138963188052155e-01
9.349759724819496631e-02 9.520400800180642276e-02
9.358900485424777316e-02 1.244004953450009443e-01
9.387475125920799468e-02 9.474673965348633098e-02
9.390584007683258627e-02 9.785989971558339828e-02
9.394205591254177479e-02 1.017712858482730104e-01
9.408372654461640006e-02 1.008235037371647824e-01
9.421092255846208463e-02 9.822248418778865842e-02
9.422957919654960379e-02 9.600959560827999895e-02
9.434776370118790056e-02 1.041504926573008361e-01
9.440801200070438048e-02 9.685805517111462093e-02
9.441609376176114676e-02 1.395609170789251230e-01
9.446277502597916209e-02 1.004296026265000669e-01
9.449484099520381875e-02 1.262975232546152404e-01
9.457027124705556786e-02 9.526275978092571539e-02
9.459741958922497640e-02 1.094207818062036680e-01
9.466599761784047495e-02 9.909803551788799736e-02
9.472438674632195632e-02 9.640816290410957057e-02
9.473600598266336548e-02 1.009285113782493748e-01
9.475163262418923038e-02 9.477424078679436148e-02
9.479621904202498173e-02 9.773324184417736538e-02
9.483261330923574428e-02 1.138653674061787247e-01
9.488172167413065627e-02 9.604835542517041469e-02
9.491207000200503618e-02 1.155121185177669374e-01
9.492296499819601052e-02 1.155910538504002910e-01
9.501508198637619029e-02 9.512226997801472017e-02
9.502123355757902123e-02 9.531811989285467190e-02
9.510738897384148072e-02 9.510792979280061066e-02
9.516685271900349186e-02 9.735610846917679140e-02
9.534058288356038469e-02 1.368475929605218189e-01
9.542373734314048284e-02 9.765784527884520394e-02
9.543972560143265671e-02 9.648439662989115317e-02
9.547597963393052167e-02 9.707244766447374607e-02
9.557032369585789777e-02 1.036420196042599357e-01
9.559623731407003444e-02 1.137034946424043402e-01
9.560290859364248273e-02 1.050338451987905680e-01
9.562935336781169804e-02 9.764239629606864812e-02
9.564057746198861842e-02 9.609295953963511994e-02
9.566707953648595497e-02 1.003743644591948425e-01
9.567805591585157310e-02 1.064931428368242200e-01
9.576226887119825004e-02 9.583658272293368863e-02
9.584234247586237432e-02 9.656854139267748161e-02
9.586889332392936613e-02 1.121959673280014530e-01
9.590912354783637239e-02 9.597000484367324002e-02
9.592046979404134088e-02 9.716863222430661973e-02
9.595169516525207942e-02 1.072278269771468479e-01
9.604341637053168124e-02 9.621195614735672530e-02
9.611429249347054615e-02 1.129211207781220111e-01
9.617513765466741138e-02 1.326690489312803423e-01
9.623244097819914911e-02 9.958802097639114781e-02
9.629249406896467356e-02 1.792883578133844247e-01
9.630276653227223815e-02 9.937276423524275815e-02
9.630632996163672466e-02 1.118749134593611944e-01
9.646384523076832751e-02 9.762978075410820578e-02
9.647819371797249077e-02 9.814302846345608622e-02
9.670344178618066333e-02 1.289915559729891137e-01
9.672900745095251718e-02 1.136805452881361894e-01
9.675507895052122553e-02 1.028634874881344252e-01
9.681372152857674329e-02 1.004820457848324272e-01
9.683236061923718163e-02 9.964939287528172540e-02
9.685553702268281939e-02 9.780122477670333270e-02
9.695373976553767204e-02 1.055875330568400855e-01
9.695959464647085913e-02 1.135951819264499202e-01
9.708941130095881389e-02 1.040544625447119009e-01
9.711067659274986996e-02 1.268107218419435023e-01
9.714342667627624828e-02 9.948881046187574295e-02
9.714785240799610200e-02 1.012088132969756332e-01
9.718945456087037249e-02 9.757804397534276808e-02
9.724764010830190542e-02 9.972971473199461478e-02
9.726216380206983980e-02 9.865774516295103269e-02
9.741391146744489415e-02 1.036127500321142869e-01
9.746203647263483594e-02 9.861889155379027772e-02
9.747167209231873131e-02 1.036593823199556258e-01
9.750716415281657223e-02 1.174079924392766039e-01
9.753764142820854632e-02 1.016064225421099837e-01
9.757465939619906770e-02 9.988959503985687938e-02
9.760336914083247994e-02 1.327591460668818557e-01
9.762118463262205170e-02 1.001979858097501452e-01
9.762818331160466601e-02 1.065157398925354604e-01
9.765615668589981702e-02 1.024875042848513579e-01
9.772151380484289662e-02 9.796770291445261458e-02
9.772902724204619862e-02 1.008489939501349547e-01
9.774093614916451456e-02 1.387279876454481919e-01
9.775490234240281906e-02 9.777409358696832753e-02
9.780858251194382569e-02 1.001262416723639054e-01
9.781046322218060751e-02 1.212421110327644852e-01
9.782050651002398289e-02 9.816566094070695858e-02
9.782110138844750391e-02 1.001806846357645581e-01
9.783082734367830324e-02 9.861971033822909682e-02
9.786384263988920362e-02 1.077617113821356248e-01
9.794097158772813172e-02 1.010211375662845856e-01
9.795831676480659667e-02 9.884331857860033377e-02
9.804830330432112717e-02 9.955176931735629231e-02
9.815380246744272175e-02 9.816701484878803674e-02
9.819359434131821884e-02 1.300733209455881556e-01
9.832516356876430663e-02 9.910472841177564440e-02
9.842839022237247215e-02 9.904949850977873282e-02
9.843664554485381801e-02 1.038497871137281647e-01
9.849911614686633621e-02 1.007315298055444924e-01
9.864773448521586829e-02 9.959453644668736505e-02
9.878306356855728887e-02 9.880520247241129927e-02
9.890116332095183482e-02 9.890382931964168678e-02
9.891037576875057191e-02 1.094218353317972792e-01
9.892214147196816409e-02 1.005079508492316004e-01
9.894604643347545969e-02 1.084345635775113559e-01
9.895781523767809007e-02 9.929895991865070326e-02
9.897701969291924917e-02 9.912935592325622380e-02
9.900003981586107116e-02 9.900011213201516391e-02
9.902808946359487052e-02 9.925203327969729650e-02
9.905672234643524143e-02 1.090734050640271291e-01
9.907665813567963220e-02 1.198313599976467414e-01
9.914688664630903758e-02 1.077709706271844925e-01
9.933606725411650573e-02 9.946779991356066719e-02
9.939509838654927987e-02 1.000376560245472557e-01
9.952046376052089971e-02 1.128598183925139664e-01
9.956408789149379102e-02 1.006665648315080153e-01
9.957707519720584988e-02 9.960669038481834159e-02
9.958658522053455420e-02 9.993712773201419985e-02
9.966524745569727006e-02 1.108017075387553591e-01
9.968769846506414511e-02 1.026745546792166147e-01
9.969043793022769329e-02 1.034911348299754480e-01
9.976933541880593503e-02 1.040424512241209798e-01
9.980123137826607538e-02 1.024471446806586861e-01
9.981119329341144042e-02 1.037105001462655662e-01
9.992052740828019641e-02 1.266152624691766204e-01
9.995261623137471907e-02 9.995309349727760084e-02
1.000274325069952092e-01 1.051643158128790778e-01
1.001155237700481621e-01 1.004535406539608516e-01
1.001538490975175388e-01 1.047371531313918830e-01
1.002026187366864551e-01 1.165127264108332672e-01
1.002823276721172274e-01 1.373802503346278625e-01
1.002859020889862590e-01 1.111730509581857068e-01
1.003278283127383985e-01 1.003330067178048596e-01
1.004544935552947743e-01 1.319599329869452498e-01
1.005293748756916211e-01 1.006477482795684747e-01
1.006649532398819075e-01 1.110759707393653151e-01
1.007425353012456337e-01 1.028309547391785123e-01
1.008251479686387148e-01 1.069346671914450098e-01
1.008307136844606988e-01 1.069762034695692365e-01
1.008905783415819102e-01 1.042056716892463403e-01
1.009423304168048235e-01 1.045397171467434411e-01
1.011117497690572492e-01 1.011911899773326601e-01
1.011152252166901827e-01 1.015317150142355379e-01
1.011897691389547493e-01 1.078072004639044901e-01
1.013359572225063787e-01 1.036091263748869090e-01
1.014131145564224623e-01 1.177321722213689748e-01
1.014832454659386207e-01 1.140192884671343970e-01
1.015605986124985677e-01 1.015607911578357975e-01
1.015802640465419820e-01 1.018972981630005270e-01
1.016155532467691580e-01 1.016467308876173314e-01
1.016614581348348617e-01 1.025480607835197039e-01
1.017938902720488953e-01 1.138932836023183320e-01
1.018177268655465484e-01 1.026278352379196984e-01
1.018253956614955241e-01 1.059401544520897909e-01
1.018403934631792601e-01 1.031201602633159686e-01
1.018515965377180532e-01 1.222449453487600840e-01
1.019186221258118336e-01 1.025383779243270455e-01
1.019192234910168554e-01 1.020392563648319095e-01
1.019484956177580393e-01 1.036638650102655462e-01
1.019662186514439794e-01 1.023877477635521255e-01
1.020396943839256415e-01 1.055089404426819283e-01
1.021000988503003026e-01 1.021737781963152486e-01
1.021327312817346539e-01 1.039158429038960080e-01
1.021758662883063967e-01 1.022027228786942660e-01
1.021813734583112004e-01 1.109735723692736042e-01
1.022221649424275430e-01 1.030239238913048944e-01
1.022550656813614872e-01 1.050795319968782088e-01
1.022583833369394013e-01 1.034460719935780815e-01
1.023601975469145275e-01 1.033138645868433153e-01
1.023691583910489450e-01 1.071942827095168499e-01
1.024573581515720172e-01 1.025028145799598833e-01
1.025043132398383711e-01 1.025614077954277864e-01
1.026147170285530985e-01 1.170729840651296844e-01
1.026952177594352145e-01 1.371585861305956999e-01
1.027346051034678520e-01 1.028876523728505382e-01
1.028784980178238800e-01 1.038249889796132447e-01
1.028873984537898439e-01 1.455469646890826529e-01
1.029607085220052287e-01 1.052667064570815547e-01
1.030163871850305751e-01 1.030309423750310344e-01
1.030194239066215128e-01 1.078789981260313280e-01
1.031006246625829903e-01 1.031765327919213632e-01
1.031829320133283434e-01 1.090803006382782547e-01
1.033226490284575444e-01 1.085855733198501372e-01
1.033899280485816308e-01 1.093318249126657010e-01
1.034136184920860374e-01 1.068278784067606541e-01
1.034168670346330698e-01 1.034169287562147627e-01
1.034642385038855167e-01 1.303711808014214324e-01
1.035550356973880953e-01 1.101136910980911182e-01
1.035853051872052122e-01 1.041642253889583092e-01
1.036144334762299501e-01 1.038639286275808982e-01
1.036363628386524210e-01 1.211191632689837538e-01
1.037808048318594606e-01 1.308908570791232628e-01
1.038073906304337185e-01 1.045434480258091853e-01
1.038893105972623493e-01 1.038898475263208693e-01
1.039986137338679423e-01 1.066206693666557903e-01
1.040424844483933825e-01 1.054688196596958311e-01
1.041281144609872006e-01 1.390396037989060363e-01
1.041353393092676605e-01 1.105276236777405635e-01
1.042051564544859560e-01 1.043823370694501179e-01
1.042351361094410872e-01 1.047055367621508304e-01
1.043368910895972890e-01 1.096524669936008861e-01
1.043650943339241438e-01 1.044160420338952344e-01
1.045904071550229908e-01 1.059420640354860887e-01
1.046592264789321935e-01 1.159841298529043774e-01
1.046631681237502054e-01 1.084704723868157444e-01
1.046842679006829702e-01 1.071712704290726514e-01
1.047156842424488005e-01 1.112733979557862379e-01
1.047158061634323734e-01 1.057266577311807287e-01
1.048476708182000949e-01 1.049553042139672460e-01
1.048567831568147785e-01 1.056618308674938944e-01
1.049535348760921583e-01 1.082146595778954307e-01
1.049978893000951541e-01 1.106723236268726401e-01
1.050382219552848245e-01 1.112737627692302889e-01
1.051561695293875276e-01 1.212244415652418000e-01
1.051651015893562274e-01 1.061137039183343428e-01
1.052292089148686438e-01 1.321626609131762720e-01
1.053181222803600964e-01 1.118168958494347442e-01
1.055121302903464647e-01 1.067997620806184489e-01
1.056094414095743589e-01 1.405179682233291816e-01
1.056140745470924153e-01 1.101914341317312279e-01
1.057224992792438895e-01 1.089021394148858846e-01
1.057753353588329476e-01 1.064868884338834171e-01
1.058268359297118849e-01 1.114115172758078226e-01
1.058523889753155978e-01 1.275009246640641802e-01
1.058611401239610422e-01 1.098143246555780828e-01
1.058693766104006478e-01 1.069236646581670641e-01
1.058779407904891917e-01 1.106607174020203116e-01
1.059086157833345060e-01 1.108966750078246438e-01
1.059159914772095090e-01 1.064044049455498964e-01
1.060882659304341197e-01 1.095476633440349568e-01
1.061897501808652666e-01 1.102307687719655399e-01
1.064463594998850959e-01 1.120606208492472000e-01
1.064566010501717536e-01 1.350112716391573542e-01
1.064893358988313193e-01 1.065991699641014034e-01
1.065368467812824738e-01 1.072132972381913130e-01
1.065413595452428669e-01 1.065708441053247052e-01
1.066514299527869802e-01 1.117729687634587132e-01
1.067491268875701838e-01 1.217824969986613798e-01
1.067973867837774676e-01 1.091848530068017520e-01
1.068231557373962720e-01 1.135927814578016060e-01
1.068619504954789329e-01 1.100542225310339878e-01
1.069902450493999402e-01 1.402093310632614442e-01
1.069932733532349828e-01 1.069974741158087050e-01
1.069975604764672183e-01 1.076293704577111349e-01
1.070191017805804945e-01 1.071988465199004564e-01
1.071236134888806368e-01 1.082976759896241981e-01
1.071850945425158741e-01 1.191785753641245033e-01
1.072484833983112229e-01 1.177511310416202162e-01
1.072540718255175635e-01 1.077683791287117332e-01
1.072824390297928837e-01 1.088618808029323259e-01
1.073066450399769445e-01 1.096516287512225574e-01
1.073420057560380142e-01 1.199421280530877931e-01
1.073633186073902901e-01 1.089132492339578845e-01
1.075272801047868071e-01 1.112999636897307326e-01
1.076254984258457892e-01 1.085506193496828115e-01
1.076983561718284493e-01 1.186180877202075296e-01
1.078164914537236008e-01 1.129278059354406338e-01
1.078712042131891174e-01 1.155826706985122465e-01
1.080293472440755354e-01 1.255937058030606457e-01
1.082457504985561009e-01 1.083746743525675904e-01
1.082696824104478622e-01 1.195178555266665776e-01
1.083609331477040083e-01 1.105023950154813139e-01
1.083631739599750649e-01 1.090601453900897910e-01
1.084004531035381996e-01 1.085496981337484013e-01
1.084179616834393955e-01 1.154206823209128485e-01
1.086599755897367653e-01 1.097660216650866855e-01
1.087751159249257388e-01 1.087952356791147546e-01
1.088163069174392233e-01 1.093054771478705750e-01
1.089466874848802475e-01 1.114954697436844888e-01
1.090584463954755168e-01 1.122598420176654788e-01
1.090762495937925985e-01 1.416281508169277559e-01
1.091869887286119195e-01 1.098316475326478331e-01
1.092085884034955656e-01 1.106091609716725460e-01
1.093862078815919098e-01 1.235563246166994089e-01
1.094657374631769903e-01 1.122647051013352104e-01
1.095829202585108797e-01 1.095955859532684734e-01
1.097361918447433277e-01 1.174964481370176228e-01
1.097538494566783485e-01 1.097693874658390162e-01
1.098568973174399582e-01 1.100390865969004262e-01
1.100482261461702416e-01 1.173720744361377577e-01
1.100557727959211168e-01 1.153224547809538619e-01
1.100961783862267201e-01 1.135144630555871142e-01
1.102809496463797445e-01 1.153827681775874692e-01
1.102944928683980141e-01 1.341370511195684179e-01
1.102959192139440631e-01 1.163030899710164878e-01
1.102999088947438366e-01 1.265510641839050765e-01
1.103138818738810395e-01 1.274092294007749537e-01
1.103181132737094533e-01 1.134633036135083567e-01
1.104624539050238358e-01 1.143209911149593583e-01
1.104881402760996556e-01 1.115193932503303065e-01
1.105699383012106324e-01 1.147961672311297310e-01
1.106983428075925674e-01 1.145538733332539111e-01
1.109625358753945218e-01 1.363557398607901650e-01
1.110479962064564174e-01 1.112858277685487007e-01
1.110498753017819806e-01 1.110966891505650311e-01
1.111030935896710481e-01 1.111129079176738782e-01
1.112673980153831566e-01 1.161567188040992238e-01
1.113271032680262923e-01 1.130878641838490156e-01
1.114135324299906360e-01 1.127733081521083425e-01
1.114566637633578883e-01 1.128750669451459715e-01
1.115196337596162240e-01 1.140573794742702901e-01
1.115421765730354731e-01 1.116793362890469155e-01
1.115653620110712008e-01 1.287231464223609623e-01
1.115979722470683971e-01 1.127070158795119431e-01
1.116197731942954047e-01 1.121410450290697830e-01
1.116635742090376082e-01 1.121598751118417364e-01
1.116915981714694805e-01 1.116933532119857020e-01
1.117718627735344167e-01 1.119245120924999004e-01
1.117997196029360957e-01 1.118031525195090081e-01
1.118004122597134053e-01 1.124967022070127165e-01
1.123441136776461291e-01 1.150347875960172905e-01
1.123491473181352091e-01 1.124704693593208404e-01
1.123753662379931989e-01 1.148126709133337336e-01
1.123914834192636797e-01 1.133030105409931904e-01
1.123979956815855941e-01 1.124238967756937407e-01
1.124834201450883864e-01 1.128875090633982559e-01
1.125551072299427469e-01 1.140810551594035327e-01
1.125635268700967001e-01 1.148292224090387975e-01
1.126018594298239528e-01 1.168553128985836687e-01
1.127028068680066830e-01 1.133923084751611854e-01
1.127448172242001417e-01 1.127688854784272138e-01
1.127869975014815507e-01 1.293279661856389651e-01
1.128415519460366778e-01 1.136461633080703970e-01
1.131233147990186039e-01 1.239026888132036264e-01
1.132325453100252038e-01 1.357870666964072215e-01
1.132783522905474877e-01 1.134042228312556189e-01
1.133038531590120496e-01 1.133547710120387381e-01
1.133382355011873094e-01 1.214707253356529515e-01
1.133576956008181258e-01 1.141566243284228149e-01
1.135819937024369758e-01 1.148790907280921314e-01
1.135989268642731836e-01 1.402449921748697703e-01
1.136489991174106928e-01 1.145062039390074698e-01
1.137359572990302714e-01 1.145253842939051581e-01
1.137602361318380551e-01 1.137667424011588602e-01
1.137614245517874906e-01 1.243130653668698682e-01
1.139095922734515987e-01 1.354383451428072815e-01
1.141450052919096014e-01 1.196216255104279869e-01
1.141580360459273080e-01 1.146815844335970225e-01
1.143142884297739109e-01 1.323900437426740739e-01
1.143447877451735650e-01 1.150257020386684370e-01
1.144331032132991227e-01 1.151762166328642173e-01
1.145476342187540519e-01 1.145477783446243042e-01
1.146864609395297496e-01 1.151484451607921039e-01
1.149088572135300301e-01 1.319220130192003959e-01
1.149295027491201437e-01 1.200022220494092046e-01
1.150082611015241923e-01 1.151925813293429163e-01
1.150350216713584145e-01 1.235074379802488936e-01
1.151391805098848642e-01 1.180732847767703153e-01
1.151732724756445725e-01 1.222667344012562662e-01
1.152360276002165618e-01 1.154287663714656798e-01
1.153260304933215880e-01 1.198627314282972867e-01
1.153908404436732177e-01 1.199876171066631553e-01
1.155540086305190256e-01 1.159806126791378539e-01
1.156560752002172288e-01 1.194396840074734983e-01
1.156654291379127231e-01 1.163820122153325920e-01
1.158857841023526319e-01 1.160399342572447090e-01
1.159619841514808319e-01 1.235891202181244736e-01
1.160941977512188750e-01 1.171359765712189638e-01
1.161063725341127117e-01 1.165966971610376407e-01
1.161361853958198659e-01 1.203666527683479037e-01
1.163182461743155482e-01 1.199962498857610610e-01
1.164474041860084352e-01 1.194168175331026122e-01
1.164537792283288076e-01 1.183813981511823016e-01
1.164695413676685998e-01 1.165352905733038347e-01
1.165205744829422990e-01 1.181408349755161957e-01
1.165435165623189689e-01 1.170901434413938041e-01
1.167586608499323608e-01 1.170655999209677806e-01
1.168613874320284518e-01 1.218596212025948450e-01
1.168709732232820764e-01 1.178606990487020695e-01
1.169033875810358003e-01 1.209546870710737354e-01
1.169393509157428956e-01 1.171474734440267895e-01
1.173110610156314348e-01 1.174744218001467638e-01
1.173398282830632744e-01 1.202989981676684805e-01
1.174814640956295259e-01 1.174883339549670780e-01
1.175535796009864326e-01 1.219226047638408278e-01
1.177421801827496228e-01 1.198015060654500641e-01
1.177515229270981595e-01 1.179548541264551914e-01
1.178087809438580769e-01 1.225065958212112616e-01
1.180518754418442839e-01 1.204983433197697462e-01
1.180901744717754304e-01 1.226233340587451065e-01
1.182542269745850833e-01 1.191392134257071855e-01
1.185406422588604208e-01 1.185417190445159502e-01
1.185965642118203545e-01 1.191496714081653890e-01
1.186010261329546039e-01 1.203538939632780302e-01
1.186582498187960383e-01 1.186662011182504639e-01
1.187351447220201250e-01 1.398404329408688695e-01
1.190223732225752784e-01 1.192101136188565697e-01
1.190433786767497171e-01 1.290632903925110764e-01
1.191562354810984103e-01 1.193838357678903561e-01
1.191598303556043043e-01 1.192571101784636739e-01
1.191674392340085764e-01 1.241428023060766189e-01
1.192336769339895769e-01 1.207375064426948474e-01
1.192853037676783051e-01 1.215837148301150833e-01
1.193569759260478536e-01 1.194670083498945712e-01
1.195312390240770573e-01 1.271027742707833141e-01
1.196447226860790913e-01 1.338390260924733621e-01
1.196716594251901883e-01 1.275719966271045835e-01
1.196928640791409676e-01 1.248409904769818696e-01
1.197911017741331713e-01 1.201715699269199494e-01
1.199331921879710633e-01 1.204406266994077074e-01
1.199714553360899938e-01 1.255377681403612722e-01
1.200461644666530325e-01 1.200858656484530690e-01
1.200956155281445031e-01 1.204900163447151923e-01
1.201444644322944150e-01 1.201447977918012611e-01
1.202002831030203611e-01 1.224426009601952553e-01
1.205208062271519998e-01 1.206428564237221612e-01
1.206155985488211874e-01 1.295645812297147592e-01
1.206304295514914887e-01 1.241703583841958503e-01
1.207708661201585820e-01 1.211492281788197206e-01
1.208425976853153699e-01 1.209329615282616899e-01
1.209357110543841513e-01 1.394644940274309408e-01
1.211600960253050724e-01 1.214049498453892151e-01
1.211649951543268405e-01 1.254745790834905228e-01
1.211823946049174067e-01 1.342552820387421797e-01
1.212833810187425865e-01 1.304359814820381380e-01
1.213484361192162103e-01 1.588991091292214497e-01
1.214679651239617270e-01 1.217725883929046821e-01
1.214916581157432368e-01 1.315901030570596209e-01
1.215497703268699214e-01 1.237517543630026473e-01
1.215550627169555420e-01 1.262024645091028019e-01
1.215992394125574999e-01 1.241890762232437107e-01
1.216432074862435347e-01 1.232519347508252705e-01
1.218095433112255793e-01 1.225472720079370664e-01
1.219597524084727602e-01 1.238483427295386935e-01
1.220748742667550762e-01 1.243293561144914461e-01
1.221000323466606696e-01 1.221051991879040649e-01
1.221206107546377595e-01 1.221683236518913557e-01
1.222327388775437118e-01 1.358174406417984315e-01
1.222840462974109504e-01 1.347726736771756584e-01
1.223241068726478309e-01 1.355586281879710142e-01
1.226988058828781258e-01 1.229693996347537704e-01
1.227165717710587550e-01 1.247606400130551602e-01
1.228507401970291152e-01 1.232338074918880588e-01
1.229165695577674466e-01 1.231034248707802009e-01
1.229981443894178489e-01 1.271509040360170317e-01
1.230613002876100315e-01 1.243595374518148555e-01
1.232855709308772474e-01 1.233282378619096342e-01
1.233916691553017947e-01 1.236994960283850364e-01
1.235291394229796336e-01 1.235425092175776035e-01
1.239440341954626962e-01 1.271717808494997326e-01
1.240253274428598090e-01 1.245761341081187412e-01
1.242237691513085329e-01 1.242599213694795396e-01
1.243364894962782768e-01 1.244584895758871212e-01
1.244661673521645084e-01 1.254534953900225125e-01
1.245135535510545483e-01 1.263061309927079323e-01
1.248796886703063547e-01 1.250547168740633042e-01
1.249792910003902219e-01 1.422537265270542306e-01
1.250226030293584978e-01 1.252163736501032409e-01
1.253251784233476718e-01 1.284431135003359925e-01
1.255639475190890864e-01 1.256232796263936358e-01
1.257014240998772792e-01 1.315713410275748674e-01
1.257990337519191704e-01 1.283945281099646563e-01
1.260864372964776714e-01 1.272222189955951321e-01
1.261701578197739482e-01 1.308526565260329511e-01
1.266509295765555487e-01 1.266810446314811656e-01
1.266988424606503572e-01 1.296610866528140615e-01
1.269792454239431490e-01 1.270053687408380649e-01
1.271297184504769084e-01 1.271571465862227357e-01
1.271443029964269833e-01 1.280553780749340564e-01
1.272057676758934774e-01 1.432905155718035561e-01
1.272912177447958204e-01 1.279173465548584798e-01
1.273049605756849945e-01 1.290366947605237624e-01
1.274140412294917923e-01 1.311750041992808813e-01
1.276243078364700523e-01 1.334189102693165430e-01
1.278841741358215101e-01 1.293548277822795523e-01
1.279569098215963818e-01 1.320536547342865685e-01
1.281979095414470249e-01 1.306376490898758513e-01
1.283976583063570209e-01 1.337650953005891374e-01
1.284340956634636155e-01 1.307127433129640914e-01
1.288795301277949890e-01 1.308989276287596260e-01
1.289272526321210977e-01 1.309733905579247293e-01
1.289373873759049882e-01 1.446643546075263576e-01
1.290461693406304566e-01 1.290526020073818891e-01
1.292083032157749223e-01 1.292108642962523923e-01
1.293250992323058957e-01 1.343311656933850462e-01
1.293635880572950314e-01 1.296063135019832335e-01
1.293960451518355315e-01 1.297210579952895182e-01
1.295295330343938511e-01 1.297452326291930746e-01
1.297022734043916659e-01 1.297266046403020567e-01
1.297747566186813195e-01 1.336753049692841755e-01
1.298451440944809465e-01 1.308257063451962743e-01
1.300380424584009209e-01 1.314284053761023419e-01
1.303688234666225132e-01 1.321783864179705836e-01
1.303991624546229910e-01 1.307376342445470963e-01
1.307442747728304322e-01 1.332074779037256684e-01
1.307948591210533473e-01 1.397017992238419881e-01
1.308223598079095162e-01 1.355923331747289629e-01
1.308424282625825774e-01 1.322906990368617197e-01
1.309374967680929092e-01 1.313369502847285819e-01
1.310939271413397444e-01 1.367193327078398968e-01
1.311935460336755011e-01 1.334426387784403423e-01
1.312545870423863226e-01 1.336895418221150655e-01
1.312906003037152824e-01 1.315423063080505273e-01
1.313695629009000165e-01 1.377315732534224457e-01
1.314862520878334329e-01 1.330968392667762346e-01
1.315038390711149863e-01 1.324578266723408226e-01
1.318502762761524782e-01 1.366997718875979095e-01
1.318851786048282071e-01 1.322750115978319485e-01
1.320087610328641581e-01 1.434534079984391419e-01
1.320422527772148746e-01 1.320442080059412715e-01
1.320807265671513908e-01 1.320921296731527583e-01
1.320894685359455534e-01 1.337533101198875030e-01
1.320905313736064346e-01 1.361744717594052245e-01
1.321063220930428495e-01 1.322281816374401842e-01
1.322982598599442283e-01 1.382521670084062848e-01
1.326529561961789228e-01 1.341513929899339208e-01
1.326599900319108682e-01 1.329831380528568308e-01
1.330343892340130063e-01 1.330355189535639693e-01
1.330452297439290166e-01 1.353619299016146638e-01
1.330978965142222692e-01 1.332986253757443562e-01
1.331086473798083480e-01 1.338414458143023511e-01
1.331746998324106479e-01 1.355539086584840180e-01
1.334927993034225324e-01 1.340368487153663912e-01
1.336345371839708085e-01 1.340043273142734193e-01
1.344030957299113260e-01 1.361460233361026784e-01
1.350165057089848519e-01 1.363127795165731404e-01
1.351470243291642281e-01 1.355978710793384889e-01
1.353351863378359221e-01 1.356564877583172901e-01
1.356830953613539503e-01 1.370277725728545060e-01
1.357091496323607205e-01 1.389795905034069690e-01
1.357612863091763045e-01 1.383068990610553661e-01
1.358002159810133003e-01 1.390912403525791374e-01
1.358106241553163895e-01 1.365784218060575872e-01
1.358293406936793013e-01 1.446433420968532557e-01
1.359706835216554222e-01 1.360215789407946407e-01
1.363527539708804803e-01 1.363894225830850904e-01
1.364027815769515706e-01 1.366000544480105439e-01
1.364419433262156478e-01 1.373207366736904633e-01
1.366859500819107287e-01 1.376116374009312138e-01
1.367447011705341942e-01 1.579659174342510630e-01
1.367725239126818815e-01 1.417672493489361696e-01
1.369106876960778096e-01 1.460516651569648550e-01
1.371291452961310720e-01 1.391111825203552033e-01
1.374807610288857895e-01 1.375057812824663495e-01
1.376578390277803376e-01 1.378473261484257362e-01
1.376711029055695812e-01 1.377128770796375579e-01
1.377908252938988554e-01 1.432855809182069784e-01
1.378111363724165428e-01 1.378637373924922194e-01
1.378844277331134904e-01 1.383147579447790432e-01
1.379444497684283455e-01 1.379587577622593819e-01
1.379669681678165061e-01 1.479092150683078977e-01
1.381363489552456525e-01 1.381382197729027206e-01
1.382626960156759510e-01 1.383882720579980852e-01
1.384535968770025383e-01 1.384710351262621597e-01
1.388078142339984888e-01 1.388082644620546036e-01
1.388664296093003458e-01 1.395980303397522382e-01
1.391028171781125700e-01 1.391160590172024758e-01
1.394538724316207456e-01 1.404571091860052356e-01
1.396677526075585096e-01 1.396882473691370974e-01
1.397298063468357388e-01 1.416307081829027426e-01
1.397829011845571068e-01 1.472810007708451885e-01
1.398924721491245637e-01 1.419983213570420733e-01
1.399779871926140895e-01 1.401969014928078627e-01
1.403282428956875993e-01 1.411426364673093736e-01
1.403963629265983226e-01 1.412474839594264342e-01
1.405507575026506140e-01 1.410877098444491273e-01
1.409967324754276830e-01 1.481658156899856582e-01
1.410222777031210628e-01 1.413213095230779204e-01
1.410258067545453742e-01 1.454682536941270254e-01
1.421115301833255351e-01 1.424990883157255528e-01
1.422290811219506790e-01 1.422496127154335432e-01
1.426876740260894505e-01 1.446062969255313135e-01
1.427285969614650596e-01 1.430232591225217564e-01
1.429986131441331743e-01 1.429990941903486745e-01
1.430955814219527500e-01 1.503836017851893081e-01
1.432243595572608164e-01 1.437459453960011901e-01
1.436843657419580589e-01 1.438178188390839274e-01
1.437488437500551997e-01 1.482131258772742821e-01
1.437544431211748852e-01 1.443248153001241429e-01
1.439113885397438064e-01 1.439127605405133847e-01
1.439856273022775413e-01 1.487236077678932289e-01
1.440300696999455010e-01 1.469055248748781795e-01
1.444723089994981446e-01 1.447913778163699150e-01
1.447636647114028674e-01 1.559766077690917518e-01
1.448789519944547466e-01 1.508642770977791647e-01
1.450590848224737606e-01 1.488030335676924498e-01
1.455773870731401631e-01 1.457062549298863141e-01
1.455915768240362285e-01 1.593249286160980660e-01
1.458867414928855799e-01 1.631204958301724628e-01
1.459022953027590552e-01 1.492809779081794852e-01
1.461523641527246453e-01 1.470016268638311696e-01
1.463190218657600405e-01 1.478103453404344125e-01
1.467029963481913668e-01 1.480252599136511471e-01
1.468348770557394156e-01 1.595835126159816930e-01
1.472831426685761169e-01 1.480212844117247684e-01
1.474265722879717910e-01 1.477111408948974802e-01
1.475588009996978700e-01 1.483437412918343079e-01
1.477664700427127609e-01 1.477943982556595426e-01
1.480246909448662829e-01 1.480387432365950495e-01
1.482973898248859390e-01 1.534818071910683812e-01
1.485133062211421440e-01 1.510921101687230095e-01
1.485252509751779915e-01 1.568238663981536829e-01
1.485988877103120720e-01 1.489833653332298113e-01
1.486375681500377299e-01 1.486427678208301628e-01
1.487778800736327400e-01 1.504920904998290898e-01
1.500688758392416944e-01 1.523909524640812696e-01
1.502143020846752886e-01 1.502363708687337596e-01
1.507233884210972541e-01 1.607526696979531267e-01
1.508996876709722268e-01 1.530901057063469295e-01
1.513111915330519752e-01 1.513500659181652719e-01
1.527387596300565920e-01 1.533930772085914662e-01
1.527436368798611721e-01 1.528704002119372074e-01
1.534136898928630255e-01 1.536670484544270798e-01
1.536327200115453762e-01 1.599623240659026613e-01
1.538784174698887841e-01 1.583086117556178618e-01
1.552135200314906649e-01 1.566648231305830807e-01
1.554141492223660992e-01 1.554392443903823140e-01
1.559165931971588370e-01 1.571721031165387028e-01
1.560415562840740955e-01 1.562347944760941465e-01
1.560464544878277238e-01 1.566808990874884455e-01
1.560677590392124670e-01 1.628264694344372654e-01
1.569242862418646633e-01 1.600387863818673317e-01
1.572836753857515812e-01 1.578192597498974115e-01
1.576281460223740993e-01 1.665670513291386823e-01
1.579034150504143863e-01 1.588491976982888410e-01
1.581388817633569699e-01 1.590071095810014767e-01
1.581753472585137321e-01 1.592383083668900134e-01
1.590442483622319381e-01 1.670675611114807724e-01
1.600405243632476993e-01 1.682123537223143561e-01
1.602741031490210188e-01 1.604535053198543337e-01
1.602822788005203725e-01 1.623354714130826326e-01
1.641838400229685413e-01 1.641863467239238761e-01
1.663364048754881752e-01 1.668965381565343797e-01
1.667464107226463987e-01 1.670504384834548828e-01
1.685751915389400446e-01 1.686634374277071191e-01
1.696797432940950479e-01 1.711054996418570617e-01
1.697670921589338466e-01 1.699765577309929609e-01
1.722304986853493425e-01 1.722785857266383169e-01
1.727034078800590566e-01 1.727045675531799773e-01
1.752085017037456338e-01 1.752733400486275461e-01
1.784624844457540216e-01 1.818565665785146501e-01
1.814160843244013999e-01 1.814483694206161235e-01
1.855973690004480703e-01 1.857576493179245725e-01
1.992759992427935445e-01 1.992972328930180670e-01
2.078955892655423854e-01 2.081602996048647070e-01
