0.000000000000000000e+00 7.336788844984253044e-02
0.000000000000000000e+00 7.557824274706163858e-02
0.000000000000000000e+00 7.852773327977932705e-02
0.000000000000000000e+00 7.220136109124750123e-02
0.000000000000000000e+00 7.311536912833738189e-02
0.000000000000000000e+00 7.103162645656210805e-02
0.000000000000000000e+00 7.764807241177766606e-02
0.000000000000000000e+00 7.243631881246515025e-02
0.000000000000000000e+00 7.158200255330916806e-02
0.000000000000000000e+00 5.997267335705407099e-02
0.000000000000000000e+00 3.135765606090688828e-02
0.000000000000000000e+00 7.306639909232608143e-02
0.000000000000000000e+00 6.662902269899130536e-02
0.000000000000000000e+00 7.163967412448853100e-02
0.000000000000000000e+00 4.947649133462312526e-02
0.000000000000000000e+00 5.906056881122252050e-02
0.000000000000000000e+00 5.788282824287264289e-02
0.000000000000000000e+00 6.915975324133186164e-02
0.000000000000000000e+00 6.609674719997170322e-02
0.000000000000000000e+00 7.284670295693140840e-02
0.000000000000000000e+00 7.018997946217513106e-02
0.000000000000000000e+00 6.620491232982832208e-02
0.000000000000000000e+00 7.041878747776812719e-02
0.000000000000000000e+00 7.192580024746689227e-02
0.000000000000000000e+00 1.211682067850644723e-01
0.000000000000000000e+00 6.222907646742929788e-02
0.000000000000000000e+00 2.986308852297756694e-02
0.000000000000000000e+00 6.889807651510690412e-02
0.000000000000000000e+00 8.049155855938235071e-02
0.000000000000000000e+00 7.733943484000725677e-02
0.000000000000000000e+00 6.580547263931034452e-02
0.000000000000000000e+00 8.120023636880742413e-02
0.000000000000000000e+00 1.105942247174926257e-01
0.000000000000000000e+00 5.390012118756985077e-02
0.000000000000000000e+00 4.790338320532742944e-02
0.000000000000000000e+00 6.137707629602419390e-02
0.000000000000000000e+00 5.637679728509319838e-02
0.000000000000000000e+00 7.688920013113473284e-02
0.000000000000000000e+00 2.110990138259136520e-02
0.000000000000000000e+00 5.559574925693571562e-02
0.000000000000000000e+00 1.348701592662735448e-02
0.000000000000000000e+00 4.773326518158213516e-02
0.000000000000000000e+00 3.864668254076902149e-02
0.000000000000000000e+00 5.356944801079315671e-02
0.000000000000000000e+00 4.611263844580479332e-02
0.000000000000000000e+00 6.568351518731138650e-02
0.000000000000000000e+00 7.503987503158596195e-02
0.000000000000000000e+00 6.768023292850341988e-02
0.000000000000000000e+00 5.811373751747832272e-02
0.000000000000000000e+00 6.760934346602909262e-02
0.000000000000000000e+00 1.040226876422562091e-01
0.000000000000000000e+00 6.028636326699256254e-02
0.000000000000000000e+00 7.269578755295988404e-02
0.000000000000000000e+00 7.196999934805103916e-02
0.000000000000000000e+00 8.179069803335639599e-02
0.000000000000000000e+00 5.454537311008492151e-02
0.000000000000000000e+00 3.896206870434890113e-02
0.000000000000000000e+00 9.089599034490672413e-02
0.000000000000000000e+00 5.703556375374378012e-02
0.000000000000000000e+00 5.733744275933267548e-02
0.000000000000000000e+00 7.913798578822864305e-02
0.000000000000000000e+00 6.710367718969609263e-02
0.000000000000000000e+00 2.363074354956709242e-02
0.000000000000000000e+00 5.006190716524377277e-02
0.000000000000000000e+00 6.106385579766613475e-02
0.000000000000000000e+00 8.322015852281799964e-02
0.000000000000000000e+00 5.635477305734305081e-02
0.000000000000000000e+00 6.508701847176437405e-02
0.000000000000000000e+00 5.105431521110083415e-02
0.000000000000000000e+00 7.104702040408911179e-02
0.000000000000000000e+00 7.907620758121269855e-02
0.000000000000000000e+00 6.887783740300157387e-02
0.000000000000000000e+00 5.095538218754094850e-02
0.000000000000000000e+00 6.328988058905088421e-02
0.000000000000000000e+00 7.629238040274738397e-02
0.000000000000000000e+00 2.720507889346104879e-02
0.000000000000000000e+00 4.280806116216194501e-02
0.000000000000000000e+00 7.078136237719197255e-02
0.000000000000000000e+00 6.048087101535964266e-02
0.000000000000000000e+00 5.032251506953502873e-02
0.000000000000000000e+00 9.139082347452308352e-02
0.000000000000000000e+00 6.057297460964885388e-02
0.000000000000000000e+00 8.766349201021472748e-02
0.000000000000000000e+00 7.466968959479765300e-02
0.000000000000000000e+00 6.801106521361949264e-02
0.000000000000000000e+00 3.560940858971864409e-02
0.000000000000000000e+00 5.878986154382423446e-02
0.000000000000000000e+00 6.421060830195013391e-02
0.000000000000000000e+00 6.879463021955532775e-02
0.000000000000000000e+00 8.559225960611933914e-02
0.000000000000000000e+00 6.881939434733455596e-02
0.000000000000000000e+00 5.629966333884238450e-02
0.000000000000000000e+00 5.603779663289661789e-02
0.000000000000000000e+00 6.091272110319208288e-02
0.000000000000000000e+00 5.366153837997661435e-02
0.000000000000000000e+00 6.298729000370696662e-02
0.000000000000000000e+00 3.652420971198408473e-02
0.000000000000000000e+00 4.699804897363599882e-02
0.000000000000000000e+00 4.643967014144987498e-02
0.000000000000000000e+00 2.950173687662614730e-02
0.000000000000000000e+00 6.719111270869088104e-02
0.000000000000000000e+00 9.171003809101475890e-02
0.000000000000000000e+00 6.793099567996907506e-02
0.000000000000000000e+00 2.131897148678379289e-02
0.000000000000000000e+00 5.418874725460843395e-02
0.000000000000000000e+00 7.154829179076020729e-02
0.000000000000000000e+00 8.100596990775474349e-02
0.000000000000000000e+00 3.482463627503015052e-02
0.000000000000000000e+00 5.801916945524613484e-02
0.000000000000000000e+00 4.888865822935700711e-02
0.000000000000000000e+00 3.910300950310442031e-02
0.000000000000000000e+00 6.093131369760930449e-02
0.000000000000000000e+00 7.314000311824143952e-02
0.000000000000000000e+00 6.872044669818443141e-02
0.000000000000000000e+00 6.775065818125687589e-02
0.000000000000000000e+00 6.547034090096089110e-02
0.000000000000000000e+00 7.066868565845024763e-02
0.000000000000000000e+00 4.856144161301542000e-02
0.000000000000000000e+00 3.994196795881995582e-02
0.000000000000000000e+00 3.564090118667841145e-02
0.000000000000000000e+00 5.620878013599129447e-02
0.000000000000000000e+00 4.810380479794962999e-02
0.000000000000000000e+00 6.219612969793832796e-02
0.000000000000000000e+00 5.984806082764712598e-02
0.000000000000000000e+00 4.034754557994364721e-02
0.000000000000000000e+00 4.158098555993647999e-02
0.000000000000000000e+00 6.801967491635604879e-02
0.000000000000000000e+00 7.533287083211200053e-02
0.000000000000000000e+00 5.750001012798729855e-02
0.000000000000000000e+00 5.563302469455215504e-02
0.000000000000000000e+00 6.571496100781518135e-02
0.000000000000000000e+00 5.362894378204759865e-02
0.000000000000000000e+00 2.953671736982394630e-02
0.000000000000000000e+00 5.695646214921545186e-02
0.000000000000000000e+00 7.357207722020749074e-02
0.000000000000000000e+00 5.939469085545124455e-02
0.000000000000000000e+00 6.815921132745474120e-02
0.000000000000000000e+00 6.564486613852683894e-02
0.000000000000000000e+00 5.507399419989979228e-02
0.000000000000000000e+00 5.075044964740424436e-02
0.000000000000000000e+00 6.871437851319255052e-02
0.000000000000000000e+00 6.067445319414582761e-02
0.000000000000000000e+00 6.429070780321764766e-02
0.000000000000000000e+00 3.948604413878263608e-02
0.000000000000000000e+00 6.438862198578321205e-02
0.000000000000000000e+00 8.408492466674280519e-02
0.000000000000000000e+00 6.931946689481859047e-02
0.000000000000000000e+00 4.546760566602695008e-02
0.000000000000000000e+00 6.172923891577478117e-02
0.000000000000000000e+00 3.277734823771558809e-02
0.000000000000000000e+00 7.344894134453917867e-02
0.000000000000000000e+00 6.008805162676896655e-02
0.000000000000000000e+00 4.690710290895636764e-02
0.000000000000000000e+00 3.823493180651107298e-02
0.000000000000000000e+00 3.365171810083484455e-02
0.000000000000000000e+00 2.877618255947043610e-02
0.000000000000000000e+00 4.468820343225856501e-02
0.000000000000000000e+00 8.831398990111447023e-02
0.000000000000000000e+00 3.282824000495562083e-02
0.000000000000000000e+00 7.167813762028915625e-02
0.000000000000000000e+00 4.396183673394465918e-02
0.000000000000000000e+00 8.024168289471354798e-02
0.000000000000000000e+00 3.886725666851041650e-02
0.000000000000000000e+00 7.358568145481442224e-02
0.000000000000000000e+00 5.424733136902822050e-02
0.000000000000000000e+00 5.455725762789643413e-02
0.000000000000000000e+00 6.108989776553083034e-02
0.000000000000000000e+00 5.194838837486068228e-02
0.000000000000000000e+00 6.832601550185951611e-02
0.000000000000000000e+00 5.855166036324059575e-02
0.000000000000000000e+00 8.495448284518043736e-02
0.000000000000000000e+00 3.792310035282310532e-02
0.000000000000000000e+00 5.730068660004262321e-02
0.000000000000000000e+00 6.370143793668556209e-02
0.000000000000000000e+00 5.606639877737738809e-02
0.000000000000000000e+00 5.986282179803202597e-02
0.000000000000000000e+00 7.202223123768758395e-02
0.000000000000000000e+00 4.654144813672513731e-02
0.000000000000000000e+00 6.914450430229487909e-02
0.000000000000000000e+00 6.597083965007471962e-02
0.000000000000000000e+00 6.584243062525411971e-02
0.000000000000000000e+00 5.047507386408910807e-02
0.000000000000000000e+00 6.128282030856477269e-02
0.000000000000000000e+00 6.376017042309532756e-02
0.000000000000000000e+00 4.350027960476978567e-02
0.000000000000000000e+00 6.006203733388418980e-02
0.000000000000000000e+00 8.020212802258543106e-02
0.000000000000000000e+00 5.779794306354479189e-02
0.000000000000000000e+00 1.591488400387224000e-02
0.000000000000000000e+00 6.714828683127423148e-02
0.000000000000000000e+00 5.017050947070967465e-02
0.000000000000000000e+00 5.264945914537643573e-02
0.000000000000000000e+00 6.855176135911507374e-02
0.000000000000000000e+00 3.054046466720960334e-02
0.000000000000000000e+00 2.707010093987221450e-02
0.000000000000000000e+00 4.149677047184369139e-02
0.000000000000000000e+00 4.843199375334814039e-02
0.000000000000000000e+00 5.621631359673218142e-02
0.000000000000000000e+00 5.148226161432808978e-02
0.000000000000000000e+00 5.281801766458854575e-02
0.000000000000000000e+00 8.524487238889794094e-02
0.000000000000000000e+00 3.940833739146831077e-02
0.000000000000000000e+00 6.424017445430947604e-02
0.000000000000000000e+00 2.997177008444435950e-02
0.000000000000000000e+00 7.898127305478547244e-02
0.000000000000000000e+00 7.441015357835148447e-02
0.000000000000000000e+00 4.902874496760938061e-02
0.000000000000000000e+00 5.446218282763098939e-02
0.000000000000000000e+00 3.595393624364102980e-02
0.000000000000000000e+00 3.478163845656596920e-02
0.000000000000000000e+00 6.593826046899273208e-02
0.000000000000000000e+00 4.508190601756743854e-02
0.000000000000000000e+00 4.830350251113206539e-02
0.000000000000000000e+00 7.098557896207928486e-02
0.000000000000000000e+00 5.462281335276784194e-02
0.000000000000000000e+00 3.870223875082483972e-02
0.000000000000000000e+00 2.081065696473711688e-02
0.000000000000000000e+00 7.235084893778007120e-02
0.000000000000000000e+00 2.850968232352621076e-02
0.000000000000000000e+00 4.652530201509220281e-02
0.000000000000000000e+00 4.179854464489687199e-02
0.000000000000000000e+00 4.944873621192853730e-02
0.000000000000000000e+00 6.124739283638059445e-02
0.000000000000000000e+00 3.237138058576308208e-02
0.000000000000000000e+00 7.057080587290703866e-02
0.000000000000000000e+00 8.262619085493079496e-02
0.000000000000000000e+00 6.063116644295255681e-02
0.000000000000000000e+00 2.939627431630100797e-03
0.000000000000000000e+00 6.724568205448450131e-02
0.000000000000000000e+00 7.205218422324539962e-02
0.000000000000000000e+00 3.232422556186000800e-02
0.000000000000000000e+00 3.285298131677004407e-02
0.000000000000000000e+00 2.968434097469036664e-02
0.000000000000000000e+00 4.705369720688087898e-02
0.000000000000000000e+00 5.608240642780893542e-02
0.000000000000000000e+00 5.844945717222501530e-02
0.000000000000000000e+00 4.773934431849482379e-02
0.000000000000000000e+00 4.912552117629451209e-02
0.000000000000000000e+00 3.780106653527082888e-02
0.000000000000000000e+00 6.069738089225040073e-02
0.000000000000000000e+00 7.277505367129759317e-02
0.000000000000000000e+00 3.811182347141114229e-02
0.000000000000000000e+00 6.165798818740154258e-02
0.000000000000000000e+00 6.811841999366272105e-02
0.000000000000000000e+00 6.812713516341506459e-02
0.000000000000000000e+00 6.734398914181118079e-02
0.000000000000000000e+00 5.837042525907236434e-02
0.000000000000000000e+00 5.656160151760480925e-02
0.000000000000000000e+00 4.628465655656426730e-02
0.000000000000000000e+00 7.036933686259148890e-02
0.000000000000000000e+00 6.414566308439284548e-02
0.000000000000000000e+00 2.922734808799478529e-02
0.000000000000000000e+00 1.934857883196697270e-02
0.000000000000000000e+00 9.179029859844403672e-02
0.000000000000000000e+00 4.454680493579695616e-02
0.000000000000000000e+00 3.616652373384777325e-02
0.000000000000000000e+00 6.880504043894083641e-03
0.000000000000000000e+00 6.921892288061422260e-02
0.000000000000000000e+00 4.287545766167988326e-02
0.000000000000000000e+00 8.221076275617576756e-02
0.000000000000000000e+00 3.547664160105991338e-02
0.000000000000000000e+00 2.302852596906156124e-02
0.000000000000000000e+00 6.387654413581402013e-02
0.000000000000000000e+00 4.428629876541024385e-02
0.000000000000000000e+00 7.699962708821801727e-02
0.000000000000000000e+00 6.269750467294164797e-02
0.000000000000000000e+00 5.474980414169178938e-02
0.000000000000000000e+00 3.510511276474298503e-02
0.000000000000000000e+00 6.720138292574338867e-02
0.000000000000000000e+00 7.229171085592926704e-02
0.000000000000000000e+00 5.900056685789258765e-02
0.000000000000000000e+00 3.103319535823768210e-02
0.000000000000000000e+00 4.257541110904457249e-02
0.000000000000000000e+00 6.090924137764208712e-02
0.000000000000000000e+00 3.394395714555825672e-02
0.000000000000000000e+00 5.062359416765214309e-02
0.000000000000000000e+00 3.734478443683763443e-02
0.000000000000000000e+00 5.288794577442804123e-02
0.000000000000000000e+00 2.891674901595850736e-02
0.000000000000000000e+00 2.726517618533067649e-02
0.000000000000000000e+00 2.162847210163356890e-02
0.000000000000000000e+00 3.821870197633901040e-02
0.000000000000000000e+00 6.064318093275188060e-02
0.000000000000000000e+00 4.720550986613061134e-02
0.000000000000000000e+00 6.326608252348007999e-02
0.000000000000000000e+00 2.051537774345815052e-02
0.000000000000000000e+00 4.774891728037054806e-02
0.000000000000000000e+00 4.976531922880252090e-02
0.000000000000000000e+00 2.539829513955733573e-02
0.000000000000000000e+00 4.624643234098831102e-02
0.000000000000000000e+00 4.450054676036389184e-02
0.000000000000000000e+00 5.112116239809433998e-02
0.000000000000000000e+00 5.616781986043274666e-02
0.000000000000000000e+00 1.092989977351691844e-01
0.000000000000000000e+00 3.915070015225909084e-02
0.000000000000000000e+00 5.789504185293204569e-02
0.000000000000000000e+00 5.445396053088998739e-02
0.000000000000000000e+00 5.848509511818006379e-02
0.000000000000000000e+00 7.630154650149394147e-02
0.000000000000000000e+00 6.133328728489981230e-02
0.000000000000000000e+00 6.987535564492469708e-02
0.000000000000000000e+00 3.550278003386818371e-02
0.000000000000000000e+00 4.531629347442386879e-02
0.000000000000000000e+00 6.944109957969520075e-02
0.000000000000000000e+00 1.312563192792542618e-02
0.000000000000000000e+00 4.364102922559200126e-02
0.000000000000000000e+00 5.074045475890467949e-02
0.000000000000000000e+00 5.289632903567732802e-02
0.000000000000000000e+00 5.866789893425597424e-02
0.000000000000000000e+00 3.773148700224860513e-02
0.000000000000000000e+00 1.746203094312112625e-02
0.000000000000000000e+00 3.533853338384799342e-02
0.000000000000000000e+00 2.779897360515504526e-02
0.000000000000000000e+00 4.467789675874343780e-02
0.000000000000000000e+00 5.635831689974953734e-02
0.000000000000000000e+00 5.198634862302970588e-02
0.000000000000000000e+00 3.279907238723899637e-02
0.000000000000000000e+00 5.126522073307705069e-02
0.000000000000000000e+00 4.547878674164242130e-02
0.000000000000000000e+00 4.312445399592133854e-02
0.000000000000000000e+00 4.839105065846206755e-02
0.000000000000000000e+00 8.088430871097208874e-02
0.000000000000000000e+00 9.485690022242362907e-02
0.000000000000000000e+00 4.569027411960738250e-02
0.000000000000000000e+00 3.535775240335164993e-02
0.000000000000000000e+00 5.786531001233322785e-02
0.000000000000000000e+00 3.391235216495176036e-02
0.000000000000000000e+00 5.032268217793413323e-02
0.000000000000000000e+00 5.259160541478281881e-02
0.000000000000000000e+00 3.712404188641611064e-02
0.000000000000000000e+00 4.817242705092777966e-02
0.000000000000000000e+00 3.187403498396013113e-02
0.000000000000000000e+00 4.162150350274720911e-02
0.000000000000000000e+00 4.700497235015185793e-02
0.000000000000000000e+00 6.466743467596716699e-02
0.000000000000000000e+00 6.107783845425322766e-02
0.000000000000000000e+00 7.326936263011982198e-02
0.000000000000000000e+00 7.301337469019232584e-02
0.000000000000000000e+00 5.893840803436742326e-02
0.000000000000000000e+00 4.136316488692419469e-02
0.000000000000000000e+00 6.688534874416043885e-02
0.000000000000000000e+00 6.595219918893319155e-02
0.000000000000000000e+00 6.617083409732611721e-02
0.000000000000000000e+00 5.729772777311392673e-02
0.000000000000000000e+00 2.971564767322248599e-02
0.000000000000000000e+00 1.603716590928272456e-02
0.000000000000000000e+00 5.717839843008513945e-02
0.000000000000000000e+00 5.231449147027013996e-02
0.000000000000000000e+00 3.780796483684014525e-02
0.000000000000000000e+00 6.823470756189958797e-02
0.000000000000000000e+00 6.294215468140894332e-02
0.000000000000000000e+00 6.654073115113259829e-02
0.000000000000000000e+00 4.674232911094861748e-02
0.000000000000000000e+00 2.494046440104526197e-02
0.000000000000000000e+00 5.271509449343209086e-02
0.000000000000000000e+00 1.994214075596402805e-02
0.000000000000000000e+00 4.674876844563174982e-02
0.000000000000000000e+00 3.277497254305131863e-02
0.000000000000000000e+00 5.281511152775435203e-02
0.000000000000000000e+00 5.220609214489586175e-02
0.000000000000000000e+00 7.232910399982844796e-02
0.000000000000000000e+00 7.562059833873228942e-02
0.000000000000000000e+00 5.201379874102004391e-02
0.000000000000000000e+00 3.700430798851114811e-02
0.000000000000000000e+00 4.911876794962696802e-02
0.000000000000000000e+00 5.801132721955767901e-02
0.000000000000000000e+00 3.627390108823999593e-02
0.000000000000000000e+00 4.904064920549649348e-02
0.000000000000000000e+00 1.826209269571211005e-02
0.000000000000000000e+00 4.362319498633315112e-02
0.000000000000000000e+00 4.078661620229367957e-02
0.000000000000000000e+00 6.493295966864838509e-02
0.000000000000000000e+00 7.020373068258295435e-02
0.000000000000000000e+00 4.965220919593504867e-02
0.000000000000000000e+00 3.836198320584867372e-02
0.000000000000000000e+00 4.950653040709488556e-02
0.000000000000000000e+00 3.184233025180466942e-02
0.000000000000000000e+00 8.287904620593566918e-02
0.000000000000000000e+00 7.863224392014479813e-02
0.000000000000000000e+00 4.309587194309220937e-02
0.000000000000000000e+00 4.282918425725198291e-02
0.000000000000000000e+00 5.763904857621186123e-02
0.000000000000000000e+00 4.591203313723015572e-02
0.000000000000000000e+00 6.758946747522860676e-02
0.000000000000000000e+00 2.106453228407893785e-02
0.000000000000000000e+00 3.817694173275645170e-02
0.000000000000000000e+00 3.961059515763003941e-02
0.000000000000000000e+00 5.115560087315958182e-02
0.000000000000000000e+00 8.783874964984145217e-02
0.000000000000000000e+00 5.269446523029790858e-02
0.000000000000000000e+00 2.577670909198088653e-02
0.000000000000000000e+00 5.484760607972994501e-02
0.000000000000000000e+00 6.032025692526005178e-02
0.000000000000000000e+00 4.079684216264713170e-02
0.000000000000000000e+00 3.399276282581200487e-02
0.000000000000000000e+00 1.966774323787812834e-02
0.000000000000000000e+00 4.460005503841080882e-02
0.000000000000000000e+00 5.086320975653346732e-02
0.000000000000000000e+00 2.898102776869729280e-02
0.000000000000000000e+00 6.537105129062381614e-02
0.000000000000000000e+00 4.823294112243806803e-02
0.000000000000000000e+00 4.499072985840308486e-02
0.000000000000000000e+00 3.246932170926154076e-02
0.000000000000000000e+00 4.658149886884056096e-02
0.000000000000000000e+00 5.308869657609145004e-02
0.000000000000000000e+00 7.275078034187330844e-02
0.000000000000000000e+00 5.287443468286135567e-02
0.000000000000000000e+00 4.928291067526652941e-02
0.000000000000000000e+00 1.883411610165256628e-02
0.000000000000000000e+00 2.509622443506118530e-02
0.000000000000000000e+00 3.378077892414451527e-02
0.000000000000000000e+00 4.067723873630681164e-02
0.000000000000000000e+00 5.807615418178969924e-02
0.000000000000000000e+00 4.904568608256964363e-02
0.000000000000000000e+00 7.869397107123696222e-02
0.000000000000000000e+00 6.647432472919177771e-02
0.000000000000000000e+00 4.123652458358927769e-02
0.000000000000000000e+00 7.279863560307972548e-02
0.000000000000000000e+00 5.094837652359306135e-02
0.000000000000000000e+00 9.414302888124961854e-02
0.000000000000000000e+00 6.979766971956898047e-02
0.000000000000000000e+00 4.468406473644637861e-02
0.000000000000000000e+00 6.588151792625115966e-02
0.000000000000000000e+00 1.294615116671925421e-02
0.000000000000000000e+00 7.734104974306481306e-02
0.000000000000000000e+00 4.340228748845249146e-02
0.000000000000000000e+00 2.314112781277732900e-02
0.000000000000000000e+00 6.777353283788997707e-02
0.000000000000000000e+00 7.085252949092690766e-02
0.000000000000000000e+00 9.957400248579266477e-03
0.000000000000000000e+00 5.074665820555061824e-02
0.000000000000000000e+00 1.013112727186726986e-01
0.000000000000000000e+00 2.439703326063236144e-02
0.000000000000000000e+00 5.521439205406234937e-03
0.000000000000000000e+00 3.836677980199544591e-02
0.000000000000000000e+00 5.184955399824520139e-02
0.000000000000000000e+00 3.885949540937622126e-02
0.000000000000000000e+00 4.496620788613159975e-02
0.000000000000000000e+00 4.761733504923255922e-02
0.000000000000000000e+00 5.592707209092911275e-02
0.000000000000000000e+00 5.021784855161089134e-02
0.000000000000000000e+00 3.896692924966203148e-02
0.000000000000000000e+00 5.102797657066560771e-02
0.000000000000000000e+00 7.413564458754809405e-02
0.000000000000000000e+00 5.368803708279672182e-02
0.000000000000000000e+00 4.662786484428124018e-02
0.000000000000000000e+00 3.258958354348168163e-02
0.000000000000000000e+00 7.002990376381215687e-02
0.000000000000000000e+00 6.294281193577547229e-02
0.000000000000000000e+00 4.363059997324116729e-02
0.000000000000000000e+00 6.714268418662794335e-02
0.000000000000000000e+00 4.549948466154551951e-02
0.000000000000000000e+00 2.594805006626725585e-02
0.000000000000000000e+00 5.405092321662827853e-02
0.000000000000000000e+00 5.122440465840348567e-02
0.000000000000000000e+00 3.047277820810137886e-02
0.000000000000000000e+00 7.625632587471385671e-02
0.000000000000000000e+00 2.751955198129339003e-02
0.000000000000000000e+00 2.098481621110688880e-02
0.000000000000000000e+00 8.388483557813493363e-02
0.000000000000000000e+00 3.380209923179817305e-02
0.000000000000000000e+00 7.171562183103299959e-02
0.000000000000000000e+00 7.179274544219445275e-02
0.000000000000000000e+00 5.396918333170062920e-02
0.000000000000000000e+00 3.842666571651144614e-02
0.000000000000000000e+00 7.660631727079740549e-02
0.000000000000000000e+00 4.923075396802010367e-02
0.000000000000000000e+00 3.935427243357116078e-02
0.000000000000000000e+00 4.122672380580770513e-02
0.000000000000000000e+00 2.603977432179603591e-02
0.000000000000000000e+00 4.389959894767173770e-02
0.000000000000000000e+00 5.662708300054158234e-02
0.000000000000000000e+00 3.776335489359661235e-02
0.000000000000000000e+00 3.043201590582343685e-02
0.000000000000000000e+00 4.601549860068504527e-02
0.000000000000000000e+00 4.987044862767921888e-02
0.000000000000000000e+00 3.686640114339953533e-02
0.000000000000000000e+00 5.287471827970791072e-02
0.000000000000000000e+00 3.555693899835903060e-02
0.000000000000000000e+00 2.785232412232546695e-02
0.000000000000000000e+00 8.731640031182326400e-02
0.000000000000000000e+00 2.442623781981894532e-02
0.000000000000000000e+00 3.029158902762021238e-02
0.000000000000000000e+00 2.154460841288267925e-02
0.000000000000000000e+00 6.685258319575525243e-02
0.000000000000000000e+00 3.497155754454135679e-02
0.000000000000000000e+00 5.900033295336355732e-02
0.000000000000000000e+00 5.753628263156133904e-02
0.000000000000000000e+00 2.836228803167009996e-02
0.000000000000000000e+00 5.888054192864018016e-02
0.000000000000000000e+00 2.069531339059513600e-02
0.000000000000000000e+00 2.660733879764136389e-02
0.000000000000000000e+00 4.944250619656125056e-02
0.000000000000000000e+00 5.340683923075553036e-02
0.000000000000000000e+00 6.463203157519645248e-02
0.000000000000000000e+00 4.374755184359898491e-02
0.000000000000000000e+00 8.972364596319794272e-02
0.000000000000000000e+00 4.175049739470505783e-02
0.000000000000000000e+00 6.458960555942724890e-02
