0.000000000000000000e+00 8.156609176647428017e-02
0.000000000000000000e+00 7.126816344327140118e-02
0.000000000000000000e+00 6.767178635384277219e-02
0.000000000000000000e+00 6.725143087447825463e-02
0.000000000000000000e+00 7.091986302369603090e-02
0.000000000000000000e+00 7.728102577163159514e-02
0.000000000000000000e+00 7.076275911808094232e-02
0.000000000000000000e+00 6.719833551935730509e-02
0.000000000000000000e+00 6.975622079361275263e-02
0.000000000000000000e+00 6.975142888052392187e-02
0.000000000000000000e+00 7.038849743563721506e-02
0.000000000000000000e+00 7.000461953898963474e-02
0.000000000000000000e+00 7.821246585091101711e-02
0.000000000000000000e+00 6.234997964693561601e-02
0.000000000000000000e+00 1.064289203870843609e-01
0.000000000000000000e+00 6.231220545785370879e-02
0.000000000000000000e+00 6.968245977030040894e-02
0.000000000000000000e+00 6.914367768942300541e-02
0.000000000000000000e+00 5.624796582080755780e-02
0.000000000000000000e+00 5.721384450225157348e-02
0.000000000000000000e+00 5.721670894502743632e-02
0.000000000000000000e+00 6.642834144170368937e-02
0.000000000000000000e+00 7.657068102816719235e-02
0.000000000000000000e+00 6.515858896478668449e-02
0.000000000000000000e+00 8.334751069581834704e-02
0.000000000000000000e+00 5.947342997368393336e-02
0.000000000000000000e+00 4.905605477923799529e-02
0.000000000000000000e+00 6.710266386954485962e-02
0.000000000000000000e+00 6.446248712792947144e-02
0.000000000000000000e+00 7.534347572736629917e-02
0.000000000000000000e+00 8.351892065061593262e-02
0.000000000000000000e+00 9.131561902019794119e-02
0.000000000000000000e+00 6.663120117188503500e-02
0.000000000000000000e+00 5.075369458678224283e-02
0.000000000000000000e+00 6.451912298306390625e-02
0.000000000000000000e+00 6.278258780695228358e-02
0.000000000000000000e+00 6.189567034622296682e-02
0.000000000000000000e+00 7.968883166868059864e-02
0.000000000000000000e+00 7.803823950801237752e-02
0.000000000000000000e+00 6.285464420798511642e-02
0.000000000000000000e+00 7.166273944746044677e-02
0.000000000000000000e+00 6.135576768650729401e-02
0.000000000000000000e+00 1.012699123844821580e-01
0.000000000000000000e+00 7.224499348235460805e-02
0.000000000000000000e+00 4.019684998212195992e-02
0.000000000000000000e+00 7.675694617150485843e-02
0.000000000000000000e+00 5.701116187893254250e-02
0.000000000000000000e+00 4.973198620498166245e-02
0.000000000000000000e+00 8.146776050928813961e-02
0.000000000000000000e+00 8.349406155120925321e-02
0.000000000000000000e+00 7.317722500039974820e-02
0.000000000000000000e+00 7.288978326024787846e-02
0.000000000000000000e+00 6.260865790754140126e-02
0.000000000000000000e+00 8.403736337180969795e-02
0.000000000000000000e+00 6.984727785977677683e-02
0.000000000000000000e+00 4.847537328450835653e-02
0.000000000000000000e+00 4.314982583167413510e-02
0.000000000000000000e+00 6.492246416211404358e-02
0.000000000000000000e+00 5.861857617824680483e-02
0.000000000000000000e+00 7.016645369271143351e-02
0.000000000000000000e+00 9.159386698469182408e-02
0.000000000000000000e+00 5.588693655822717099e-02
0.000000000000000000e+00 7.422596928997320098e-02
0.000000000000000000e+00 6.253854098775850356e-02
0.000000000000000000e+00 5.382313421253610147e-02
0.000000000000000000e+00 7.691608185640652628e-02
0.000000000000000000e+00 6.840041642475626349e-02
0.000000000000000000e+00 1.584980242231244507e-02
0.000000000000000000e+00 6.879457971105382152e-02
0.000000000000000000e+00 7.263068557831417471e-02
0.000000000000000000e+00 6.247790425249186846e-02
0.000000000000000000e+00 6.938591427786830468e-02
0.000000000000000000e+00 6.643072188584886462e-02
0.000000000000000000e+00 7.262199756709433740e-02
0.000000000000000000e+00 6.444395252184388634e-02
0.000000000000000000e+00 6.677439347286509563e-02
0.000000000000000000e+00 7.254775539732623291e-02
0.000000000000000000e+00 5.809528319839766392e-02
0.000000000000000000e+00 6.617734081106410593e-02
0.000000000000000000e+00 6.763305820348307351e-02
0.000000000000000000e+00 5.304574309239576402e-02
0.000000000000000000e+00 7.236085238174302936e-02
0.000000000000000000e+00 1.070102535189796644e-01
0.000000000000000000e+00 5.537846576827964301e-02
0.000000000000000000e+00 4.937479544184796010e-02
0.000000000000000000e+00 4.597217082428833868e-02
0.000000000000000000e+00 7.437877809157558695e-02
0.000000000000000000e+00 6.206293289979657180e-02
0.000000000000000000e+00 7.593690533643837615e-02
0.000000000000000000e+00 6.009296123662683647e-02
0.000000000000000000e+00 6.589544408399099218e-02
0.000000000000000000e+00 5.694388303383447064e-02
0.000000000000000000e+00 7.362042208057295589e-02
0.000000000000000000e+00 6.666266842116604086e-02
0.000000000000000000e+00 3.966500886663322512e-02
0.000000000000000000e+00 7.255109129307826810e-02
0.000000000000000000e+00 6.162847907096686423e-02
0.000000000000000000e+00 4.867253905920753548e-02
0.000000000000000000e+00 5.348507254455401455e-02
0.000000000000000000e+00 4.250506779545611125e-02
0.000000000000000000e+00 6.904928663643435105e-02
0.000000000000000000e+00 4.263862896390212959e-02
0.000000000000000000e+00 5.969799670215795301e-02
0.000000000000000000e+00 7.758459302199441354e-02
0.000000000000000000e+00 5.887950898488560070e-02
0.000000000000000000e+00 4.405798181341390868e-02
0.000000000000000000e+00 3.764487907005434342e-02
0.000000000000000000e+00 6.986300810869443267e-02
0.000000000000000000e+00 6.643593308860908098e-02
0.000000000000000000e+00 6.208953321700082933e-02
0.000000000000000000e+00 5.856771692470747609e-02
0.000000000000000000e+00 4.377612978402926208e-02
0.000000000000000000e+00 7.411182984121268691e-02
0.000000000000000000e+00 8.612602766885768535e-02
0.000000000000000000e+00 5.826577928350084451e-02
0.000000000000000000e+00 7.719234257510737551e-02
0.000000000000000000e+00 8.913340174587505715e-02
0.000000000000000000e+00 5.150682774510883383e-02
0.000000000000000000e+00 4.639599007831555350e-02
0.000000000000000000e+00 7.384783320771870496e-02
0.000000000000000000e+00 8.773824888434410274e-02
0.000000000000000000e+00 5.297818443543333977e-02
0.000000000000000000e+00 6.366392159501137182e-02
0.000000000000000000e+00 6.363029209079264226e-02
0.000000000000000000e+00 1.062768205625784917e-01
0.000000000000000000e+00 4.770914042196190002e-02
0.000000000000000000e+00 7.837561707526687071e-02
0.000000000000000000e+00 5.081377447239823070e-02
0.000000000000000000e+00 7.854649532363289222e-02
0.000000000000000000e+00 3.893500018513033206e-02
0.000000000000000000e+00 6.334050820404009408e-02
0.000000000000000000e+00 6.110138126130388453e-02
0.000000000000000000e+00 8.867920020474694132e-02
0.000000000000000000e+00 8.903135614489383898e-02
0.000000000000000000e+00 7.699436221709159145e-02
0.000000000000000000e+00 6.671664737001545276e-02
0.000000000000000000e+00 7.293036919405934682e-02
0.000000000000000000e+00 5.816090378426651969e-02
0.000000000000000000e+00 8.653874540930067694e-02
0.000000000000000000e+00 6.484970401961109854e-02
0.000000000000000000e+00 4.550530014328354328e-02
0.000000000000000000e+00 7.081243378065894822e-02
0.000000000000000000e+00 5.962973003265849975e-02
0.000000000000000000e+00 5.531007462222174709e-02
0.000000000000000000e+00 8.880025957306400541e-02
0.000000000000000000e+00 6.124109935599114651e-02
0.000000000000000000e+00 1.235019025402462299e-02
0.000000000000000000e+00 1.762272538961697638e-02
0.000000000000000000e+00 4.318978823314675863e-02
0.000000000000000000e+00 4.925747843855425578e-02
0.000000000000000000e+00 7.096688537940569474e-02
0.000000000000000000e+00 1.904959421573794789e-02
0.000000000000000000e+00 8.528041933972838051e-02
0.000000000000000000e+00 4.772510130291539310e-02
0.000000000000000000e+00 5.584932572414427754e-02
0.000000000000000000e+00 6.788731193318181534e-02
0.000000000000000000e+00 6.978898707040595562e-02
0.000000000000000000e+00 6.474690897825094438e-02
0.000000000000000000e+00 4.849461899590305075e-02
0.000000000000000000e+00 5.445088322838552430e-02
0.000000000000000000e+00 8.111580864279430148e-02
0.000000000000000000e+00 6.698732918510895418e-02
0.000000000000000000e+00 2.914577426865783832e-02
0.000000000000000000e+00 3.683501473943062710e-02
0.000000000000000000e+00 6.687689675421690239e-02
0.000000000000000000e+00 4.506196660975114732e-02
0.000000000000000000e+00 8.419439489640116736e-02
0.000000000000000000e+00 7.723860366109222553e-02
0.000000000000000000e+00 1.677097021309076688e-02
0.000000000000000000e+00 6.665792119653403403e-02
0.000000000000000000e+00 6.932479947039162094e-02
0.000000000000000000e+00 5.957767152180497988e-02
0.000000000000000000e+00 3.997181389520094996e-02
0.000000000000000000e+00 8.187225694292168954e-02
0.000000000000000000e+00 6.338145633284257563e-02
0.000000000000000000e+00 3.607976688819237998e-02
0.000000000000000000e+00 5.487272634875477867e-02
0.000000000000000000e+00 8.799356930538476673e-02
0.000000000000000000e+00 4.565440439839231479e-02
0.000000000000000000e+00 6.035964541007885625e-02
0.000000000000000000e+00 8.009561485445192142e-02
0.000000000000000000e+00 6.485203119915280978e-02
0.000000000000000000e+00 6.508739877376776284e-02
0.000000000000000000e+00 6.790409470508358691e-02
0.000000000000000000e+00 7.102996939675022825e-02
0.000000000000000000e+00 7.454071796621422608e-02
0.000000000000000000e+00 2.683739411895139093e-02
0.000000000000000000e+00 6.163827952182109049e-02
0.000000000000000000e+00 6.837682662836816472e-02
0.000000000000000000e+00 6.762196751195971578e-02
0.000000000000000000e+00 5.870293537231123515e-02
0.000000000000000000e+00 7.900877446525771119e-02
0.000000000000000000e+00 2.931158258134815980e-02
0.000000000000000000e+00 7.977144672240218948e-02
0.000000000000000000e+00 6.010712169956302503e-02
0.000000000000000000e+00 6.694162290732080800e-02
0.000000000000000000e+00 5.503782445896234637e-02
0.000000000000000000e+00 5.997126242083988118e-02
0.000000000000000000e+00 6.522415126376977790e-02
0.000000000000000000e+00 6.539154480980989559e-02
0.000000000000000000e+00 3.066070440377167625e-02
0.000000000000000000e+00 6.383490334198131666e-02
0.000000000000000000e+00 5.532824668767859916e-02
0.000000000000000000e+00 3.085040616959425913e-02
0.000000000000000000e+00 4.918142713176668762e-02
0.000000000000000000e+00 5.527792925293134596e-02
0.000000000000000000e+00 7.303940226484531562e-02
0.000000000000000000e+00 5.056343034541390530e-02
0.000000000000000000e+00 6.628085953904316874e-02
0.000000000000000000e+00 6.721853248375569967e-02
0.000000000000000000e+00 4.176987623109442577e-02
0.000000000000000000e+00 6.085164967589438978e-02
0.000000000000000000e+00 6.300688947243189564e-02
0.000000000000000000e+00 7.108327023841110037e-02
0.000000000000000000e+00 5.578089358578924850e-02
0.000000000000000000e+00 2.762390429146441284e-02
0.000000000000000000e+00 3.558691816555803467e-02
0.000000000000000000e+00 5.363143449972675864e-02
0.000000000000000000e+00 4.497213604407815368e-02
0.000000000000000000e+00 1.563516203165073171e-02
0.000000000000000000e+00 2.664059566592694855e-02
0.000000000000000000e+00 4.294470897623582639e-02
0.000000000000000000e+00 6.444235417858659720e-02
0.000000000000000000e+00 4.579387245285767433e-02
0.000000000000000000e+00 5.568871341077672593e-02
0.000000000000000000e+00 3.483720530305407792e-02
0.000000000000000000e+00 3.881877810665880502e-02
0.000000000000000000e+00 3.679102633702276831e-02
0.000000000000000000e+00 7.793372066695916645e-02
0.000000000000000000e+00 4.256819353143392187e-02
0.000000000000000000e+00 4.528705139384203021e-02
0.000000000000000000e+00 6.553774422456670745e-02
0.000000000000000000e+00 6.107615319565954520e-02
0.000000000000000000e+00 4.856690434514115973e-02
0.000000000000000000e+00 4.004625565286594469e-02
0.000000000000000000e+00 7.914806638156608731e-02
0.000000000000000000e+00 6.508943316898345433e-02
0.000000000000000000e+00 1.531829957697563790e-02
0.000000000000000000e+00 7.886805626215827314e-02
0.000000000000000000e+00 7.881779700491106655e-02
0.000000000000000000e+00 8.310417516299736795e-02
0.000000000000000000e+00 5.441047892884252196e-02
0.000000000000000000e+00 1.398347405012903555e-02
0.000000000000000000e+00 3.382364583425522681e-02
0.000000000000000000e+00 4.406959525230907254e-02
0.000000000000000000e+00 5.981345677724567156e-02
0.000000000000000000e+00 4.457661573668225685e-02
0.000000000000000000e+00 4.963442270916087334e-02
0.000000000000000000e+00 9.030641275228191989e-02
0.000000000000000000e+00 3.535929716497508701e-02
0.000000000000000000e+00 5.264274240549547679e-02
0.000000000000000000e+00 6.119747719780245510e-02
0.000000000000000000e+00 4.353350734197011102e-02
0.000000000000000000e+00 7.011501255564475676e-02
0.000000000000000000e+00 5.859527874356642435e-02
0.000000000000000000e+00 5.081152463899950289e-02
0.000000000000000000e+00 4.970687369759228813e-02
0.000000000000000000e+00 5.260476159020999187e-02
0.000000000000000000e+00 4.447586030631116294e-02
0.000000000000000000e+00 5.205028808815664876e-02
0.000000000000000000e+00 4.363137028294439973e-02
0.000000000000000000e+00 3.935159386165879708e-02
0.000000000000000000e+00 9.455184575283112625e-02
0.000000000000000000e+00 5.840739370722274060e-02
0.000000000000000000e+00 5.501413801415488275e-02
0.000000000000000000e+00 7.522990796792743129e-02
0.000000000000000000e+00 6.078948398734067976e-02
0.000000000000000000e+00 4.056170771018619003e-02
0.000000000000000000e+00 6.349965755190302430e-02
0.000000000000000000e+00 5.142764684625426158e-02
0.000000000000000000e+00 8.512691312714648628e-02
0.000000000000000000e+00 3.823336516094966164e-02
0.000000000000000000e+00 4.038076637558891263e-02
0.000000000000000000e+00 5.033420816529633746e-02
0.000000000000000000e+00 5.817199974029319681e-02
0.000000000000000000e+00 5.956077334808598106e-02
0.000000000000000000e+00 6.050866757588143491e-02
0.000000000000000000e+00 6.159472774614069973e-02
0.000000000000000000e+00 5.137282067942122721e-02
0.000000000000000000e+00 6.318294636868641845e-02
0.000000000000000000e+00 5.986991599228527056e-02
0.000000000000000000e+00 7.233445027807876293e-02
0.000000000000000000e+00 2.526519282333797647e-02
0.000000000000000000e+00 3.473146516733605083e-02
0.000000000000000000e+00 9.115761009905790080e-02
0.000000000000000000e+00 6.003919353404544440e-02
0.000000000000000000e+00 3.760593000992225321e-02
0.000000000000000000e+00 3.785784475876201316e-02
0.000000000000000000e+00 4.514189365687516081e-02
0.000000000000000000e+00 7.074623155448374334e-02
0.000000000000000000e+00 2.608543433293990244e-02
0.000000000000000000e+00 4.203928607588960226e-02
0.000000000000000000e+00 7.330170976836779262e-02
0.000000000000000000e+00 8.194533161076801575e-02
0.000000000000000000e+00 7.929619614290669971e-02
0.000000000000000000e+00 3.066606208310259513e-02
0.000000000000000000e+00 8.834660876667892182e-02
0.000000000000000000e+00 3.880486851436286411e-02
0.000000000000000000e+00 5.325556513392891433e-02
0.000000000000000000e+00 5.815688480249461834e-02
0.000000000000000000e+00 2.018750827779352414e-02
0.000000000000000000e+00 4.438349307305778507e-02
0.000000000000000000e+00 4.860312947266760830e-02
0.000000000000000000e+00 4.697376973473159356e-02
0.000000000000000000e+00 3.744985794685754682e-02
0.000000000000000000e+00 2.004270288997783353e-02
0.000000000000000000e+00 5.227362075588575657e-02
0.000000000000000000e+00 7.163632286903479085e-02
0.000000000000000000e+00 4.184142781700243841e-02
0.000000000000000000e+00 7.736965630230621671e-02
0.000000000000000000e+00 8.120873841310374819e-02
0.000000000000000000e+00 3.515903435278843608e-02
0.000000000000000000e+00 7.050091522015866641e-02
0.000000000000000000e+00 4.016908606585513353e-02
0.000000000000000000e+00 5.686161681159155462e-02
0.000000000000000000e+00 7.532163435885529112e-02
0.000000000000000000e+00 4.228997120245173158e-02
0.000000000000000000e+00 6.482945167761622329e-02
0.000000000000000000e+00 5.439625858803338876e-02
0.000000000000000000e+00 7.251569937912738517e-02
0.000000000000000000e+00 5.543450424080871575e-02
0.000000000000000000e+00 4.000776877027292788e-02
0.000000000000000000e+00 7.344092989249469128e-02
0.000000000000000000e+00 4.162533433161761526e-02
0.000000000000000000e+00 1.255076909546190382e-02
0.000000000000000000e+00 7.416026822051959011e-02
0.000000000000000000e+00 1.608990677789747664e-02
0.000000000000000000e+00 5.877139753981436288e-02
0.000000000000000000e+00 5.900395092085179011e-02
0.000000000000000000e+00 3.617833535728839922e-02
0.000000000000000000e+00 7.170654587558418502e-02
0.000000000000000000e+00 2.744362492060427317e-02
0.000000000000000000e+00 7.981477782407649102e-02
0.000000000000000000e+00 7.559312658277818342e-02
0.000000000000000000e+00 4.199179728904843534e-02
0.000000000000000000e+00 5.631662980261532836e-02
0.000000000000000000e+00 5.547969386699408423e-02
0.000000000000000000e+00 3.537417820033018911e-02
0.000000000000000000e+00 5.961345132020821891e-02
0.000000000000000000e+00 4.291713220172523047e-02
0.000000000000000000e+00 3.318301693212370035e-02
0.000000000000000000e+00 1.060880644305939868e-01
0.000000000000000000e+00 1.771639036641306508e-02
0.000000000000000000e+00 5.107375537214745020e-02
0.000000000000000000e+00 3.546945212744115339e-02
0.000000000000000000e+00 7.742190410794926037e-02
0.000000000000000000e+00 4.738973093617301902e-02
0.000000000000000000e+00 4.974138233262750952e-02
0.000000000000000000e+00 5.189130494142833727e-02
0.000000000000000000e+00 5.478130939645390468e-02
0.000000000000000000e+00 7.032220026978579230e-02
0.000000000000000000e+00 5.133664848413242721e-02
0.000000000000000000e+00 6.036410525917448866e-02
0.000000000000000000e+00 2.200415061224197597e-02
0.000000000000000000e+00 5.796810752960878527e-02
0.000000000000000000e+00 7.861540827623801631e-02
0.000000000000000000e+00 2.868237867753116802e-02
0.000000000000000000e+00 2.883593838103174975e-02
0.000000000000000000e+00 5.409016405604311073e-02
0.000000000000000000e+00 5.758150643520857509e-02
0.000000000000000000e+00 1.765054220624481460e-02
0.000000000000000000e+00 5.140736447822967514e-02
0.000000000000000000e+00 4.669023819531231689e-02
0.000000000000000000e+00 3.696331956431973126e-02
0.000000000000000000e+00 4.785517800389860882e-02
0.000000000000000000e+00 3.029406125905307820e-02
0.000000000000000000e+00 3.828802396386617179e-02
0.000000000000000000e+00 5.822588756781189867e-02
0.000000000000000000e+00 6.416222822234073087e-02
0.000000000000000000e+00 5.665974916397109595e-02
0.000000000000000000e+00 8.457525487560692279e-02
0.000000000000000000e+00 1.893838614382046745e-02
0.000000000000000000e+00 5.162404785410020652e-02
0.000000000000000000e+00 5.360573856257415393e-02
0.000000000000000000e+00 8.227885038931423423e-02
0.000000000000000000e+00 4.926444714254298030e-02
0.000000000000000000e+00 4.305682146329482818e-02
0.000000000000000000e+00 5.157297581050072216e-02
0.000000000000000000e+00 4.964492519571349349e-02
0.000000000000000000e+00 4.224327221095292018e-02
0.000000000000000000e+00 5.352376241708364790e-02
0.000000000000000000e+00 8.227489136970297934e-02
0.000000000000000000e+00 6.886817895378276322e-02
0.000000000000000000e+00 7.437481787071195671e-02
0.000000000000000000e+00 5.032786979147983730e-02
0.000000000000000000e+00 5.194020000212545840e-02
0.000000000000000000e+00 2.767913827520702627e-02
0.000000000000000000e+00 2.944054534164119302e-02
0.000000000000000000e+00 8.327569583159405431e-02
0.000000000000000000e+00 5.258678623729701879e-02
0.000000000000000000e+00 5.862320613120743790e-02
0.000000000000000000e+00 4.127694280502448160e-02
0.000000000000000000e+00 4.987542321978788440e-02
0.000000000000000000e+00 7.544340257235654379e-02
0.000000000000000000e+00 4.402096578145772016e-02
0.000000000000000000e+00 5.767693976324939076e-02
0.000000000000000000e+00 4.524627501419202502e-02
0.000000000000000000e+00 5.916636278833359297e-02
0.000000000000000000e+00 4.786311133112970684e-02
0.000000000000000000e+00 5.252922644796002155e-02
0.000000000000000000e+00 4.528201747117777815e-02
0.000000000000000000e+00 6.490646520095834371e-02
0.000000000000000000e+00 1.075847631160332593e-02
0.000000000000000000e+00 3.370225726597742694e-02
0.000000000000000000e+00 3.422270012180873844e-02
0.000000000000000000e+00 3.127588909611800361e-02
0.000000000000000000e+00 1.673873134564273293e-02
0.000000000000000000e+00 6.796191276439435269e-02
0.000000000000000000e+00 5.018691154794473197e-02
0.000000000000000000e+00 6.469502572425223086e-02
0.000000000000000000e+00 5.512131603764670873e-02
0.000000000000000000e+00 3.708802223044987967e-02
0.000000000000000000e+00 7.060082566451200692e-02
0.000000000000000000e+00 6.014862404334814922e-02
0.000000000000000000e+00 5.465616077281942875e-02
0.000000000000000000e+00 5.666930369098455156e-02
0.000000000000000000e+00 5.955323551088553824e-02
0.000000000000000000e+00 4.395829961528471136e-02
0.000000000000000000e+00 3.260007947323723121e-02
0.000000000000000000e+00 5.684773089786610695e-02
0.000000000000000000e+00 1.813699060614753014e-02
0.000000000000000000e+00 4.445985214420054843e-02
0.000000000000000000e+00 3.045841073855512504e-02
0.000000000000000000e+00 6.685652308792494614e-02
0.000000000000000000e+00 5.884835875256248794e-02
0.000000000000000000e+00 5.595200388395296653e-02
0.000000000000000000e+00 3.173506486301658908e-02
0.000000000000000000e+00 6.387334064475906625e-02
0.000000000000000000e+00 5.670576447372490531e-02
0.000000000000000000e+00 6.682100430078388720e-02
0.000000000000000000e+00 6.139266146307473249e-02
0.000000000000000000e+00 4.369688051010869878e-02
0.000000000000000000e+00 2.510841106060864372e-02
0.000000000000000000e+00 1.888047290014643192e-02
0.000000000000000000e+00 7.817426004116111160e-02
0.000000000000000000e+00 5.542368071400188834e-02
0.000000000000000000e+00 3.260101831670831479e-02
0.000000000000000000e+00 5.204199581949173897e-02
0.000000000000000000e+00 4.654625297397297495e-02
0.000000000000000000e+00 6.307649733158728067e-02
0.000000000000000000e+00 6.741693696788243761e-02
0.000000000000000000e+00 2.218617386054724458e-02
0.000000000000000000e+00 5.487764077678392721e-02
0.000000000000000000e+00 3.000480306894254962e-02
0.000000000000000000e+00 3.838296588812886712e-02
0.000000000000000000e+00 4.765084094573858453e-02
0.000000000000000000e+00 4.196664109123265929e-02
0.000000000000000000e+00 3.673412511212022225e-02
0.000000000000000000e+00 3.015001549430559522e-02
0.000000000000000000e+00 7.705637740253484802e-02
0.000000000000000000e+00 3.604277802448727780e-02
0.000000000000000000e+00 5.493649817049531953e-02
0.000000000000000000e+00 3.729102321711118273e-02
0.000000000000000000e+00 4.644561447782141056e-02
0.000000000000000000e+00 7.600509399424328072e-02
0.000000000000000000e+00 5.062934365944880138e-02
0.000000000000000000e+00 6.172606118211399623e-02
0.000000000000000000e+00 3.945105208033167915e-02
0.000000000000000000e+00 5.520500771332617629e-02
0.000000000000000000e+00 7.012109741538818941e-02
0.000000000000000000e+00 1.205393446893636422e-02
0.000000000000000000e+00 5.675148577962617347e-02
0.000000000000000000e+00 6.725524953167359710e-02
0.000000000000000000e+00 7.545482908618465767e-02
0.000000000000000000e+00 3.591485899173391116e-02
0.000000000000000000e+00 4.935635772829366497e-02
0.000000000000000000e+00 3.961543959049300401e-02
0.000000000000000000e+00 4.816173458284493669e-02
0.000000000000000000e+00 4.627487983121800902e-02
0.000000000000000000e+00 3.859024584321655432e-02
0.000000000000000000e+00 3.537493620373389352e-02
0.000000000000000000e+00 7.874229151590553255e-02
0.000000000000000000e+00 6.332448603361373607e-02
0.000000000000000000e+00 7.631694843977580855e-02
0.000000000000000000e+00 6.979451804195736797e-02
0.000000000000000000e+00 2.786205365907867826e-02
0.000000000000000000e+00 3.766994942976612665e-02
0.000000000000000000e+00 5.255766464640062446e-02
0.000000000000000000e+00 2.870997058559209003e-02
0.000000000000000000e+00 5.096246270184311838e-02
0.000000000000000000e+00 5.462022373917772150e-02
0.000000000000000000e+00 4.366582066231342735e-02
0.000000000000000000e+00 7.655607663266376928e-02
0.000000000000000000e+00 5.432781666513989555e-02
0.000000000000000000e+00 1.409751750554771345e-02
0.000000000000000000e+00 4.379666375830881808e-02
0.000000000000000000e+00 2.331971961148038980e-02
0.000000000000000000e+00 4.432701379791026408e-02
0.000000000000000000e+00 3.728643737668758257e-02
0.000000000000000000e+00 4.979081996900150409e-02
0.000000000000000000e+00 6.859085126779532193e-02
0.000000000000000000e+00 4.529329384518986784e-02
0.000000000000000000e+00 5.166135553756050214e-02
0.000000000000000000e+00 5.451341264857072211e-02
0.000000000000000000e+00 2.769595943006064598e-02
0.000000000000000000e+00 3.017563293009652495e-02
0.000000000000000000e+00 3.593929301844572127e-02
0.000000000000000000e+00 1.979917286864176645e-02
0.000000000000000000e+00 2.876385388506787558e-02
