5.467446356495175158e-02 5.481243139894417110e-02
6.540136622713084436e-02 6.554364801838100107e-02
7.179920801981959366e-02 7.185423623754169653e-02
7.305886500464617295e-02 7.323621334429798735e-02
7.360315992209395808e-02 7.408470150879073457e-02
7.624399830920775001e-02 7.624508252608069858e-02
8.207418483167687462e-02 8.338860300098137335e-02
8.291674395544886000e-02 8.303883212124470170e-02
8.321418296724281127e-02 8.335802812643586246e-02
8.470916390514841854e-02 8.473917701761289611e-02
8.489323636073145551e-02 8.561357967944908942e-02
8.510586023687084778e-02 8.512033723875433999e-02
8.556602471867767734e-02 8.654481763224805557e-02
8.603232045607230039e-02 8.604309036294044422e-02
8.678468780839469765e-02 8.682964707752571787e-02
8.708300725550754962e-02 8.711359416984389148e-02
8.710865252175943596e-02 8.817403469866534615e-02
8.718860200283275186e-02 8.772053359263208561e-02
8.720670484679234058e-02 8.720908589214748652e-02
8.807365515252763011e-02 8.808001022849284989e-02
8.910871220420428507e-02 8.916912407607767432e-02
8.913700316341080510e-02 8.918918410114219653e-02
8.933373383434893567e-02 8.962548032404209220e-02
8.942438315156346629e-02 8.976379303558870704e-02
8.945785782605965297e-02 8.965651708048005819e-02
8.946857537530575333e-02 8.953171268905162072e-02
8.973565902262596594e-02 8.976194844722687471e-02
9.032292613147466231e-02 9.161089600355633300e-02
9.044400638956842653e-02 9.083869713923184430e-02
9.128234941305905792e-02 9.132408950239385981e-02
9.160640678705922468e-02 9.178225220379120086e-02
9.170216828130509090e-02 9.218796737247861306e-02
9.276675008952466051e-02 9.321853195433919825e-02
9.293776341058110346e-02 9.321484457362190501e-02
9.307176309258695379e-02 9.314510584286034289e-02
9.360032018753526584e-02 9.407019401257019076e-02
9.368844471262585683e-02 9.398299701950549312e-02
9.411056697797642867e-02 9.590300631028564338e-02
9.466006136549257044e-02 9.693759508490971954e-02
9.486584213676053923e-02 9.490551528999258135e-02
9.548516288759163750e-02 9.720697430298995412e-02
9.580789419108202976e-02 9.583351446155864706e-02
9.679649873028525753e-02 9.686394338467349541e-02
9.699038519090405486e-02 9.890071980691111930e-02
9.775185452889319226e-02 9.775523202836035319e-02
9.797261966381377862e-02 9.835048129870220535e-02
9.798461981930230158e-02 9.851973425874832602e-02
9.832172498992541865e-02 9.880868027448855284e-02
9.871547114783318921e-02 9.903478085397189601e-02
9.894683673202780971e-02 1.002089098008918655e-01
9.931111482895926823e-02 9.934854400049181189e-02
9.950178332438862350e-02 9.950178938761318481e-02
9.952998493126513635e-02 9.954388210691211825e-02
9.956605146263611261e-02 1.000501721006967770e-01
1.000381708149705867e-01 1.003181388833870591e-01
1.003932413439886651e-01 1.025165647056080348e-01
1.004353611528581852e-01 1.008972178316735885e-01
1.004945297033438406e-01 1.008882155836085676e-01
1.017299032141398274e-01 1.022677861999270049e-01
1.021936081117740536e-01 1.022358306672514205e-01
1.024974029629966005e-01 1.025688751293003381e-01
1.027032966229638744e-01 1.027622878724267358e-01
1.027809879990189551e-01 1.031677245223752565e-01
1.029673576265581064e-01 1.029683457012703501e-01
1.035381817770876789e-01 1.053066111144008166e-01
1.038585342725712596e-01 1.039019518388580032e-01
1.039497074396850962e-01 1.040736450532327440e-01
1.048477273933260817e-01 1.063960507751293694e-01
1.055524227256083858e-01 1.067027531760829373e-01
1.058768453349208383e-01 1.059469344010285918e-01
1.060411689006327263e-01 1.061099595694658670e-01
1.060489798453079224e-01 1.064007851669731414e-01
1.064339734751095501e-01 1.068345629079729686e-01
1.065151445747725967e-01 1.068286213986767014e-01
1.067852710789226334e-01 1.073226608139420946e-01
1.070085602638431166e-01 1.072241803765977414e-01
1.075206479597852760e-01 1.075993257312155976e-01
1.075715353731526297e-01 1.075885176620714478e-01
1.076066114573883958e-01 1.076297516797564413e-01
1.077312610299929335e-01 1.077522658704552772e-01
1.083933518015364333e-01 1.087545818505616796e-01
1.084744692001549521e-01 1.091660734973394914e-01
1.085624821723998046e-01 1.107784977732437781e-01
1.089597062195629407e-01 1.104494577677356260e-01
1.090956366284285550e-01 1.092818382578989861e-01
1.092575249161399642e-01 1.099116270234779674e-01
1.092826812247541246e-01 1.093852273957502397e-01
1.094625115545971444e-01 1.096967302811767825e-01
1.096965072271598174e-01 1.098970572719713684e-01
1.105115570096465716e-01 1.105134443515560366e-01
1.107040100605344579e-01 1.110259143807316856e-01
1.107145718546401342e-01 1.107182351234176770e-01
1.107341346821842654e-01 1.107616451523714685e-01
1.109763934317260919e-01 1.109777633867953667e-01
1.110554457990506338e-01 1.114081179797253573e-01
1.115399661354065236e-01 1.178976211085294157e-01
1.116193327809056751e-01 1.130806014616388688e-01
1.117374523478255471e-01 1.119172417869144093e-01
1.117810449986129800e-01 1.129740372820985800e-01
1.120672028289410871e-01 1.133826619767399485e-01
1.120700136046430262e-01 1.124759627318811794e-01
1.123122930274528114e-01 1.123928856789246922e-01
1.125761921592421666e-01 1.131283150858970188e-01
1.128531658524959680e-01 1.128996912148473031e-01
1.129209001515505129e-01 1.192129594421718897e-01
1.129569193568400048e-01 1.130257041181861044e-01
1.130008896538507723e-01 1.133211011800152462e-01
1.132284596716104513e-01 1.149080164922645919e-01
1.132303913830021991e-01 1.140317101459937532e-01
1.135021929848268746e-01 1.141158444545207901e-01
1.135768368648008425e-01 1.179712168952090495e-01
1.137079939046137522e-01 1.137351681959870020e-01
1.137205775308099270e-01 1.138146128177150718e-01
1.137515249526898364e-01 1.138169860919305276e-01
1.138403201197155379e-01 1.144057848854847098e-01
1.141862471801252110e-01 1.148887938397389619e-01
1.143344282247710508e-01 1.147012205633912429e-01
1.147019600732558237e-01 1.155267546504160497e-01
1.147217530263201918e-01 1.148435021975001968e-01
1.147749472882451105e-01 1.147813067940745418e-01
1.151331916890951657e-01 1.152294601733441781e-01
1.153065755074140081e-01 1.153136680474600717e-01
1.153340791651143171e-01 1.153636853899795423e-01
1.153560599955997523e-01 1.157880963619222769e-01
1.154285930659484927e-01 1.183783371687501113e-01
1.155011232259650772e-01 1.156512125475523955e-01
1.155328443910704217e-01 1.168591009676378245e-01
1.160443137890385112e-01 1.184680046891850441e-01
1.161114051283818477e-01 1.181074148266664930e-01
1.163738846648588315e-01 1.179055774054423855e-01
1.164130183020822829e-01 1.167959842381584568e-01
1.164678400636306177e-01 1.165800246858982037e-01
1.166056223113292184e-01 1.174194891904802723e-01
1.167405622937200405e-01 1.183882115314754679e-01
1.167637153935896233e-01 1.172601840884735791e-01
1.168963795010178192e-01 1.194115086290758743e-01
1.169592031919364089e-01 1.178139110591596428e-01
1.169594982596282168e-01 1.201067889184491977e-01
1.170629281158828833e-01 1.172575305394200074e-01
1.171175939978393032e-01 1.180601546389101059e-01
1.171464381641872110e-01 1.202419835945299775e-01
1.172229488776974915e-01 1.172244372369977139e-01
1.178308319268137894e-01 1.184438450111508362e-01
1.178702750383228137e-01 1.181744206223115656e-01
1.178791795089416394e-01 1.218446293894728805e-01
1.180657928876031465e-01 1.181577683246581995e-01
1.182927027278542348e-01 1.185013713707255556e-01
1.184746894391802002e-01 1.184944829436152258e-01
1.185675340364289732e-01 1.185934536556815522e-01
1.187999891943355146e-01 1.192141422041825549e-01
1.188200662644784827e-01 1.225548395986024303e-01
1.188855046215395034e-01 1.198751382451570952e-01
1.190425025083935717e-01 1.191244306348680643e-01
1.192283842088102952e-01 1.198006400864945198e-01
1.192993651890909279e-01 1.209607313404279655e-01
1.195337369807798200e-01 1.287836901878533225e-01
1.195773012402732705e-01 1.225824650330790827e-01
1.199920716674064969e-01 1.221264509340616311e-01
1.200058246688529007e-01 1.218376421598184323e-01
1.201127061883620617e-01 1.210284658825407506e-01
1.203870060025759442e-01 1.203979523645343636e-01
1.203963617880083187e-01 1.204611691441686838e-01
1.205112267830400347e-01 1.211275092016304983e-01
1.207258469343955032e-01 1.224461865751412665e-01
1.211211775956337611e-01 1.211266262494996582e-01
1.212139001604988914e-01 1.230253716627685845e-01
1.212404261723716292e-01 1.231638622538975270e-01
1.213763963227913328e-01 1.213774840998191468e-01
1.217505677606528641e-01 1.217856615846370089e-01
1.217706333290976273e-01 1.238645258067558041e-01
1.221948193056004439e-01 1.222165492511214507e-01
1.222625087934118560e-01 1.222670263862113832e-01
1.222830535252019957e-01 1.290572596728332133e-01
1.223140716561923191e-01 1.223294391678305809e-01
1.224351542962908712e-01 1.233627030547186920e-01
1.224458240903025102e-01 1.251436651835153846e-01
1.226962338475622444e-01 1.227555989353315974e-01
1.229541194863957992e-01 1.229544203333549218e-01
1.230072114254145282e-01 1.238304282281881413e-01
1.230887837386796663e-01 1.230941106873436053e-01
1.231338466588287883e-01 1.231348080149950314e-01
1.231782680304910199e-01 1.233178574102624797e-01
1.233136620631277020e-01 1.236122936847912357e-01
1.233276727280419455e-01 1.234749252113116619e-01
1.233942477159289813e-01 1.237691567275970989e-01
1.233993162664953902e-01 1.373423065145825406e-01
1.236920086929226142e-01 1.251378777093910821e-01
1.237111454715478231e-01 1.237114499841373977e-01
1.237117376552646919e-01 1.245954913097198358e-01
1.239210496164577097e-01 1.260590703623327424e-01
1.240525985443203250e-01 1.245976003844920382e-01
1.241428073733259752e-01 1.241666699727229650e-01
1.241598183231688024e-01 1.312264661359147377e-01
1.242206928786445397e-01 1.242284617098607519e-01
1.242917499265972225e-01 1.261830283578253831e-01
1.243113263707975313e-01 1.303375870026437233e-01
1.243485087698190522e-01 1.267160771652673934e-01
1.244887078568707589e-01 1.252222459893811146e-01
1.245221651052249717e-01 1.251048124547271267e-01
1.250326901759070686e-01 1.250331088282354008e-01
1.250957109559731883e-01 1.251105113210170816e-01
1.251544825399303895e-01 1.251566653188854461e-01
1.252286655384362568e-01 1.253358206317106427e-01
1.252606920517330968e-01 1.252928910255670936e-01
1.254524120199054515e-01 1.279308705475518393e-01
1.255133449706001825e-01 1.255160033197983971e-01
1.255403745571930518e-01 1.261425370232931442e-01
1.255947625623765052e-01 1.262111263205046296e-01
1.257786165104756160e-01 1.258549843427111958e-01
1.258932724637487621e-01 1.259885955869138596e-01
1.260046952267808440e-01 1.268438023576058948e-01
1.261725186778813457e-01 1.264744311377515584e-01
1.262018303607257419e-01 1.272625047211408122e-01
1.263600238783395835e-01 1.269071132952372671e-01
1.263683219861710116e-01 1.263820243437906166e-01
1.264058416017931064e-01 1.265527117416969938e-01
1.264232215415584393e-01 1.264564758964413227e-01
1.265372495902068462e-01 1.266612809948178264e-01
1.266523992390913844e-01 1.267122848008824798e-01
1.268206151638077428e-01 1.282524794043320704e-01
1.268311375589518397e-01 1.366562276478161253e-01
1.275296729779691329e-01 1.287780905559375300e-01
1.276030768259619752e-01 1.282478419582509521e-01
1.277109921031790440e-01 1.277524302399526135e-01
1.277937145358759574e-01 1.281216839942156405e-01
1.278494934847714815e-01 1.281473001272222523e-01
1.279502748648977672e-01 1.280696085274697638e-01
1.280098626389864769e-01 1.280327018870001388e-01
1.280307995632600782e-01 1.287790982728917732e-01
1.280529591459154126e-01 1.302794420680642440e-01
1.280911949087213397e-01 1.280949239127212036e-01
1.293313312539570714e-01 1.294852951762288373e-01
1.293865407816457425e-01 1.319716461287024634e-01
1.294083032554615154e-01 1.298292420309165307e-01
1.294683264100771891e-01 1.311584618793874835e-01
1.295677375747524562e-01 1.322503938297049653e-01
1.296891411467624711e-01 1.296941441607641077e-01
1.297663980387905869e-01 1.321869995563569877e-01
1.298632781099834099e-01 1.301314921458485985e-01
1.298950908217706424e-01 1.299412538739548872e-01
1.300966367577833238e-01 1.304153923359588074e-01
1.301257284775684253e-01 1.303769608130964930e-01
1.303677814414419822e-01 1.307763894505731550e-01
1.305613761256428362e-01 1.306081788671422383e-01
1.306120351007191982e-01 1.319781911568026489e-01
1.307665819958390430e-01 1.319332072210582241e-01
1.307909805914755363e-01 1.521663837682599718e-01
1.314029442083309851e-01 1.317521713811667661e-01
1.314967923190573651e-01 1.318683660114291500e-01
1.318765909085189980e-01 1.334753800117100264e-01
1.323407815037922208e-01 1.369768910560411057e-01
1.324678347876052098e-01 1.327838133254873043e-01
1.325914096003506792e-01 1.326007853080660437e-01
1.327911296119067275e-01 1.329858863740432107e-01
1.327920155641387767e-01 1.344834837292298579e-01
1.328582332666467247e-01 1.344701894045167434e-01
1.329420224930783490e-01 1.350246710534954986e-01
1.329609626565370906e-01 1.335486491666969810e-01
1.330757447213326006e-01 1.376036653784523389e-01
1.331285052921348799e-01 1.337912480422200345e-01
1.332030334161790619e-01 1.332239521030645912e-01
1.333484940482766168e-01 1.336068712188712704e-01
1.337404616685980430e-01 1.386842337758311672e-01
1.339832502279548476e-01 1.340262630186793147e-01
1.341157166234738796e-01 1.381137265325786123e-01
1.341839453156720985e-01 1.383231169174986841e-01
1.345259181478207222e-01 1.352128435448717858e-01
1.345480851236200703e-01 1.386883974537392039e-01
1.346601786351771801e-01 1.347370462410721059e-01
1.348507478062434262e-01 1.348507560452005816e-01
1.351046470660406396e-01 1.351077597145072806e-01
1.351473068727118976e-01 1.351833739636021381e-01
1.351542749294224466e-01 1.355029082896288539e-01
1.351865965446355788e-01 1.353515419340720893e-01
1.352588022761364028e-01 1.354395207021868441e-01
1.352650181908200966e-01 1.354065856232762322e-01
1.358661316614783454e-01 1.360095816496993681e-01
1.359190266609779929e-01 1.395698772498253915e-01
1.359872804068200103e-01 1.359941770073773426e-01
1.360822056360016519e-01 1.361068894047305355e-01
1.362947587238491909e-01 1.386160674766861445e-01
1.363056062552226166e-01 1.394459340147506110e-01
1.365047153727517171e-01 1.370668677257804446e-01
1.365691741555406236e-01 1.467378541973016481e-01
1.366959847022749253e-01 1.367738539105642082e-01
1.367542314886019683e-01 1.382016753163492762e-01
1.367816642243860070e-01 1.369624511753415874e-01
1.369120875254095926e-01 1.369140496366808846e-01
1.370428269672163413e-01 1.370979372263577412e-01
1.370449221249254446e-01 1.379345075363122286e-01
1.371159773681783212e-01 1.371567537797406811e-01
1.371295895433735923e-01 1.373128299592258628e-01
1.371431718913496134e-01 1.427625242627016677e-01
1.376296009222688910e-01 1.377498167945640506e-01
1.379263639259337981e-01 1.417589047255577162e-01
1.382130965742081607e-01 1.382785914299563546e-01
1.383687623931557087e-01 1.389131989477697948e-01
1.383734728569125383e-01 1.385583954930496575e-01
1.384294393758876140e-01 1.442934862780307359e-01
1.384899983038309357e-01 1.387289329499929447e-01
1.386306777668112888e-01 1.388482302466783891e-01
1.388192794746818948e-01 1.401281820322793081e-01
1.388200970180978322e-01 1.485152840980949185e-01
1.392198358447393480e-01 1.430039210777237502e-01
1.392291435948224965e-01 1.394127521301978812e-01
1.392648625736834789e-01 1.425586567005270311e-01
1.392676832311065260e-01 1.526575769974544139e-01
1.394355470333771829e-01 1.408529037998468014e-01
1.395066560789652854e-01 1.398315384177439558e-01
1.395091844537884873e-01 1.397113666250508757e-01
1.396697945644373717e-01 1.400091233627118736e-01
1.397238077534931622e-01 1.401017634602161888e-01
1.398785253060016442e-01 1.399843588502328040e-01
1.400171778028117542e-01 1.437570251567262536e-01
1.401514467374084527e-01 1.402209831237863635e-01
1.402981853432946624e-01 1.403979921488080207e-01
1.408063692430868152e-01 1.432737552910984813e-01
1.409610096091898912e-01 1.427441817164880888e-01
1.413051098193930655e-01 1.413418748828036142e-01
1.415154904675021141e-01 1.417755525790006799e-01
1.415254325040740391e-01 1.429458890654776715e-01
1.416166209637889639e-01 1.417147655719458721e-01
1.416404102403167331e-01 1.416626278024231966e-01
1.418488769447469600e-01 1.485278719705899197e-01
1.418531887777662037e-01 1.418536339900751397e-01
1.419287898208947130e-01 1.424696747446190515e-01
1.419745275576089205e-01 1.448393481353759948e-01
1.420330228315171139e-01 1.420358092799071659e-01
1.421873086756625382e-01 1.450415948684760925e-01
1.423563679154278006e-01 1.424601235572174329e-01
1.424162638000509296e-01 1.426687779479030305e-01
1.425587905011973522e-01 1.425730947920104963e-01
1.428330428947635899e-01 1.433111914704061074e-01
1.428742356626646337e-01 1.479293300669604072e-01
1.428743044000717333e-01 1.429795891262937990e-01
1.434645424188685792e-01 1.437694667606828347e-01
1.436399857502196065e-01 1.622632962259886458e-01
1.438249726692480412e-01 1.438592845902813000e-01
1.439613334715754700e-01 1.442828188880998230e-01
1.441868744565352189e-01 1.479110015682922330e-01
1.442093751836036886e-01 1.450243083278909273e-01
1.446724256526118468e-01 1.463153949414267851e-01
1.446819831870825301e-01 1.448953069853957942e-01
1.450282621972727448e-01 1.477975849508174344e-01
1.450790115675474334e-01 1.453959563643395514e-01
1.452719784557904292e-01 1.602595899057985274e-01
1.455338145762752611e-01 1.459527909330818052e-01
1.455475649223230972e-01 1.473147630091541094e-01
1.456122647903890233e-01 1.460232434016657532e-01
1.456327150352695610e-01 1.468536125949541638e-01
1.456471130877359799e-01 1.456482867270923742e-01
1.457102165532866145e-01 1.457372052915535954e-01
1.457664525206470441e-01 1.459481134721393736e-01
1.458760917476678853e-01 1.545511241050261941e-01
1.460965539990799200e-01 1.463300709031265245e-01
1.462952414110700594e-01 1.462956070509104922e-01
1.465641136227949781e-01 1.469987971423445949e-01
1.466176810388031826e-01 1.467534500959609967e-01
1.466248047386087827e-01 1.466355355137657634e-01
1.467817446954994831e-01 1.477044871183581520e-01
1.468859729839414319e-01 1.480168141477413712e-01
1.469160639152389536e-01 1.469721827375647383e-01
1.470065691488381121e-01 1.474941975820172613e-01
1.470156934369051538e-01 1.476816601404555007e-01
1.470368176054381859e-01 1.475304155756058111e-01
1.472662175340919977e-01 1.473010718529710605e-01
1.474879386027271033e-01 1.485719684413319419e-01
1.475929838464820343e-01 1.588507166242402735e-01
1.476905874612675917e-01 1.477435124147459256e-01
1.479621529845910055e-01 1.479797048904887280e-01
1.480391736499643285e-01 1.532345094723149559e-01
1.481099261424651259e-01 1.482513013834745319e-01
1.482299682043787536e-01 1.482736406011903596e-01
1.482309740460026615e-01 1.538190779943766628e-01
1.483706239783215419e-01 1.489505162126727178e-01
1.484134824373755379e-01 1.488959086806014298e-01
1.485005955229388164e-01 1.485060345650413560e-01
1.486002286473371292e-01 1.486641330449092746e-01
1.486573674217089025e-01 1.515566352963794994e-01
1.487725812097012157e-01 1.487725848224327740e-01
1.488134975897171530e-01 1.491644300451014094e-01
1.489245682510507984e-01 1.516397953778350349e-01
1.492298531847603693e-01 1.759929778325050043e-01
1.494280606524550914e-01 1.586439801953332673e-01
1.495716208974814665e-01 1.509101318397937097e-01
1.496310544949813470e-01 1.654294245121765983e-01
1.496319215173686212e-01 1.512470235856616663e-01
1.498855841112134435e-01 1.513198984474526110e-01
1.500151876933519535e-01 1.528136466169464636e-01
1.500178097218405615e-01 1.548545262074372264e-01
1.505618587970577460e-01 1.506581572022157589e-01
1.506488481924045941e-01 1.506633808849204004e-01
1.507296930782748290e-01 1.507796277478095359e-01
1.509148384917047281e-01 1.538708558320656949e-01
1.509911622950579901e-01 1.512442353335426704e-01
1.510428581885473187e-01 1.537015270397632249e-01
1.511043187715332414e-01 1.511821161717490924e-01
1.511960032606856630e-01 1.519943613356364576e-01
1.513115240990058896e-01 1.603206693154738960e-01
1.513650849367884077e-01 1.541571915704421092e-01
1.514122087724066867e-01 1.514151669873450845e-01
1.514419495165848506e-01 1.514459489617336618e-01
1.515721972713655052e-01 1.528139643679050641e-01
1.516915115977990058e-01 1.547431937132099644e-01
1.518458318179718713e-01 1.531315502069908185e-01
1.520967736752740496e-01 1.521636720823355271e-01
1.523087306265752672e-01 1.534617253977946794e-01
1.524032192837516120e-01 1.525220305315018454e-01
1.525492384228862297e-01 1.533050987463145109e-01
1.527947488775333595e-01 1.527980035384463309e-01
1.528819328702173408e-01 1.530774369728997164e-01
1.529908409234280731e-01 1.537797743816465001e-01
1.530697902154454781e-01 1.558912125811028337e-01
1.531134538056323491e-01 1.531342550864453755e-01
1.531657590568495375e-01 1.531677458827001848e-01
1.532132713248197942e-01 1.533490078917846555e-01
1.534796514459922101e-01 1.539689941891935199e-01
1.536189216330352825e-01 1.537844444333229810e-01
1.537450594604377885e-01 1.538619388746494676e-01
1.539701769696886213e-01 1.547155772613623970e-01
1.545388095674982976e-01 1.587389554266257219e-01
1.547263492649819661e-01 1.547274437927351476e-01
1.548307589776098669e-01 1.555771414785315498e-01
1.549122733405997876e-01 1.566904150814230345e-01
1.549818440142975984e-01 1.556430796964720920e-01
1.551560270403971875e-01 1.570982045656047488e-01
1.551791401330502307e-01 1.589612123469111848e-01
1.554148812520900202e-01 1.556186040818326455e-01
1.554647750552203556e-01 1.558551297328843177e-01
1.557433596983534285e-01 1.601745112315977604e-01
1.559622321385299160e-01 1.568807853177987544e-01
1.560200887298210382e-01 1.568129221695520326e-01
1.560380706788523364e-01 1.580064267689156865e-01
1.562440697548516944e-01 1.563334066647946441e-01
1.563547813770407025e-01 1.577779734494169084e-01
1.565340849333185236e-01 1.568927195418090559e-01
1.568808848914663712e-01 1.572048996648246211e-01
1.571705170609140056e-01 1.571707090476171798e-01
1.573256839281088337e-01 1.630579351095050034e-01
1.573520540639866405e-01 1.574924191678135355e-01
1.574088394821050174e-01 1.579417750227455342e-01
1.576592719834359335e-01 1.576618881398235417e-01
1.576628441165554284e-01 1.677515963419145550e-01
1.577177409997552737e-01 1.616438204999655348e-01
1.577290860477243428e-01 1.589266121041100488e-01
1.579143022850628963e-01 1.581146794763235164e-01
1.579949558254007402e-01 1.581015564525513617e-01
1.583985059785738558e-01 1.584608078497365680e-01
1.586144657324249363e-01 1.635485336121437483e-01
1.586882180992518487e-01 1.647311103438113267e-01
1.587375871217291678e-01 1.634103647585938845e-01
1.589699874541956326e-01 1.594599032147427098e-01
1.589831423732304683e-01 1.597737219230263572e-01
1.591047002401652366e-01 1.593867694951901226e-01
1.591886633225437497e-01 1.593147059004911825e-01
1.593761755344972331e-01 1.661094393707926442e-01
1.594151466557514052e-01 1.603915322788043718e-01
1.597558642026852271e-01 1.609398715593736706e-01
1.598418582818378064e-01 1.599669958686859572e-01
1.600438410520457766e-01 1.612664413079623049e-01
1.600575544505532799e-01 1.621821529439823328e-01
1.601847477806088160e-01 1.664786662211793777e-01
1.604807420266280982e-01 1.664354590097215647e-01
1.607849847750619510e-01 1.607854857898027567e-01
1.608802674614492612e-01 1.621775179441710124e-01
1.609176308304449132e-01 1.611505976755996661e-01
1.611686470320172482e-01 1.622489176854807202e-01
1.612154702402980588e-01 1.640811504060089854e-01
1.612613431155679733e-01 1.613003076842515204e-01
1.614666824665737244e-01 1.615740669783433947e-01
1.615525351815075839e-01 1.717431928465240620e-01
1.617523734017378423e-01 1.629396484299565073e-01
1.617833071470854422e-01 1.792252473241640887e-01
1.618410006854244243e-01 1.624527794111911005e-01
1.618852051691939686e-01 1.620231650390302480e-01
1.619220307667906811e-01 1.630436227289573103e-01
1.619424209233036871e-01 1.625795451050923990e-01
1.620739517903001525e-01 1.621835979200395850e-01
1.621683682690839567e-01 1.625315720738924052e-01
1.622601271807971590e-01 1.631346110859523690e-01
1.624219125635194827e-01 1.626221207318842565e-01
1.624222769496183050e-01 1.640085638322176242e-01
1.624681656254471085e-01 1.629338971409039216e-01
1.627211147455264739e-01 1.671013146139219419e-01
1.627217425831466169e-01 1.628036235959802180e-01
1.628341929564282586e-01 1.634335633788056852e-01
1.628700372035560284e-01 1.634993536989588769e-01
1.630208941165704195e-01 1.633904075942314016e-01
1.633806449790720094e-01 1.655970283905029705e-01
1.634337562835315449e-01 1.637705611643615056e-01
1.637237197161241220e-01 1.638574799787621550e-01
1.638855642594220785e-01 1.664020857594816216e-01
1.639827262751593351e-01 1.641131075075631385e-01
1.639831448329454044e-01 1.660856845132234194e-01
1.639836525377281473e-01 1.658205936016958204e-01
1.650573113902804034e-01 1.659054611834990534e-01
1.651349617775850209e-01 1.652106578628010913e-01
1.653281089970854434e-01 1.655367470533043450e-01
1.653497965303481754e-01 1.653747835453580617e-01
1.654016649372479775e-01 1.662025972529144469e-01
1.654603774131086225e-01 1.666425168682676428e-01
1.656953987426285080e-01 1.660176340630100666e-01
1.659201432168137536e-01 1.659531631341689406e-01
1.659465049724347385e-01 1.659553087677280714e-01
1.660036969806034379e-01 1.671577012300001219e-01
1.660273705093768815e-01 1.677284402234980876e-01
1.660979915036543131e-01 1.661442183087337432e-01
1.661091910264363147e-01 1.661990745996481111e-01
1.662855265440350283e-01 1.674872480593204704e-01
1.666412221503336399e-01 1.698385331872171722e-01
1.668667360310419900e-01 1.802495200864899505e-01
1.670755777865371716e-01 1.682067128807556156e-01
1.671125151768036998e-01 1.704760946981437597e-01
1.675434037817332134e-01 1.805846342091923240e-01
1.677321502294313316e-01 1.678055161779111182e-01
1.679321410487873145e-01 1.701259710561971172e-01
1.683884692377727588e-01 2.075187481905538533e-01
1.690357616399602025e-01 1.693935470961626666e-01
1.691071279255795534e-01 1.692862298917917341e-01
1.697046621333822281e-01 1.697774669790254876e-01
1.700531253931989173e-01 1.700664720506750160e-01
1.701515509073872057e-01 1.742805627466283702e-01
1.707056076914947595e-01 1.819295041611556918e-01
1.707392445698846795e-01 1.785918466917033598e-01
1.709251000810177168e-01 1.713328834723071292e-01
1.709924576388390793e-01 1.718132731587727058e-01
1.710573404614788573e-01 1.712757093551989795e-01
1.712512557463808371e-01 1.713081591809351711e-01
1.720305965458425734e-01 1.844092813357385285e-01
1.720591275209566451e-01 1.743150902189203322e-01
1.725527685915986542e-01 1.736527354852072103e-01
1.726218293661923031e-01 1.761282684294005196e-01
1.730569247780054665e-01 1.730583820180079391e-01
1.737631867725402401e-01 1.781484533766919953e-01
1.739031596652797496e-01 1.739040635380316169e-01
1.740637568109057454e-01 1.803280799449479554e-01
1.742015776713830288e-01 1.750295347204167684e-01
1.742621957006186273e-01 1.762078001996972010e-01
1.744077861671421148e-01 1.745410032222142749e-01
1.747806533799241557e-01 1.778070580343835694e-01
1.748994347227588730e-01 1.749205735804191253e-01
1.751800513050287278e-01 1.789259210794702237e-01
1.753956421538110655e-01 1.756740868888324036e-01
1.754721930930754903e-01 1.754722975783344352e-01
1.754853589415691917e-01 1.770604369325163019e-01
1.757643674233748954e-01 1.760708147016650793e-01
1.761665918970397871e-01 1.765176710461754117e-01
1.762403667778550120e-01 1.778137712306960549e-01
1.764619254846699903e-01 1.764620819672328145e-01
1.766853394997668636e-01 1.767699482906770203e-01
1.769155027069340969e-01 2.000940825602076090e-01
1.772807443143919470e-01 1.777036520704812217e-01
1.774998778674253264e-01 1.853537201795204259e-01
1.776998511388120927e-01 1.782952055200283936e-01
1.779903588647387680e-01 1.785466208974691993e-01
1.782728736908216483e-01 1.861374787289638844e-01
1.783437855250507298e-01 1.783506645771128496e-01
1.785505167042865382e-01 1.798913463097702448e-01
1.785780890523925302e-01 1.806981762370364897e-01
1.786729297051397047e-01 1.820289809724544572e-01
1.788031387288796514e-01 1.821656922066413609e-01
1.790696007047037908e-01 1.791522517515876378e-01
1.796765278504367513e-01 1.798036379573945132e-01
1.799982816994260826e-01 1.815421723428704281e-01
1.803168298939684944e-01 1.805220505742574089e-01
1.806867284053268186e-01 1.806966031703492459e-01
1.807536681736787443e-01 1.810426180528467988e-01
1.809063256222932792e-01 1.815094113748403903e-01
1.809660445443343479e-01 1.813170579258107928e-01
1.815885193786239415e-01 1.817348290536349165e-01
1.819389263441139049e-01 1.822721441779419915e-01
1.829919221277241659e-01 1.840140766309354414e-01
1.834718036684329923e-01 1.839606772490508524e-01
1.840247958128354011e-01 1.847394719703657484e-01
1.850021067054391788e-01 1.943905922890174776e-01
1.852072911400352018e-01 1.984156263611012438e-01
1.859150592291211879e-01 1.934314120146045923e-01
1.874562015507398316e-01 1.876933660793600189e-01
1.883217727623954230e-01 1.883518885417319599e-01
1.896628812800816299e-01 2.112804986932657059e-01
1.925089176287817228e-01 1.925091807578880321e-01
1.928968457486602839e-01 1.966801762032295842e-01
1.933306120334664924e-01 1.934384462457505449e-01
1.934135468385987100e-01 1.939526314191151457e-01
1.935555625675326186e-01 1.984154714290360388e-01
1.946608950772863722e-01 1.951105709689582579e-01
1.957504940206234723e-01 1.962493884372983888e-01
1.974058124005520221e-01 1.974505136461162935e-01
1.977082002370614822e-01 1.982810184239636175e-01
1.977184229819976269e-01 2.010586611997593476e-01
1.979565773308781529e-01 1.995314786874322899e-01
1.981073072924709189e-01 1.981073382004188976e-01
1.981281312478714862e-01 1.981419602391146229e-01
1.986096625045217778e-01 1.997148221230168608e-01
1.987449929356588652e-01 2.019072692635764110e-01
1.988742807349243857e-01 2.004978441290942992e-01
1.989594802880015612e-01 1.991158320264070913e-01
1.989732380561955449e-01 1.989966546128457137e-01
2.000639596991397318e-01 2.000642171685583504e-01
2.002945322566228592e-01 2.003769007037626837e-01
2.022397254935798250e-01 2.097507261758359831e-01
2.032385460606623007e-01 2.033511058660533166e-01
2.037909484056465714e-01 2.043266864796039750e-01
2.038308228934085919e-01 2.039114697746667593e-01
2.044841675022787963e-01 2.067148357625213095e-01
2.077776175092843070e-01 2.101452045999155083e-01
2.093938577284536473e-01 2.094505708774497543e-01
2.094244091352699122e-01 2.099407434153934826e-01
2.102563943114574563e-01 2.104335620525277228e-01
2.182899051610458219e-01 2.228991971382646431e-01
