0.000000000000000000e+00 7.801734466155292591e-02
0.000000000000000000e+00 7.581060784697898902e-02
0.000000000000000000e+00 7.404557797515794182e-02
0.000000000000000000e+00 7.675612834394086870e-02
0.000000000000000000e+00 7.454447651040253808e-02
0.000000000000000000e+00 7.267614761718334260e-02
0.000000000000000000e+00 7.290256107366201166e-02
0.000000000000000000e+00 7.222189863191787185e-02
0.000000000000000000e+00 6.936125982121152389e-02
0.000000000000000000e+00 6.787967710241676889e-02
0.000000000000000000e+00 5.575243072336564382e-02
0.000000000000000000e+00 6.867727381580354673e-02
0.000000000000000000e+00 6.860804807481579726e-02
0.000000000000000000e+00 5.103615748436973742e-02
0.000000000000000000e+00 6.639980826917823986e-02
0.000000000000000000e+00 8.660328939741460119e-02
0.000000000000000000e+00 8.491438017458982634e-02
0.000000000000000000e+00 7.679679315365942061e-02
0.000000000000000000e+00 8.302843700338301269e-02
0.000000000000000000e+00 7.769340706324685819e-02
0.000000000000000000e+00 7.187076604934418411e-02
0.000000000000000000e+00 6.055339805570411627e-02
0.000000000000000000e+00 7.961619880449692654e-02
0.000000000000000000e+00 9.037955679388916252e-02
0.000000000000000000e+00 8.009573459942043172e-02
0.000000000000000000e+00 7.146435054869940129e-02
0.000000000000000000e+00 5.533773584682628865e-02
0.000000000000000000e+00 1.193689233739036043e-01
0.000000000000000000e+00 5.745442704445671150e-02
0.000000000000000000e+00 5.507553512684747188e-02
0.000000000000000000e+00 7.684959026527754533e-02
0.000000000000000000e+00 6.405345830311805211e-02
0.000000000000000000e+00 7.127733296587319967e-02
0.000000000000000000e+00 6.169948001572470725e-02
0.000000000000000000e+00 6.766311070426477003e-02
0.000000000000000000e+00 5.281865740904576056e-02
0.000000000000000000e+00 3.433150024297627889e-02
0.000000000000000000e+00 6.675622264748484747e-02
0.000000000000000000e+00 7.567658195558697731e-02
0.000000000000000000e+00 6.496390696929948971e-02
0.000000000000000000e+00 7.435962686624358886e-02
0.000000000000000000e+00 4.373159892562804990e-02
0.000000000000000000e+00 5.615452316384716980e-03
0.000000000000000000e+00 5.699512219209498798e-02
0.000000000000000000e+00 8.412607930817465884e-02
0.000000000000000000e+00 1.050101040990818052e-01
0.000000000000000000e+00 5.195036412941630988e-02
0.000000000000000000e+00 6.416158265121714444e-02
0.000000000000000000e+00 6.757455999865591423e-02
0.000000000000000000e+00 6.638669164054847305e-02
0.000000000000000000e+00 5.166781628983140723e-02
0.000000000000000000e+00 4.965993303413625964e-02
0.000000000000000000e+00 6.118828043590087556e-02
0.000000000000000000e+00 5.428410791176549455e-02
0.000000000000000000e+00 4.364038993622526563e-02
0.000000000000000000e+00 4.907527322990448693e-02
0.000000000000000000e+00 6.944349963788534752e-02
0.000000000000000000e+00 1.050763588180454317e-01
0.000000000000000000e+00 7.027871033512803067e-02
0.000000000000000000e+00 7.433775191001593119e-02
0.000000000000000000e+00 6.288973081192372749e-02
0.000000000000000000e+00 6.542340315744114843e-02
0.000000000000000000e+00 6.612921292458909250e-02
0.000000000000000000e+00 9.048813158872640039e-02
0.000000000000000000e+00 7.697511357588578129e-02
0.000000000000000000e+00 5.317814678142698120e-02
0.000000000000000000e+00 7.039975297784809016e-02
0.000000000000000000e+00 5.533936380586982479e-02
0.000000000000000000e+00 5.410159486198638096e-02
0.000000000000000000e+00 7.554020042417905478e-02
0.000000000000000000e+00 6.504855912601496815e-02
0.000000000000000000e+00 6.158741436535405261e-02
0.000000000000000000e+00 5.223278722688112774e-02
0.000000000000000000e+00 5.131973216711183811e-02
0.000000000000000000e+00 1.080737406462108502e-01
0.000000000000000000e+00 7.600431238580067361e-02
0.000000000000000000e+00 8.351333718128756134e-02
0.000000000000000000e+00 7.633338278788535936e-02
0.000000000000000000e+00 5.876562442617443843e-02
0.000000000000000000e+00 6.009272960230596650e-02
0.000000000000000000e+00 7.911101913683271647e-02
0.000000000000000000e+00 5.421831798109675443e-02
0.000000000000000000e+00 4.164603561829337275e-02
0.000000000000000000e+00 7.556647291219355245e-02
0.000000000000000000e+00 8.109686826450356045e-02
0.000000000000000000e+00 6.851830194412865394e-02
0.000000000000000000e+00 5.993937727971448970e-02
0.000000000000000000e+00 3.898168242851785675e-02
0.000000000000000000e+00 6.517507489425219958e-02
0.000000000000000000e+00 8.085345488322487340e-02
0.000000000000000000e+00 5.773497930755394636e-02
0.000000000000000000e+00 6.393640206209946775e-02
0.000000000000000000e+00 5.567737642949362187e-02
0.000000000000000000e+00 5.793766261467223067e-02
0.000000000000000000e+00 1.011525678373486337e-01
0.000000000000000000e+00 6.022659192893941443e-02
0.000000000000000000e+00 9.359226237093838663e-02
0.000000000000000000e+00 6.427976399264020979e-02
0.000000000000000000e+00 3.708808118360608364e-02
0.000000000000000000e+00 5.810965491974842689e-02
0.000000000000000000e+00 6.966605545690149337e-02
0.000000000000000000e+00 7.953635674533990341e-02
0.000000000000000000e+00 4.634536720391681242e-02
0.000000000000000000e+00 6.758698369366357428e-02
0.000000000000000000e+00 5.014939273673058723e-02
0.000000000000000000e+00 6.202131461285057684e-02
0.000000000000000000e+00 1.444982443923155113e-01
0.000000000000000000e+00 5.327892518052428084e-02
0.000000000000000000e+00 5.129631272587212992e-02
0.000000000000000000e+00 6.808506303227766787e-02
0.000000000000000000e+00 7.568944523946347092e-02
0.000000000000000000e+00 5.288877217319960106e-02
0.000000000000000000e+00 5.785595935474895785e-02
0.000000000000000000e+00 4.636583658181293865e-02
0.000000000000000000e+00 7.243832134155679670e-02
0.000000000000000000e+00 5.360471978255736125e-02
0.000000000000000000e+00 5.390937791963511944e-02
0.000000000000000000e+00 6.954987101762044599e-02
0.000000000000000000e+00 5.106087957564986457e-02
0.000000000000000000e+00 6.676717400189891016e-02
0.000000000000000000e+00 6.129977606221306136e-02
0.000000000000000000e+00 2.482609325617067542e-02
0.000000000000000000e+00 9.063659803364115808e-02
0.000000000000000000e+00 6.598429694207942620e-02
0.000000000000000000e+00 5.321192955058152291e-02
0.000000000000000000e+00 6.985031325293931947e-02
0.000000000000000000e+00 8.928331799271531366e-02
0.000000000000000000e+00 6.010546668035549739e-02
0.000000000000000000e+00 4.660658684817135800e-02
0.000000000000000000e+00 1.552501662960274059e-02
0.000000000000000000e+00 6.959409358784686417e-02
0.000000000000000000e+00 6.754998718343641073e-02
0.000000000000000000e+00 4.489821095835601350e-02
0.000000000000000000e+00 4.374237643783829982e-02
0.000000000000000000e+00 8.026790516439069600e-02
0.000000000000000000e+00 5.671497339104066698e-02
0.000000000000000000e+00 1.053090730778719480e-01
0.000000000000000000e+00 3.676006285089145759e-02
0.000000000000000000e+00 4.037266282167759068e-02
0.000000000000000000e+00 4.883790090038615805e-02
0.000000000000000000e+00 2.213951556898179074e-02
0.000000000000000000e+00 5.580906526906383169e-02
0.000000000000000000e+00 9.865977601506609185e-02
0.000000000000000000e+00 4.666989750314251562e-02
0.000000000000000000e+00 6.043650435684690125e-02
0.000000000000000000e+00 7.234768776325056772e-02
0.000000000000000000e+00 6.786332589918939173e-02
0.000000000000000000e+00 4.930395410998280464e-02
0.000000000000000000e+00 5.870356484583451329e-02
0.000000000000000000e+00 3.857443251738387063e-02
0.000000000000000000e+00 8.553544564170477427e-02
0.000000000000000000e+00 5.294810039385921402e-02
0.000000000000000000e+00 5.673392950768767901e-02
0.000000000000000000e+00 6.575198455390367236e-02
0.000000000000000000e+00 5.649153078560654323e-02
0.000000000000000000e+00 6.465941217442711109e-02
0.000000000000000000e+00 4.609864318593811378e-02
0.000000000000000000e+00 7.253776598288907973e-02
0.000000000000000000e+00 5.858898898445367986e-02
0.000000000000000000e+00 7.092513909484234047e-02
0.000000000000000000e+00 5.964087625331380982e-02
0.000000000000000000e+00 1.035505159749486731e-01
0.000000000000000000e+00 1.051872868686528489e-01
0.000000000000000000e+00 6.479166729568947014e-02
0.000000000000000000e+00 5.067903231847268458e-02
0.000000000000000000e+00 6.200566915367412835e-02
0.000000000000000000e+00 5.980548629100483626e-02
0.000000000000000000e+00 8.486231121561048363e-02
0.000000000000000000e+00 4.787750467005496419e-02
0.000000000000000000e+00 6.359467944792449035e-02
0.000000000000000000e+00 7.121178624510006439e-02
0.000000000000000000e+00 2.957947745743113449e-02
0.000000000000000000e+00 8.210317665132237097e-02
0.000000000000000000e+00 6.614581941201737314e-02
0.000000000000000000e+00 6.347853792538966922e-02
0.000000000000000000e+00 5.597129349226641348e-02
0.000000000000000000e+00 7.849570152615033269e-02
0.000000000000000000e+00 5.034331979217755715e-02
0.000000000000000000e+00 2.886492105735674954e-02
0.000000000000000000e+00 4.729707415942926291e-02
0.000000000000000000e+00 6.022761610406852234e-02
0.000000000000000000e+00 7.687965453844235186e-02
0.000000000000000000e+00 5.134207066471935255e-02
0.000000000000000000e+00 8.439963693542017198e-02
0.000000000000000000e+00 6.232951549714670775e-02
0.000000000000000000e+00 6.439703504035580728e-02
0.000000000000000000e+00 9.397362348323051728e-02
0.000000000000000000e+00 7.793740670535106996e-02
0.000000000000000000e+00 6.298222928084544481e-02
0.000000000000000000e+00 8.855710190541583871e-02
0.000000000000000000e+00 6.046273545675164007e-02
0.000000000000000000e+00 4.929119891100726403e-02
0.000000000000000000e+00 5.984366716791428287e-02
0.000000000000000000e+00 5.271894043322449680e-02
0.000000000000000000e+00 5.570079008764895062e-02
0.000000000000000000e+00 6.414557914736687683e-02
0.000000000000000000e+00 6.976803422944913291e-02
0.000000000000000000e+00 3.163170405428486487e-02
0.000000000000000000e+00 7.538121020308738429e-02
0.000000000000000000e+00 5.867263706747822410e-02
0.000000000000000000e+00 5.503620250881210291e-02
0.000000000000000000e+00 7.021438999452161989e-02
0.000000000000000000e+00 6.098559269296059682e-02
0.000000000000000000e+00 6.856456493369721128e-02
0.000000000000000000e+00 1.052882123117083180e-01
0.000000000000000000e+00 7.138653053667885773e-02
0.000000000000000000e+00 4.228319346482876939e-02
0.000000000000000000e+00 3.344938610140320290e-02
0.000000000000000000e+00 4.748800410199097849e-02
0.000000000000000000e+00 5.166666486583911672e-02
0.000000000000000000e+00 5.432457766552947070e-02
0.000000000000000000e+00 5.118833410971943693e-02
0.000000000000000000e+00 9.042747534237341456e-02
0.000000000000000000e+00 7.554629413203341193e-02
0.000000000000000000e+00 4.617285092353351494e-02
0.000000000000000000e+00 5.950389952747469485e-02
0.000000000000000000e+00 2.958573601870959774e-02
0.000000000000000000e+00 6.165192302545752928e-02
0.000000000000000000e+00 3.149768925659916091e-02
0.000000000000000000e+00 7.935882024503521093e-02
0.000000000000000000e+00 6.443179972370109698e-02
0.000000000000000000e+00 4.418781322704472270e-02
0.000000000000000000e+00 5.675164504097078566e-02
0.000000000000000000e+00 8.082344132812109561e-02
0.000000000000000000e+00 9.639250208082035531e-02
0.000000000000000000e+00 7.423526120257528671e-02
0.000000000000000000e+00 4.216128966018858198e-02
0.000000000000000000e+00 7.064723575944974188e-02
0.000000000000000000e+00 5.130577217929323253e-02
0.000000000000000000e+00 6.150922451660694595e-02
0.000000000000000000e+00 4.974016099001890567e-02
0.000000000000000000e+00 6.243823319950727452e-02
0.000000000000000000e+00 7.446936745976100169e-02
0.000000000000000000e+00 6.384471855731613243e-02
0.000000000000000000e+00 4.560120768288000032e-02
0.000000000000000000e+00 6.318090015082261646e-02
0.000000000000000000e+00 8.312358742527461986e-02
0.000000000000000000e+00 6.433763234359016203e-02
0.000000000000000000e+00 5.369956774237002323e-02
0.000000000000000000e+00 3.510309406644817470e-02
0.000000000000000000e+00 8.035497018141356251e-02
0.000000000000000000e+00 9.665184734008840095e-02
0.000000000000000000e+00 7.112921005899711102e-02
0.000000000000000000e+00 7.221405679368592123e-02
0.000000000000000000e+00 7.110899150825192305e-02
0.000000000000000000e+00 9.268825051463325249e-02
0.000000000000000000e+00 6.070235254702935346e-02
0.000000000000000000e+00 7.348988002320651358e-02
0.000000000000000000e+00 4.865315219831266996e-02
0.000000000000000000e+00 3.736756673514449872e-02
0.000000000000000000e+00 7.635477989734580639e-02
0.000000000000000000e+00 7.214877825349699791e-02
0.000000000000000000e+00 3.896985945204652080e-02
0.000000000000000000e+00 2.343315501590087155e-02
0.000000000000000000e+00 6.919340798254321190e-02
0.000000000000000000e+00 5.814059600767598063e-02
0.000000000000000000e+00 3.636714168344811621e-02
0.000000000000000000e+00 4.744490517070495961e-02
0.000000000000000000e+00 8.845084401533290230e-02
0.000000000000000000e+00 6.290096481200477263e-02
0.000000000000000000e+00 5.179528056785517171e-02
0.000000000000000000e+00 8.454994820410079159e-02
0.000000000000000000e+00 5.499090753025832889e-02
0.000000000000000000e+00 6.693335674319762785e-02
0.000000000000000000e+00 6.421473932416697783e-02
0.000000000000000000e+00 9.209554127465127693e-02
0.000000000000000000e+00 5.214521491130176545e-02
0.000000000000000000e+00 3.215069138303320445e-02
0.000000000000000000e+00 4.565396098615571996e-02
0.000000000000000000e+00 6.704510221481224663e-02
0.000000000000000000e+00 7.048633929268137421e-02
0.000000000000000000e+00 6.444907954834110109e-02
0.000000000000000000e+00 7.866867052451055609e-02
0.000000000000000000e+00 5.808194666570134362e-02
0.000000000000000000e+00 4.770838370250694155e-02
0.000000000000000000e+00 5.336485268537081994e-02
0.000000000000000000e+00 6.515517240354871953e-02
0.000000000000000000e+00 4.207070821061776461e-02
0.000000000000000000e+00 9.530008608255030947e-03
0.000000000000000000e+00 5.491573182475481540e-02
0.000000000000000000e+00 6.238072907343501089e-02
0.000000000000000000e+00 2.095060466324543888e-02
0.000000000000000000e+00 7.179952311200742121e-02
0.000000000000000000e+00 5.242855640628053121e-02
0.000000000000000000e+00 7.593823029466208185e-02
0.000000000000000000e+00 3.349730666534450618e-02
0.000000000000000000e+00 6.520343044763808604e-02
0.000000000000000000e+00 7.683515562010195810e-02
0.000000000000000000e+00 4.556571553215176679e-02
0.000000000000000000e+00 2.390470767895563550e-02
0.000000000000000000e+00 2.957440107914371952e-02
0.000000000000000000e+00 5.320616134294998273e-02
0.000000000000000000e+00 4.716509007714274337e-02
0.000000000000000000e+00 5.586623340969984475e-02
0.000000000000000000e+00 3.902788241037790512e-02
0.000000000000000000e+00 2.783655861406013343e-02
0.000000000000000000e+00 7.790743965315034825e-02
0.000000000000000000e+00 3.337151546814027397e-02
0.000000000000000000e+00 3.969576136100099600e-02
0.000000000000000000e+00 7.629352007650741507e-02
0.000000000000000000e+00 1.062174526723341644e-01
0.000000000000000000e+00 5.520162887510415145e-02
0.000000000000000000e+00 6.216668380343391004e-02
0.000000000000000000e+00 6.774521564413882313e-02
0.000000000000000000e+00 8.372460597302645857e-02
0.000000000000000000e+00 4.293360617235510157e-02
0.000000000000000000e+00 3.805762888514769432e-02
0.000000000000000000e+00 6.255047703252941682e-02
0.000000000000000000e+00 5.491261131706517279e-02
0.000000000000000000e+00 5.624740851369948447e-02
0.000000000000000000e+00 4.933987383441738178e-02
0.000000000000000000e+00 4.500367576820687998e-02
0.000000000000000000e+00 6.949583313140629548e-02
0.000000000000000000e+00 6.433724449927685773e-02
0.000000000000000000e+00 6.098917357211751378e-02
0.000000000000000000e+00 2.335848798234205909e-02
0.000000000000000000e+00 7.438189657830500401e-02
0.000000000000000000e+00 4.278005037202248229e-02
0.000000000000000000e+00 5.290627312838468155e-02
0.000000000000000000e+00 4.282378629773535977e-02
0.000000000000000000e+00 4.820789649307338082e-02
0.000000000000000000e+00 6.402909660543758263e-02
0.000000000000000000e+00 7.286537160846905115e-02
0.000000000000000000e+00 6.298812510106960305e-02
0.000000000000000000e+00 3.889729150038113981e-02
0.000000000000000000e+00 2.135881743570352057e-02
0.000000000000000000e+00 6.914354580949065576e-02
0.000000000000000000e+00 6.294548820083148422e-02
0.000000000000000000e+00 3.279418040198971152e-02
0.000000000000000000e+00 5.425785341271905510e-02
0.000000000000000000e+00 4.853462632406321808e-02
0.000000000000000000e+00 6.507213678998079176e-02
0.000000000000000000e+00 7.652220070661956697e-02
0.000000000000000000e+00 6.265901535603972394e-02
0.000000000000000000e+00 6.343095494359000941e-02
0.000000000000000000e+00 7.045952408506160614e-02
0.000000000000000000e+00 4.950269574502107889e-02
0.000000000000000000e+00 9.795177092559320675e-02
0.000000000000000000e+00 5.518083450357248732e-02
0.000000000000000000e+00 8.172379737526071219e-02
0.000000000000000000e+00 1.457023393462376741e-02
0.000000000000000000e+00 4.978221560324245371e-02
0.000000000000000000e+00 3.951561554485494981e-02
0.000000000000000000e+00 6.974155718337739229e-02
0.000000000000000000e+00 7.949227617999225781e-02
0.000000000000000000e+00 3.213717525605809533e-02
0.000000000000000000e+00 5.953845528224707695e-02
0.000000000000000000e+00 4.602893198080116460e-02
0.000000000000000000e+00 4.968132365474491052e-02
0.000000000000000000e+00 8.132172264291169517e-02
0.000000000000000000e+00 6.534558594264687492e-02
0.000000000000000000e+00 7.630235993447949394e-02
0.000000000000000000e+00 3.972559691072385241e-02
0.000000000000000000e+00 2.604418354022279905e-02
0.000000000000000000e+00 4.804079149289071371e-02
0.000000000000000000e+00 5.671128986476741546e-02
0.000000000000000000e+00 8.485453253034402898e-02
0.000000000000000000e+00 4.627013176069945388e-02
0.000000000000000000e+00 6.994578032455651961e-02
0.000000000000000000e+00 6.225968538172404337e-02
0.000000000000000000e+00 6.718599077145473442e-02
0.000000000000000000e+00 4.464445352623285651e-02
0.000000000000000000e+00 8.368140970819205882e-02
0.000000000000000000e+00 6.086073216822579512e-02
0.000000000000000000e+00 5.474024575411610277e-02
0.000000000000000000e+00 3.456368420754837162e-02
0.000000000000000000e+00 6.796133124428591077e-02
0.000000000000000000e+00 5.227634657182425593e-02
0.000000000000000000e+00 3.677181295037534881e-02
0.000000000000000000e+00 6.470645182269581241e-02
0.000000000000000000e+00 2.782868105420556806e-02
0.000000000000000000e+00 4.225091065915639876e-02
0.000000000000000000e+00 3.895019351823054976e-02
0.000000000000000000e+00 3.574119229524462538e-02
0.000000000000000000e+00 2.701348528472029276e-02
0.000000000000000000e+00 1.004622275776835272e-01
0.000000000000000000e+00 4.659601684718908676e-02
0.000000000000000000e+00 5.895684105236344980e-02
0.000000000000000000e+00 7.141266845263681551e-02
0.000000000000000000e+00 4.738834387634432294e-02
0.000000000000000000e+00 1.773027175729781010e-02
0.000000000000000000e+00 4.132128333023280670e-02
0.000000000000000000e+00 4.842773578739346940e-02
0.000000000000000000e+00 2.834901285384783601e-02
0.000000000000000000e+00 4.437675754119572991e-02
0.000000000000000000e+00 5.338665209920686466e-02
0.000000000000000000e+00 3.923339820451111210e-02
0.000000000000000000e+00 5.573212815997380387e-02
0.000000000000000000e+00 6.065222848361165320e-02
0.000000000000000000e+00 6.072050788224169632e-02
0.000000000000000000e+00 8.498158205180943170e-02
0.000000000000000000e+00 6.438586910411077391e-02
0.000000000000000000e+00 7.880736043166225446e-02
0.000000000000000000e+00 4.342733590080623263e-02
0.000000000000000000e+00 5.722299238058980303e-02
0.000000000000000000e+00 7.313551920418305541e-02
0.000000000000000000e+00 5.752430661300827336e-02
0.000000000000000000e+00 4.966408138363971603e-02
0.000000000000000000e+00 2.742066758243549146e-02
0.000000000000000000e+00 4.463311536418239356e-02
0.000000000000000000e+00 6.403586436462090081e-02
0.000000000000000000e+00 2.678704262928808741e-02
0.000000000000000000e+00 6.060418698781937230e-02
0.000000000000000000e+00 3.250007226410473599e-02
0.000000000000000000e+00 4.659762144749837742e-02
0.000000000000000000e+00 5.408829605467167789e-02
0.000000000000000000e+00 2.148047113604327138e-02
0.000000000000000000e+00 3.510967379969355540e-02
0.000000000000000000e+00 4.988582587972852783e-02
0.000000000000000000e+00 3.842502019144017344e-02
0.000000000000000000e+00 5.871722705295535916e-02
0.000000000000000000e+00 8.600758398241263591e-02
0.000000000000000000e+00 8.975348644121848574e-02
0.000000000000000000e+00 4.443644334197334456e-02
0.000000000000000000e+00 6.704867179166654201e-02
0.000000000000000000e+00 4.893160290437957582e-02
0.000000000000000000e+00 8.542848570196441560e-02
0.000000000000000000e+00 3.522071405975362585e-02
0.000000000000000000e+00 7.048091288763871920e-02
0.000000000000000000e+00 7.153062882565998370e-02
0.000000000000000000e+00 5.967730780893523018e-02
0.000000000000000000e+00 4.383618639830574870e-02
0.000000000000000000e+00 6.367608395311007141e-02
0.000000000000000000e+00 6.250001109494641993e-02
0.000000000000000000e+00 3.473472689619586801e-02
0.000000000000000000e+00 4.243297623720502371e-02
0.000000000000000000e+00 8.654411748496317058e-02
0.000000000000000000e+00 6.359724616426011556e-02
0.000000000000000000e+00 5.668675587270198546e-02
0.000000000000000000e+00 3.275041849109303072e-02
0.000000000000000000e+00 6.165418904478123935e-02
0.000000000000000000e+00 4.846733421944460218e-02
0.000000000000000000e+00 4.587355233644188623e-02
0.000000000000000000e+00 4.569384181459503619e-02
0.000000000000000000e+00 5.154758863531875429e-02
0.000000000000000000e+00 6.998905517121396802e-02
0.000000000000000000e+00 4.261386778910548900e-02
0.000000000000000000e+00 4.720126153980533368e-02
0.000000000000000000e+00 4.761465900565438336e-02
0.000000000000000000e+00 5.528758775154864191e-02
0.000000000000000000e+00 2.998990089273744636e-02
0.000000000000000000e+00 5.459918636819244969e-02
0.000000000000000000e+00 3.865818382726663588e-02
0.000000000000000000e+00 4.553605719768435978e-02
0.000000000000000000e+00 6.905486864602795871e-02
0.000000000000000000e+00 3.209373969097047141e-02
0.000000000000000000e+00 3.114503804035218676e-02
0.000000000000000000e+00 5.167237947086924382e-02
0.000000000000000000e+00 5.890939183144733998e-02
0.000000000000000000e+00 1.068095794175126512e-01
0.000000000000000000e+00 4.480445975895080285e-02
0.000000000000000000e+00 5.318072588869830059e-02
0.000000000000000000e+00 3.925530808333949767e-02
0.000000000000000000e+00 7.849380557090068766e-02
0.000000000000000000e+00 9.156972300627709560e-02
0.000000000000000000e+00 5.174405762953597498e-02
0.000000000000000000e+00 6.393325549173038691e-02
0.000000000000000000e+00 2.461916479587809847e-02
0.000000000000000000e+00 3.993863103882530630e-02
0.000000000000000000e+00 2.549398153984470949e-02
0.000000000000000000e+00 6.677861446324681594e-02
0.000000000000000000e+00 4.257518711388140475e-02
0.000000000000000000e+00 8.969233418853252149e-02
0.000000000000000000e+00 8.157515597751474612e-02
0.000000000000000000e+00 5.737568144854558738e-02
0.000000000000000000e+00 2.002626920227050869e-02
0.000000000000000000e+00 3.818031718926331169e-02
0.000000000000000000e+00 5.174888116507590091e-02
0.000000000000000000e+00 3.862573696141558682e-02
0.000000000000000000e+00 5.345181326647141518e-02
0.000000000000000000e+00 3.736233333600890577e-02
0.000000000000000000e+00 6.737667214974890628e-02
0.000000000000000000e+00 4.574426102146743334e-02
0.000000000000000000e+00 2.777309396096696095e-02
0.000000000000000000e+00 4.905345152089096716e-02
0.000000000000000000e+00 4.579692020581058870e-02
0.000000000000000000e+00 1.230782387308808901e-01
0.000000000000000000e+00 2.539214710535599162e-02
0.000000000000000000e+00 3.728331216060929570e-02
0.000000000000000000e+00 2.761284886046351181e-02
0.000000000000000000e+00 3.354392244161957803e-02
0.000000000000000000e+00 5.163362862509308232e-02
0.000000000000000000e+00 3.361342679690194207e-02
0.000000000000000000e+00 3.496604051131028262e-02
0.000000000000000000e+00 6.608255738803331392e-02
0.000000000000000000e+00 6.118603138166126693e-02
0.000000000000000000e+00 3.774537768495406925e-02
0.000000000000000000e+00 4.795742013639243267e-02
0.000000000000000000e+00 7.809795080911233200e-02
0.000000000000000000e+00 5.231948063145621525e-02
0.000000000000000000e+00 3.680909927394856312e-02
0.000000000000000000e+00 8.254464668151266504e-02
0.000000000000000000e+00 7.866512925175574156e-02
0.000000000000000000e+00 5.333212309336522738e-02
0.000000000000000000e+00 5.002561796021654829e-03
0.000000000000000000e+00 1.079707185362418637e-01
0.000000000000000000e+00 4.517299526173845087e-02
0.000000000000000000e+00 6.049848997497341702e-02
0.000000000000000000e+00 3.656817665694238328e-02
