0.000000000000000000e+00 7.726041730666777241e-02
0.000000000000000000e+00 8.420121058313728701e-02
0.000000000000000000e+00 7.437671918221260003e-02
0.000000000000000000e+00 7.437529358453730255e-02
0.000000000000000000e+00 7.115195207919404463e-02
0.000000000000000000e+00 8.361977528278327632e-02
0.000000000000000000e+00 5.740078895987286295e-02
0.000000000000000000e+00 7.432804123887812309e-02
0.000000000000000000e+00 1.019260686478958289e-01
0.000000000000000000e+00 7.520011868100524854e-02
0.000000000000000000e+00 7.166694623123061325e-02
0.000000000000000000e+00 7.056998264455152658e-02
0.000000000000000000e+00 7.026361657415113038e-02
0.000000000000000000e+00 5.868733482031452536e-02
0.000000000000000000e+00 8.334473570921151209e-02
0.000000000000000000e+00 7.543940192379700038e-02
0.000000000000000000e+00 7.863866393807171506e-02
0.000000000000000000e+00 7.714413854174854979e-02
0.000000000000000000e+00 7.591770412030600379e-02
0.000000000000000000e+00 7.956881896189806069e-02
0.000000000000000000e+00 7.408196551889426051e-02
0.000000000000000000e+00 7.226813416411485835e-02
0.000000000000000000e+00 7.421992551471272292e-02
0.000000000000000000e+00 7.830790453739684687e-02
0.000000000000000000e+00 4.661660982126215880e-02
0.000000000000000000e+00 5.495518359073618686e-02
0.000000000000000000e+00 6.401735766061406041e-02
0.000000000000000000e+00 6.384208433605442767e-02
0.000000000000000000e+00 6.974286553788333620e-02
0.000000000000000000e+00 5.527084978374244978e-02
0.000000000000000000e+00 4.617351048905692090e-02
0.000000000000000000e+00 6.577935133673294688e-02
0.000000000000000000e+00 8.057980942504767985e-02
0.000000000000000000e+00 7.895283602948742485e-02
0.000000000000000000e+00 8.004280637404118104e-02
0.000000000000000000e+00 7.055154590249794466e-02
0.000000000000000000e+00 3.029940032776972172e-02
0.000000000000000000e+00 7.245478973898258901e-02
0.000000000000000000e+00 4.880806223804458333e-02
0.000000000000000000e+00 6.938442423492896527e-02
0.000000000000000000e+00 5.305737755537657391e-02
0.000000000000000000e+00 8.678750105757851441e-02
0.000000000000000000e+00 6.256765653773060931e-02
0.000000000000000000e+00 7.474258726076213333e-02
0.000000000000000000e+00 5.786014892187676950e-02
0.000000000000000000e+00 1.122737156590082885e-01
0.000000000000000000e+00 5.581579175309285545e-02
0.000000000000000000e+00 6.399789917087966851e-02
0.000000000000000000e+00 6.803764366771927752e-02
0.000000000000000000e+00 3.347848932022294555e-02
0.000000000000000000e+00 3.842004598291661605e-02
0.000000000000000000e+00 6.263867057680634620e-02
0.000000000000000000e+00 4.797090538191141340e-02
0.000000000000000000e+00 5.753403020011072649e-02
0.000000000000000000e+00 6.742152010588746414e-02
0.000000000000000000e+00 7.932725167214563222e-02
0.000000000000000000e+00 4.972272171880672692e-02
0.000000000000000000e+00 6.971974143936196522e-02
0.000000000000000000e+00 6.326615654067847816e-02
0.000000000000000000e+00 3.413571277817319810e-02
0.000000000000000000e+00 6.603384541950085840e-02
0.000000000000000000e+00 5.222903583078353923e-02
0.000000000000000000e+00 5.040555720277724305e-02
0.000000000000000000e+00 5.733103347912510417e-02
0.000000000000000000e+00 9.495398211385275289e-02
0.000000000000000000e+00 5.572241069942310276e-02
0.000000000000000000e+00 6.658310999382154038e-02
0.000000000000000000e+00 4.893418511677895960e-02
0.000000000000000000e+00 7.064322359541119756e-02
0.000000000000000000e+00 6.514750378044829870e-02
0.000000000000000000e+00 5.407720648040697381e-02
0.000000000000000000e+00 9.002391039353928315e-02
0.000000000000000000e+00 4.283919127731597443e-02
0.000000000000000000e+00 1.051693369642764248e-01
0.000000000000000000e+00 3.801489671161034645e-02
0.000000000000000000e+00 4.442600274578797220e-02
0.000000000000000000e+00 7.543477464483339112e-02
0.000000000000000000e+00 7.210136830684861498e-02
0.000000000000000000e+00 6.187844462934845996e-02
0.000000000000000000e+00 6.405096170614102413e-02
0.000000000000000000e+00 3.764727479431306117e-02
0.000000000000000000e+00 8.235178221683518707e-02
0.000000000000000000e+00 7.196952948587354015e-02
0.000000000000000000e+00 4.329058336775332833e-02
0.000000000000000000e+00 6.148612223655254561e-02
0.000000000000000000e+00 3.236352444928334432e-02
0.000000000000000000e+00 7.474094202548016430e-02
0.000000000000000000e+00 6.247936198933550650e-02
0.000000000000000000e+00 7.560691787537211772e-02
0.000000000000000000e+00 6.583967815054238282e-02
0.000000000000000000e+00 6.122006856539843195e-02
0.000000000000000000e+00 7.792218780170663550e-02
0.000000000000000000e+00 9.496137044891113377e-02
0.000000000000000000e+00 6.611879262681624736e-02
0.000000000000000000e+00 7.863892304695901947e-02
0.000000000000000000e+00 7.518772347282524915e-02
0.000000000000000000e+00 7.910749217219563423e-02
0.000000000000000000e+00 6.428881213829121255e-02
0.000000000000000000e+00 7.212628659703648748e-02
0.000000000000000000e+00 7.953039444313353412e-02
0.000000000000000000e+00 5.837077585912717886e-02
0.000000000000000000e+00 3.623570741254485833e-02
0.000000000000000000e+00 4.053774611712111786e-02
0.000000000000000000e+00 8.918950227488592342e-02
0.000000000000000000e+00 7.171828133510980974e-02
0.000000000000000000e+00 5.398896179076599633e-02
0.000000000000000000e+00 6.499447339637998144e-02
0.000000000000000000e+00 4.495389507282172847e-02
0.000000000000000000e+00 5.596983533751571926e-02
0.000000000000000000e+00 3.859256040125626230e-02
0.000000000000000000e+00 6.314862036623836161e-02
0.000000000000000000e+00 1.060616912883983326e-01
0.000000000000000000e+00 5.824934021985438137e-02
0.000000000000000000e+00 8.251665308810551824e-02
0.000000000000000000e+00 7.513917639068506960e-02
0.000000000000000000e+00 6.227977446645795861e-02
0.000000000000000000e+00 4.297710514097305423e-02
0.000000000000000000e+00 5.056777666277349759e-02
0.000000000000000000e+00 6.053425742926096115e-02
0.000000000000000000e+00 6.352768024426878879e-02
0.000000000000000000e+00 3.323621451067887422e-02
0.000000000000000000e+00 5.129668315682612417e-02
0.000000000000000000e+00 5.140932577896104722e-02
0.000000000000000000e+00 3.207396228447197128e-02
0.000000000000000000e+00 5.543685425371298187e-02
0.000000000000000000e+00 4.970806169476801872e-02
0.000000000000000000e+00 6.533431334284052483e-02
0.000000000000000000e+00 6.042298601307661415e-02
0.000000000000000000e+00 7.439441959689441219e-02
0.000000000000000000e+00 7.090997459493675326e-02
0.000000000000000000e+00 6.652130709941965481e-02
0.000000000000000000e+00 6.355574909566509556e-02
0.000000000000000000e+00 3.433851977028538199e-02
0.000000000000000000e+00 6.485607935513439115e-02
0.000000000000000000e+00 6.979800453765373780e-02
0.000000000000000000e+00 5.517220507718686301e-02
0.000000000000000000e+00 3.814918402691278021e-02
0.000000000000000000e+00 6.088402867222986875e-02
0.000000000000000000e+00 5.429020648127290405e-02
0.000000000000000000e+00 1.899483776342026850e-02
0.000000000000000000e+00 3.655053353147389578e-02
0.000000000000000000e+00 6.151044272250770495e-02
0.000000000000000000e+00 4.512378438123911678e-02
0.000000000000000000e+00 4.977565924818980192e-02
0.000000000000000000e+00 6.407084793005514423e-02
0.000000000000000000e+00 3.855708372372999848e-02
0.000000000000000000e+00 6.707080968555627354e-02
0.000000000000000000e+00 5.251764427160917487e-02
0.000000000000000000e+00 3.608727602997648110e-02
0.000000000000000000e+00 5.877791513972903392e-02
0.000000000000000000e+00 5.398381543775495478e-02
0.000000000000000000e+00 5.396599453339220170e-02
0.000000000000000000e+00 5.354958311750591948e-02
0.000000000000000000e+00 7.073411511847094157e-02
0.000000000000000000e+00 6.094326802473856025e-02
0.000000000000000000e+00 6.701176646016314409e-02
0.000000000000000000e+00 5.932865068929693564e-02
0.000000000000000000e+00 4.359968531614915460e-02
0.000000000000000000e+00 6.018673799360315518e-02
0.000000000000000000e+00 6.748346446187794556e-02
0.000000000000000000e+00 8.863974804449081812e-02
0.000000000000000000e+00 4.411589669173169442e-02
0.000000000000000000e+00 4.661352537674409713e-02
0.000000000000000000e+00 3.775302189834672806e-02
0.000000000000000000e+00 3.937625337971858985e-02
0.000000000000000000e+00 2.866979313383942810e-02
0.000000000000000000e+00 6.573160487268804586e-02
0.000000000000000000e+00 2.057090435392967126e-02
0.000000000000000000e+00 5.901134048004268162e-02
0.000000000000000000e+00 5.894644851505553146e-02
0.000000000000000000e+00 7.401075682615343432e-02
0.000000000000000000e+00 5.334722500954552915e-02
0.000000000000000000e+00 5.179993135785789654e-02
0.000000000000000000e+00 5.883371998436259104e-02
0.000000000000000000e+00 5.002818688989132956e-02
0.000000000000000000e+00 3.490865663355960380e-02
0.000000000000000000e+00 7.193218108484984372e-03
0.000000000000000000e+00 5.005582879531565721e-02
0.000000000000000000e+00 8.242319319973581693e-02
0.000000000000000000e+00 3.178195167172840480e-02
0.000000000000000000e+00 5.130054162892486169e-02
0.000000000000000000e+00 4.304134972590019370e-02
0.000000000000000000e+00 8.902022231908060523e-02
0.000000000000000000e+00 3.621952740999916792e-02
0.000000000000000000e+00 2.574998743142997357e-02
0.000000000000000000e+00 5.518581817357031544e-02
0.000000000000000000e+00 2.966566329673900326e-02
0.000000000000000000e+00 3.902529654334247616e-02
0.000000000000000000e+00 4.712733719045428954e-02
0.000000000000000000e+00 4.070688905802985480e-02
0.000000000000000000e+00 5.137101025104558877e-02
0.000000000000000000e+00 4.915343172590412590e-02
0.000000000000000000e+00 4.022973378587588189e-02
0.000000000000000000e+00 7.636091300935846093e-02
0.000000000000000000e+00 5.729796871656132190e-02
0.000000000000000000e+00 4.711510437299456372e-02
0.000000000000000000e+00 3.123196178198812956e-02
0.000000000000000000e+00 5.498190683645320237e-02
0.000000000000000000e+00 8.059437299414902445e-02
0.000000000000000000e+00 2.834972953839094353e-02
0.000000000000000000e+00 6.606306340584849890e-02
0.000000000000000000e+00 6.881955630352880326e-02
0.000000000000000000e+00 6.569939587504371181e-02
0.000000000000000000e+00 7.119636338704415923e-02
0.000000000000000000e+00 3.409379369779826086e-02
0.000000000000000000e+00 3.583372736437783618e-02
0.000000000000000000e+00 4.817693607561738395e-02
0.000000000000000000e+00 8.689355174203440557e-02
0.000000000000000000e+00 5.919349364681866094e-02
0.000000000000000000e+00 5.047338239169362611e-02
0.000000000000000000e+00 5.252126771419468598e-02
0.000000000000000000e+00 7.395813198980770442e-02
0.000000000000000000e+00 6.991602632745544388e-02
0.000000000000000000e+00 6.794731298270276221e-02
0.000000000000000000e+00 8.904479522264489855e-02
0.000000000000000000e+00 4.840344593608184726e-02
0.000000000000000000e+00 4.923898181669623259e-02
0.000000000000000000e+00 5.204928902427285314e-02
0.000000000000000000e+00 3.243617641651446587e-02
0.000000000000000000e+00 3.596674244383782360e-02
0.000000000000000000e+00 2.755234765395180030e-02
0.000000000000000000e+00 3.854416765429292957e-02
0.000000000000000000e+00 5.601006048178910207e-02
0.000000000000000000e+00 4.386853648169752179e-02
0.000000000000000000e+00 5.061230861970526101e-02
0.000000000000000000e+00 7.335557369867534705e-02
0.000000000000000000e+00 5.928349113956617872e-02
0.000000000000000000e+00 2.431197245002587534e-02
0.000000000000000000e+00 8.269570157718990344e-02
0.000000000000000000e+00 7.389137733423713217e-02
0.000000000000000000e+00 6.333694816674674544e-02
0.000000000000000000e+00 6.586469613115038257e-02
0.000000000000000000e+00 7.458902388362921576e-02
0.000000000000000000e+00 7.162454372406139302e-02
0.000000000000000000e+00 6.042619826109282138e-02
0.000000000000000000e+00 5.745506060353658406e-02
0.000000000000000000e+00 3.662076369902726031e-02
0.000000000000000000e+00 7.603089022040945832e-02
0.000000000000000000e+00 4.078932306662217538e-02
0.000000000000000000e+00 4.853794520363725884e-02
0.000000000000000000e+00 7.561361632637611518e-02
0.000000000000000000e+00 5.539148896280356171e-02
0.000000000000000000e+00 5.910270460697176348e-02
0.000000000000000000e+00 7.454001548869391980e-02
0.000000000000000000e+00 5.277294120032574587e-02
0.000000000000000000e+00 1.189288702368644923e-01
0.000000000000000000e+00 4.058413583151575937e-02
0.000000000000000000e+00 4.584970451245553441e-02
0.000000000000000000e+00 8.048030876614600815e-02
0.000000000000000000e+00 6.196335398616571732e-02
0.000000000000000000e+00 4.611294240510886711e-02
0.000000000000000000e+00 6.267360286570383687e-02
0.000000000000000000e+00 8.202176229103436134e-02
0.000000000000000000e+00 5.882894060934606983e-02
0.000000000000000000e+00 4.892100114152237583e-02
0.000000000000000000e+00 5.428275158730144073e-02
0.000000000000000000e+00 5.251239810951670306e-02
0.000000000000000000e+00 4.735011914750825168e-02
0.000000000000000000e+00 4.131007365991314073e-02
0.000000000000000000e+00 7.304571786073599249e-02
0.000000000000000000e+00 4.588074167787377367e-02
0.000000000000000000e+00 4.684794447784533522e-02
0.000000000000000000e+00 6.044634264468147500e-02
0.000000000000000000e+00 3.137870184331521817e-02
0.000000000000000000e+00 1.452375258187012241e-02
0.000000000000000000e+00 6.700141396570157004e-02
0.000000000000000000e+00 4.635222233845214673e-02
0.000000000000000000e+00 3.331678216258575354e-02
0.000000000000000000e+00 7.688400416719542996e-02
0.000000000000000000e+00 6.617676193859679812e-02
0.000000000000000000e+00 7.405068953152069144e-02
0.000000000000000000e+00 4.347079093518158022e-02
0.000000000000000000e+00 4.964377294110011718e-02
0.000000000000000000e+00 1.077643651649326240e-01
0.000000000000000000e+00 7.373169168237780902e-02
0.000000000000000000e+00 5.969616572807652510e-02
0.000000000000000000e+00 7.887083340410128152e-02
0.000000000000000000e+00 4.554290809931240552e-02
0.000000000000000000e+00 4.952312587571293390e-02
0.000000000000000000e+00 6.415765182170525549e-02
0.000000000000000000e+00 4.925259670718853955e-02
0.000000000000000000e+00 8.012513007303184720e-02
0.000000000000000000e+00 4.262154594632223958e-02
0.000000000000000000e+00 6.996883095688613552e-02
0.000000000000000000e+00 7.862725359468134001e-02
0.000000000000000000e+00 2.853021466223897712e-02
0.000000000000000000e+00 4.840132946814147685e-02
0.000000000000000000e+00 4.416799925515117742e-02
0.000000000000000000e+00 4.576953721235525741e-02
0.000000000000000000e+00 5.045064992781356922e-02
0.000000000000000000e+00 5.687336542105116827e-02
0.000000000000000000e+00 4.630095878600938575e-02
0.000000000000000000e+00 7.605812664712593985e-02
0.000000000000000000e+00 2.903465646552199492e-02
0.000000000000000000e+00 3.817353572535927414e-02
0.000000000000000000e+00 1.468086818760524180e-02
0.000000000000000000e+00 8.273606308370208551e-02
0.000000000000000000e+00 4.527878878768516052e-02
0.000000000000000000e+00 6.217008447699522156e-02
0.000000000000000000e+00 5.001547941121888691e-02
0.000000000000000000e+00 6.634566316065193536e-02
0.000000000000000000e+00 4.713133886314767318e-02
0.000000000000000000e+00 5.793345557495728493e-02
0.000000000000000000e+00 7.120338668891672274e-02
0.000000000000000000e+00 7.541319539863901300e-02
0.000000000000000000e+00 7.074580505780385387e-02
0.000000000000000000e+00 3.560850994238537459e-02
0.000000000000000000e+00 9.595165828357406224e-02
0.000000000000000000e+00 5.070885157012657019e-02
0.000000000000000000e+00 4.577099050846324124e-02
0.000000000000000000e+00 7.054276359406713715e-02
0.000000000000000000e+00 4.760674504467486690e-02
0.000000000000000000e+00 8.806697633398438696e-02
0.000000000000000000e+00 9.227184382431262433e-02
0.000000000000000000e+00 4.736734117797936766e-02
0.000000000000000000e+00 7.445011282126123842e-02
0.000000000000000000e+00 2.961194022815946333e-02
0.000000000000000000e+00 6.642390263998122768e-02
0.000000000000000000e+00 5.372600451866479943e-02
0.000000000000000000e+00 3.562990284803224661e-02
0.000000000000000000e+00 7.656333543165011468e-02
0.000000000000000000e+00 6.794772653564033760e-02
0.000000000000000000e+00 6.630056110235590938e-02
0.000000000000000000e+00 8.222749166036764923e-02
0.000000000000000000e+00 3.114621900455309678e-02
0.000000000000000000e+00 4.079308161567662266e-02
0.000000000000000000e+00 7.088522807175851037e-02
0.000000000000000000e+00 5.670086308122687657e-02
0.000000000000000000e+00 2.375834779356674614e-02
0.000000000000000000e+00 3.407832366641251609e-02
0.000000000000000000e+00 3.953322376114451475e-02
0.000000000000000000e+00 3.088632981294102756e-02
0.000000000000000000e+00 5.273340640245562788e-02
0.000000000000000000e+00 5.633469210671691180e-02
0.000000000000000000e+00 5.549841159850329997e-02
0.000000000000000000e+00 3.906558267754785263e-02
0.000000000000000000e+00 4.120178163728504400e-02
0.000000000000000000e+00 1.836654559662169103e-02
0.000000000000000000e+00 2.230174129590506774e-02
0.000000000000000000e+00 4.337589005125910141e-02
0.000000000000000000e+00 7.151463668652002781e-02
0.000000000000000000e+00 8.614009332614624981e-02
0.000000000000000000e+00 2.029837877142876695e-02
0.000000000000000000e+00 4.371571193213610179e-02
0.000000000000000000e+00 6.741629274561340701e-02
0.000000000000000000e+00 2.181334400163260565e-02
0.000000000000000000e+00 4.386504246992362077e-02
0.000000000000000000e+00 4.001511431342071046e-02
0.000000000000000000e+00 3.895307602650503742e-02
0.000000000000000000e+00 3.602982619823779514e-02
0.000000000000000000e+00 4.353035172422849153e-02
0.000000000000000000e+00 2.893152019384254495e-02
0.000000000000000000e+00 4.562207811096740534e-02
0.000000000000000000e+00 5.553859350737599260e-02
0.000000000000000000e+00 4.862883358795996869e-02
0.000000000000000000e+00 3.934384171069605501e-02
0.000000000000000000e+00 9.457310920742831306e-02
0.000000000000000000e+00 3.746955572903493126e-02
0.000000000000000000e+00 8.582565656009666366e-02
0.000000000000000000e+00 1.323185448491091473e-02
0.000000000000000000e+00 5.739255604467737720e-02
0.000000000000000000e+00 7.123618962288526257e-02
0.000000000000000000e+00 3.100535775212559519e-02
0.000000000000000000e+00 4.935898717589598528e-02
0.000000000000000000e+00 4.508438432492876263e-02
0.000000000000000000e+00 3.108757882940387310e-02
0.000000000000000000e+00 5.661261870153933007e-02
0.000000000000000000e+00 9.472057318292376182e-02
0.000000000000000000e+00 7.382962744326652949e-02
0.000000000000000000e+00 6.534434309882966585e-02
0.000000000000000000e+00 6.954147760705385595e-02
0.000000000000000000e+00 6.288920862266469958e-02
0.000000000000000000e+00 5.456980860235155495e-02
0.000000000000000000e+00 7.121035529018544807e-02
0.000000000000000000e+00 4.509871793939659868e-02
0.000000000000000000e+00 4.235867617411189640e-02
0.000000000000000000e+00 6.782507555554108392e-02
0.000000000000000000e+00 7.787562423328553418e-02
0.000000000000000000e+00 7.229608791125553824e-02
0.000000000000000000e+00 3.804010455026209797e-02
0.000000000000000000e+00 4.781280873639236206e-02
0.000000000000000000e+00 5.003629905932065886e-02
0.000000000000000000e+00 2.947665271655629596e-02
0.000000000000000000e+00 4.795225225967299221e-02
0.000000000000000000e+00 7.706602532508195769e-02
0.000000000000000000e+00 4.632569558576258434e-02
0.000000000000000000e+00 3.705747395761140733e-02
0.000000000000000000e+00 4.228423277803514818e-02
0.000000000000000000e+00 9.362865019109163633e-02
0.000000000000000000e+00 3.050480736585930303e-02
0.000000000000000000e+00 7.803250260078262168e-02
0.000000000000000000e+00 8.657705179906309556e-02
0.000000000000000000e+00 4.778194942908517429e-02
0.000000000000000000e+00 5.047193541859057442e-02
0.000000000000000000e+00 4.638531836067148056e-02
0.000000000000000000e+00 6.324097628349645284e-02
0.000000000000000000e+00 2.357796080597766852e-02
0.000000000000000000e+00 3.438666722706150425e-02
0.000000000000000000e+00 5.797803257840896535e-02
0.000000000000000000e+00 1.040041887535471249e-01
0.000000000000000000e+00 3.864672295883435360e-02
0.000000000000000000e+00 7.227411734766769902e-02
0.000000000000000000e+00 5.034769081572179616e-02
0.000000000000000000e+00 2.729759299667866221e-02
0.000000000000000000e+00 3.325570559583249097e-02
0.000000000000000000e+00 2.522477114673909657e-02
0.000000000000000000e+00 5.030950908548580819e-02
0.000000000000000000e+00 6.707264241025728824e-02
0.000000000000000000e+00 6.214471725562881882e-02
0.000000000000000000e+00 3.177488051870754060e-02
0.000000000000000000e+00 6.548685380846347437e-02
0.000000000000000000e+00 5.212275431404849585e-02
0.000000000000000000e+00 5.501352682831218976e-02
0.000000000000000000e+00 3.480534363905736506e-02
0.000000000000000000e+00 2.410718073869605460e-02
0.000000000000000000e+00 3.634531041617085345e-02
0.000000000000000000e+00 6.874516116567994106e-02
0.000000000000000000e+00 5.669707903714008707e-02
0.000000000000000000e+00 6.691546374668982944e-02
0.000000000000000000e+00 3.132414661389106708e-02
0.000000000000000000e+00 5.665197677566704421e-02
0.000000000000000000e+00 3.558144322448678065e-02
0.000000000000000000e+00 6.331139575724976931e-02
0.000000000000000000e+00 1.266171615567241587e-02
0.000000000000000000e+00 3.233623625867101947e-02
0.000000000000000000e+00 6.314844606549180339e-02
0.000000000000000000e+00 4.631945821960523069e-02
0.000000000000000000e+00 6.487683413520077547e-02
0.000000000000000000e+00 3.519241129117847700e-02
0.000000000000000000e+00 5.107008903664879418e-02
0.000000000000000000e+00 3.205924258767908763e-02
0.000000000000000000e+00 8.917189401057554199e-02
0.000000000000000000e+00 5.029448004539077005e-02
0.000000000000000000e+00 9.090682927584612522e-03
0.000000000000000000e+00 4.946907714657495375e-02
0.000000000000000000e+00 5.183622589230085093e-02
0.000000000000000000e+00 5.455694183620873883e-02
0.000000000000000000e+00 3.570548438683618375e-02
0.000000000000000000e+00 3.104295217188127523e-02
0.000000000000000000e+00 2.288607512666238422e-02
0.000000000000000000e+00 6.602179676811015252e-02
0.000000000000000000e+00 5.029259330837237973e-02
0.000000000000000000e+00 7.151152369217539384e-02
0.000000000000000000e+00 3.631807820403414044e-02
0.000000000000000000e+00 2.276351141784004051e-02
0.000000000000000000e+00 4.819541490549981988e-02
0.000000000000000000e+00 7.083239540408393931e-02
0.000000000000000000e+00 4.248154991478319403e-02
0.000000000000000000e+00 3.751638782563995744e-02
0.000000000000000000e+00 5.554685004856508429e-02
0.000000000000000000e+00 4.037999808921104855e-02
0.000000000000000000e+00 3.451593834699236141e-02
0.000000000000000000e+00 4.322702455667781773e-02
0.000000000000000000e+00 3.561512884044193417e-02
0.000000000000000000e+00 6.799720464896244487e-02
0.000000000000000000e+00 6.406212243426077924e-02
0.000000000000000000e+00 4.127144032474874130e-02
0.000000000000000000e+00 5.622864182071946049e-02
0.000000000000000000e+00 6.486941525799716501e-02
0.000000000000000000e+00 4.472382614864836570e-02
0.000000000000000000e+00 6.478429781501528206e-02
0.000000000000000000e+00 4.311916065810886267e-02
0.000000000000000000e+00 4.796023406677177303e-02
0.000000000000000000e+00 4.048598118096788379e-02
0.000000000000000000e+00 4.029030308807131366e-02
0.000000000000000000e+00 6.757353822500206109e-02
0.000000000000000000e+00 6.547495099967411136e-02
0.000000000000000000e+00 3.179429188278258545e-02
0.000000000000000000e+00 5.825716211766340802e-02
0.000000000000000000e+00 2.409156230427953252e-02
0.000000000000000000e+00 4.908258691410189584e-02
0.000000000000000000e+00 3.990223487359666199e-02
0.000000000000000000e+00 5.786881972741522717e-02
0.000000000000000000e+00 4.768192699438829341e-02
0.000000000000000000e+00 3.955708562311315013e-02
0.000000000000000000e+00 5.649757562782172643e-02
0.000000000000000000e+00 1.186768982409458495e-02
0.000000000000000000e+00 4.211663857700852914e-02
0.000000000000000000e+00 4.563939987817719479e-02
0.000000000000000000e+00 3.062768013459666455e-02
0.000000000000000000e+00 4.705106215829547855e-02
0.000000000000000000e+00 4.437540552889421980e-02
0.000000000000000000e+00 4.448887174574388953e-02
0.000000000000000000e+00 5.099305624734788017e-02
0.000000000000000000e+00 4.670168322578397563e-02
0.000000000000000000e+00 3.962798546359495161e-02
0.000000000000000000e+00 4.451575935933835271e-02
0.000000000000000000e+00 5.969082224562836936e-02
0.000000000000000000e+00 4.424377830456192873e-02
0.000000000000000000e+00 2.088772668123605250e-02
0.000000000000000000e+00 5.908655888530534722e-02
0.000000000000000000e+00 4.424369790299124278e-02
0.000000000000000000e+00 5.653842181189142058e-02
0.000000000000000000e+00 7.569044507406169631e-02
0.000000000000000000e+00 5.193203634366298782e-02
0.000000000000000000e+00 5.889145556108237728e-02
0.000000000000000000e+00 6.043534509666131233e-02
0.000000000000000000e+00 3.614622921786107834e-02
0.000000000000000000e+00 3.690414937880811402e-02
