1.465215235948562622e-01 1.518307328224182129e-01
1.451219171285629272e-01 1.527312844991683960e-01
1.438659280538558960e-01 1.444617211818695068e-01
1.375624984502792358e-01 1.452978700399398804e-01
1.359231173992156982e-01 1.431839168071746826e-01
1.352500170469284058e-01 1.531236618757247925e-01
1.343611776828765869e-01 1.394293606281280518e-01
1.342056542634963989e-01 1.363131701946258545e-01
1.336953192949295044e-01 1.490104496479034424e-01
1.324788480997085571e-01 1.343872249126434326e-01
1.321048736572265625e-01 1.393184661865234375e-01
1.320012509822845459e-01 1.320610940456390381e-01
1.308375149965286255e-01 1.348144710063934326e-01
1.299782544374465942e-01 1.407296657562255859e-01
1.293529272079467773e-01 1.391715109348297119e-01
1.287490874528884888e-01 1.450031995773315430e-01
1.287472397089004517e-01 1.465330570936203003e-01
1.260481625795364380e-01 1.280188858509063721e-01
1.259976625442504883e-01 1.335969567298889160e-01
1.252654343843460083e-01 1.520221680402755737e-01
1.237904354929924011e-01 1.281892210245132446e-01
1.230084076523780823e-01 1.297808438539505005e-01
1.226772814989089966e-01 1.315050572156906128e-01
1.224443390965461731e-01 1.265161186456680298e-01
1.221624687314033508e-01 1.231697127223014832e-01
1.220396235585212708e-01 1.281651258468627930e-01
1.202400773763656616e-01 1.380186975002288818e-01
1.202040240168571472e-01 1.334804892539978027e-01
1.183571368455886841e-01 1.330563575029373169e-01
1.173033490777015686e-01 1.499373763799667358e-01
1.169090121984481812e-01 1.280874013900756836e-01
1.167735606431961060e-01 1.174504160881042480e-01
1.166560798883438110e-01 1.257193982601165771e-01
1.164211481809616089e-01 1.181227490305900574e-01
1.155481860041618347e-01 1.218472495675086975e-01
1.155328452587127686e-01 1.363237649202346802e-01
1.154501736164093018e-01 1.292212754487991333e-01
1.147541850805282593e-01 1.465321779251098633e-01
1.146697700023651123e-01 1.245537772774696350e-01
1.145842671394348145e-01 1.408281326293945312e-01
1.144785806536674500e-01 1.428085714578628540e-01
1.134790256619453430e-01 1.204823479056358337e-01
1.134243533015251160e-01 1.462053209543228149e-01
1.128980591893196106e-01 1.471047401428222656e-01
1.128360331058502197e-01 1.288999617099761963e-01
1.115451678633689880e-01 1.165469437837600708e-01
1.106995418667793274e-01 1.135491281747817993e-01
1.105492413043975830e-01 1.132678836584091187e-01
1.098918840289115906e-01 1.114015281200408936e-01
1.093090549111366272e-01 1.113286092877388000e-01
1.092245578765869141e-01 1.150681227445602417e-01
1.091269403696060181e-01 1.092440336942672729e-01
1.089285761117935181e-01 1.364364922046661377e-01
1.088213026523590088e-01 1.186288520693778992e-01
1.087424084544181824e-01 1.151734516024589539e-01
1.087028980255126953e-01 1.193762049078941345e-01
1.080644279718399048e-01 1.114807203412055969e-01
1.073361411690711975e-01 1.127018406987190247e-01
1.065950766205787659e-01 1.089002937078475952e-01
1.065889671444892883e-01 1.131695955991744995e-01
1.065254956483840942e-01 1.070547848939895630e-01
1.062694191932678223e-01 1.441725641489028931e-01
1.061196550726890564e-01 1.338969767093658447e-01
1.058121249079704285e-01 1.503549367189407349e-01
1.057953312993049622e-01 1.289957612752914429e-01
1.057219430804252625e-01 1.365506798028945923e-01
1.052737459540367126e-01 1.445608884096145630e-01
1.049972921609878540e-01 1.069997400045394897e-01
1.048629954457283020e-01 1.254049241542816162e-01
1.047152504324913025e-01 1.227177903056144714e-01
1.043725982308387756e-01 1.084688156843185425e-01
1.040915772318840027e-01 1.080954968929290771e-01
1.039204373955726624e-01 1.319139897823333740e-01
1.038626655936241150e-01 1.058198735117912292e-01
1.038063839077949524e-01 1.082991883158683777e-01
1.035257875919342041e-01 1.462594121694564819e-01
1.030197218060493469e-01 1.195704936981201172e-01
1.028678938746452332e-01 1.518853008747100830e-01
1.028186976909637451e-01 1.399095505475997925e-01
1.027590557932853699e-01 1.170421615242958069e-01
1.026687845587730408e-01 1.215409785509109497e-01
1.025645881891250610e-01 1.032720208168029785e-01
1.025088056921958923e-01 1.178719028830528259e-01
1.021102517843246460e-01 1.065116450190544128e-01
1.018226295709609985e-01 1.343584060668945312e-01
1.014801487326622009e-01 1.431186199188232422e-01
1.013483107089996338e-01 1.033476591110229492e-01
1.012956574559211731e-01 1.079456359148025513e-01
1.010867357254028320e-01 1.300063282251358032e-01
1.010343730449676514e-01 1.230820640921592712e-01
1.006521135568618774e-01 1.253538578748703003e-01
1.005848571658134460e-01 1.153282299637794495e-01
1.003476157784461975e-01 1.180404871702194214e-01
1.002696380019187927e-01 1.135464981198310852e-01
1.002539768815040588e-01 1.176221370697021484e-01
9.975324571132659912e-02 1.032858192920684814e-01
9.960388392210006714e-02 1.021835729479789734e-01
9.935622662305831909e-02 1.029827296733856201e-01
9.930560737848281860e-02 1.322492957115173340e-01
9.917337447404861450e-02 1.077959761023521423e-01
9.906587004661560059e-02 1.226035133004188538e-01
9.901501983404159546e-02 9.947524964809417725e-02
9.901279956102371216e-02 1.123132929205894470e-01
9.882953017950057983e-02 1.029191911220550537e-01
9.819632023572921753e-02 1.081314012408256531e-01
9.789008647203445435e-02 1.212893649935722351e-01
9.781775623559951782e-02 1.334898471832275391e-01
9.777074307203292847e-02 1.089250817894935608e-01
9.739842265844345093e-02 1.093718931078910828e-01
9.723607450723648071e-02 1.087002679705619812e-01
9.692198038101196289e-02 1.165600344538688660e-01
9.677366167306900024e-02 1.182255670428276062e-01
9.623901546001434326e-02 1.446174830198287964e-01
9.604406356811523438e-02 1.034732684493064880e-01
9.585397690534591675e-02 1.170421615242958069e-01
9.578199684619903564e-02 1.179078221321105957e-01
9.551001340150833130e-02 1.312038749456405640e-01
9.535282105207443237e-02 1.046147495508193970e-01
9.528997540473937988e-02 1.286874115467071533e-01
9.522011876106262207e-02 1.099461242556571960e-01
9.509109705686569214e-02 1.305383890867233276e-01
9.473567456007003784e-02 1.239463016390800476e-01
9.459581226110458374e-02 9.948642551898956299e-02
9.459531307220458984e-02 9.737971425056457520e-02
9.396494925022125244e-02 1.002568751573562622e-01
9.388323873281478882e-02 1.089460402727127075e-01
9.374699741601943970e-02 1.111272424459457397e-01
9.306293725967407227e-02 9.331821650266647339e-02
9.284136444330215454e-02 1.109775379300117493e-01
9.258126467466354370e-02 1.219487339258193970e-01
9.255190938711166382e-02 1.090578064322471619e-01
9.250503778457641602e-02 9.709312766790390015e-02
9.243520349264144897e-02 1.102778017520904541e-01
9.241648763418197632e-02 9.629905223846435547e-02
9.231867641210556030e-02 1.008654087781906128e-01
9.228279441595077515e-02 1.358050405979156494e-01
9.205107390880584717e-02 9.395614266395568848e-02
9.167438000440597534e-02 1.308764815330505371e-01
9.166217595338821411e-02 9.956011176109313965e-02
9.158069640398025513e-02 9.805017709732055664e-02
9.130336344242095947e-02 1.305854618549346924e-01
9.110803902149200439e-02 1.266277432441711426e-01
9.084565937519073486e-02 1.008665785193443298e-01
9.036002308130264282e-02 1.055184751749038696e-01
9.032865613698959351e-02 1.304555535316467285e-01
9.025197476148605347e-02 1.330241411924362183e-01
9.002127498388290405e-02 1.015193760395050049e-01
8.953052014112472534e-02 9.688581526279449463e-02
8.919895440340042114e-02 9.920652210712432861e-02
8.909134566783905029e-02 9.351185709238052368e-02
8.879511803388595581e-02 9.489218890666961670e-02
8.850014209747314453e-02 1.282712519168853760e-01
8.847264945507049561e-02 8.949583023786544800e-02
8.824619650840759277e-02 1.257193982601165771e-01
8.794540166854858398e-02 1.104082614183425903e-01
8.783551305532455444e-02 1.075523272156715393e-01
8.770539611577987671e-02 9.711651504039764404e-02
8.757388591766357422e-02 9.875290840864181519e-02
8.744329959154129028e-02 8.870439976453781128e-02
8.715041726827621460e-02 9.593269228935241699e-02
8.695925772190093994e-02 1.035991013050079346e-01
8.685030788183212280e-02 1.144914180040359497e-01
8.680751919746398926e-02 1.179078221321105957e-01
8.654320985078811646e-02 9.156753867864608765e-02
8.645088225603103638e-02 1.290774941444396973e-01
8.623610436916351318e-02 1.091560199856758118e-01
8.579119294881820679e-02 1.016961708664894104e-01
8.568176627159118652e-02 1.078152135014533997e-01
8.554243296384811401e-02 1.111816316843032837e-01
8.551975339651107788e-02 1.042948141694068909e-01
8.549612015485763550e-02 1.100557819008827209e-01
8.544292300939559937e-02 1.388631165027618408e-01
8.543109148740768433e-02 9.278047829866409302e-02
8.538794517517089844e-02 9.343605488538742065e-02
8.528592437505722046e-02 1.380608975887298584e-01
8.493852615356445312e-02 1.018194034695625305e-01
8.485801517963409424e-02 1.014847233891487122e-01
8.469367772340774536e-02 9.638386219739913940e-02
8.421766012907028198e-02 9.194753319025039673e-02
8.416334539651870728e-02 1.140977293252944946e-01
8.405581861734390259e-02 8.833448588848114014e-02
8.395145833492279053e-02 1.005972400307655334e-01
8.352117985486984253e-02 1.346599459648132324e-01
8.349515497684478760e-02 1.066757738590240479e-01
8.348653465509414673e-02 9.327125549316406250e-02
8.345189690589904785e-02 1.277731657028198242e-01
8.296629786491394043e-02 9.429454058408737183e-02
8.292385190725326538e-02 9.305426478385925293e-02
8.270557224750518799e-02 1.058621406555175781e-01
8.249179273843765259e-02 9.247875213623046875e-02
8.179805427789688110e-02 8.974059671163558960e-02
8.144115656614303589e-02 8.427210897207260132e-02
8.142592012882232666e-02 1.350518614053726196e-01
8.135298639535903931e-02 1.124682053923606873e-01
8.108235150575637817e-02 9.108968824148178101e-02
8.100543171167373657e-02 1.111615225672721863e-01
8.088957518339157104e-02 1.092741489410400391e-01
8.073315024375915527e-02 1.061468198895454407e-01
8.071823418140411377e-02 8.601643145084381104e-02
8.059313148260116577e-02 1.091087386012077332e-01
7.989508658647537231e-02 1.342732906341552734e-01
7.938151806592941284e-02 1.023286730051040649e-01
7.922315597534179688e-02 8.296763896942138672e-02
7.920576632022857666e-02 1.169544756412506104e-01
7.881586998701095581e-02 1.255433112382888794e-01
7.842640578746795654e-02 9.325084835290908813e-02
7.823649793863296509e-02 7.864192128181457520e-02
7.812865078449249268e-02 8.689812570810317993e-02
7.795095443725585938e-02 7.911451905965805054e-02
7.748606055974960327e-02 1.349241435527801514e-01
7.723680138587951660e-02 9.022009372711181641e-02
7.682640850543975830e-02 7.698325812816619873e-02
7.672433555126190186e-02 9.582250565290451050e-02
7.665839791297912598e-02 7.886040210723876953e-02
7.510879635810852051e-02 1.207142621278762817e-01
7.397928833961486816e-02 1.242879778146743774e-01
7.324483245611190796e-02 8.122655004262924194e-02
7.323651760816574097e-02 9.705173969268798828e-02
7.292962074279785156e-02 7.454897463321685791e-02
7.227582484483718872e-02 8.246792107820510864e-02
7.078123837709426880e-02 7.523556053638458252e-02
6.884630769491195679e-02 7.799280434846878052e-02
6.731364130973815918e-02 6.809268891811370850e-02
6.699135899543762207e-02 8.134642988443374634e-02
6.132688373327255249e-02 6.913056224584579468e-02
6.114520505070686340e-02 9.103875607252120972e-02
6.013769283890724182e-02 6.063948944211006165e-02
5.840694159269332886e-02 6.976976990699768066e-02
5.776745080947875977e-02 5.795470997691154480e-02
