1.484689563512802124e-01 1.493304669857025146e-01
1.432396471500396729e-01 1.540390253067016602e-01
1.420816183090209961e-01 1.474125236272811890e-01
1.414628475904464722e-01 1.449132114648818970e-01
1.380112171173095703e-01 1.601609438657760620e-01
1.375468820333480835e-01 1.601910293102264404e-01
1.359021216630935669e-01 1.421439498662948608e-01
1.343491822481155396e-01 1.631923466920852661e-01
1.327127218246459961e-01 1.338300555944442749e-01
1.291963458061218262e-01 1.398802548646926880e-01
1.287393867969512939e-01 1.589776277542114258e-01
1.282804608345031738e-01 1.479873508214950562e-01
1.271286308765411377e-01 1.440013498067855835e-01
1.270418912172317505e-01 1.367284208536148071e-01
1.248198598623275757e-01 1.339255571365356445e-01
1.245425716042518616e-01 1.320603489875793457e-01
1.236356571316719055e-01 1.296772658824920654e-01
1.234661415219306946e-01 1.325558423995971680e-01
1.215684339404106140e-01 1.331145167350769043e-01
1.211490035057067871e-01 1.212945207953453064e-01
1.208758056163787842e-01 1.250751763582229614e-01
1.206529960036277771e-01 1.308099776506423950e-01
1.198728606104850769e-01 1.321056783199310303e-01
1.191985607147216797e-01 1.262879520654678345e-01
1.189680472016334534e-01 1.247447729110717773e-01
1.185769364237785339e-01 1.237807869911193848e-01
1.178178414702415466e-01 1.466651558876037598e-01
1.175643280148506165e-01 1.323902159929275513e-01
1.173836216330528259e-01 1.189275532960891724e-01
1.164877638220787048e-01 1.250664591789245605e-01
1.158414781093597412e-01 1.178554818034172058e-01
1.152300760149955750e-01 1.328795105218887329e-01
1.152283996343612671e-01 1.211755573749542236e-01
1.146232858300209045e-01 1.375166326761245728e-01
1.136478111147880554e-01 1.238781511783599854e-01
1.134968176484107971e-01 1.341345310211181641e-01
1.134369298815727234e-01 1.178547739982604980e-01
1.125312000513076782e-01 1.260351836681365967e-01
1.125171780586242676e-01 1.253481954336166382e-01
1.124599799513816833e-01 1.195597499608993530e-01
1.121677681803703308e-01 1.227438896894454956e-01
1.121107637882232666e-01 1.212643310427665710e-01
1.116626411676406860e-01 1.282722353935241699e-01
1.114078685641288757e-01 1.133795306086540222e-01
1.111467033624649048e-01 1.380997300148010254e-01
1.109786853194236755e-01 1.328145861625671387e-01
1.105833351612091064e-01 1.361587941646575928e-01
1.100220382213592529e-01 1.164181903004646301e-01
1.099711433053016663e-01 1.176774576306343079e-01
1.099232062697410583e-01 1.477175503969192505e-01
1.098966673016548157e-01 1.120025590062141418e-01
1.097102686762809753e-01 1.115115135908126831e-01
1.094185411930084229e-01 1.145265921950340271e-01
1.091396957635879517e-01 1.268589794635772705e-01
1.091143265366554260e-01 1.343074142932891846e-01
1.087108626961708069e-01 1.151895523071289062e-01
1.084097474813461304e-01 1.161836981773376465e-01
1.078870519995689392e-01 1.096380129456520081e-01
1.076264828443527222e-01 1.212176904082298279e-01
1.068314015865325928e-01 1.220080628991127014e-01
1.061445251107215881e-01 1.100222393870353699e-01
1.059449240565299988e-01 1.102665290236473083e-01
1.055236086249351501e-01 1.185411214828491211e-01
1.054615750908851624e-01 1.133592575788497925e-01
1.053351387381553650e-01 1.124134734272956848e-01
1.050978526473045349e-01 1.369805485010147095e-01
1.048396155238151550e-01 1.125556081533432007e-01
1.046561598777770996e-01 1.046688407659530640e-01
1.045902967453002930e-01 1.296193450689315796e-01
1.043864935636520386e-01 1.095845401287078857e-01
1.039840802550315857e-01 1.455882191658020020e-01
1.039539650082588196e-01 1.110171079635620117e-01
1.036355197429656982e-01 1.068951711058616638e-01
1.034399420022964478e-01 1.180928573012351990e-01
1.034027561545372009e-01 1.258504837751388550e-01
1.028936877846717834e-01 1.402467638254165649e-01
1.026043593883514404e-01 1.171772405505180359e-01
1.025593653321266174e-01 1.137268245220184326e-01
1.021622940897941589e-01 1.183308959007263184e-01
1.021399050951004028e-01 1.096011847257614136e-01
1.020103245973587036e-01 1.210808530449867249e-01
1.019765511155128479e-01 1.425433158874511719e-01
1.017251238226890564e-01 1.237807720899581909e-01
1.009140759706497192e-01 1.037900149822235107e-01
1.008726358413696289e-01 1.156214401125907898e-01
1.007347106933593750e-01 1.393082141876220703e-01
1.005957126617431641e-01 1.121423989534378052e-01
1.005399897694587708e-01 1.132112741470336914e-01
1.005025878548622131e-01 1.018248721957206726e-01
1.002416908740997314e-01 1.027488112449645996e-01
1.000506728887557983e-01 1.061105430126190186e-01
1.000163406133651733e-01 1.028506383299827576e-01
9.989112615585327148e-02 1.120521873235702515e-01
9.944687038660049438e-02 1.007059291005134583e-01
9.910597652196884155e-02 1.161344498395919800e-01
9.846904873847961426e-02 1.045119613409042358e-01
9.834530949592590332e-02 1.150015667080879211e-01
9.827674180269241333e-02 1.029045507311820984e-01
9.813412278890609741e-02 1.138680726289749146e-01
9.809095412492752075e-02 1.087622344493865967e-01
9.796302020549774170e-02 9.820085763931274414e-02
9.746025502681732178e-02 9.791373461484909058e-02
9.702111780643463135e-02 1.068128049373626709e-01
9.687838703393936157e-02 1.051553934812545776e-01
9.665146470069885254e-02 1.147319599986076355e-01
9.651871025562286377e-02 1.338978409767150879e-01
9.619039297103881836e-02 1.125845611095428467e-01
9.557978808879852295e-02 1.103627532720565796e-01
9.506188333034515381e-02 1.175055056810379028e-01
9.505445510149002075e-02 9.584172070026397705e-02
9.499709308147430420e-02 9.508750587701797485e-02
9.487137198448181152e-02 1.242129653692245483e-01
9.482201188802719116e-02 1.033795848488807678e-01
9.462179243564605713e-02 1.195947006344795227e-01
9.451255202293395996e-02 1.057829558849334717e-01
9.444820135831832886e-02 1.286439597606658936e-01
9.433676302433013916e-02 1.191013008356094360e-01
9.385148435831069946e-02 1.361587941646575928e-01
9.365547448396682739e-02 9.511328488588333130e-02
9.339900314807891846e-02 1.233423501253128052e-01
9.332862496376037598e-02 9.976692497730255127e-02
9.331933408975601196e-02 1.051703691482543945e-01
9.282168000936508179e-02 9.423268586397171021e-02
9.258766472339630127e-02 1.348876208066940308e-01
9.256081283092498779e-02 1.505306512117385864e-01
9.251601994037628174e-02 1.301758438348770142e-01
9.196086227893829346e-02 9.851536899805068970e-02
9.191378206014633179e-02 1.049388274550437927e-01
9.185459464788436890e-02 1.063158959150314331e-01
9.161078184843063354e-02 1.054344996809959412e-01
9.101417660713195801e-02 1.039041727781295776e-01
9.082792699337005615e-02 9.841928631067276001e-02
9.066247940063476562e-02 9.875142574310302734e-02
9.041733294725418091e-02 1.133123040199279785e-01
9.011525660753250122e-02 1.340472251176834106e-01
8.992502093315124512e-02 1.046968623995780945e-01
8.974395692348480225e-02 1.166303530335426331e-01
8.974069356918334961e-02 9.433816373348236084e-02
8.950990438461303711e-02 9.508750587701797485e-02
8.942701667547225952e-02 1.051234453916549683e-01
8.919679373502731323e-02 9.430176764726638794e-02
8.914346992969512939e-02 9.997417777776718140e-02
8.903323858976364136e-02 9.119879454374313354e-02
8.892278373241424561e-02 9.029930084943771362e-02
8.888548612594604492e-02 9.485514461994171143e-02
8.879140764474868774e-02 1.208758801221847534e-01
8.853100240230560303e-02 1.353568434715270996e-01
8.852102607488632202e-02 9.777626395225524902e-02
8.837610483169555664e-02 9.180053323507308960e-02
8.815746009349822998e-02 1.147162690758705139e-01
8.764503151178359985e-02 1.108077242970466614e-01
8.752978593111038208e-02 1.388936936855316162e-01
8.748881518840789795e-02 1.392186135053634644e-01
8.728969842195510864e-02 9.191752225160598755e-02
8.725938946008682251e-02 1.031664907932281494e-01
8.698169142007827759e-02 8.730048686265945435e-02
8.663054555654525757e-02 9.364279359579086304e-02
8.627196401357650757e-02 8.664451539516448975e-02
8.620897680521011353e-02 8.945638686418533325e-02
8.609453588724136353e-02 1.111911535263061523e-01
8.577258139848709106e-02 1.086127683520317078e-01
8.567004650831222534e-02 9.455200284719467163e-02
8.530288189649581909e-02 8.609341084957122803e-02
8.526814728975296021e-02 9.131998568773269653e-02
8.487861603498458862e-02 9.235718846321105957e-02
8.474048227071762085e-02 1.054344996809959412e-01
8.473502099514007568e-02 8.631293475627899170e-02
8.468594402074813843e-02 8.695362508296966553e-02
8.461547642946243286e-02 8.941240608692169189e-02
8.451487869024276733e-02 1.039605513215065002e-01
8.449207246303558350e-02 1.074389517307281494e-01
8.440867811441421509e-02 1.149468719959259033e-01
8.402708172798156738e-02 1.183094754815101624e-01
8.396226912736892700e-02 1.193249523639678955e-01
8.376004546880722046e-02 1.082299873232841492e-01
8.361637592315673828e-02 9.260626882314682007e-02
8.344662189483642578e-02 1.249019205570220947e-01
8.335361629724502563e-02 9.758238494396209717e-02
8.334191888570785522e-02 9.662137925624847412e-02
8.334096521139144897e-02 1.247780546545982361e-01
8.332762867212295532e-02 8.869938552379608154e-02
8.308456838130950928e-02 1.107943132519721985e-01
8.297947049140930176e-02 1.182314530014991760e-01
8.293811231851577759e-02 1.034872904419898987e-01
8.276443183422088623e-02 1.107263192534446716e-01
8.259990066289901733e-02 1.319170743227005005e-01
8.224337548017501831e-02 1.211635619401931763e-01
8.163099735975265503e-02 8.573372662067413330e-02
8.154707401990890503e-02 9.415157884359359741e-02
8.121513575315475464e-02 1.161344498395919800e-01
8.120702952146530151e-02 1.169397756457328796e-01
7.952762395143508911e-02 1.253015100955963135e-01
7.918149977922439575e-02 1.349594891071319580e-01
7.909038662910461426e-02 8.182266354560852051e-02
7.903256267309188843e-02 1.434596925973892212e-01
7.861415296792984009e-02 9.887400269508361816e-02
7.857125997543334961e-02 8.928810805082321167e-02
7.830322533845901489e-02 8.439705520868301392e-02
7.818713784217834473e-02 8.689256012439727783e-02
7.813195884227752686e-02 8.625264465808868408e-02
7.812650501728057861e-02 8.076322823762893677e-02
7.809360325336456299e-02 1.131730005145072937e-01
7.774533331394195557e-02 1.357865184545516968e-01
7.744828611612319946e-02 9.294526278972625732e-02
7.743266969919204712e-02 8.091851323843002319e-02
7.678149640560150146e-02 7.942124456167221069e-02
7.655862718820571899e-02 7.826805114746093750e-02
7.642142474651336670e-02 8.224012702703475952e-02
7.637085765600204468e-02 9.457805007696151733e-02
7.629240304231643677e-02 8.036406338214874268e-02
7.609966397285461426e-02 1.316989064216613770e-01
7.604077458381652832e-02 8.581630885601043701e-02
7.564577460289001465e-02 1.074487343430519104e-01
7.560905069112777710e-02 9.049095958471298218e-02
7.539918273687362671e-02 7.912123948335647583e-02
7.535073161125183105e-02 9.457805007696151733e-02
7.496317476034164429e-02 9.687693417072296143e-02
7.482501119375228882e-02 7.865705341100692749e-02
7.473263889551162720e-02 7.878637313842773438e-02
7.461856305599212646e-02 1.068439185619354248e-01
7.458796352148056030e-02 7.573976367712020874e-02
7.451875507831573486e-02 7.929065078496932983e-02
7.403180003166198730e-02 8.848752826452255249e-02
7.316313683986663818e-02 8.359578996896743774e-02
7.265701144933700562e-02 7.467806339263916016e-02
7.260930538177490234e-02 8.468546718358993530e-02
7.054347544908523560e-02 9.860374033451080322e-02
6.961077451705932617e-02 8.800896257162094116e-02
6.953637301921844482e-02 8.478316664695739746e-02
6.883008033037185669e-02 7.791583240032196045e-02
6.712204217910766602e-02 6.780526787042617798e-02
6.662594527006149292e-02 6.731029599905014038e-02
6.562665849924087524e-02 6.731029599905014038e-02
6.513399630784988403e-02 7.173322141170501709e-02
6.334742158651351929e-02 6.972976773977279663e-02
6.210288777947425842e-02 6.548716127872467041e-02
6.160749122500419617e-02 6.859944760799407959e-02
5.701792612671852112e-02 6.699403375387191772e-02
5.497954040765762329e-02 5.606031045317649841e-02
