0.000000000000000000e+00 8.085294626653194427e-03
0.000000000000000000e+00 1.035057473927736282e-02
0.000000000000000000e+00 1.045200414955615997e-02
0.000000000000000000e+00 1.102759689092636108e-02
0.000000000000000000e+00 1.105001568794250488e-02
0.000000000000000000e+00 1.224086713045835495e-02
0.000000000000000000e+00 1.501573435962200165e-02
0.000000000000000000e+00 1.525860186666250229e-02
0.000000000000000000e+00 1.536524202674627304e-02
0.000000000000000000e+00 1.627218164503574371e-02
0.000000000000000000e+00 1.685935445129871368e-02
0.000000000000000000e+00 1.717585325241088867e-02
0.000000000000000000e+00 1.780743710696697235e-02
0.000000000000000000e+00 1.802860945463180542e-02
0.000000000000000000e+00 1.811659336090087891e-02
0.000000000000000000e+00 1.823091134428977966e-02
0.000000000000000000e+00 1.886629685759544373e-02
0.000000000000000000e+00 1.925305835902690887e-02
0.000000000000000000e+00 1.940838992595672607e-02
0.000000000000000000e+00 2.094664424657821655e-02
0.000000000000000000e+00 2.112623862922191620e-02
0.000000000000000000e+00 2.128264866769313812e-02
0.000000000000000000e+00 2.172610536217689514e-02
0.000000000000000000e+00 2.204116433858871460e-02
0.000000000000000000e+00 2.212606556713581085e-02
0.000000000000000000e+00 2.213754318654537201e-02
0.000000000000000000e+00 2.215155214071273804e-02
0.000000000000000000e+00 2.215971983969211578e-02
0.000000000000000000e+00 2.228259295225143433e-02
0.000000000000000000e+00 2.255106903612613678e-02
0.000000000000000000e+00 2.276226505637168884e-02
0.000000000000000000e+00 2.277530916035175323e-02
0.000000000000000000e+00 2.364181913435459137e-02
0.000000000000000000e+00 2.431821078062057495e-02
0.000000000000000000e+00 2.494744397699832916e-02
0.000000000000000000e+00 2.575332485139369965e-02
0.000000000000000000e+00 2.598589286208152771e-02
0.000000000000000000e+00 2.600088529288768768e-02
0.000000000000000000e+00 2.636888436973094940e-02
0.000000000000000000e+00 2.646885812282562256e-02
0.000000000000000000e+00 2.785924449563026428e-02
0.000000000000000000e+00 2.815820276737213135e-02
0.000000000000000000e+00 2.837140299379825592e-02
0.000000000000000000e+00 2.853464148938655853e-02
0.000000000000000000e+00 2.865495160222053528e-02
0.000000000000000000e+00 2.885100618004798889e-02
0.000000000000000000e+00 2.920496836304664612e-02
0.000000000000000000e+00 2.930981293320655823e-02
0.000000000000000000e+00 2.936692908406257629e-02
0.000000000000000000e+00 2.971855923533439636e-02
0.000000000000000000e+00 3.023234754800796509e-02
0.000000000000000000e+00 3.043851070106029510e-02
0.000000000000000000e+00 3.092252649366855621e-02
0.000000000000000000e+00 3.096985816955566406e-02
0.000000000000000000e+00 3.105469048023223877e-02
0.000000000000000000e+00 3.111699596047401428e-02
0.000000000000000000e+00 3.139840811491012573e-02
0.000000000000000000e+00 3.195012360811233521e-02
0.000000000000000000e+00 3.206320852041244507e-02
0.000000000000000000e+00 3.207946196198463440e-02
0.000000000000000000e+00 3.227599710226058960e-02
0.000000000000000000e+00 3.248593956232070923e-02
0.000000000000000000e+00 3.249988704919815063e-02
0.000000000000000000e+00 3.253812715411186218e-02
0.000000000000000000e+00 3.255004435777664185e-02
0.000000000000000000e+00 3.261449933052062988e-02
0.000000000000000000e+00 3.275749459862709045e-02
0.000000000000000000e+00 3.282850235700607300e-02
0.000000000000000000e+00 3.289441764354705811e-02
0.000000000000000000e+00 3.303426876664161682e-02
0.000000000000000000e+00 3.315564617514610291e-02
0.000000000000000000e+00 3.340035676956176758e-02
0.000000000000000000e+00 3.365556523203849792e-02
0.000000000000000000e+00 3.454095125198364258e-02
0.000000000000000000e+00 3.488308191299438477e-02
0.000000000000000000e+00 3.507353737950325012e-02
0.000000000000000000e+00 3.560404852032661438e-02
0.000000000000000000e+00 3.565474227070808411e-02
0.000000000000000000e+00 3.565999120473861694e-02
0.000000000000000000e+00 3.578393161296844482e-02
0.000000000000000000e+00 3.612251579761505127e-02
0.000000000000000000e+00 3.624927252531051636e-02
0.000000000000000000e+00 3.625636175274848938e-02
0.000000000000000000e+00 3.629089146852493286e-02
0.000000000000000000e+00 3.630608692765235901e-02
0.000000000000000000e+00 3.634452819824218750e-02
0.000000000000000000e+00 3.641510009765625000e-02
0.000000000000000000e+00 3.657618910074234009e-02
0.000000000000000000e+00 3.675187751650810242e-02
0.000000000000000000e+00 3.681401163339614868e-02
0.000000000000000000e+00 3.686968609690666199e-02
0.000000000000000000e+00 3.705793991684913635e-02
0.000000000000000000e+00 3.715447708964347839e-02
0.000000000000000000e+00 3.726676851511001587e-02
0.000000000000000000e+00 3.727826103568077087e-02
0.000000000000000000e+00 3.760987892746925354e-02
0.000000000000000000e+00 3.805972263216972351e-02
0.000000000000000000e+00 3.811871632933616638e-02
0.000000000000000000e+00 3.848795965313911438e-02
0.000000000000000000e+00 3.883217647671699524e-02
0.000000000000000000e+00 3.883995860815048218e-02
0.000000000000000000e+00 3.887353464961051941e-02
0.000000000000000000e+00 3.890461474657058716e-02
0.000000000000000000e+00 3.892364352941513062e-02
0.000000000000000000e+00 3.907755762338638306e-02
0.000000000000000000e+00 3.934995830059051514e-02
0.000000000000000000e+00 3.966637700796127319e-02
0.000000000000000000e+00 3.970200568437576294e-02
0.000000000000000000e+00 3.994575887918472290e-02
0.000000000000000000e+00 4.006381705403327942e-02
0.000000000000000000e+00 4.010967537760734558e-02
0.000000000000000000e+00 4.022220522165298462e-02
0.000000000000000000e+00 4.027779400348663330e-02
0.000000000000000000e+00 4.068184643983840942e-02
0.000000000000000000e+00 4.073221236467361450e-02
0.000000000000000000e+00 4.120282828807830811e-02
0.000000000000000000e+00 4.121743142604827881e-02
0.000000000000000000e+00 4.130091518163681030e-02
0.000000000000000000e+00 4.134502261877059937e-02
0.000000000000000000e+00 4.136434569954872131e-02
0.000000000000000000e+00 4.139608517289161682e-02
0.000000000000000000e+00 4.149398952722549438e-02
0.000000000000000000e+00 4.149547219276428223e-02
0.000000000000000000e+00 4.152140766382217407e-02
0.000000000000000000e+00 4.156609624624252319e-02
0.000000000000000000e+00 4.158138483762741089e-02
0.000000000000000000e+00 4.163068532943725586e-02
0.000000000000000000e+00 4.185343533754348755e-02
0.000000000000000000e+00 4.215742275118827820e-02
0.000000000000000000e+00 4.215876013040542603e-02
0.000000000000000000e+00 4.237968102097511292e-02
0.000000000000000000e+00 4.244456812739372253e-02
0.000000000000000000e+00 4.249287769198417664e-02
0.000000000000000000e+00 4.265424236655235291e-02
0.000000000000000000e+00 4.312710091471672058e-02
0.000000000000000000e+00 4.314896464347839355e-02
0.000000000000000000e+00 4.337983578443527222e-02
0.000000000000000000e+00 4.350449889898300171e-02
0.000000000000000000e+00 4.396878182888031006e-02
0.000000000000000000e+00 4.400824010372161865e-02
0.000000000000000000e+00 4.409423097968101501e-02
0.000000000000000000e+00 4.445308074355125427e-02
0.000000000000000000e+00 4.447184503078460693e-02
0.000000000000000000e+00 4.466629400849342346e-02
0.000000000000000000e+00 4.477352276444435120e-02
0.000000000000000000e+00 4.479104280471801758e-02
0.000000000000000000e+00 4.481077194213867188e-02
0.000000000000000000e+00 4.489814117550849915e-02
0.000000000000000000e+00 4.491461813449859619e-02
0.000000000000000000e+00 4.498711973428726196e-02
0.000000000000000000e+00 4.547844827175140381e-02
0.000000000000000000e+00 4.548185318708419800e-02
0.000000000000000000e+00 4.559427872300148010e-02
0.000000000000000000e+00 4.561731964349746704e-02
0.000000000000000000e+00 4.566739127039909363e-02
0.000000000000000000e+00 4.576961323618888855e-02
0.000000000000000000e+00 4.581318050622940063e-02
0.000000000000000000e+00 4.612284153699874878e-02
0.000000000000000000e+00 4.652408882975578308e-02
0.000000000000000000e+00 4.654405266046524048e-02
0.000000000000000000e+00 4.672647267580032349e-02
0.000000000000000000e+00 4.693275690078735352e-02
0.000000000000000000e+00 4.703463986515998840e-02
0.000000000000000000e+00 4.707483202219009399e-02
0.000000000000000000e+00 4.708771780133247375e-02
0.000000000000000000e+00 4.712415486574172974e-02
0.000000000000000000e+00 4.721480980515480042e-02
0.000000000000000000e+00 4.721849784255027771e-02
0.000000000000000000e+00 4.725393280386924744e-02
0.000000000000000000e+00 4.726162180304527283e-02
0.000000000000000000e+00 4.738100990653038025e-02
0.000000000000000000e+00 4.741756245493888855e-02
0.000000000000000000e+00 4.780068248510360718e-02
0.000000000000000000e+00 4.784936830401420593e-02
0.000000000000000000e+00 4.792974889278411865e-02
0.000000000000000000e+00 4.793610796332359314e-02
0.000000000000000000e+00 4.800026863813400269e-02
0.000000000000000000e+00 4.806632548570632935e-02
0.000000000000000000e+00 4.809875786304473877e-02
0.000000000000000000e+00 4.819457978010177612e-02
0.000000000000000000e+00 4.841459915041923523e-02
0.000000000000000000e+00 4.860177263617515564e-02
0.000000000000000000e+00 4.867303371429443359e-02
0.000000000000000000e+00 4.901237040758132935e-02
0.000000000000000000e+00 4.919969290494918823e-02
0.000000000000000000e+00 4.923405498266220093e-02
0.000000000000000000e+00 4.962575435638427734e-02
0.000000000000000000e+00 4.975060001015663147e-02
0.000000000000000000e+00 4.985162243247032166e-02
0.000000000000000000e+00 4.986934363842010498e-02
0.000000000000000000e+00 5.011260509490966797e-02
0.000000000000000000e+00 5.014842748641967773e-02
0.000000000000000000e+00 5.018324777483940125e-02
0.000000000000000000e+00 5.019453912973403931e-02
0.000000000000000000e+00 5.036816745996475220e-02
0.000000000000000000e+00 5.051746964454650879e-02
0.000000000000000000e+00 5.056224763393402100e-02
0.000000000000000000e+00 5.075267702341079712e-02
0.000000000000000000e+00 5.075795948505401611e-02
0.000000000000000000e+00 5.102248862385749817e-02
0.000000000000000000e+00 5.108325555920600891e-02
0.000000000000000000e+00 5.141074210405349731e-02
0.000000000000000000e+00 5.161072313785552979e-02
0.000000000000000000e+00 5.179687589406967163e-02
0.000000000000000000e+00 5.181663483381271362e-02
0.000000000000000000e+00 5.187567323446273804e-02
0.000000000000000000e+00 5.200000852346420288e-02
0.000000000000000000e+00 5.217605829238891602e-02
0.000000000000000000e+00 5.230607837438583374e-02
0.000000000000000000e+00 5.240913480520248413e-02
0.000000000000000000e+00 5.253071337938308716e-02
0.000000000000000000e+00 5.271600559353828430e-02
0.000000000000000000e+00 5.276864394545555115e-02
0.000000000000000000e+00 5.283862352371215820e-02
0.000000000000000000e+00 5.295621231198310852e-02
0.000000000000000000e+00 5.299858376383781433e-02
0.000000000000000000e+00 5.305169522762298584e-02
0.000000000000000000e+00 5.308840051293373108e-02
0.000000000000000000e+00 5.321938171982765198e-02
0.000000000000000000e+00 5.326803773641586304e-02
0.000000000000000000e+00 5.329930409789085388e-02
0.000000000000000000e+00 5.345495790243148804e-02
0.000000000000000000e+00 5.348361283540725708e-02
0.000000000000000000e+00 5.351134762167930603e-02
0.000000000000000000e+00 5.401559546589851379e-02
0.000000000000000000e+00 5.402632802724838257e-02
0.000000000000000000e+00 5.409105122089385986e-02
0.000000000000000000e+00 5.452699959278106689e-02
0.000000000000000000e+00 5.465753376483917236e-02
0.000000000000000000e+00 5.471821874380111694e-02
0.000000000000000000e+00 5.475459620356559753e-02
0.000000000000000000e+00 5.481863021850585938e-02
0.000000000000000000e+00 5.482029169797897339e-02
0.000000000000000000e+00 5.515516921877861023e-02
0.000000000000000000e+00 5.517720058560371399e-02
0.000000000000000000e+00 5.529735609889030457e-02
0.000000000000000000e+00 5.534366518259048462e-02
0.000000000000000000e+00 5.557096004486083984e-02
0.000000000000000000e+00 5.561309680342674255e-02
0.000000000000000000e+00 5.567036196589469910e-02
0.000000000000000000e+00 5.589340999722480774e-02
0.000000000000000000e+00 5.592167004942893982e-02
0.000000000000000000e+00 5.611222982406616211e-02
0.000000000000000000e+00 5.612933635711669922e-02
0.000000000000000000e+00 5.619988590478897095e-02
0.000000000000000000e+00 5.629880726337432861e-02
0.000000000000000000e+00 5.645541474223136902e-02
0.000000000000000000e+00 5.659034103155136108e-02
0.000000000000000000e+00 5.679788812994956970e-02
0.000000000000000000e+00 5.681172013282775879e-02
0.000000000000000000e+00 5.681627988815307617e-02
0.000000000000000000e+00 5.684182420372962952e-02
0.000000000000000000e+00 5.705970525741577148e-02
0.000000000000000000e+00 5.711985379457473755e-02
0.000000000000000000e+00 5.718870460987091064e-02
0.000000000000000000e+00 5.719732120633125305e-02
0.000000000000000000e+00 5.724616721272468567e-02
0.000000000000000000e+00 5.735791474580764771e-02
0.000000000000000000e+00 5.749091133475303650e-02
0.000000000000000000e+00 5.752695724368095398e-02
0.000000000000000000e+00 5.758093670010566711e-02
0.000000000000000000e+00 5.764203146100044250e-02
0.000000000000000000e+00 5.771778523921966553e-02
0.000000000000000000e+00 5.772816389799118042e-02
0.000000000000000000e+00 5.773171037435531616e-02
0.000000000000000000e+00 5.782393366098403931e-02
0.000000000000000000e+00 5.790291726589202881e-02
0.000000000000000000e+00 5.797905102372169495e-02
0.000000000000000000e+00 5.821178108453750610e-02
0.000000000000000000e+00 5.831826105713844299e-02
0.000000000000000000e+00 5.834442377090454102e-02
0.000000000000000000e+00 5.856420844793319702e-02
0.000000000000000000e+00 5.858092755079269409e-02
0.000000000000000000e+00 5.859598889946937561e-02
0.000000000000000000e+00 5.865245312452316284e-02
0.000000000000000000e+00 5.885236337780952454e-02
0.000000000000000000e+00 5.916329845786094666e-02
0.000000000000000000e+00 5.926366150379180908e-02
0.000000000000000000e+00 5.941867083311080933e-02
0.000000000000000000e+00 5.943767353892326355e-02
0.000000000000000000e+00 5.953710898756980896e-02
0.000000000000000000e+00 5.972135066986083984e-02
0.000000000000000000e+00 5.974629521369934082e-02
0.000000000000000000e+00 5.976654961705207825e-02
0.000000000000000000e+00 5.984289571642875671e-02
0.000000000000000000e+00 5.987599119544029236e-02
0.000000000000000000e+00 5.989189818501472473e-02
0.000000000000000000e+00 5.994002148509025574e-02
0.000000000000000000e+00 5.997156351804733276e-02
0.000000000000000000e+00 6.000954285264015198e-02
0.000000000000000000e+00 6.033737957477569580e-02
0.000000000000000000e+00 6.034542992711067200e-02
0.000000000000000000e+00 6.037345156073570251e-02
0.000000000000000000e+00 6.048322468996047974e-02
0.000000000000000000e+00 6.048487126827239990e-02
0.000000000000000000e+00 6.051938608288764954e-02
0.000000000000000000e+00 6.065676733851432800e-02
0.000000000000000000e+00 6.078694015741348267e-02
0.000000000000000000e+00 6.080322340130805969e-02
0.000000000000000000e+00 6.088219210505485535e-02
0.000000000000000000e+00 6.088455021381378174e-02
0.000000000000000000e+00 6.091579049825668335e-02
0.000000000000000000e+00 6.094170361757278442e-02
0.000000000000000000e+00 6.147847697138786316e-02
0.000000000000000000e+00 6.155880540609359741e-02
0.000000000000000000e+00 6.156178936362266541e-02
0.000000000000000000e+00 6.160089373588562012e-02
0.000000000000000000e+00 6.183134764432907104e-02
0.000000000000000000e+00 6.187361106276512146e-02
0.000000000000000000e+00 6.189514696598052979e-02
0.000000000000000000e+00 6.233130395412445068e-02
0.000000000000000000e+00 6.249595060944557190e-02
0.000000000000000000e+00 6.251400709152221680e-02
0.000000000000000000e+00 6.255154311656951904e-02
0.000000000000000000e+00 6.268882006406784058e-02
0.000000000000000000e+00 6.270461529493331909e-02
0.000000000000000000e+00 6.274250149726867676e-02
0.000000000000000000e+00 6.288602948188781738e-02
0.000000000000000000e+00 6.296157091856002808e-02
0.000000000000000000e+00 6.299476325511932373e-02
0.000000000000000000e+00 6.301056593656539917e-02
0.000000000000000000e+00 6.308406591415405273e-02
0.000000000000000000e+00 6.326275318861007690e-02
0.000000000000000000e+00 6.328549236059188843e-02
0.000000000000000000e+00 6.328984349966049194e-02
0.000000000000000000e+00 6.346108764410018921e-02
0.000000000000000000e+00 6.358664482831954956e-02
0.000000000000000000e+00 6.368815898895263672e-02
0.000000000000000000e+00 6.377732008695602417e-02
0.000000000000000000e+00 6.387411803007125854e-02
0.000000000000000000e+00 6.398033350706100464e-02
0.000000000000000000e+00 6.398282945156097412e-02
0.000000000000000000e+00 6.401232630014419556e-02
0.000000000000000000e+00 6.407166272401809692e-02
0.000000000000000000e+00 6.409254670143127441e-02
0.000000000000000000e+00 6.416783481836318970e-02
0.000000000000000000e+00 6.418681889772415161e-02
0.000000000000000000e+00 6.435475498437881470e-02
0.000000000000000000e+00 6.442078948020935059e-02
0.000000000000000000e+00 6.457757949829101562e-02
0.000000000000000000e+00 6.498081982135772705e-02
0.000000000000000000e+00 6.498152762651443481e-02
0.000000000000000000e+00 6.521192938089370728e-02
0.000000000000000000e+00 6.539060920476913452e-02
0.000000000000000000e+00 6.554675847291946411e-02
0.000000000000000000e+00 6.556138396263122559e-02
0.000000000000000000e+00 6.561239063739776611e-02
0.000000000000000000e+00 6.562070548534393311e-02
0.000000000000000000e+00 6.563983112573623657e-02
0.000000000000000000e+00 6.565324962139129639e-02
0.000000000000000000e+00 6.586627662181854248e-02
0.000000000000000000e+00 6.587276607751846313e-02
0.000000000000000000e+00 6.593872606754302979e-02
0.000000000000000000e+00 6.600096821784973145e-02
0.000000000000000000e+00 6.607650965452194214e-02
0.000000000000000000e+00 6.608376652002334595e-02
0.000000000000000000e+00 6.609099358320236206e-02
0.000000000000000000e+00 6.616173684597015381e-02
0.000000000000000000e+00 6.619370728731155396e-02
0.000000000000000000e+00 6.638005375862121582e-02
0.000000000000000000e+00 6.643261015415191650e-02
0.000000000000000000e+00 6.645176559686660767e-02
0.000000000000000000e+00 6.649894267320632935e-02
0.000000000000000000e+00 6.662335246801376343e-02
0.000000000000000000e+00 6.678228825330734253e-02
0.000000000000000000e+00 6.688505411148071289e-02
0.000000000000000000e+00 6.721058487892150879e-02
0.000000000000000000e+00 6.722470372915267944e-02
0.000000000000000000e+00 6.730306893587112427e-02
0.000000000000000000e+00 6.732866913080215454e-02
0.000000000000000000e+00 6.757094711065292358e-02
0.000000000000000000e+00 6.759817898273468018e-02
0.000000000000000000e+00 6.770691275596618652e-02
0.000000000000000000e+00 6.771750003099441528e-02
0.000000000000000000e+00 6.781131774187088013e-02
0.000000000000000000e+00 6.787813454866409302e-02
0.000000000000000000e+00 6.797578185796737671e-02
0.000000000000000000e+00 6.798937916755676270e-02
0.000000000000000000e+00 6.808011978864669800e-02
0.000000000000000000e+00 6.821960210800170898e-02
0.000000000000000000e+00 6.841357797384262085e-02
0.000000000000000000e+00 6.856264173984527588e-02
0.000000000000000000e+00 6.865011900663375854e-02
0.000000000000000000e+00 6.881488114595413208e-02
0.000000000000000000e+00 6.889939308166503906e-02
0.000000000000000000e+00 6.893671303987503052e-02
0.000000000000000000e+00 6.900157779455184937e-02
0.000000000000000000e+00 6.901142746210098267e-02
0.000000000000000000e+00 6.910343468189239502e-02
0.000000000000000000e+00 6.923034787178039551e-02
0.000000000000000000e+00 6.949341297149658203e-02
0.000000000000000000e+00 6.963927298784255981e-02
0.000000000000000000e+00 6.972039490938186646e-02
0.000000000000000000e+00 6.976352632045745850e-02
0.000000000000000000e+00 6.984044611454010010e-02
0.000000000000000000e+00 6.990959495306015015e-02
0.000000000000000000e+00 7.018486410379409790e-02
0.000000000000000000e+00 7.068465650081634521e-02
0.000000000000000000e+00 7.075951993465423584e-02
0.000000000000000000e+00 7.085761427879333496e-02
0.000000000000000000e+00 7.132955640554428101e-02
0.000000000000000000e+00 7.139355689287185669e-02
0.000000000000000000e+00 7.141749560832977295e-02
0.000000000000000000e+00 7.160986959934234619e-02
0.000000000000000000e+00 7.176793366670608521e-02
0.000000000000000000e+00 7.179264724254608154e-02
0.000000000000000000e+00 7.180973887443542480e-02
0.000000000000000000e+00 7.194136083126068115e-02
0.000000000000000000e+00 7.203052192926406860e-02
0.000000000000000000e+00 7.203441858291625977e-02
0.000000000000000000e+00 7.210659235715866089e-02
0.000000000000000000e+00 7.216683775186538696e-02
0.000000000000000000e+00 7.224077731370925903e-02
0.000000000000000000e+00 7.241515815258026123e-02
0.000000000000000000e+00 7.244360446929931641e-02
0.000000000000000000e+00 7.298155874013900757e-02
0.000000000000000000e+00 7.302226871252059937e-02
0.000000000000000000e+00 7.303047180175781250e-02
0.000000000000000000e+00 7.318773120641708374e-02
0.000000000000000000e+00 7.325270026922225952e-02
0.000000000000000000e+00 7.327022403478622437e-02
0.000000000000000000e+00 7.353570312261581421e-02
0.000000000000000000e+00 7.450152933597564697e-02
0.000000000000000000e+00 7.467682659626007080e-02
0.000000000000000000e+00 7.472576946020126343e-02
0.000000000000000000e+00 7.503396272659301758e-02
0.000000000000000000e+00 7.554244250059127808e-02
0.000000000000000000e+00 7.586078345775604248e-02
0.000000000000000000e+00 7.611159980297088623e-02
0.000000000000000000e+00 7.613713294267654419e-02
0.000000000000000000e+00 7.620403915643692017e-02
0.000000000000000000e+00 7.622174173593521118e-02
0.000000000000000000e+00 7.632640004158020020e-02
0.000000000000000000e+00 7.652089744806289673e-02
0.000000000000000000e+00 7.675321400165557861e-02
0.000000000000000000e+00 7.681518793106079102e-02
0.000000000000000000e+00 7.708776742219924927e-02
0.000000000000000000e+00 7.716611027717590332e-02
0.000000000000000000e+00 7.717987895011901855e-02
0.000000000000000000e+00 7.718786597251892090e-02
0.000000000000000000e+00 7.731588929891586304e-02
0.000000000000000000e+00 7.760977745056152344e-02
0.000000000000000000e+00 7.793524861335754395e-02
0.000000000000000000e+00 7.801305502653121948e-02
0.000000000000000000e+00 7.805560529232025146e-02
0.000000000000000000e+00 7.828661799430847168e-02
0.000000000000000000e+00 7.830597460269927979e-02
0.000000000000000000e+00 7.835055887699127197e-02
0.000000000000000000e+00 7.854821532964706421e-02
0.000000000000000000e+00 7.860098034143447876e-02
0.000000000000000000e+00 7.861413806676864624e-02
0.000000000000000000e+00 7.879208028316497803e-02
0.000000000000000000e+00 7.883761823177337646e-02
0.000000000000000000e+00 7.885514944791793823e-02
0.000000000000000000e+00 7.896887511014938354e-02
0.000000000000000000e+00 7.941455394029617310e-02
0.000000000000000000e+00 7.942377775907516479e-02
0.000000000000000000e+00 7.996416836977005005e-02
0.000000000000000000e+00 8.012316375970840454e-02
0.000000000000000000e+00 8.020919561386108398e-02
0.000000000000000000e+00 8.039066195487976074e-02
0.000000000000000000e+00 8.055035769939422607e-02
0.000000000000000000e+00 8.072714507579803467e-02
0.000000000000000000e+00 8.084423840045928955e-02
0.000000000000000000e+00 8.182819187641143799e-02
0.000000000000000000e+00 8.363346755504608154e-02
0.000000000000000000e+00 8.377595990896224976e-02
0.000000000000000000e+00 8.386937528848648071e-02
0.000000000000000000e+00 8.395921438932418823e-02
0.000000000000000000e+00 8.414582908153533936e-02
0.000000000000000000e+00 8.547248691320419312e-02
0.000000000000000000e+00 8.611857891082763672e-02
0.000000000000000000e+00 8.613476902246475220e-02
0.000000000000000000e+00 8.644919842481613159e-02
0.000000000000000000e+00 8.706554770469665527e-02
0.000000000000000000e+00 8.734835684299468994e-02
0.000000000000000000e+00 8.756239712238311768e-02
0.000000000000000000e+00 8.795536309480667114e-02
0.000000000000000000e+00 8.927337080240249634e-02
0.000000000000000000e+00 8.999522030353546143e-02
0.000000000000000000e+00 9.044318646192550659e-02
0.000000000000000000e+00 9.052751213312149048e-02
0.000000000000000000e+00 9.063056856393814087e-02
0.000000000000000000e+00 9.109825640916824341e-02
0.000000000000000000e+00 9.269102662801742554e-02
0.000000000000000000e+00 9.342866390943527222e-02
0.000000000000000000e+00 9.366365522146224976e-02
0.000000000000000000e+00 9.431783854961395264e-02
0.000000000000000000e+00 9.459801018238067627e-02
0.000000000000000000e+00 9.488113224506378174e-02
0.000000000000000000e+00 9.508952498435974121e-02
0.000000000000000000e+00 9.529092907905578613e-02
0.000000000000000000e+00 9.643118083477020264e-02
0.000000000000000000e+00 9.767484664916992188e-02
0.000000000000000000e+00 1.005231365561485291e-01
0.000000000000000000e+00 1.020908132195472717e-01
0.000000000000000000e+00 1.156221702694892883e-01
0.000000000000000000e+00 1.307282298803329468e-01
0.000000000000000000e+00 1.395830363035202026e-01
