1.811693012714385986e-01 1.911293268203735352e-01
1.755216568708419800e-01 1.785486191511154175e-01
1.724071055650711060e-01 1.740587353706359863e-01
1.686276048421859741e-01 1.872204393148422241e-01
1.665994524955749512e-01 1.670961081981658936e-01
1.621719598770141602e-01 1.624026745557785034e-01
1.611713021993637085e-01 1.627538502216339111e-01
1.592170894145965576e-01 1.674819737672805786e-01
1.581088453531265259e-01 1.741443127393722534e-01
1.579555869102478027e-01 1.615477502346038818e-01
1.561380326747894287e-01 1.947496533393859863e-01
1.556605398654937744e-01 1.590355783700942993e-01
1.550095230340957642e-01 1.674137115478515625e-01
1.536256968975067139e-01 1.681259870529174805e-01
1.522763073444366455e-01 1.537190675735473633e-01
1.493869870901107788e-01 1.539910882711410522e-01
1.483197510242462158e-01 1.511256545782089233e-01
1.483197510242462158e-01 1.510501652956008911e-01
1.479852944612503052e-01 1.571508198976516724e-01
1.478311866521835327e-01 1.796016544103622437e-01
1.474069654941558838e-01 1.696241945028305054e-01
1.465132087469100952e-01 1.692478358745574951e-01
1.451729685068130493e-01 1.468455493450164795e-01
1.448942869901657104e-01 1.476426124572753906e-01
1.448110342025756836e-01 1.507419943809509277e-01
1.416105628013610840e-01 1.460296660661697388e-01
1.399420201778411865e-01 1.482549011707305908e-01
1.386378258466720581e-01 1.465224474668502808e-01
1.385221332311630249e-01 1.454254239797592163e-01
1.381649821996688843e-01 1.471997648477554321e-01
1.347038745880126953e-01 1.695748567581176758e-01
1.297397911548614502e-01 1.311418712139129639e-01
1.288012117147445679e-01 1.310961246490478516e-01
1.286644935607910156e-01 1.323145776987075806e-01
1.269013583660125732e-01 1.326138973236083984e-01
1.266464442014694214e-01 1.326932013034820557e-01
1.257420033216476440e-01 1.271149367094039917e-01
1.248331516981124878e-01 1.302083283662796021e-01
1.237076148390769958e-01 1.240475326776504517e-01
1.153324022889137268e-01 1.252849400043487549e-01
1.131168678402900696e-01 1.185834929347038269e-01
1.045461669564247131e-01 1.144525408744812012e-01
1.033618375658988953e-01 1.042620167136192322e-01
8.725482225418090820e-02 8.971057087182998657e-02
8.619882911443710327e-02 8.722969144582748413e-02
