1.967942416667938232e-01 2.103858590126037598e-01
1.958944350481033325e-01 1.976345181465148926e-01
1.841685622930526733e-01 1.919829696416854858e-01
1.839193403720855713e-01 1.928898990154266357e-01
1.785055100917816162e-01 1.891814619302749634e-01
1.747881919145584106e-01 1.969624906778335571e-01
1.747881919145584106e-01 1.808544546365737915e-01
1.744719296693801880e-01 1.968307942152023315e-01
1.718583554029464722e-01 1.982249617576599121e-01
1.707898825407028198e-01 1.766460239887237549e-01
1.672505885362625122e-01 1.712210774421691895e-01
1.664292514324188232e-01 1.679430454969406128e-01
1.619601994752883911e-01 1.620993912220001221e-01
1.597910374402999878e-01 1.680993735790252686e-01
1.566330045461654663e-01 1.938776820898056030e-01
1.552575677633285522e-01 1.650603860616683960e-01
1.549825370311737061e-01 1.620448827743530273e-01
1.547503918409347534e-01 1.550496816635131836e-01
1.523482501506805420e-01 1.661527752876281738e-01
1.520309895277023315e-01 1.667522341012954712e-01
1.498772352933883667e-01 1.528464406728744507e-01
1.484226584434509277e-01 1.575804203748703003e-01
1.472303867340087891e-01 1.620806753635406494e-01
1.467390060424804688e-01 1.499528139829635620e-01
1.445441395044326782e-01 1.464447379112243652e-01
1.440771669149398804e-01 1.520241647958755493e-01
1.427926570177078247e-01 1.460532397031784058e-01
1.409751623868942261e-01 1.504867374897003174e-01
1.404015868902206421e-01 1.484486609697341919e-01
1.398828476667404175e-01 1.644631475210189819e-01
1.393226683139801025e-01 1.695804148912429810e-01
1.392349749803543091e-01 1.436457484960556030e-01
1.386358141899108887e-01 1.403812021017074585e-01
1.382264494895935059e-01 1.542207449674606323e-01
1.356293708086013794e-01 1.403840780258178711e-01
1.356293708086013794e-01 1.530904173851013184e-01
1.290701478719711304e-01 1.421915739774703979e-01
1.260089874267578125e-01 1.376208513975143433e-01
1.256441473960876465e-01 1.355232596397399902e-01
1.254066824913024902e-01 1.286675930023193359e-01
1.205066293478012085e-01 1.222565695643424988e-01
1.202314272522926331e-01 1.235860437154769897e-01
1.163280755281448364e-01 1.225987300276756287e-01
1.131793856620788574e-01 1.208452060818672180e-01
1.128749996423721313e-01 1.142536550760269165e-01
1.092628166079521179e-01 1.102771237492561340e-01
