2.070670574903488159e-01 2.147043198347091675e-01
1.701029092073440552e-01 1.719410568475723267e-01
1.691660284996032715e-01 1.719410568475723267e-01
1.682727187871932983e-01 1.700019091367721558e-01
1.633333563804626465e-01 1.691826730966567993e-01
1.616957336664199829e-01 1.618406325578689575e-01
1.612499654293060303e-01 1.742334514856338501e-01
1.594519168138504028e-01 1.600034683942794800e-01
1.567566543817520142e-01 1.856818348169326782e-01
1.560311466455459595e-01 1.629887074232101440e-01
1.535264849662780762e-01 1.589777022600173950e-01
1.501723229885101318e-01 1.573942452669143677e-01
1.496247351169586182e-01 1.690434366464614868e-01
1.461186856031417847e-01 1.531319767236709595e-01
1.443975120782852173e-01 1.526906490325927734e-01
1.430110633373260498e-01 1.562476903200149536e-01
1.401194632053375244e-01 1.415138691663742065e-01
1.396993547677993774e-01 1.438739150762557983e-01
1.393162012100219727e-01 1.507232934236526489e-01
1.376449763774871826e-01 1.545672565698623657e-01
1.374147683382034302e-01 1.452853083610534668e-01
1.353629380464553833e-01 1.419108211994171143e-01
1.349310129880905151e-01 1.440211832523345947e-01
1.340598165988922119e-01 1.437672972679138184e-01
1.326291263103485107e-01 1.383572965860366821e-01
1.321453303098678589e-01 1.348617076873779297e-01
1.314209401607513428e-01 1.388378292322158813e-01
1.312537640333175659e-01 1.371549069881439209e-01
1.310853958129882812e-01 1.313064098358154297e-01
1.306768059730529785e-01 1.464173495769500732e-01
1.293185204267501831e-01 1.317818611860275269e-01
1.253912597894668579e-01 1.416904926300048828e-01
1.243194341659545898e-01 1.314240992069244385e-01
1.240438595414161682e-01 1.256052106618881226e-01
1.240400299429893494e-01 1.414887309074401855e-01
1.238512694835662842e-01 1.438484787940979004e-01
1.235019117593765259e-01 1.472685188055038452e-01
1.221536993980407715e-01 1.358786970376968384e-01
1.211286187171936035e-01 1.272404342889785767e-01
1.189464107155799866e-01 1.214298233389854431e-01
1.186178401112556458e-01 1.449099332094192505e-01
1.179179027676582336e-01 1.218830272555351257e-01
1.172831058502197266e-01 1.228924319148063660e-01
1.171269416809082031e-01 1.252069622278213501e-01
1.158067286014556885e-01 1.250438243150711060e-01
1.135106161236763000e-01 1.222390905022621155e-01
1.118529289960861206e-01 1.270924955606460571e-01
1.117634698748588562e-01 1.282972097396850586e-01
1.113954707980155945e-01 1.216233074665069580e-01
1.083050444722175598e-01 1.129990145564079285e-01
1.042551547288894653e-01 1.050808802247047424e-01
1.006172597408294678e-01 1.009177863597869873e-01
9.830394387245178223e-02 9.842522442340850830e-02
