0.000000000000000000e+00 4.575306549668312073e-03
0.000000000000000000e+00 1.057848893105983734e-02
0.000000000000000000e+00 1.138361729681491852e-02
0.000000000000000000e+00 1.207562629133462906e-02
0.000000000000000000e+00 1.311930455267429352e-02
0.000000000000000000e+00 1.326300110667943954e-02
0.000000000000000000e+00 1.357766892760992050e-02
0.000000000000000000e+00 1.398075651377439499e-02
0.000000000000000000e+00 1.468121353536844254e-02
0.000000000000000000e+00 1.572065241634845734e-02
0.000000000000000000e+00 1.589859090745449066e-02
0.000000000000000000e+00 1.703163795173168182e-02
0.000000000000000000e+00 1.773318648338317871e-02
0.000000000000000000e+00 1.827495358884334564e-02
0.000000000000000000e+00 1.890078000724315643e-02
0.000000000000000000e+00 1.893962360918521881e-02
0.000000000000000000e+00 2.005301043391227722e-02
0.000000000000000000e+00 2.036653831601142883e-02
0.000000000000000000e+00 2.080852910876274109e-02
0.000000000000000000e+00 2.128148823976516724e-02
0.000000000000000000e+00 2.176554501056671143e-02
0.000000000000000000e+00 2.216848731040954590e-02
0.000000000000000000e+00 2.242400124669075012e-02
0.000000000000000000e+00 2.248102799057960510e-02
0.000000000000000000e+00 2.252731658518314362e-02
0.000000000000000000e+00 2.262899652123451233e-02
0.000000000000000000e+00 2.264911681413650513e-02
0.000000000000000000e+00 2.272620797157287598e-02
0.000000000000000000e+00 2.281005121767520905e-02
0.000000000000000000e+00 2.337481640279293060e-02
0.000000000000000000e+00 2.371686883270740509e-02
0.000000000000000000e+00 2.375560998916625977e-02
0.000000000000000000e+00 2.426696941256523132e-02
0.000000000000000000e+00 2.483161352574825287e-02
0.000000000000000000e+00 2.490046806633472443e-02
0.000000000000000000e+00 2.509065344929695129e-02
0.000000000000000000e+00 2.513306401669979095e-02
0.000000000000000000e+00 2.566943317651748657e-02
0.000000000000000000e+00 2.573003247380256653e-02
0.000000000000000000e+00 2.590277604758739471e-02
0.000000000000000000e+00 2.591066434979438782e-02
0.000000000000000000e+00 2.606194652616977692e-02
0.000000000000000000e+00 2.621464058756828308e-02
0.000000000000000000e+00 2.692886441946029663e-02
0.000000000000000000e+00 2.736770361661911011e-02
0.000000000000000000e+00 2.749498933553695679e-02
0.000000000000000000e+00 2.797654457390308380e-02
0.000000000000000000e+00 2.802294492721557617e-02
0.000000000000000000e+00 2.829775400459766388e-02
0.000000000000000000e+00 2.841161750257015228e-02
0.000000000000000000e+00 2.849179692566394806e-02
0.000000000000000000e+00 2.864014543592929840e-02
0.000000000000000000e+00 2.912200801074504852e-02
0.000000000000000000e+00 2.936302125453948975e-02
0.000000000000000000e+00 2.995399385690689087e-02
0.000000000000000000e+00 2.997376956045627594e-02
0.000000000000000000e+00 2.999166399240493774e-02
0.000000000000000000e+00 3.034842573106288910e-02
0.000000000000000000e+00 3.079211711883544922e-02
0.000000000000000000e+00 3.081250935792922974e-02
0.000000000000000000e+00 3.081571124494075775e-02
0.000000000000000000e+00 3.088676184415817261e-02
0.000000000000000000e+00 3.092758730053901672e-02
0.000000000000000000e+00 3.119953908026218414e-02
0.000000000000000000e+00 3.137863427400588989e-02
0.000000000000000000e+00 3.191651403903961182e-02
0.000000000000000000e+00 3.194108977913856506e-02
0.000000000000000000e+00 3.196496143937110901e-02
0.000000000000000000e+00 3.199879452586174011e-02
0.000000000000000000e+00 3.204857558012008667e-02
0.000000000000000000e+00 3.205716237425804138e-02
0.000000000000000000e+00 3.211035951972007751e-02
0.000000000000000000e+00 3.217627480626106262e-02
0.000000000000000000e+00 3.225264325737953186e-02
0.000000000000000000e+00 3.230837732553482056e-02
0.000000000000000000e+00 3.249753266572952271e-02
0.000000000000000000e+00 3.251627460122108459e-02
0.000000000000000000e+00 3.281188011169433594e-02
0.000000000000000000e+00 3.289731219410896301e-02
0.000000000000000000e+00 3.306294605135917664e-02
0.000000000000000000e+00 3.312452137470245361e-02
0.000000000000000000e+00 3.336646407842636108e-02
0.000000000000000000e+00 3.366516903042793274e-02
0.000000000000000000e+00 3.371211141347885132e-02
0.000000000000000000e+00 3.372585400938987732e-02
0.000000000000000000e+00 3.376349434256553650e-02
0.000000000000000000e+00 3.519924730062484741e-02
0.000000000000000000e+00 3.549018129706382751e-02
0.000000000000000000e+00 3.591212630271911621e-02
0.000000000000000000e+00 3.597261384129524231e-02
0.000000000000000000e+00 3.597263991832733154e-02
0.000000000000000000e+00 3.597503527998924255e-02
0.000000000000000000e+00 3.607520088553428650e-02
0.000000000000000000e+00 3.626194223761558533e-02
0.000000000000000000e+00 3.626221790909767151e-02
0.000000000000000000e+00 3.628816828131675720e-02
0.000000000000000000e+00 3.664002195000648499e-02
0.000000000000000000e+00 3.694553300738334656e-02
0.000000000000000000e+00 3.702039644122123718e-02
0.000000000000000000e+00 3.713446483016014099e-02
0.000000000000000000e+00 3.776257112622261047e-02
0.000000000000000000e+00 3.796189278364181519e-02
0.000000000000000000e+00 3.797729685902595520e-02
0.000000000000000000e+00 3.804106265306472778e-02
0.000000000000000000e+00 3.823915868997573853e-02
0.000000000000000000e+00 3.860989958047866821e-02
0.000000000000000000e+00 3.864335641264915466e-02
0.000000000000000000e+00 3.865960240364074707e-02
0.000000000000000000e+00 3.902617469429969788e-02
0.000000000000000000e+00 3.917404264211654663e-02
0.000000000000000000e+00 3.917906060814857483e-02
0.000000000000000000e+00 3.939604386687278748e-02
0.000000000000000000e+00 3.956943377852439880e-02
0.000000000000000000e+00 3.963011503219604492e-02
0.000000000000000000e+00 3.969558328390121460e-02
0.000000000000000000e+00 4.010612145066261292e-02
0.000000000000000000e+00 4.019767418503761292e-02
0.000000000000000000e+00 4.036747664213180542e-02
0.000000000000000000e+00 4.056205973029136658e-02
0.000000000000000000e+00 4.060699045658111572e-02
0.000000000000000000e+00 4.073790088295936584e-02
0.000000000000000000e+00 4.075141251087188721e-02
0.000000000000000000e+00 4.093300178647041321e-02
0.000000000000000000e+00 4.094489291310310364e-02
0.000000000000000000e+00 4.100662842392921448e-02
0.000000000000000000e+00 4.112664610147476196e-02
0.000000000000000000e+00 4.113546758890151978e-02
0.000000000000000000e+00 4.127534478902816772e-02
0.000000000000000000e+00 4.127713665366172791e-02
0.000000000000000000e+00 4.140584915876388550e-02
0.000000000000000000e+00 4.166143015027046204e-02
0.000000000000000000e+00 4.175348952412605286e-02
0.000000000000000000e+00 4.188913851976394653e-02
0.000000000000000000e+00 4.210434481501579285e-02
0.000000000000000000e+00 4.232602566480636597e-02
0.000000000000000000e+00 4.242547973990440369e-02
0.000000000000000000e+00 4.251586645841598511e-02
0.000000000000000000e+00 4.263219237327575684e-02
0.000000000000000000e+00 4.291807115077972412e-02
0.000000000000000000e+00 4.296869784593582153e-02
0.000000000000000000e+00 4.306651279330253601e-02
0.000000000000000000e+00 4.311303421854972839e-02
0.000000000000000000e+00 4.339006543159484863e-02
0.000000000000000000e+00 4.363146424293518066e-02
0.000000000000000000e+00 4.364714398980140686e-02
0.000000000000000000e+00 4.374923557043075562e-02
0.000000000000000000e+00 4.420303925871849060e-02
0.000000000000000000e+00 4.426602646708488464e-02
0.000000000000000000e+00 4.428695142269134521e-02
0.000000000000000000e+00 4.441830143332481384e-02
0.000000000000000000e+00 4.443774744868278503e-02
0.000000000000000000e+00 4.452428221702575684e-02
0.000000000000000000e+00 4.471706226468086243e-02
0.000000000000000000e+00 4.478850588202476501e-02
0.000000000000000000e+00 4.488980025053024292e-02
0.000000000000000000e+00 4.493053257465362549e-02
0.000000000000000000e+00 4.500650241971015930e-02
0.000000000000000000e+00 4.531513154506683350e-02
0.000000000000000000e+00 4.541330039501190186e-02
0.000000000000000000e+00 4.558182880282402039e-02
0.000000000000000000e+00 4.575889930129051208e-02
0.000000000000000000e+00 4.581543803215026855e-02
0.000000000000000000e+00 4.595496878027915955e-02
0.000000000000000000e+00 4.605542868375778198e-02
0.000000000000000000e+00 4.612250253558158875e-02
0.000000000000000000e+00 4.613243788480758667e-02
0.000000000000000000e+00 4.615902155637741089e-02
0.000000000000000000e+00 4.620298743247985840e-02
0.000000000000000000e+00 4.629996791481971741e-02
0.000000000000000000e+00 4.632255807518959045e-02
0.000000000000000000e+00 4.634701088070869446e-02
0.000000000000000000e+00 4.636858403682708740e-02
0.000000000000000000e+00 4.702776670455932617e-02
0.000000000000000000e+00 4.711603745818138123e-02
0.000000000000000000e+00 4.718318581581115723e-02
0.000000000000000000e+00 4.730544611811637878e-02
0.000000000000000000e+00 4.742732644081115723e-02
0.000000000000000000e+00 4.745476320385932922e-02
0.000000000000000000e+00 4.747071117162704468e-02
0.000000000000000000e+00 4.747688397765159607e-02
0.000000000000000000e+00 4.757786542177200317e-02
0.000000000000000000e+00 4.766160249710083008e-02
0.000000000000000000e+00 4.772669449448585510e-02
0.000000000000000000e+00 4.799429699778556824e-02
0.000000000000000000e+00 4.799771681427955627e-02
0.000000000000000000e+00 4.806824028491973877e-02
0.000000000000000000e+00 4.822531342506408691e-02
0.000000000000000000e+00 4.838155955076217651e-02
0.000000000000000000e+00 4.839989542961120605e-02
0.000000000000000000e+00 4.847337305545806885e-02
0.000000000000000000e+00 4.851173236966133118e-02
0.000000000000000000e+00 4.858030006289482117e-02
0.000000000000000000e+00 4.862250760197639465e-02
0.000000000000000000e+00 4.871626943349838257e-02
0.000000000000000000e+00 4.878774657845497131e-02
0.000000000000000000e+00 4.888985306024551392e-02
0.000000000000000000e+00 4.914792627096176147e-02
0.000000000000000000e+00 4.919400066137313843e-02
0.000000000000000000e+00 4.931325465440750122e-02
0.000000000000000000e+00 4.995159432291984558e-02
0.000000000000000000e+00 5.001098290085792542e-02
0.000000000000000000e+00 5.005658790469169617e-02
0.000000000000000000e+00 5.007554963231086731e-02
0.000000000000000000e+00 5.009817332029342651e-02
0.000000000000000000e+00 5.017500743269920349e-02
0.000000000000000000e+00 5.018887668848037720e-02
0.000000000000000000e+00 5.023597925901412964e-02
0.000000000000000000e+00 5.024683848023414612e-02
0.000000000000000000e+00 5.048973485827445984e-02
0.000000000000000000e+00 5.051031708717346191e-02
0.000000000000000000e+00 5.073982477188110352e-02
0.000000000000000000e+00 5.084009841084480286e-02
0.000000000000000000e+00 5.090428888797760010e-02
0.000000000000000000e+00 5.095928907394409180e-02
0.000000000000000000e+00 5.108728259801864624e-02
0.000000000000000000e+00 5.122701451182365417e-02
0.000000000000000000e+00 5.126836150884628296e-02
0.000000000000000000e+00 5.130650103092193604e-02
0.000000000000000000e+00 5.132511258125305176e-02
0.000000000000000000e+00 5.135709792375564575e-02
0.000000000000000000e+00 5.139907449483871460e-02
0.000000000000000000e+00 5.147433653473854065e-02
0.000000000000000000e+00 5.158474296331405640e-02
0.000000000000000000e+00 5.163605883717536926e-02
0.000000000000000000e+00 5.165568739175796509e-02
0.000000000000000000e+00 5.213972181081771851e-02
0.000000000000000000e+00 5.214602127671241760e-02
0.000000000000000000e+00 5.225598439574241638e-02
0.000000000000000000e+00 5.240951851010322571e-02
0.000000000000000000e+00 5.254216864705085754e-02
0.000000000000000000e+00 5.268606916069984436e-02
0.000000000000000000e+00 5.269943550229072571e-02
0.000000000000000000e+00 5.284718424081802368e-02
0.000000000000000000e+00 5.285121873021125793e-02
0.000000000000000000e+00 5.291771516203880310e-02
0.000000000000000000e+00 5.301573500037193298e-02
0.000000000000000000e+00 5.317996069788932800e-02
0.000000000000000000e+00 5.318916961550712585e-02
0.000000000000000000e+00 5.322632566094398499e-02
0.000000000000000000e+00 5.323563516139984131e-02
0.000000000000000000e+00 5.344694480299949646e-02
0.000000000000000000e+00 5.347321927547454834e-02
0.000000000000000000e+00 5.347968265414237976e-02
0.000000000000000000e+00 5.350035056471824646e-02
0.000000000000000000e+00 5.352870747447013855e-02
0.000000000000000000e+00 5.358240008354187012e-02
0.000000000000000000e+00 5.372585728764533997e-02
0.000000000000000000e+00 5.376148968935012817e-02
0.000000000000000000e+00 5.376917496323585510e-02
0.000000000000000000e+00 5.390658974647521973e-02
0.000000000000000000e+00 5.394753068685531616e-02
0.000000000000000000e+00 5.424783378839492798e-02
0.000000000000000000e+00 5.429491028189659119e-02
0.000000000000000000e+00 5.434849485754966736e-02
0.000000000000000000e+00 5.438629537820816040e-02
0.000000000000000000e+00 5.443774536252021790e-02
0.000000000000000000e+00 5.451946333050727844e-02
0.000000000000000000e+00 5.456939339637756348e-02
0.000000000000000000e+00 5.468988046050071716e-02
0.000000000000000000e+00 5.495846271514892578e-02
0.000000000000000000e+00 5.499913915991783142e-02
0.000000000000000000e+00 5.510236322879791260e-02
0.000000000000000000e+00 5.512676388025283813e-02
0.000000000000000000e+00 5.536183714866638184e-02
0.000000000000000000e+00 5.557990074157714844e-02
0.000000000000000000e+00 5.558304861187934875e-02
0.000000000000000000e+00 5.566369742155075073e-02
0.000000000000000000e+00 5.568834021687507629e-02
0.000000000000000000e+00 5.577746406197547913e-02
0.000000000000000000e+00 5.586681142449378967e-02
0.000000000000000000e+00 5.603895336389541626e-02
0.000000000000000000e+00 5.603966116905212402e-02
0.000000000000000000e+00 5.615616589784622192e-02
0.000000000000000000e+00 5.618548765778541565e-02
0.000000000000000000e+00 5.626310035586357117e-02
0.000000000000000000e+00 5.629269778728485107e-02
0.000000000000000000e+00 5.633773654699325562e-02
0.000000000000000000e+00 5.637350305914878845e-02
0.000000000000000000e+00 5.637817457318305969e-02
0.000000000000000000e+00 5.639465525746345520e-02
0.000000000000000000e+00 5.639780685305595398e-02
0.000000000000000000e+00 5.649619176983833313e-02
0.000000000000000000e+00 5.657149478793144226e-02
0.000000000000000000e+00 5.666638910770416260e-02
0.000000000000000000e+00 5.686491727828979492e-02
0.000000000000000000e+00 5.689496546983718872e-02
0.000000000000000000e+00 5.696266517043113708e-02
0.000000000000000000e+00 5.700196325778961182e-02
0.000000000000000000e+00 5.702119693160057068e-02
0.000000000000000000e+00 5.715119466185569763e-02
0.000000000000000000e+00 5.728958174586296082e-02
0.000000000000000000e+00 5.754646658897399902e-02
0.000000000000000000e+00 5.780910700559616089e-02
0.000000000000000000e+00 5.785837769508361816e-02
0.000000000000000000e+00 5.786749348044395447e-02
0.000000000000000000e+00 5.790156126022338867e-02
0.000000000000000000e+00 5.827637389302253723e-02
0.000000000000000000e+00 5.856516212224960327e-02
0.000000000000000000e+00 5.860615521669387817e-02
0.000000000000000000e+00 5.880154669284820557e-02
0.000000000000000000e+00 5.880827456712722778e-02
0.000000000000000000e+00 5.895712971687316895e-02
0.000000000000000000e+00 5.908237397670745850e-02
0.000000000000000000e+00 5.914114788174629211e-02
0.000000000000000000e+00 5.927800014615058899e-02
0.000000000000000000e+00 5.941744148731231689e-02
0.000000000000000000e+00 5.948747694492340088e-02
0.000000000000000000e+00 5.952809005975723267e-02
0.000000000000000000e+00 5.980905890464782715e-02
0.000000000000000000e+00 5.998067930340766907e-02
0.000000000000000000e+00 6.001684814691543579e-02
0.000000000000000000e+00 6.013958528637886047e-02
0.000000000000000000e+00 6.017825007438659668e-02
0.000000000000000000e+00 6.075359508395195007e-02
0.000000000000000000e+00 6.081883981823921204e-02
0.000000000000000000e+00 6.085740402340888977e-02
0.000000000000000000e+00 6.098320335149765015e-02
0.000000000000000000e+00 6.132248789072036743e-02
0.000000000000000000e+00 6.135979294776916504e-02
0.000000000000000000e+00 6.144751608371734619e-02
0.000000000000000000e+00 6.148904934525489807e-02
0.000000000000000000e+00 6.160749495029449463e-02
0.000000000000000000e+00 6.160878762602806091e-02
0.000000000000000000e+00 6.162280961871147156e-02
0.000000000000000000e+00 6.171381101012229919e-02
0.000000000000000000e+00 6.184176355600357056e-02
0.000000000000000000e+00 6.189013272523880005e-02
0.000000000000000000e+00 6.190224364399909973e-02
0.000000000000000000e+00 6.192116811871528625e-02
0.000000000000000000e+00 6.208269298076629639e-02
0.000000000000000000e+00 6.208962574601173401e-02
0.000000000000000000e+00 6.211799755692481995e-02
0.000000000000000000e+00 6.214403361082077026e-02
0.000000000000000000e+00 6.216332316398620605e-02
0.000000000000000000e+00 6.218637898564338684e-02
0.000000000000000000e+00 6.223141774535179138e-02
0.000000000000000000e+00 6.242217868566513062e-02
0.000000000000000000e+00 6.247247010469436646e-02
0.000000000000000000e+00 6.249418854713439941e-02
0.000000000000000000e+00 6.256854534149169922e-02
0.000000000000000000e+00 6.259105354547500610e-02
0.000000000000000000e+00 6.268674135208129883e-02
0.000000000000000000e+00 6.276919692754745483e-02
0.000000000000000000e+00 6.291601061820983887e-02
0.000000000000000000e+00 6.296410411596298218e-02
0.000000000000000000e+00 6.298267841339111328e-02
0.000000000000000000e+00 6.300350278615951538e-02
0.000000000000000000e+00 6.306622177362442017e-02
0.000000000000000000e+00 6.308645009994506836e-02
0.000000000000000000e+00 6.308960169553756714e-02
0.000000000000000000e+00 6.316590309143066406e-02
0.000000000000000000e+00 6.330580264329910278e-02
0.000000000000000000e+00 6.333775818347930908e-02
0.000000000000000000e+00 6.334616988897323608e-02
0.000000000000000000e+00 6.342400610446929932e-02
0.000000000000000000e+00 6.348174065351486206e-02
0.000000000000000000e+00 6.375112384557723999e-02
0.000000000000000000e+00 6.381972879171371460e-02
0.000000000000000000e+00 6.395199894905090332e-02
0.000000000000000000e+00 6.400956958532333374e-02
0.000000000000000000e+00 6.423062086105346680e-02
0.000000000000000000e+00 6.431504338979721069e-02
0.000000000000000000e+00 6.454932689666748047e-02
0.000000000000000000e+00 6.471593677997589111e-02
0.000000000000000000e+00 6.484694778919219971e-02
0.000000000000000000e+00 6.485647708177566528e-02
0.000000000000000000e+00 6.496935337781906128e-02
0.000000000000000000e+00 6.568116694688796997e-02
0.000000000000000000e+00 6.573231518268585205e-02
0.000000000000000000e+00 6.577184051275253296e-02
0.000000000000000000e+00 6.577658653259277344e-02
0.000000000000000000e+00 6.578942388296127319e-02
0.000000000000000000e+00 6.580463051795959473e-02
0.000000000000000000e+00 6.587313115596771240e-02
0.000000000000000000e+00 6.592965126037597656e-02
0.000000000000000000e+00 6.593422591686248779e-02
0.000000000000000000e+00 6.614296138286590576e-02
0.000000000000000000e+00 6.616123765707015991e-02
0.000000000000000000e+00 6.645847111940383911e-02
0.000000000000000000e+00 6.651349365711212158e-02
0.000000000000000000e+00 6.656179577112197876e-02
0.000000000000000000e+00 6.670425087213516235e-02
0.000000000000000000e+00 6.679538637399673462e-02
0.000000000000000000e+00 6.693337857723236084e-02
0.000000000000000000e+00 6.695730984210968018e-02
0.000000000000000000e+00 6.695898622274398804e-02
0.000000000000000000e+00 6.699778139591217041e-02
0.000000000000000000e+00 6.703313440084457397e-02
0.000000000000000000e+00 6.708896160125732422e-02
0.000000000000000000e+00 6.732313334941864014e-02
0.000000000000000000e+00 6.750144064426422119e-02
0.000000000000000000e+00 6.767381727695465088e-02
0.000000000000000000e+00 6.769818067550659180e-02
0.000000000000000000e+00 6.784092634916305542e-02
0.000000000000000000e+00 6.793037056922912598e-02
0.000000000000000000e+00 6.814482063055038452e-02
0.000000000000000000e+00 6.814493238925933838e-02
0.000000000000000000e+00 6.818009167909622192e-02
0.000000000000000000e+00 6.831500679254531860e-02
0.000000000000000000e+00 6.844853609800338745e-02
0.000000000000000000e+00 6.864673644304275513e-02
0.000000000000000000e+00 6.875411421060562134e-02
0.000000000000000000e+00 6.923486292362213135e-02
0.000000000000000000e+00 6.933677196502685547e-02
0.000000000000000000e+00 6.938400864601135254e-02
0.000000000000000000e+00 6.949466466903686523e-02
0.000000000000000000e+00 6.954038888216018677e-02
0.000000000000000000e+00 6.964425742626190186e-02
0.000000000000000000e+00 6.974463909864425659e-02
0.000000000000000000e+00 6.975715607404708862e-02
0.000000000000000000e+00 6.980052590370178223e-02
0.000000000000000000e+00 7.000964879989624023e-02
0.000000000000000000e+00 7.012525945901870728e-02
0.000000000000000000e+00 7.021788507699966431e-02
0.000000000000000000e+00 7.025258988142013550e-02
0.000000000000000000e+00 7.055059820413589478e-02
0.000000000000000000e+00 7.067783921957015991e-02
0.000000000000000000e+00 7.088468223810195923e-02
0.000000000000000000e+00 7.108248770236968994e-02
0.000000000000000000e+00 7.143111526966094971e-02
0.000000000000000000e+00 7.155352830886840820e-02
0.000000000000000000e+00 7.165694236755371094e-02
0.000000000000000000e+00 7.167650014162063599e-02
0.000000000000000000e+00 7.196676731109619141e-02
0.000000000000000000e+00 7.209341228008270264e-02
0.000000000000000000e+00 7.230764627456665039e-02
0.000000000000000000e+00 7.236018031835556030e-02
0.000000000000000000e+00 7.259404659271240234e-02
0.000000000000000000e+00 7.262436300516128540e-02
0.000000000000000000e+00 7.273172587156295776e-02
0.000000000000000000e+00 7.291490584611892700e-02
0.000000000000000000e+00 7.347465306520462036e-02
0.000000000000000000e+00 7.384210824966430664e-02
0.000000000000000000e+00 7.409226149320602417e-02
0.000000000000000000e+00 7.417839020490646362e-02
0.000000000000000000e+00 7.434985786676406860e-02
0.000000000000000000e+00 7.450815290212631226e-02
0.000000000000000000e+00 7.469601929187774658e-02
0.000000000000000000e+00 7.503962516784667969e-02
0.000000000000000000e+00 7.534328848123550415e-02
0.000000000000000000e+00 7.538180798292160034e-02
0.000000000000000000e+00 7.541875541210174561e-02
0.000000000000000000e+00 7.566884905099868774e-02
0.000000000000000000e+00 7.587989419698715210e-02
0.000000000000000000e+00 7.598891854286193848e-02
0.000000000000000000e+00 7.634658366441726685e-02
0.000000000000000000e+00 7.671581953763961792e-02
0.000000000000000000e+00 7.701997458934783936e-02
0.000000000000000000e+00 7.706729322671890259e-02
0.000000000000000000e+00 7.831602543592453003e-02
0.000000000000000000e+00 7.850068062543869019e-02
0.000000000000000000e+00 7.851982116699218750e-02
0.000000000000000000e+00 7.912676781415939331e-02
0.000000000000000000e+00 7.934909313917160034e-02
0.000000000000000000e+00 7.990282773971557617e-02
0.000000000000000000e+00 8.002520352602005005e-02
0.000000000000000000e+00 8.059652149677276611e-02
0.000000000000000000e+00 8.072350174188613892e-02
0.000000000000000000e+00 8.077241480350494385e-02
0.000000000000000000e+00 8.085167407989501953e-02
0.000000000000000000e+00 8.103468269109725952e-02
0.000000000000000000e+00 8.134693652391433716e-02
0.000000000000000000e+00 8.142381906509399414e-02
0.000000000000000000e+00 8.152424544095993042e-02
0.000000000000000000e+00 8.201777935028076172e-02
0.000000000000000000e+00 8.381333947181701660e-02
0.000000000000000000e+00 8.432085067033767700e-02
0.000000000000000000e+00 8.490672707557678223e-02
0.000000000000000000e+00 8.528774976730346680e-02
0.000000000000000000e+00 8.536060899496078491e-02
0.000000000000000000e+00 8.675207197666168213e-02
0.000000000000000000e+00 8.689197152853012085e-02
0.000000000000000000e+00 8.711460232734680176e-02
0.000000000000000000e+00 8.911505341529846191e-02
0.000000000000000000e+00 9.002706408500671387e-02
0.000000000000000000e+00 9.059081226587295532e-02
0.000000000000000000e+00 9.072915464639663696e-02
0.000000000000000000e+00 9.206564724445343018e-02
0.000000000000000000e+00 9.265748411417007446e-02
0.000000000000000000e+00 9.286900609731674194e-02
0.000000000000000000e+00 9.292721003293991089e-02
0.000000000000000000e+00 9.480249136686325073e-02
0.000000000000000000e+00 9.584702551364898682e-02
0.000000000000000000e+00 9.591874480247497559e-02
0.000000000000000000e+00 9.679338335990905762e-02
0.000000000000000000e+00 9.762164950370788574e-02
0.000000000000000000e+00 9.881920367479324341e-02
0.000000000000000000e+00 9.889520704746246338e-02
0.000000000000000000e+00 1.000268235802650452e-01
0.000000000000000000e+00 1.005679592490196228e-01
0.000000000000000000e+00 1.008988097310066223e-01
0.000000000000000000e+00 1.082935109734535217e-01
0.000000000000000000e+00 1.085366234183311462e-01
0.000000000000000000e+00 1.098055765032768250e-01
0.000000000000000000e+00 1.114986464381217957e-01
0.000000000000000000e+00 1.142126396298408508e-01
0.000000000000000000e+00 1.168772950768470764e-01
0.000000000000000000e+00 1.359346508979797363e-01
0.000000000000000000e+00 1.559157371520996094e-01
