1.685682237148284912e-01 1.687514334917068481e-01
1.646034121513366699e-01 1.750727742910385132e-01
1.487019211053848267e-01 1.565513610839843750e-01
1.481191962957382202e-01 1.749822497367858887e-01
1.469121575355529785e-01 1.490156948566436768e-01
1.464350521564483643e-01 1.510666310787200928e-01
1.450679451227188110e-01 1.515340656042098999e-01
1.441989392042160034e-01 1.455443948507308960e-01
1.420783251523971558e-01 1.498471647500991821e-01
1.390419453382492065e-01 1.438611745834350586e-01
1.379672735929489136e-01 1.394479274749755859e-01
1.372930109500885010e-01 1.396756619215011597e-01
1.371502578258514404e-01 1.531230211257934570e-01
1.363532990217208862e-01 1.411817818880081177e-01
1.350812315940856934e-01 1.359812915325164795e-01
1.348020881414413452e-01 1.456808596849441528e-01
1.344722956418991089e-01 1.358137875795364380e-01
1.340649724006652832e-01 1.455746591091156006e-01
1.338939666748046875e-01 1.349876672029495239e-01
1.327016949653625488e-01 1.358847022056579590e-01
1.324541270732879639e-01 1.345311254262924194e-01
1.293978691101074219e-01 1.322763115167617798e-01
1.286712288856506348e-01 1.363826841115951538e-01
1.286574900150299072e-01 1.359507590532302856e-01
1.284047365188598633e-01 1.504289507865905762e-01
1.279923021793365479e-01 1.310869753360748291e-01
1.278868317604064941e-01 1.287725120782852173e-01
1.258418262004852295e-01 1.302049607038497925e-01
1.255635023117065430e-01 1.361023634672164917e-01
1.249822899699211121e-01 1.479547470808029175e-01
1.246457546949386597e-01 1.333715766668319702e-01
1.243956238031387329e-01 1.518772691488265991e-01
1.243522241711616516e-01 1.358448863029479980e-01
1.243449002504348755e-01 1.314335316419601440e-01
1.238390058279037476e-01 1.387433260679244995e-01
1.229687258601188660e-01 1.257570534944534302e-01
1.226029694080352783e-01 1.372468322515487671e-01
1.213810518383979797e-01 1.389357447624206543e-01
1.211560070514678955e-01 1.368384510278701782e-01
1.203123629093170166e-01 1.302556246519088745e-01
1.193727552890777588e-01 1.353782713413238525e-01
1.188384518027305603e-01 1.258221417665481567e-01
1.177537888288497925e-01 1.280701756477355957e-01
1.176008358597755432e-01 1.227104142308235168e-01
1.175734475255012512e-01 1.263268291950225830e-01
1.170593276619911194e-01 1.201340034604072571e-01
1.167615130543708801e-01 1.200947910547256470e-01
1.151594445109367371e-01 1.315900981426239014e-01
1.149417385458946228e-01 1.318053603172302246e-01
1.146032437682151794e-01 1.218887493014335632e-01
1.144013404846191406e-01 1.176090165972709656e-01
1.142776682972908020e-01 1.545959860086441040e-01
1.139920651912689209e-01 1.309984028339385986e-01
1.139156967401504517e-01 1.289303451776504517e-01
1.137040182948112488e-01 1.455365866422653198e-01
1.136843040585517883e-01 1.165962591767311096e-01
1.134299039840698242e-01 1.182933747768402100e-01
1.128441318869590759e-01 1.132562085986137390e-01
1.127992123365402222e-01 1.502716094255447388e-01
1.126788035035133362e-01 1.458802968263626099e-01
1.121976077556610107e-01 1.220786869525909424e-01
1.114043518900871277e-01 1.225474923849105835e-01
1.106897145509719849e-01 1.259752810001373291e-01
1.106287837028503418e-01 1.218244135379791260e-01
1.105006113648414612e-01 1.202537715435028076e-01
1.097725704312324524e-01 1.265006065368652344e-01
1.096976175904273987e-01 1.403508037328720093e-01
1.094383448362350464e-01 1.127340719103813171e-01
1.087721213698387146e-01 1.159507408738136292e-01
1.087117791175842285e-01 1.122698187828063965e-01
1.084190085530281067e-01 1.414304822683334351e-01
1.083173230290412903e-01 1.088377684354782104e-01
1.081686168909072876e-01 1.271265298128128052e-01
1.081414669752120972e-01 1.250575035810470581e-01
1.072785854339599609e-01 1.216321438550949097e-01
1.067094877362251282e-01 1.166546344757080078e-01
1.066024526953697205e-01 1.409453302621841431e-01
1.065967828035354614e-01 1.136497333645820618e-01
1.064945384860038757e-01 1.186410263180732727e-01
1.062218248844146729e-01 1.120087653398513794e-01
1.060824990272521973e-01 1.117257773876190186e-01
1.059561073780059814e-01 1.139404326677322388e-01
1.058398336172103882e-01 1.291049569845199585e-01
1.055921390652656555e-01 1.173235476016998291e-01
1.054671257734298706e-01 1.197135224938392639e-01
1.054600551724433899e-01 1.088523119688034058e-01
1.045775040984153748e-01 1.146432533860206604e-01
1.044760867953300476e-01 1.101360246539115906e-01
1.043373420834541321e-01 1.080917939543724060e-01
1.038851812481880188e-01 1.245984435081481934e-01
1.037948057055473328e-01 1.130485013127326965e-01
1.037241593003273010e-01 1.199841797351837158e-01
1.036046445369720459e-01 1.281612664461135864e-01
1.035351306200027466e-01 1.146263629198074341e-01
1.031864136457443237e-01 1.222174540162086487e-01
1.027741804718971252e-01 1.033289283514022827e-01
1.023236289620399475e-01 1.281312108039855957e-01
1.016712635755538940e-01 1.341649740934371948e-01
1.015565842390060425e-01 1.274416744709014893e-01
1.014740392565727234e-01 1.108420416712760925e-01
1.005583927035331726e-01 1.249796003103256226e-01
1.004907786846160889e-01 1.200941875576972961e-01
1.003869101405143738e-01 1.017225384712219238e-01
9.912817925214767456e-02 1.350240260362625122e-01
9.894869476556777954e-02 1.000550016760826111e-01
9.865311533212661743e-02 1.367552578449249268e-01
9.840485453605651855e-02 1.083036437630653381e-01
9.827759116888046265e-02 1.043842211365699768e-01
9.826564043760299683e-02 1.174109354615211487e-01
9.814394265413284302e-02 1.000117734074592590e-01
9.763409197330474854e-02 1.299515366554260254e-01
9.747765958309173584e-02 1.152329966425895691e-01
9.727010130882263184e-02 1.171195060014724731e-01
9.719870239496231079e-02 1.080614849925041199e-01
9.715746343135833740e-02 1.230637356638908386e-01
9.691712260246276855e-02 1.206778511404991150e-01
9.691111743450164795e-02 1.210759133100509644e-01
9.671993553638458252e-02 1.094965636730194092e-01
9.663142263889312744e-02 1.220786869525909424e-01
9.647220373153686523e-02 1.239666044712066650e-01
9.634374082088470459e-02 1.289464384317398071e-01
9.595441818237304688e-02 9.660129994153976440e-02
9.592974931001663208e-02 1.291212290525436401e-01
9.581810235977172852e-02 1.349041014909744263e-01
9.531281888484954834e-02 1.285909712314605713e-01
9.509306401014328003e-02 1.069831326603889465e-01
9.508255124092102051e-02 1.145897954702377319e-01
9.492687880992889404e-02 1.120292693376541138e-01
9.464053064584732056e-02 9.858269244432449341e-02
9.447220712900161743e-02 1.181218549609184265e-01
9.446954727172851562e-02 1.374370157718658447e-01
9.442914277315139771e-02 1.338664293289184570e-01
9.434854984283447266e-02 1.202537715435028076e-01
9.415563941001892090e-02 9.568701684474945068e-02
9.414208680391311646e-02 1.010567694902420044e-01
9.407240152359008789e-02 1.350543797016143799e-01
9.390992671251296997e-02 1.320188641548156738e-01
9.360454231500625610e-02 9.931705147027969360e-02
9.340164065361022949e-02 9.770692884922027588e-02
9.327083081007003784e-02 1.241448894143104553e-01
9.297297894954681396e-02 1.402042508125305176e-01
9.282528609037399292e-02 9.575971215963363647e-02
9.271852672100067139e-02 1.213026568293571472e-01
9.259400516748428345e-02 1.165404468774795532e-01
9.243187308311462402e-02 1.402203440666198730e-01
9.224148094654083252e-02 9.609717130661010742e-02
9.200219810009002686e-02 1.125696226954460144e-01
9.189998358488082886e-02 1.239026337862014771e-01
9.170969575643539429e-02 1.427736431360244751e-01
9.169605374336242676e-02 9.565280377864837646e-02
9.162559360265731812e-02 1.429261118173599243e-01
9.159870445728302002e-02 1.498645991086959839e-01
9.117055684328079224e-02 1.083620339632034302e-01
9.100027382373809814e-02 1.417331546545028687e-01
9.092614799737930298e-02 1.049187928438186646e-01
9.019628912210464478e-02 9.810481965541839600e-02
9.015872329473495483e-02 1.033624038100242615e-01
8.998946100473403931e-02 1.103847101330757141e-01
8.988915383815765381e-02 1.152044385671615601e-01
8.943501114845275879e-02 1.118410080671310425e-01
8.941094577312469482e-02 9.329240769147872925e-02
8.920320868492126465e-02 1.223403885960578918e-01
8.917827904224395752e-02 1.185695230960845947e-01
8.874666690826416016e-02 1.280720531940460205e-01
8.865382522344589233e-02 1.136989891529083252e-01
8.850891143083572388e-02 1.129751801490783691e-01
8.820938318967819214e-02 1.336151510477066040e-01
8.817931264638900757e-02 1.258935779333114624e-01
8.797481656074523926e-02 9.549860656261444092e-02
8.794948458671569824e-02 1.045686751604080200e-01
8.792988955974578857e-02 9.674235433340072632e-02
8.790452778339385986e-02 1.101607158780097961e-01
8.757152408361434937e-02 1.056768149137496948e-01
8.753537386655807495e-02 1.380703449249267578e-01
8.751388639211654663e-02 9.102445840835571289e-02
8.746625483036041260e-02 1.029725521802902222e-01
8.699064701795578003e-02 1.103047728538513184e-01
8.690042793750762939e-02 1.726887822151184082e-01
8.658040314912796021e-02 8.701808005571365356e-02
8.655614405870437622e-02 8.740939944982528687e-02
8.615898340940475464e-02 9.885165840387344360e-02
8.608931303024291992e-02 9.598746895790100098e-02
8.598107844591140747e-02 8.699449151754379272e-02
8.575744926929473877e-02 1.202790737152099609e-01
8.496174961328506470e-02 9.730776399374008179e-02
8.494881540536880493e-02 1.025949195027351379e-01
8.469446748495101929e-02 9.941504150629043579e-02
8.456764370203018188e-02 8.646677434444427490e-02
8.455132693052291870e-02 1.391573101282119751e-01
8.425764739513397217e-02 1.429775655269622803e-01
8.263772726058959961e-02 9.272149950265884399e-02
8.143901079893112183e-02 9.615430980920791626e-02
8.138545602560043335e-02 1.504777818918228149e-01
8.124872297048568726e-02 9.497810155153274536e-02
8.096992224454879761e-02 1.270147562026977539e-01
8.081126958131790161e-02 1.110783368349075317e-01
7.979944348335266113e-02 8.841665089130401611e-02
7.959651201963424683e-02 9.709879755973815918e-02
7.930242270231246948e-02 1.079497039318084717e-01
7.929015904664993286e-02 8.839953690767288208e-02
7.925642281770706177e-02 1.030211970210075378e-01
7.820370793342590332e-02 7.879187911748886108e-02
7.770230621099472046e-02 9.663106501102447510e-02
7.714282721281051636e-02 7.719326764345169067e-02
7.680583000183105469e-02 1.125527173280715942e-01
7.594417780637741089e-02 7.722202688455581665e-02
7.587258517742156982e-02 1.263483017683029175e-01
7.546674460172653198e-02 8.354337513446807861e-02
7.488517463207244873e-02 9.897261112928390503e-02
7.447622716426849365e-02 8.175301551818847656e-02
7.265591621398925781e-02 8.430162072181701660e-02
7.206558436155319214e-02 8.492027968168258667e-02
7.074251770973205566e-02 7.440783083438873291e-02
7.064612954854965210e-02 7.361342757940292358e-02
6.969938427209854126e-02 7.097050547599792480e-02
6.907234340906143188e-02 9.923377633094787598e-02
6.812243908643722534e-02 7.334155589342117310e-02
6.732261180877685547e-02 7.009113579988479614e-02
6.724490225315093994e-02 7.433923333883285522e-02
6.668061763048171997e-02 6.824751198291778564e-02
6.661736965179443359e-02 7.353055477142333984e-02
6.645191460847854614e-02 6.863996386528015137e-02
6.645143032073974609e-02 7.128407061100006104e-02
6.312065571546554565e-02 7.112220674753189087e-02
6.176917254924774170e-02 7.043447345495223999e-02
5.391307175159454346e-02 5.493549257516860962e-02
5.143582075834274292e-02 5.763901025056838989e-02
