0.000000000000000000e+00 1.073042862117290497e-02
0.000000000000000000e+00 1.082932576537132263e-02
0.000000000000000000e+00 1.083660125732421875e-02
0.000000000000000000e+00 1.093950122594833374e-02
0.000000000000000000e+00 1.201032288372516632e-02
0.000000000000000000e+00 1.396886073052883148e-02
0.000000000000000000e+00 1.468044519424438477e-02
0.000000000000000000e+00 1.520888879895210266e-02
0.000000000000000000e+00 1.554106269031763077e-02
0.000000000000000000e+00 1.590136624872684479e-02
0.000000000000000000e+00 1.592471450567245483e-02
0.000000000000000000e+00 1.676721125841140747e-02
0.000000000000000000e+00 1.720917411148548126e-02
0.000000000000000000e+00 1.825579442083835602e-02
0.000000000000000000e+00 1.931892707943916321e-02
0.000000000000000000e+00 1.958845742046833038e-02
0.000000000000000000e+00 1.972295530140399933e-02
0.000000000000000000e+00 1.997935026884078979e-02
0.000000000000000000e+00 2.029072679579257965e-02
0.000000000000000000e+00 2.111346460878849030e-02
0.000000000000000000e+00 2.111572213470935822e-02
0.000000000000000000e+00 2.171710878610610962e-02
0.000000000000000000e+00 2.213750779628753662e-02
0.000000000000000000e+00 2.218797244131565094e-02
0.000000000000000000e+00 2.232335135340690613e-02
0.000000000000000000e+00 2.255856804549694061e-02
0.000000000000000000e+00 2.303358912467956543e-02
0.000000000000000000e+00 2.317463420331478119e-02
0.000000000000000000e+00 2.383394166827201843e-02
0.000000000000000000e+00 2.438067458570003510e-02
0.000000000000000000e+00 2.495799772441387177e-02
0.000000000000000000e+00 2.532297931611537933e-02
0.000000000000000000e+00 2.535700052976608276e-02
0.000000000000000000e+00 2.547786198556423187e-02
0.000000000000000000e+00 2.565026096999645233e-02
0.000000000000000000e+00 2.590229734778404236e-02
0.000000000000000000e+00 2.594953216612339020e-02
0.000000000000000000e+00 2.615428157150745392e-02
0.000000000000000000e+00 2.642719633877277374e-02
0.000000000000000000e+00 2.642879448831081390e-02
0.000000000000000000e+00 2.745002508163452148e-02
0.000000000000000000e+00 2.824830077588558197e-02
0.000000000000000000e+00 2.833209559321403503e-02
0.000000000000000000e+00 2.913212217390537262e-02
0.000000000000000000e+00 2.939433045685291290e-02
0.000000000000000000e+00 2.986549213528633118e-02
0.000000000000000000e+00 2.987076155841350555e-02
0.000000000000000000e+00 2.988484315574169159e-02
0.000000000000000000e+00 3.061101399362087250e-02
0.000000000000000000e+00 3.082353062927722931e-02
0.000000000000000000e+00 3.187344223260879517e-02
0.000000000000000000e+00 3.205898031592369080e-02
0.000000000000000000e+00 3.209122642874717712e-02
0.000000000000000000e+00 3.246433287858963013e-02
0.000000000000000000e+00 3.250603750348091125e-02
0.000000000000000000e+00 3.252536058425903320e-02
0.000000000000000000e+00 3.323649242520332336e-02
0.000000000000000000e+00 3.327328339219093323e-02
0.000000000000000000e+00 3.348114341497421265e-02
0.000000000000000000e+00 3.405820950865745544e-02
0.000000000000000000e+00 3.432630375027656555e-02
0.000000000000000000e+00 3.474154695868492126e-02
0.000000000000000000e+00 3.479140624403953552e-02
0.000000000000000000e+00 3.521678969264030457e-02
0.000000000000000000e+00 3.530401736497879028e-02
0.000000000000000000e+00 3.531367704272270203e-02
0.000000000000000000e+00 3.557034954428672791e-02
0.000000000000000000e+00 3.571779653429985046e-02
0.000000000000000000e+00 3.573893383145332336e-02
0.000000000000000000e+00 3.607903793454170227e-02
0.000000000000000000e+00 3.615776076912879944e-02
0.000000000000000000e+00 3.672211989760398865e-02
0.000000000000000000e+00 3.685111552476882935e-02
0.000000000000000000e+00 3.700798749923706055e-02
0.000000000000000000e+00 3.710814937949180603e-02
0.000000000000000000e+00 3.714912384748458862e-02
0.000000000000000000e+00 3.752623125910758972e-02
0.000000000000000000e+00 3.769208118319511414e-02
0.000000000000000000e+00 3.796083107590675354e-02
0.000000000000000000e+00 3.848172724246978760e-02
0.000000000000000000e+00 3.850173577666282654e-02
0.000000000000000000e+00 3.865151107311248779e-02
0.000000000000000000e+00 3.870469704270362854e-02
0.000000000000000000e+00 3.894677385687828064e-02
0.000000000000000000e+00 3.913907334208488464e-02
0.000000000000000000e+00 3.918680921196937561e-02
0.000000000000000000e+00 3.956176340579986572e-02
0.000000000000000000e+00 3.971183672547340393e-02
0.000000000000000000e+00 3.973665833473205566e-02
0.000000000000000000e+00 4.000167176127433777e-02
0.000000000000000000e+00 4.024386778473854065e-02
0.000000000000000000e+00 4.059640690684318542e-02
0.000000000000000000e+00 4.082035273313522339e-02
0.000000000000000000e+00 4.084785655140876770e-02
0.000000000000000000e+00 4.103448614478111267e-02
0.000000000000000000e+00 4.112805798649787903e-02
0.000000000000000000e+00 4.127885401248931885e-02
0.000000000000000000e+00 4.138163477182388306e-02
0.000000000000000000e+00 4.175347834825515747e-02
0.000000000000000000e+00 4.200560972094535828e-02
0.000000000000000000e+00 4.204972088336944580e-02
0.000000000000000000e+00 4.209296777844429016e-02
0.000000000000000000e+00 4.253040626645088196e-02
0.000000000000000000e+00 4.258500039577484131e-02
0.000000000000000000e+00 4.270590096712112427e-02
0.000000000000000000e+00 4.273055866360664368e-02
0.000000000000000000e+00 4.275428876280784607e-02
0.000000000000000000e+00 4.292595386505126953e-02
0.000000000000000000e+00 4.298768565058708191e-02
0.000000000000000000e+00 4.304481670260429382e-02
0.000000000000000000e+00 4.336077347397804260e-02
0.000000000000000000e+00 4.363536089658737183e-02
0.000000000000000000e+00 4.382406547665596008e-02
0.000000000000000000e+00 4.406981542706489563e-02
0.000000000000000000e+00 4.417160525918006897e-02
0.000000000000000000e+00 4.417284578084945679e-02
0.000000000000000000e+00 4.420684278011322021e-02
0.000000000000000000e+00 4.451227933168411255e-02
0.000000000000000000e+00 4.471946507692337036e-02
0.000000000000000000e+00 4.480741545557975769e-02
0.000000000000000000e+00 4.498893767595291138e-02
0.000000000000000000e+00 4.566591978073120117e-02
0.000000000000000000e+00 4.572831094264984131e-02
0.000000000000000000e+00 4.590623825788497925e-02
0.000000000000000000e+00 4.601488634943962097e-02
0.000000000000000000e+00 4.608091711997985840e-02
0.000000000000000000e+00 4.609077051281929016e-02
0.000000000000000000e+00 4.620006307959556580e-02
0.000000000000000000e+00 4.634734988212585449e-02
0.000000000000000000e+00 4.646961390972137451e-02
0.000000000000000000e+00 4.655795171856880188e-02
0.000000000000000000e+00 4.656796157360076904e-02
0.000000000000000000e+00 4.658759757876396179e-02
0.000000000000000000e+00 4.672312736511230469e-02
0.000000000000000000e+00 4.674887284636497498e-02
0.000000000000000000e+00 4.690380766987800598e-02
0.000000000000000000e+00 4.703389480710029602e-02
0.000000000000000000e+00 4.707173630595207214e-02
0.000000000000000000e+00 4.721710458397865295e-02
0.000000000000000000e+00 4.730872437357902527e-02
0.000000000000000000e+00 4.741685837507247925e-02
0.000000000000000000e+00 4.746329784393310547e-02
0.000000000000000000e+00 4.758835956454277039e-02
0.000000000000000000e+00 4.774006083607673645e-02
0.000000000000000000e+00 4.775146767497062683e-02
0.000000000000000000e+00 4.789834842085838318e-02
0.000000000000000000e+00 4.812687262892723083e-02
0.000000000000000000e+00 4.817447438836097717e-02
0.000000000000000000e+00 4.821395501494407654e-02
0.000000000000000000e+00 4.827910661697387695e-02
0.000000000000000000e+00 4.831495881080627441e-02
0.000000000000000000e+00 4.837442189455032349e-02
0.000000000000000000e+00 4.841576516628265381e-02
0.000000000000000000e+00 4.852130636572837830e-02
0.000000000000000000e+00 4.855692386627197266e-02
0.000000000000000000e+00 4.859020933508872986e-02
0.000000000000000000e+00 4.869750887155532837e-02
0.000000000000000000e+00 4.890652000904083252e-02
0.000000000000000000e+00 4.898695647716522217e-02
0.000000000000000000e+00 4.914880916476249695e-02
0.000000000000000000e+00 4.927493259310722351e-02
0.000000000000000000e+00 4.928276315331459045e-02
0.000000000000000000e+00 4.942560940980911255e-02
0.000000000000000000e+00 4.954976588487625122e-02
0.000000000000000000e+00 4.969453811645507812e-02
0.000000000000000000e+00 5.024382099509239197e-02
0.000000000000000000e+00 5.028367415070533752e-02
0.000000000000000000e+00 5.033608153462409973e-02
0.000000000000000000e+00 5.067615956068038940e-02
0.000000000000000000e+00 5.083853006362915039e-02
0.000000000000000000e+00 5.099869519472122192e-02
0.000000000000000000e+00 5.106087774038314819e-02
0.000000000000000000e+00 5.112528428435325623e-02
0.000000000000000000e+00 5.123839527368545532e-02
0.000000000000000000e+00 5.127914994955062866e-02
0.000000000000000000e+00 5.146193131804466248e-02
0.000000000000000000e+00 5.148557946085929871e-02
0.000000000000000000e+00 5.158729106187820435e-02
0.000000000000000000e+00 5.165437981486320496e-02
0.000000000000000000e+00 5.184163525700569153e-02
0.000000000000000000e+00 5.191722512245178223e-02
0.000000000000000000e+00 5.200962722301483154e-02
0.000000000000000000e+00 5.201797187328338623e-02
0.000000000000000000e+00 5.214710161089897156e-02
0.000000000000000000e+00 5.219613388180732727e-02
0.000000000000000000e+00 5.225311219692230225e-02
0.000000000000000000e+00 5.234017595648765564e-02
0.000000000000000000e+00 5.236667767167091370e-02
0.000000000000000000e+00 5.240029841661453247e-02
0.000000000000000000e+00 5.241819098591804504e-02
0.000000000000000000e+00 5.242875963449478149e-02
0.000000000000000000e+00 5.246468633413314819e-02
0.000000000000000000e+00 5.264972895383834839e-02
0.000000000000000000e+00 5.270755663514137268e-02
0.000000000000000000e+00 5.279786512255668640e-02
0.000000000000000000e+00 5.280605703592300415e-02
0.000000000000000000e+00 5.281578004360198975e-02
0.000000000000000000e+00 5.321552976965904236e-02
0.000000000000000000e+00 5.321838706731796265e-02
0.000000000000000000e+00 5.322609841823577881e-02
0.000000000000000000e+00 5.331518128514289856e-02
0.000000000000000000e+00 5.337732285261154175e-02
0.000000000000000000e+00 5.338834971189498901e-02
0.000000000000000000e+00 5.410872399806976318e-02
0.000000000000000000e+00 5.411596968770027161e-02
0.000000000000000000e+00 5.430643633008003235e-02
0.000000000000000000e+00 5.437267199158668518e-02
0.000000000000000000e+00 5.438692495226860046e-02
0.000000000000000000e+00 5.439582467079162598e-02
0.000000000000000000e+00 5.446248874068260193e-02
0.000000000000000000e+00 5.447800830006599426e-02
0.000000000000000000e+00 5.457261204719543457e-02
0.000000000000000000e+00 5.465296283364295959e-02
0.000000000000000000e+00 5.477848649024963379e-02
0.000000000000000000e+00 5.492863431572914124e-02
0.000000000000000000e+00 5.502529442310333252e-02
0.000000000000000000e+00 5.508403107523918152e-02
0.000000000000000000e+00 5.518063157796859741e-02
0.000000000000000000e+00 5.530186370015144348e-02
0.000000000000000000e+00 5.540638044476509094e-02
0.000000000000000000e+00 5.543047189712524414e-02
0.000000000000000000e+00 5.569956451654434204e-02
0.000000000000000000e+00 5.570342764258384705e-02
0.000000000000000000e+00 5.573064088821411133e-02
0.000000000000000000e+00 5.580515787005424500e-02
0.000000000000000000e+00 5.586657300591468811e-02
0.000000000000000000e+00 5.589449405670166016e-02
0.000000000000000000e+00 5.613732710480690002e-02
0.000000000000000000e+00 5.615518987178802490e-02
0.000000000000000000e+00 5.617870762944221497e-02
0.000000000000000000e+00 5.619403719902038574e-02
0.000000000000000000e+00 5.653567612171173096e-02
0.000000000000000000e+00 5.655851587653160095e-02
0.000000000000000000e+00 5.659086257219314575e-02
0.000000000000000000e+00 5.671681463718414307e-02
0.000000000000000000e+00 5.688155815005302429e-02
0.000000000000000000e+00 5.691560357809066772e-02
0.000000000000000000e+00 5.700382217764854431e-02
0.000000000000000000e+00 5.702455341815948486e-02
0.000000000000000000e+00 5.702797323465347290e-02
0.000000000000000000e+00 5.714366585016250610e-02
0.000000000000000000e+00 5.724331364035606384e-02
0.000000000000000000e+00 5.733770877122879028e-02
0.000000000000000000e+00 5.747257173061370850e-02
0.000000000000000000e+00 5.764192715287208557e-02
0.000000000000000000e+00 5.765254795551300049e-02
0.000000000000000000e+00 5.768788605928421021e-02
0.000000000000000000e+00 5.797619745135307312e-02
0.000000000000000000e+00 5.827593058347702026e-02
0.000000000000000000e+00 5.840707942843437195e-02
0.000000000000000000e+00 5.851828306913375854e-02
0.000000000000000000e+00 5.888408794999122620e-02
0.000000000000000000e+00 5.903082340955734253e-02
0.000000000000000000e+00 5.906380340456962585e-02
0.000000000000000000e+00 5.912331119179725647e-02
0.000000000000000000e+00 5.927709862589836121e-02
0.000000000000000000e+00 5.950240045785903931e-02
0.000000000000000000e+00 5.960842967033386230e-02
0.000000000000000000e+00 5.995807796716690063e-02
0.000000000000000000e+00 6.005441024899482727e-02
0.000000000000000000e+00 6.009558215737342834e-02
0.000000000000000000e+00 6.010998785495758057e-02
0.000000000000000000e+00 6.024765595793724060e-02
0.000000000000000000e+00 6.024919822812080383e-02
0.000000000000000000e+00 6.030674651265144348e-02
0.000000000000000000e+00 6.031094491481781006e-02
0.000000000000000000e+00 6.042966991662979126e-02
0.000000000000000000e+00 6.059924513101577759e-02
0.000000000000000000e+00 6.080642342567443848e-02
0.000000000000000000e+00 6.081223860383033752e-02
0.000000000000000000e+00 6.082093343138694763e-02
0.000000000000000000e+00 6.085670366883277893e-02
0.000000000000000000e+00 6.090148538351058960e-02
0.000000000000000000e+00 6.091205403208732605e-02
0.000000000000000000e+00 6.111975386738777161e-02
0.000000000000000000e+00 6.119630113244056702e-02
0.000000000000000000e+00 6.120887398719787598e-02
0.000000000000000000e+00 6.125726923346519470e-02
0.000000000000000000e+00 6.136337667703628540e-02
0.000000000000000000e+00 6.142354384064674377e-02
0.000000000000000000e+00 6.167139858007431030e-02
0.000000000000000000e+00 6.170959398150444031e-02
0.000000000000000000e+00 6.170975044369697571e-02
0.000000000000000000e+00 6.179686635732650757e-02
0.000000000000000000e+00 6.181213632225990295e-02
0.000000000000000000e+00 6.194964796304702759e-02
0.000000000000000000e+00 6.202026456594467163e-02
0.000000000000000000e+00 6.203677505254745483e-02
0.000000000000000000e+00 6.208155304193496704e-02
0.000000000000000000e+00 6.210626661777496338e-02
0.000000000000000000e+00 6.215671449899673462e-02
0.000000000000000000e+00 6.217900291085243225e-02
0.000000000000000000e+00 6.234985589981079102e-02
0.000000000000000000e+00 6.235190108418464661e-02
0.000000000000000000e+00 6.246059387922286987e-02
0.000000000000000000e+00 6.249937415122985840e-02
0.000000000000000000e+00 6.260701268911361694e-02
0.000000000000000000e+00 6.260776519775390625e-02
0.000000000000000000e+00 6.280933320522308350e-02
0.000000000000000000e+00 6.283298134803771973e-02
0.000000000000000000e+00 6.284462660551071167e-02
0.000000000000000000e+00 6.302547454833984375e-02
0.000000000000000000e+00 6.313200294971466064e-02
0.000000000000000000e+00 6.317793577909469604e-02
0.000000000000000000e+00 6.320283561944961548e-02
0.000000000000000000e+00 6.342950463294982910e-02
0.000000000000000000e+00 6.349863857030868530e-02
0.000000000000000000e+00 6.349983066320419312e-02
0.000000000000000000e+00 6.350036710500717163e-02
0.000000000000000000e+00 6.354036927223205566e-02
0.000000000000000000e+00 6.356120854616165161e-02
0.000000000000000000e+00 6.395537406206130981e-02
0.000000000000000000e+00 6.396320462226867676e-02
0.000000000000000000e+00 6.432583183050155640e-02
0.000000000000000000e+00 6.433948874473571777e-02
0.000000000000000000e+00 6.452427059412002563e-02
0.000000000000000000e+00 6.454817205667495728e-02
0.000000000000000000e+00 6.456328183412551880e-02
0.000000000000000000e+00 6.456540524959564209e-02
0.000000000000000000e+00 6.489279121160507202e-02
0.000000000000000000e+00 6.491973996162414551e-02
0.000000000000000000e+00 6.497859209775924683e-02
0.000000000000000000e+00 6.569982320070266724e-02
0.000000000000000000e+00 6.585948169231414795e-02
0.000000000000000000e+00 6.586579978466033936e-02
0.000000000000000000e+00 6.604993343353271484e-02
0.000000000000000000e+00 6.609176844358444214e-02
0.000000000000000000e+00 6.609696149826049805e-02
0.000000000000000000e+00 6.652760505676269531e-02
0.000000000000000000e+00 6.662148237228393555e-02
0.000000000000000000e+00 6.682619452476501465e-02
0.000000000000000000e+00 6.684986501932144165e-02
0.000000000000000000e+00 6.686449795961380005e-02
0.000000000000000000e+00 6.687773019075393677e-02
0.000000000000000000e+00 6.697613745927810669e-02
0.000000000000000000e+00 6.715744733810424805e-02
0.000000000000000000e+00 6.720989942550659180e-02
0.000000000000000000e+00 6.721658259630203247e-02
0.000000000000000000e+00 6.723175942897796631e-02
0.000000000000000000e+00 6.737279891967773438e-02
0.000000000000000000e+00 6.746350228786468506e-02
0.000000000000000000e+00 6.780999153852462769e-02
0.000000000000000000e+00 6.802669912576675415e-02
0.000000000000000000e+00 6.808204948902130127e-02
0.000000000000000000e+00 6.817720830440521240e-02
0.000000000000000000e+00 6.845875084400177002e-02
0.000000000000000000e+00 6.846133619546890259e-02
0.000000000000000000e+00 6.851606816053390503e-02
0.000000000000000000e+00 6.856138259172439575e-02
0.000000000000000000e+00 6.868779659271240234e-02
0.000000000000000000e+00 6.872536242008209229e-02
0.000000000000000000e+00 6.920018047094345093e-02
0.000000000000000000e+00 6.920516490936279297e-02
0.000000000000000000e+00 6.929087638854980469e-02
0.000000000000000000e+00 6.936085224151611328e-02
0.000000000000000000e+00 6.941374391317367554e-02
0.000000000000000000e+00 6.974864751100540161e-02
0.000000000000000000e+00 6.978240609169006348e-02
0.000000000000000000e+00 6.984233111143112183e-02
0.000000000000000000e+00 6.986012309789657593e-02
0.000000000000000000e+00 6.989844888448715210e-02
0.000000000000000000e+00 7.001566886901855469e-02
0.000000000000000000e+00 7.032375782728195190e-02
0.000000000000000000e+00 7.033949345350265503e-02
0.000000000000000000e+00 7.051102817058563232e-02
0.000000000000000000e+00 7.094856351613998413e-02
0.000000000000000000e+00 7.101812213659286499e-02
0.000000000000000000e+00 7.104880362749099731e-02
0.000000000000000000e+00 7.117868214845657349e-02
0.000000000000000000e+00 7.131000608205795288e-02
0.000000000000000000e+00 7.131300866603851318e-02
0.000000000000000000e+00 7.136736810207366943e-02
0.000000000000000000e+00 7.137850672006607056e-02
0.000000000000000000e+00 7.148236036300659180e-02
0.000000000000000000e+00 7.163043320178985596e-02
0.000000000000000000e+00 7.195907086133956909e-02
0.000000000000000000e+00 7.199642807245254517e-02
0.000000000000000000e+00 7.204896211624145508e-02
0.000000000000000000e+00 7.239641249179840088e-02
0.000000000000000000e+00 7.244763523340225220e-02
0.000000000000000000e+00 7.250121980905532837e-02
0.000000000000000000e+00 7.280368357896804810e-02
0.000000000000000000e+00 7.302719354629516602e-02
0.000000000000000000e+00 7.302772253751754761e-02
0.000000000000000000e+00 7.313536107540130615e-02
0.000000000000000000e+00 7.317368686199188232e-02
0.000000000000000000e+00 7.322868704795837402e-02
0.000000000000000000e+00 7.341170310974121094e-02
0.000000000000000000e+00 7.356833666563034058e-02
0.000000000000000000e+00 7.367166876792907715e-02
0.000000000000000000e+00 7.393148541450500488e-02
0.000000000000000000e+00 7.414538413286209106e-02
0.000000000000000000e+00 7.436485588550567627e-02
0.000000000000000000e+00 7.437142729759216309e-02
0.000000000000000000e+00 7.450307905673980713e-02
0.000000000000000000e+00 7.458849996328353882e-02
0.000000000000000000e+00 7.467308640480041504e-02
0.000000000000000000e+00 7.485172897577285767e-02
0.000000000000000000e+00 7.492435723543167114e-02
0.000000000000000000e+00 7.492873817682266235e-02
0.000000000000000000e+00 7.505957037210464478e-02
0.000000000000000000e+00 7.519918680191040039e-02
0.000000000000000000e+00 7.531087845563888550e-02
0.000000000000000000e+00 7.539384067058563232e-02
0.000000000000000000e+00 7.543057203292846680e-02
0.000000000000000000e+00 7.556752860546112061e-02
0.000000000000000000e+00 7.561106979846954346e-02
0.000000000000000000e+00 7.561825215816497803e-02
0.000000000000000000e+00 7.610207796096801758e-02
0.000000000000000000e+00 7.621407508850097656e-02
0.000000000000000000e+00 7.626024633646011353e-02
0.000000000000000000e+00 7.627330720424652100e-02
0.000000000000000000e+00 7.630768418312072754e-02
0.000000000000000000e+00 7.681342959403991699e-02
0.000000000000000000e+00 7.689376175403594971e-02
0.000000000000000000e+00 7.707297801971435547e-02
0.000000000000000000e+00 7.721168547868728638e-02
0.000000000000000000e+00 7.729509472846984863e-02
0.000000000000000000e+00 7.741932570934295654e-02
0.000000000000000000e+00 7.795558869838714600e-02
0.000000000000000000e+00 7.804679125547409058e-02
0.000000000000000000e+00 7.805524021387100220e-02
0.000000000000000000e+00 7.830347865819931030e-02
0.000000000000000000e+00 7.843863219022750854e-02
0.000000000000000000e+00 7.874707877635955811e-02
0.000000000000000000e+00 7.875597476959228516e-02
0.000000000000000000e+00 7.883554697036743164e-02
0.000000000000000000e+00 7.896150648593902588e-02
0.000000000000000000e+00 7.933443784713745117e-02
0.000000000000000000e+00 7.939692586660385132e-02
0.000000000000000000e+00 7.971946150064468384e-02
0.000000000000000000e+00 7.974756509065628052e-02
0.000000000000000000e+00 8.026454597711563110e-02
0.000000000000000000e+00 8.039011806249618530e-02
0.000000000000000000e+00 8.086016774177551270e-02
0.000000000000000000e+00 8.105582743883132935e-02
0.000000000000000000e+00 8.113878220319747925e-02
0.000000000000000000e+00 8.122971653938293457e-02
0.000000000000000000e+00 8.130433410406112671e-02
0.000000000000000000e+00 8.152038604021072388e-02
0.000000000000000000e+00 8.175670355558395386e-02
0.000000000000000000e+00 8.190844953060150146e-02
0.000000000000000000e+00 8.191449940204620361e-02
0.000000000000000000e+00 8.235622942447662354e-02
0.000000000000000000e+00 8.242796361446380615e-02
0.000000000000000000e+00 8.268549293279647827e-02
0.000000000000000000e+00 8.332101255655288696e-02
0.000000000000000000e+00 8.336232602596282959e-02
0.000000000000000000e+00 8.340383321046829224e-02
0.000000000000000000e+00 8.363927900791168213e-02
0.000000000000000000e+00 8.366109430789947510e-02
0.000000000000000000e+00 8.407680690288543701e-02
0.000000000000000000e+00 8.431161195039749146e-02
0.000000000000000000e+00 8.433989435434341431e-02
0.000000000000000000e+00 8.436359465122222900e-02
0.000000000000000000e+00 8.447702229022979736e-02
0.000000000000000000e+00 8.468803018331527710e-02
0.000000000000000000e+00 8.492205291986465454e-02
0.000000000000000000e+00 8.511329442262649536e-02
0.000000000000000000e+00 8.551491796970367432e-02
0.000000000000000000e+00 8.579942584037780762e-02
0.000000000000000000e+00 8.587448298931121826e-02
0.000000000000000000e+00 8.589766919612884521e-02
0.000000000000000000e+00 8.604317903518676758e-02
0.000000000000000000e+00 8.618508279323577881e-02
0.000000000000000000e+00 8.639992028474807739e-02
0.000000000000000000e+00 8.656200021505355835e-02
0.000000000000000000e+00 8.733838796615600586e-02
0.000000000000000000e+00 8.740161359310150146e-02
0.000000000000000000e+00 8.823128789663314819e-02
0.000000000000000000e+00 8.894550055265426636e-02
0.000000000000000000e+00 8.959260582923889160e-02
0.000000000000000000e+00 8.962044119834899902e-02
0.000000000000000000e+00 8.966326713562011719e-02
0.000000000000000000e+00 9.029625356197357178e-02
0.000000000000000000e+00 9.056941419839859009e-02
0.000000000000000000e+00 9.077333658933639526e-02
0.000000000000000000e+00 9.146030992269515991e-02
0.000000000000000000e+00 9.161939471960067749e-02
0.000000000000000000e+00 9.213867038488388062e-02
0.000000000000000000e+00 9.287141263484954834e-02
0.000000000000000000e+00 9.398283064365386963e-02
0.000000000000000000e+00 9.570522606372833252e-02
0.000000000000000000e+00 9.601879864931106567e-02
0.000000000000000000e+00 9.629387408494949341e-02
0.000000000000000000e+00 9.717140346765518188e-02
0.000000000000000000e+00 9.844010323286056519e-02
0.000000000000000000e+00 9.964136779308319092e-02
0.000000000000000000e+00 9.964391589164733887e-02
0.000000000000000000e+00 1.003138944506645203e-01
0.000000000000000000e+00 1.022553145885467529e-01
0.000000000000000000e+00 1.073564887046813965e-01
0.000000000000000000e+00 1.083981990814208984e-01
0.000000000000000000e+00 1.093106344342231750e-01
0.000000000000000000e+00 1.153037920594215393e-01
0.000000000000000000e+00 1.161207407712936401e-01
0.000000000000000000e+00 1.292188018560409546e-01
0.000000000000000000e+00 1.372394263744354248e-01
0.000000000000000000e+00 1.586334109306335449e-01
