1.710612922906875610e-01 1.732611805200576782e-01
1.542628705501556396e-01 1.555751413106918335e-01
1.506404876708984375e-01 1.552798897027969360e-01
1.401702463626861572e-01 1.419903039932250977e-01
1.374519616365432739e-01 1.389362663030624390e-01
1.335401535034179688e-01 1.346997916698455811e-01
1.328772902488708496e-01 1.330898255109786987e-01
1.317792981863021851e-01 1.339929848909378052e-01
1.309360116720199585e-01 1.391524225473403931e-01
1.303589195013046265e-01 1.303811818361282349e-01
1.297129392623901367e-01 1.305352747440338135e-01
1.286934912204742432e-01 1.328929960727691650e-01
1.284518688917160034e-01 1.285664141178131104e-01
1.281299442052841187e-01 1.345093548297882080e-01
1.272393167018890381e-01 1.353072226047515869e-01
1.245050951838493347e-01 1.285744607448577881e-01
1.243418455123901367e-01 1.376599073410034180e-01
1.239639222621917725e-01 1.244549676775932312e-01
1.238540560007095337e-01 1.262164115905761719e-01
1.215123310685157776e-01 1.339929848909378052e-01
1.209048479795455933e-01 1.327153891324996948e-01
1.204074099659919739e-01 1.214928179979324341e-01
1.202041283249855042e-01 1.263698190450668335e-01
1.196128800511360168e-01 1.351633369922637939e-01
1.188336089253425598e-01 1.575148999691009521e-01
1.183278560638427734e-01 1.426567286252975464e-01
1.179762259125709534e-01 1.544881016016006470e-01
1.178711056709289551e-01 1.269253492355346680e-01
1.175030916929244995e-01 1.329605132341384888e-01
1.167354509234428406e-01 1.626369655132293701e-01
1.165935918688774109e-01 1.241127625107765198e-01
1.158987730741500854e-01 1.162027493119239807e-01
1.156984791159629822e-01 1.176576167345046997e-01
1.137732565402984619e-01 1.179022938013076782e-01
1.129993498325347900e-01 1.172369271516799927e-01
1.129491478204727173e-01 1.224632561206817627e-01
1.128574386239051819e-01 1.147520318627357483e-01
1.126729473471641541e-01 1.217899695038795471e-01
1.122413277626037598e-01 1.177521422505378723e-01
1.119407266378402710e-01 1.324145346879959106e-01
1.114626601338386536e-01 1.235855594277381897e-01
1.108368560671806335e-01 1.253495365381240845e-01
1.104655116796493530e-01 1.234189569950103760e-01
1.101401075720787048e-01 1.122284010052680969e-01
1.101346015930175781e-01 1.226405501365661621e-01
1.097506433725357056e-01 1.473016291856765747e-01
1.097412928938865662e-01 1.155505552887916565e-01
1.096974089741706848e-01 1.158363446593284607e-01
1.094927117228507996e-01 1.413290798664093018e-01
1.079289093613624573e-01 1.352774947881698608e-01
1.077899262309074402e-01 1.143549978733062744e-01
1.065330877900123596e-01 1.158241108059883118e-01
1.062325909733772278e-01 1.153610944747924805e-01
1.060379520058631897e-01 1.099119111895561218e-01
1.057861894369125366e-01 1.062776893377304077e-01
1.054473295807838440e-01 1.139887869358062744e-01
1.052449867129325867e-01 1.197497472167015076e-01
1.043825671076774597e-01 1.285744607448577881e-01
1.041459813714027405e-01 1.059848293662071228e-01
1.041187345981597900e-01 1.127077341079711914e-01
1.038695275783538818e-01 1.064415797591209412e-01
1.036983802914619446e-01 1.184308826923370361e-01
1.033661067485809326e-01 1.244330629706382751e-01
1.032693460583686829e-01 1.034644544124603271e-01
1.032638624310493469e-01 1.251584589481353760e-01
1.026903763413429260e-01 1.228761151432991028e-01
1.026534885168075562e-01 1.109633371233940125e-01
1.025105044245719910e-01 1.176126599311828613e-01
1.019215881824493408e-01 1.448963433504104614e-01
1.018453687429428101e-01 1.299947649240493774e-01
1.018328741192817688e-01 1.342660635709762573e-01
1.015792563557624817e-01 1.197810992598533630e-01
1.015760004520416260e-01 1.276503056287765503e-01
1.015647724270820618e-01 1.026653349399566650e-01
1.015173122286796570e-01 1.123661026358604431e-01
1.011573150753974915e-01 1.741699278354644775e-01
1.011454015970230103e-01 1.288536041975021362e-01
1.010906696319580078e-01 1.070289239287376404e-01
1.009309887886047363e-01 1.338745504617691040e-01
1.007369831204414368e-01 1.106560453772544861e-01
1.004990190267562866e-01 1.430472135543823242e-01
1.003887802362442017e-01 1.301088035106658936e-01
1.002464070916175842e-01 1.475556194782257080e-01
9.988363832235336304e-02 1.341074705123901367e-01
9.957182407379150391e-02 9.989374876022338867e-02
9.943190962076187134e-02 1.064623072743415833e-01
9.909327328205108643e-02 1.091556772589683533e-01
9.891662746667861938e-02 1.119101494550704956e-01
9.884069859981536865e-02 1.202028989791870117e-01
9.883213043212890625e-02 1.162027493119239807e-01
9.876748919486999512e-02 1.061532497406005859e-01
9.824573993682861328e-02 1.222611591219902039e-01
9.817302972078323364e-02 1.179782077670097351e-01
9.816714376211166382e-02 1.068773195147514343e-01
9.785594791173934937e-02 9.927947074174880981e-02
9.785448014736175537e-02 1.134556308388710022e-01
9.770352393388748169e-02 1.315824389457702637e-01
9.767156839370727539e-02 1.044409349560737610e-01
9.753447771072387695e-02 1.003573611378669739e-01
9.708362817764282227e-02 1.044814810156822205e-01
9.682937711477279663e-02 1.366945803165435791e-01
9.675002098083496094e-02 1.016756221652030945e-01
9.674931317567825317e-02 1.400385200977325439e-01
9.663186222314834595e-02 1.197628900408744812e-01
9.653612971305847168e-02 1.460061371326446533e-01
9.646645188331604004e-02 1.065354496240615845e-01
9.646542370319366455e-02 1.021213084459304810e-01
9.643609076738357544e-02 9.843370318412780762e-02
9.615822136402130127e-02 1.205841824412345886e-01
9.585781395435333252e-02 1.287812590599060059e-01
9.567399322986602783e-02 1.108259037137031555e-01
9.536283463239669800e-02 1.002446860074996948e-01
9.504687786102294922e-02 9.886934608221054077e-02
9.485119581222534180e-02 9.780664741992950439e-02
9.475468844175338745e-02 1.111100614070892334e-01
9.473337978124618530e-02 1.198204308748245239e-01
9.469334781169891357e-02 1.168978437781333923e-01
9.463143348693847656e-02 1.632111221551895142e-01
9.439657628536224365e-02 1.254511624574661255e-01
9.421226382255554199e-02 1.047182157635688782e-01
9.404269605875015259e-02 1.059255227446556091e-01
9.379290789365768433e-02 1.178512647747993469e-01
9.377659112215042114e-02 1.591010242700576782e-01
9.357687830924987793e-02 9.550954401493072510e-02
9.289353340864181519e-02 1.216924265027046204e-01
9.285921603441238403e-02 1.296055763959884644e-01
9.269998222589492798e-02 1.144664287567138672e-01
9.265169501304626465e-02 1.404509693384170532e-01
9.242295473814010620e-02 1.207299530506134033e-01
9.134159237146377563e-02 9.757582843303680420e-02
9.099468588829040527e-02 9.607597440481185913e-02
9.058792144060134888e-02 1.466025114059448242e-01
9.028279036283493042e-02 1.347438246011734009e-01
8.994400501251220703e-02 1.161753162741661072e-01
8.935947716236114502e-02 9.659267216920852661e-02
8.912868797779083252e-02 1.398520469665527344e-01
8.909920603036880493e-02 1.197526454925537109e-01
8.907624334096908569e-02 1.506600975990295410e-01
8.906701207160949707e-02 8.907537162303924561e-02
8.895187824964523315e-02 1.266752928495407104e-01
8.884476870298385620e-02 9.908940643072128296e-02
8.879639953374862671e-02 9.930320829153060913e-02
8.869564533233642578e-02 1.233846992254257202e-01
8.862567692995071411e-02 1.205869764089584351e-01
8.832524716854095459e-02 1.171653121709823608e-01
8.807578682899475098e-02 9.674441814422607422e-02
8.807305991649627686e-02 1.115341857075691223e-01
8.775985985994338989e-02 1.042455434799194336e-01
8.761093765497207642e-02 1.041604876518249512e-01
8.735458552837371826e-02 9.294836968183517456e-02
8.690722286701202393e-02 1.161345764994621277e-01
8.689638972282409668e-02 1.326554119586944580e-01
8.671313524246215820e-02 8.849436044692993164e-02
8.661269396543502808e-02 9.725476801395416260e-02
8.655513077974319458e-02 1.110216900706291199e-01
8.649579435586929321e-02 1.009806394577026367e-01
8.635528385639190674e-02 1.270469874143600464e-01
8.621817082166671753e-02 1.181708797812461853e-01
8.617317676544189453e-02 1.319283097982406616e-01
8.597909659147262573e-02 1.228532046079635620e-01
8.594641089439392090e-02 1.255711168050765991e-01
8.559662848711013794e-02 1.007001474499702454e-01
8.550611138343811035e-02 1.089913100004196167e-01
8.464297652244567871e-02 9.102190285921096802e-02
8.431892842054367065e-02 1.025472953915596008e-01
8.396986871957778931e-02 9.522928297519683838e-02
8.372198045253753662e-02 8.487781882286071777e-02
8.353342860937118530e-02 1.120594143867492676e-01
8.334998786449432373e-02 9.340667724609375000e-02
8.331318199634552002e-02 1.025159284472465515e-01
8.315734565258026123e-02 9.568265825510025024e-02
8.292365819215774536e-02 8.889482170343399048e-02
8.288835734128952026e-02 8.625219762325286865e-02
8.286533504724502563e-02 9.333807975053787231e-02
8.275201171636581421e-02 1.129819750785827637e-01
8.239988237619400024e-02 8.829935640096664429e-02
8.239856362342834473e-02 9.411603212356567383e-02
8.187681436538696289e-02 9.128027409315109253e-02
8.185908943414688110e-02 9.155903011560440063e-02
8.184576034545898438e-02 1.259646266698837280e-01
8.121175318956375122e-02 8.545158803462982178e-02
8.018387109041213989e-02 1.051977500319480896e-01
8.008556067943572998e-02 1.380771547555923462e-01
7.986018806695938110e-02 8.936998993158340454e-02
7.983413338661193848e-02 1.224903240799903870e-01
7.971514761447906494e-02 8.112567663192749023e-02
7.963090389966964722e-02 8.673614263534545898e-02
7.949951291084289551e-02 8.411959558725357056e-02
7.944669574499130249e-02 9.590122848749160767e-02
7.939877361059188843e-02 1.246591433882713318e-01
7.927451282739639282e-02 8.366186171770095825e-02
7.871538400650024414e-02 8.414234220981597900e-02
7.823833078145980835e-02 7.857925444841384888e-02
7.815187424421310425e-02 1.204451546072959900e-01
7.802503556013107300e-02 1.142247989773750305e-01
7.802035659551620483e-02 1.419301331043243408e-01
7.791794836521148682e-02 8.195735514163970947e-02
7.781030982732772827e-02 1.000125557184219360e-01
7.774622738361358643e-02 1.433457583189010620e-01
7.751116901636123657e-02 1.405474841594696045e-01
7.749035209417343140e-02 8.341649174690246582e-02
7.738915085792541504e-02 1.366414874792098999e-01
7.733204960823059082e-02 1.431584060192108154e-01
7.714454829692840576e-02 8.567316085100173950e-02
7.685000449419021606e-02 8.560155332088470459e-02
7.669383287429809570e-02 9.970083832740783691e-02
7.624591141939163208e-02 9.352044016122817993e-02
7.516141235828399658e-02 7.774344086647033691e-02
7.487743347883224487e-02 7.979778945446014404e-02
7.434046268463134766e-02 9.414742141962051392e-02
7.306642830371856689e-02 8.609881997108459473e-02
7.230503112077713013e-02 7.844901829957962036e-02
7.218417525291442871e-02 8.779979497194290161e-02
7.176013290882110596e-02 7.918179780244827271e-02
7.143692672252655029e-02 8.673629164695739746e-02
7.139544188976287842e-02 7.220029085874557495e-02
7.129069417715072632e-02 8.801592886447906494e-02
7.026306539773941040e-02 1.016835495829582214e-01
6.980218738317489624e-02 7.626672834157943726e-02
6.941616535186767578e-02 9.251829236745834351e-02
6.865002959966659546e-02 9.696335345506668091e-02
6.746611744165420532e-02 7.065675407648086548e-02
6.686840206384658813e-02 9.244789928197860718e-02
6.533865630626678467e-02 7.797901332378387451e-02
6.393929570913314819e-02 7.247231155633926392e-02
6.338410824537277222e-02 6.444463878870010376e-02
6.191652268171310425e-02 7.018062472343444824e-02
5.867373570799827576e-02 6.195618584752082825e-02
5.827903002500534058e-02 6.504489481449127197e-02
5.576535686850547791e-02 6.282317638397216797e-02
5.412093549966812134e-02 5.534645915031433105e-02
5.097882077097892761e-02 5.319383367896080017e-02
4.996611550450325012e-02 5.478434264659881592e-02
4.588901624083518982e-02 5.271707475185394287e-02
