1.982126384973526001e-01 2.021643817424774170e-01
1.837677210569381714e-01 1.841001659631729126e-01
1.758965253829956055e-01 1.880761831998825073e-01
1.731505542993545532e-01 1.881958693265914917e-01
1.677673161029815674e-01 2.087801545858383179e-01
1.607694625854492188e-01 2.001602500677108765e-01
1.606773734092712402e-01 1.623902469873428345e-01
1.600807756185531616e-01 1.657602638006210327e-01
1.580058336257934570e-01 1.662572175264358521e-01
1.568682342767715454e-01 1.782887130975723267e-01
1.536844372749328613e-01 1.656324714422225952e-01
1.529680639505386353e-01 1.601839512586593628e-01
1.528581529855728149e-01 1.663452386856079102e-01
1.522079557180404663e-01 1.798334270715713501e-01
1.504115909337997437e-01 1.590595245361328125e-01
1.498893797397613525e-01 1.760305166244506836e-01
1.462880074977874756e-01 1.599593311548233032e-01
1.459850817918777466e-01 1.504508554935455322e-01
1.451520770788192749e-01 1.617216616868972778e-01
1.449714004993438721e-01 1.511276811361312866e-01
1.436321884393692017e-01 1.609653234481811523e-01
1.429934799671173096e-01 1.538136750459671021e-01
1.426709592342376709e-01 1.439183503389358521e-01
1.421024501323699951e-01 1.583555936813354492e-01
1.420482695102691650e-01 1.462806612253189087e-01
1.408401280641555786e-01 1.493448466062545776e-01
1.401993483304977417e-01 1.657461822032928467e-01
1.396968364715576172e-01 1.428939998149871826e-01
1.391815692186355591e-01 1.457470059394836426e-01
1.369928121566772461e-01 1.461344361305236816e-01
1.332180351018905640e-01 1.483057737350463867e-01
1.329517513513565063e-01 1.356645077466964722e-01
1.288922429084777832e-01 1.306634247303009033e-01
1.270320564508438110e-01 1.273002773523330688e-01
1.267378777265548706e-01 1.340720057487487793e-01
1.263524144887924194e-01 1.273002773523330688e-01
1.262487024068832397e-01 1.288713812828063965e-01
1.183926388621330261e-01 1.358034610748291016e-01
1.156256794929504395e-01 1.167908608913421631e-01
1.151637732982635498e-01 1.193493902683258057e-01
1.115679293870925903e-01 1.213002502918243408e-01
1.112768501043319702e-01 1.117421463131904602e-01
1.109489724040031433e-01 1.174595952033996582e-01
