1.623267233371734619e-01 1.827667206525802612e-01
1.506122946739196777e-01 1.524491012096405029e-01
1.487000137567520142e-01 1.511207520961761475e-01
1.440675407648086548e-01 1.500690728425979614e-01
1.382651329040527344e-01 1.498665213584899902e-01
1.340604424476623535e-01 1.591091305017471313e-01
1.331007480621337891e-01 1.562657952308654785e-01
1.322098374366760254e-01 1.395218223333358765e-01
1.299655586481094360e-01 1.319213211536407471e-01
1.282800287008285522e-01 1.431656628847122192e-01
1.269707530736923218e-01 1.381780654191970825e-01
1.257882863283157349e-01 1.371823996305465698e-01
1.257799267768859863e-01 1.265459656715393066e-01
1.245614737272262573e-01 1.336814612150192261e-01
1.242134645581245422e-01 1.257257461547851562e-01
1.239097714424133301e-01 1.240155249834060669e-01
1.213756278157234192e-01 1.347286403179168701e-01
1.210260018706321716e-01 1.302909851074218750e-01
1.181925386190414429e-01 1.322368383407592773e-01
1.175641641020774841e-01 1.188862025737762451e-01
1.156849116086959839e-01 1.251459419727325439e-01
1.151869148015975952e-01 1.242837458848953247e-01
1.151861026883125305e-01 1.294701546430587769e-01
1.145352497696876526e-01 1.160127297043800354e-01
1.137671023607254028e-01 1.483775973320007324e-01
1.136586293578147888e-01 1.250787526369094849e-01
1.136092469096183777e-01 1.152410507202148438e-01
1.134456470608711243e-01 1.148354858160018921e-01
1.125065460801124573e-01 1.233687326312065125e-01
1.120507940649986267e-01 1.331004798412322998e-01
1.112772598862648010e-01 1.343706250190734863e-01
1.109001487493515015e-01 1.367619931697845459e-01
1.104207038879394531e-01 1.229963898658752441e-01
1.099906340241432190e-01 1.209322363138198853e-01
1.099722087383270264e-01 1.191463991999626160e-01
1.095278859138488770e-01 1.248874217271804810e-01
1.094165518879890442e-01 1.132348924875259399e-01
1.089535132050514221e-01 1.225935071706771851e-01
1.081561893224716187e-01 1.171062886714935303e-01
1.077864319086074829e-01 1.132856383919715881e-01
1.077750623226165771e-01 1.098087504506111145e-01
1.075017601251602173e-01 1.124157458543777466e-01
1.073108464479446411e-01 1.086699143052101135e-01
1.071901917457580566e-01 1.244569122791290283e-01
1.070293709635734558e-01 1.273869723081588745e-01
1.069976612925529480e-01 1.156562492251396179e-01
1.067475751042366028e-01 1.254266649484634399e-01
1.064597889780998230e-01 1.219198778271675110e-01
1.064092889428138733e-01 1.283436119556427002e-01
1.058775261044502258e-01 1.340580284595489502e-01
1.058505102992057800e-01 1.313224285840988159e-01
1.054774075746536255e-01 1.127603650093078613e-01
1.052898168563842773e-01 1.346785426139831543e-01
1.046602427959442139e-01 1.273987144231796265e-01
1.040493994951248169e-01 1.045444086194038391e-01
1.039929464459419250e-01 1.046483740210533142e-01
1.037487834692001343e-01 1.063649281859397888e-01
1.037345752120018005e-01 1.178326010704040527e-01
1.035982444882392883e-01 1.050439253449440002e-01
1.035326048731803894e-01 1.298438161611557007e-01
1.028226763010025024e-01 1.203011423349380493e-01
1.026186868548393250e-01 1.133617535233497620e-01
1.025744527578353882e-01 1.100177764892578125e-01
1.024985611438751221e-01 1.355196237564086914e-01
1.024956479668617249e-01 1.203796565532684326e-01
1.020947843790054321e-01 1.086413860321044922e-01
1.014353036880493164e-01 1.100628823041915894e-01
1.006167083978652954e-01 1.142983064055442810e-01
1.002328172326087952e-01 1.148354858160018921e-01
1.001984179019927979e-01 1.118910759687423706e-01
9.990453720092773438e-02 1.432247757911682129e-01
9.969852864742279053e-02 1.311228722333908081e-01
9.917511790990829468e-02 1.174768209457397461e-01
9.903644025325775146e-02 1.023892015218734741e-01
9.843490272760391235e-02 1.044738665223121643e-01
9.824597835540771484e-02 1.138545423746109009e-01
9.796981513500213623e-02 1.003853380680084229e-01
9.785754233598709106e-02 1.138333380222320557e-01
9.783591330051422119e-02 1.149474158883094788e-01
9.769255667924880981e-02 1.029829382896423340e-01
9.656493365764617920e-02 1.014377698302268982e-01
9.607706964015960693e-02 1.110533699393272400e-01
9.542528539896011353e-02 1.455186009407043457e-01
9.518516808748245239e-02 1.283436119556427002e-01
9.479434788227081299e-02 9.542484581470489502e-02
9.471971541643142700e-02 1.089647486805915833e-01
9.436784684658050537e-02 1.122846603393554688e-01
9.426345676183700562e-02 1.026101484894752502e-01
9.424684941768646240e-02 9.778545051813125610e-02
9.363970905542373657e-02 1.215260401368141174e-01
9.363596141338348389e-02 1.099849641323089600e-01
9.357445687055587769e-02 1.333272457122802734e-01
9.354284405708312988e-02 1.129673644900321960e-01
9.329950809478759766e-02 1.062748953700065613e-01
9.328502416610717773e-02 9.431267529726028442e-02
9.328106045722961426e-02 1.470858901739120483e-01
9.300822764635086060e-02 1.245042234659194946e-01
9.288975596427917480e-02 9.402366727590560913e-02
9.286552667617797852e-02 1.003903672099113464e-01
9.278578311204910278e-02 1.050444990396499634e-01
9.277237206697463989e-02 1.002519205212593079e-01
9.246676415205001831e-02 9.275245666503906250e-02
9.240167587995529175e-02 9.780876338481903076e-02
9.235213696956634521e-02 1.359886229038238525e-01
9.148738533258438110e-02 1.051092445850372314e-01
9.147210419178009033e-02 1.220534071326255798e-01
9.125718474388122559e-02 1.281031370162963867e-01
9.104663133621215820e-02 1.079535111784934998e-01
9.083443880081176758e-02 9.147633612155914307e-02
9.073794633150100708e-02 1.250594258308410645e-01
9.068424999713897705e-02 1.121401116251945496e-01
9.064450114965438843e-02 9.804902225732803345e-02
9.057851880788803101e-02 9.956251829862594604e-02
9.051101654767990112e-02 1.033469364047050476e-01
9.050237387418746948e-02 9.811034798622131348e-02
9.015127271413803101e-02 1.370793133974075317e-01
8.998300880193710327e-02 1.001346483826637268e-01
8.987616747617721558e-02 1.289108544588088989e-01
8.976823091506958008e-02 1.022937819361686707e-01
8.974241465330123901e-02 1.376792043447494507e-01
8.972623199224472046e-02 1.045559421181678772e-01
8.970148861408233643e-02 1.039628311991691589e-01
8.949616551399230957e-02 9.699582308530807495e-02
8.948893100023269653e-02 1.353248506784439087e-01
8.943469077348709106e-02 1.172682866454124451e-01
8.939891308546066284e-02 9.218086302280426025e-02
8.927869051694869995e-02 1.175848096609115601e-01
8.904159814119338989e-02 1.058486923575401306e-01
8.902818709611892700e-02 1.360844373703002930e-01
8.876337856054306030e-02 1.035957112908363342e-01
8.866827189922332764e-02 1.247538253664970398e-01
8.866094052791595459e-02 1.104635521769523621e-01
8.863780647516250610e-02 1.020779907703399658e-01
8.858441561460494995e-02 1.399846971035003662e-01
8.842775225639343262e-02 9.481953829526901245e-02
8.832024037837982178e-02 1.503863185644149780e-01
8.830664306879043579e-02 1.380876153707504272e-01
8.821862190961837769e-02 1.042775437235832214e-01
8.820293098688125610e-02 1.054802089929580688e-01
8.813834190368652344e-02 1.141494140028953552e-01
8.805877715349197388e-02 1.099184229969978333e-01
8.804219961166381836e-02 1.311720609664916992e-01
8.778727054595947266e-02 9.964154660701751709e-02
8.753796666860580444e-02 9.289567172527313232e-02
8.752829581499099731e-02 1.152025908231735229e-01
8.726725727319717407e-02 1.556551307439804077e-01
8.722499012947082520e-02 9.975221008062362671e-02
8.714202046394348145e-02 1.200686693191528320e-01
8.697739988565444946e-02 1.513342857360839844e-01
8.688149601221084595e-02 1.554448306560516357e-01
8.663133531808853149e-02 1.278430074453353882e-01
8.659414947032928467e-02 9.016800671815872192e-02
8.631806075572967529e-02 8.960343152284622192e-02
8.565767854452133179e-02 1.045374572277069092e-01
8.565391600131988525e-02 8.608102053403854370e-02
8.552885055541992188e-02 1.340443640947341919e-01
8.550242334604263306e-02 1.179629117250442505e-01
8.526790887117385864e-02 1.134771332144737244e-01
8.508448302745819092e-02 1.178071424365043640e-01
8.506219834089279175e-02 1.079399734735488892e-01
8.502648025751113892e-02 1.027646511793136597e-01
8.494391292333602905e-02 9.681064635515213013e-02
8.493302762508392334e-02 1.178275942802429199e-01
8.473224192857742310e-02 9.054303914308547974e-02
8.418542891740798950e-02 8.660714328289031982e-02
8.401390165090560913e-02 8.687955886125564575e-02
8.394752442836761475e-02 1.157380640506744385e-01
8.385558426380157471e-02 1.173507720232009888e-01
8.379248529672622681e-02 1.093612536787986755e-01
8.333940804004669189e-02 1.089286282658576965e-01
8.331038802862167358e-02 8.855039626359939575e-02
8.328023552894592285e-02 9.057822823524475098e-02
8.286408334970474243e-02 9.061706066131591797e-02
8.272863924503326416e-02 9.401531517505645752e-02
8.184140920639038086e-02 1.361391097307205200e-01
8.165293931961059570e-02 1.343691051006317139e-01
8.162437379360198975e-02 1.222394928336143494e-01
8.157467097043991089e-02 1.437090635299682617e-01
8.142415434122085571e-02 1.458920240402221680e-01
8.118090778589248657e-02 1.285183131694793701e-01
8.102136850357055664e-02 8.156239241361618042e-02
8.101601898670196533e-02 1.059495136141777039e-01
8.094442635774612427e-02 8.109709620475769043e-02
8.085882663726806641e-02 9.650643169879913330e-02
8.084566891193389893e-02 9.001110494136810303e-02
8.001124858856201172e-02 1.118735894560813904e-01
7.921493798494338989e-02 1.290851682424545288e-01
7.920208573341369629e-02 8.549324423074722290e-02
7.893531769514083862e-02 8.620619773864746094e-02
7.846620678901672363e-02 1.156539320945739746e-01
7.814154773950576782e-02 1.223926767706871033e-01
7.801190018653869629e-02 9.409505128860473633e-02
7.716966420412063599e-02 1.358529627323150635e-01
7.715543359518051147e-02 1.007315814495086670e-01
7.713898271322250366e-02 1.041641086339950562e-01
7.695142924785614014e-02 9.201741963624954224e-02
7.672897726297378540e-02 8.473066240549087524e-02
7.656521350145339966e-02 9.045187383890151978e-02
7.565946131944656372e-02 9.241830557584762573e-02
7.553961873054504395e-02 1.126869171857833862e-01
7.540489733219146729e-02 1.284235417842864990e-01
7.535912841558456421e-02 8.189928531646728516e-02
7.509348541498184204e-02 7.769604772329330444e-02
7.356686145067214966e-02 7.418609410524368286e-02
7.300628721714019775e-02 1.064903661608695984e-01
7.284638285636901855e-02 9.930414706468582153e-02
7.108660787343978882e-02 7.231807708740234375e-02
7.053656876087188721e-02 7.369448989629745483e-02
7.001660764217376709e-02 7.097124308347702026e-02
6.987478584051132202e-02 8.350134640932083130e-02
6.847611069679260254e-02 7.583003491163253784e-02
6.749241799116134644e-02 7.027751952409744263e-02
6.610545516014099121e-02 6.686483323574066162e-02
6.578977406024932861e-02 1.100119054317474365e-01
6.492366641759872437e-02 6.760970503091812134e-02
6.441436707973480225e-02 6.679545342922210693e-02
6.361354887485504150e-02 6.750360131263732910e-02
6.137787550687789917e-02 7.481107860803604126e-02
5.803035199642181396e-02 6.226401776075363159e-02
5.715007334947586060e-02 6.368207931518554688e-02
5.675313994288444519e-02 7.375751435756683350e-02
5.647587031126022339e-02 5.944309756159782410e-02
5.510812997817993164e-02 5.586453527212142944e-02
