0.000000000000000000e+00 1.431898547014808475e-02
0.000000000000000000e+00 1.602575222919906325e-02
0.000000000000000000e+00 9.938110068195341734e-03
0.000000000000000000e+00 1.053118569340923648e-02
0.000000000000000000e+00 4.134098089323059479e-03
0.000000000000000000e+00 3.206779846525886594e-03
0.000000000000000000e+00 5.148926712719995719e-03
0.000000000000000000e+00 1.995038935662286905e-02
0.000000000000000000e+00 1.312259593907385592e-02
0.000000000000000000e+00 1.725927033193877524e-02
0.000000000000000000e+00 6.053887201828023028e-03
0.000000000000000000e+00 1.386697897921100597e-02
0.000000000000000000e+00 9.225433122861021601e-03
0.000000000000000000e+00 1.721869045530705078e-02
0.000000000000000000e+00 4.261839254288535446e-03
0.000000000000000000e+00 1.741425387987953835e-02
0.000000000000000000e+00 9.770977230302180239e-03
0.000000000000000000e+00 6.467261343540008263e-03
0.000000000000000000e+00 6.389913682977508419e-03
0.000000000000000000e+00 6.955399709170273850e-03
0.000000000000000000e+00 5.074559645218515956e-03
0.000000000000000000e+00 1.152462726743233405e-02
0.000000000000000000e+00 1.962989374001967643e-02
0.000000000000000000e+00 7.222036185603590043e-03
0.000000000000000000e+00 5.533924377212666446e-03
0.000000000000000000e+00 1.280551253625591968e-02
0.000000000000000000e+00 9.776080041335115378e-03
0.000000000000000000e+00 1.046269704890565380e-02
0.000000000000000000e+00 1.021142450705997060e-02
0.000000000000000000e+00 4.366353394860670104e-03
0.000000000000000000e+00 4.000428403028593455e-03
0.000000000000000000e+00 1.270073216402063665e-02
0.000000000000000000e+00 2.267387006119595764e-03
0.000000000000000000e+00 5.673554504256539226e-03
0.000000000000000000e+00 7.843173321110246191e-03
0.000000000000000000e+00 6.305094046381073264e-03
0.000000000000000000e+00 9.063990349426164286e-03
0.000000000000000000e+00 4.677225291618266126e-03
0.000000000000000000e+00 7.272619794465183876e-03
0.000000000000000000e+00 1.414556420079958465e-02
0.000000000000000000e+00 5.976693599508862628e-03
0.000000000000000000e+00 8.932412933801953114e-03
0.000000000000000000e+00 1.285342034981808504e-02
0.000000000000000000e+00 3.348947091586041824e-03
0.000000000000000000e+00 5.940206355234544863e-03
0.000000000000000000e+00 1.122666812397286017e-02
0.000000000000000000e+00 1.605998411409190543e-02
0.000000000000000000e+00 7.159097775057807547e-03
0.000000000000000000e+00 1.044836349953991508e-02
0.000000000000000000e+00 9.021864571532490704e-03
0.000000000000000000e+00 3.921825844865867682e-03
0.000000000000000000e+00 8.158238809232947961e-03
0.000000000000000000e+00 1.207204586923236317e-02
0.000000000000000000e+00 6.912357904775057226e-04
0.000000000000000000e+00 3.733833763968889222e-03
0.000000000000000000e+00 5.305481568606501205e-03
0.000000000000000000e+00 7.867472374882914996e-03
0.000000000000000000e+00 1.360629917223402791e-02
0.000000000000000000e+00 1.080460752400433551e-02
0.000000000000000000e+00 8.622031585793906924e-03
0.000000000000000000e+00 3.492828183697603475e-03
0.000000000000000000e+00 1.103582495749589124e-02
0.000000000000000000e+00 2.845838067801549805e-03
0.000000000000000000e+00 1.419203986867552218e-02
0.000000000000000000e+00 1.156810767967892013e-02
0.000000000000000000e+00 1.771693874995141846e-02
0.000000000000000000e+00 1.795641030316802098e-02
0.000000000000000000e+00 1.843179279861116918e-02
0.000000000000000000e+00 1.581665398540852210e-02
0.000000000000000000e+00 7.242496126246969652e-03
0.000000000000000000e+00 7.703130606290020665e-03
0.000000000000000000e+00 3.246337567642307905e-03
0.000000000000000000e+00 1.191650997312454670e-02
0.000000000000000000e+00 1.758431255819691572e-03
0.000000000000000000e+00 9.228167477776147432e-03
0.000000000000000000e+00 5.153270156087662486e-03
0.000000000000000000e+00 9.631922698797215632e-03
0.000000000000000000e+00 1.440244328683890247e-02
0.000000000000000000e+00 8.429314396259787387e-03
0.000000000000000000e+00 6.063622633975109671e-03
0.000000000000000000e+00 3.753866661738144983e-03
0.000000000000000000e+00 4.884832631932367088e-03
0.000000000000000000e+00 3.116896014440604604e-03
0.000000000000000000e+00 9.076053187965019142e-03
0.000000000000000000e+00 5.155502197058904092e-03
0.000000000000000000e+00 5.812465545570641781e-03
0.000000000000000000e+00 4.849603559701063347e-03
0.000000000000000000e+00 6.177814209637490749e-03
0.000000000000000000e+00 1.365688541531101183e-02
0.000000000000000000e+00 1.674746529010765275e-02
0.000000000000000000e+00 4.186357692422478655e-03
0.000000000000000000e+00 7.387684829021684031e-03
0.000000000000000000e+00 1.408238491156266203e-02
0.000000000000000000e+00 9.476221267299418660e-03
0.000000000000000000e+00 6.632388749233482893e-03
0.000000000000000000e+00 8.756378992851567011e-03
0.000000000000000000e+00 2.210968019859447381e-02
0.000000000000000000e+00 2.626692069953238430e-03
0.000000000000000000e+00 2.736377794196689656e-03
0.000000000000000000e+00 1.154856898589729473e-02
0.000000000000000000e+00 7.491289344531874318e-03
0.000000000000000000e+00 1.631400017879070657e-02
0.000000000000000000e+00 6.763647482849776890e-03
0.000000000000000000e+00 8.659977821333413733e-03
0.000000000000000000e+00 1.214809001874826710e-02
0.000000000000000000e+00 5.786119677900834583e-03
0.000000000000000000e+00 1.808475095149831083e-03
0.000000000000000000e+00 5.079617097342466366e-03
0.000000000000000000e+00 1.012866508905709353e-02
0.000000000000000000e+00 2.509140279006860999e-03
0.000000000000000000e+00 2.303344625396898035e-03
0.000000000000000000e+00 4.876266273305990447e-03
0.000000000000000000e+00 3.714108949081765254e-03
0.000000000000000000e+00 1.783397785500377003e-02
0.000000000000000000e+00 3.845182110134855169e-03
0.000000000000000000e+00 6.317042345664609058e-03
0.000000000000000000e+00 3.409913537272588058e-03
0.000000000000000000e+00 1.256425921462698235e-02
0.000000000000000000e+00 1.635349524595514428e-02
0.000000000000000000e+00 8.283143567200052307e-03
0.000000000000000000e+00 6.054517445853257671e-03
0.000000000000000000e+00 1.606442800690188744e-02
0.000000000000000000e+00 1.506656355984291838e-02
0.000000000000000000e+00 3.553268795968002065e-03
0.000000000000000000e+00 5.131799019926491269e-03
0.000000000000000000e+00 8.202249236054946421e-03
0.000000000000000000e+00 8.623781000075068925e-03
0.000000000000000000e+00 2.850127560294633215e-03
0.000000000000000000e+00 6.060670529519578999e-03
0.000000000000000000e+00 1.645895347452200064e-01
0.000000000000000000e+00 1.201379562436114511e-02
0.000000000000000000e+00 8.630725373238641931e-03
0.000000000000000000e+00 1.013869396792661803e-02
0.000000000000000000e+00 2.268155107721699093e-02
0.000000000000000000e+00 6.621368982077212827e-03
0.000000000000000000e+00 1.063842195603457476e-02
0.000000000000000000e+00 1.734325196084489677e-03
0.000000000000000000e+00 2.756559766035980314e-03
0.000000000000000000e+00 1.488681883819335111e-02
0.000000000000000000e+00 7.063021004379639936e-03
0.000000000000000000e+00 4.761573556423042038e-03
0.000000000000000000e+00 7.316610753976732044e-03
0.000000000000000000e+00 1.626312500223011867e-02
0.000000000000000000e+00 1.197284908353156777e-02
0.000000000000000000e+00 1.266405026406386587e-02
0.000000000000000000e+00 6.012577111724712667e-03
0.000000000000000000e+00 1.074933101953564826e-02
0.000000000000000000e+00 2.495418202325197943e-03
0.000000000000000000e+00 2.482487682750942129e-02
0.000000000000000000e+00 1.104465101823435755e-02
0.000000000000000000e+00 1.223257292177627742e-03
0.000000000000000000e+00 8.575262840727833000e-03
0.000000000000000000e+00 5.071553302538464245e-03
0.000000000000000000e+00 2.914668515625791229e-03
0.000000000000000000e+00 7.568325195380474699e-03
0.000000000000000000e+00 1.401336216145358630e-02
0.000000000000000000e+00 1.778691109425480088e-02
0.000000000000000000e+00 4.361663041701495554e-03
0.000000000000000000e+00 6.577784567317156508e-03
0.000000000000000000e+00 5.757214253807730123e-03
0.000000000000000000e+00 1.128803665101525515e-02
0.000000000000000000e+00 1.697093387294136210e-03
0.000000000000000000e+00 1.269596878414281510e-02
0.000000000000000000e+00 1.018403804844151585e-02
0.000000000000000000e+00 9.936823155163219956e-03
0.000000000000000000e+00 1.811779345019762233e-02
0.000000000000000000e+00 4.443528834787584952e-03
0.000000000000000000e+00 9.717986553623434928e-03
0.000000000000000000e+00 1.646157642266775009e-02
0.000000000000000000e+00 2.433851845274348849e-02
0.000000000000000000e+00 5.323403180858729891e-03
0.000000000000000000e+00 7.251221544788943527e-03
0.000000000000000000e+00 1.420023603493680885e-03
0.000000000000000000e+00 8.892304406999302496e-03
0.000000000000000000e+00 2.062627978267864495e-02
0.000000000000000000e+00 4.381080052924535284e-03
0.000000000000000000e+00 5.282573129716534865e-03
0.000000000000000000e+00 7.022106115096542721e-03
0.000000000000000000e+00 4.777405782246168207e-03
0.000000000000000000e+00 6.147202562509629202e-03
0.000000000000000000e+00 6.783461860433902257e-03
0.000000000000000000e+00 4.751326062292514189e-03
0.000000000000000000e+00 6.466678100272250582e-03
0.000000000000000000e+00 8.885307760414101752e-03
0.000000000000000000e+00 8.230154858868639345e-03
0.000000000000000000e+00 1.202414638691095845e-03
0.000000000000000000e+00 7.530586176540545774e-03
0.000000000000000000e+00 1.270218410471963058e-02
0.000000000000000000e+00 6.963336746220826975e-03
0.000000000000000000e+00 9.978980651077190567e-03
0.000000000000000000e+00 6.636238606164066890e-03
0.000000000000000000e+00 1.193364248332171897e-02
0.000000000000000000e+00 1.345738879030673740e-02
0.000000000000000000e+00 5.041700478285648587e-04
0.000000000000000000e+00 1.320766294853993952e-02
0.000000000000000000e+00 7.612179144598512151e-03
0.000000000000000000e+00 1.041494348403381766e-02
0.000000000000000000e+00 2.061079285083803822e-02
0.000000000000000000e+00 3.412388629899562337e-03
0.000000000000000000e+00 7.418150158457348896e-03
0.000000000000000000e+00 6.808220998458298055e-03
0.000000000000000000e+00 3.909579799058877057e-03
0.000000000000000000e+00 9.639420529375672744e-03
0.000000000000000000e+00 1.204646943245700659e-02
0.000000000000000000e+00 2.098374126632484085e-03
0.000000000000000000e+00 6.801625125497826052e-03
0.000000000000000000e+00 1.606098000066347523e-02
0.000000000000000000e+00 1.913272582480179604e-02
0.000000000000000000e+00 7.076389640711423790e-03
0.000000000000000000e+00 1.276771636686016911e-02
0.000000000000000000e+00 9.294397194702999632e-03
0.000000000000000000e+00 1.449675453912529707e-02
0.000000000000000000e+00 1.270499395143102027e-02
0.000000000000000000e+00 1.279741392173017710e-02
0.000000000000000000e+00 1.671203404506962226e-02
0.000000000000000000e+00 6.420276705489531312e-03
0.000000000000000000e+00 1.458220064101991599e-02
0.000000000000000000e+00 1.142769846631195262e-02
0.000000000000000000e+00 2.132619865433560760e-02
0.000000000000000000e+00 1.063124512878607306e-02
0.000000000000000000e+00 1.624556849494650061e-03
0.000000000000000000e+00 6.082493527631213474e-03
0.000000000000000000e+00 8.331842899238878566e-03
0.000000000000000000e+00 3.576905914015808801e-03
0.000000000000000000e+00 9.445226499666885267e-03
0.000000000000000000e+00 1.657469740809728448e-02
0.000000000000000000e+00 4.298920485775798404e-03
0.000000000000000000e+00 8.787271580945166249e-03
0.000000000000000000e+00 1.564996894136940625e-03
0.000000000000000000e+00 6.351328661996384628e-03
0.000000000000000000e+00 3.432970709076622537e-03
0.000000000000000000e+00 2.779252425255614861e-03
0.000000000000000000e+00 9.086228250987709795e-03
0.000000000000000000e+00 1.317504035319061982e-02
0.000000000000000000e+00 2.044553235365587432e-02
0.000000000000000000e+00 2.778534983859638329e-03
0.000000000000000000e+00 8.910505982304819939e-03
0.000000000000000000e+00 7.226873683677672612e-03
0.000000000000000000e+00 3.336312967231911016e-03
0.000000000000000000e+00 1.998024634057034461e-03
0.000000000000000000e+00 2.510397552144575002e-03
0.000000000000000000e+00 1.610513931217540801e-02
0.000000000000000000e+00 4.129142816862487950e-03
0.000000000000000000e+00 9.341317832280971595e-03
0.000000000000000000e+00 6.642586612841260181e-03
0.000000000000000000e+00 4.062353899049169631e-03
0.000000000000000000e+00 1.352156146572053817e-02
0.000000000000000000e+00 1.230166354301908110e-03
0.000000000000000000e+00 6.173711389072937842e-04
0.000000000000000000e+00 8.016753687680542445e-03
0.000000000000000000e+00 4.713294458255387447e-03
0.000000000000000000e+00 2.313515020217620302e-02
0.000000000000000000e+00 2.561704875437464425e-03
0.000000000000000000e+00 7.372523120386110795e-01
0.000000000000000000e+00 1.540640451267904186e-02
0.000000000000000000e+00 1.326100564520427995e-02
0.000000000000000000e+00 9.866930205643553720e-03
0.000000000000000000e+00 6.771142654642355908e-03
0.000000000000000000e+00 6.365554895569738858e-03
0.000000000000000000e+00 1.213564965018838065e-02
0.000000000000000000e+00 9.932776501426442833e-03
0.000000000000000000e+00 1.264827071552995959e-02
0.000000000000000000e+00 2.426880401372925530e-03
0.000000000000000000e+00 1.133641290343711909e-02
0.000000000000000000e+00 1.281313786287736033e-02
0.000000000000000000e+00 1.007384354201331170e-02
0.000000000000000000e+00 4.858088253902327971e-03
0.000000000000000000e+00 8.856321448888770237e-03
0.000000000000000000e+00 8.885147564515812058e-03
0.000000000000000000e+00 1.020562069064885440e-02
0.000000000000000000e+00 5.253644296615317399e-03
0.000000000000000000e+00 4.034786080408562896e-03
0.000000000000000000e+00 1.019059727697645655e-02
0.000000000000000000e+00 9.316369039308823249e-03
0.000000000000000000e+00 1.607069053741033704e-02
0.000000000000000000e+00 5.294646369745150370e-03
0.000000000000000000e+00 1.636345802537930369e-02
0.000000000000000000e+00 3.686037798991468988e-03
0.000000000000000000e+00 2.653736975971061202e-03
0.000000000000000000e+00 2.886429372495901563e-03
0.000000000000000000e+00 7.394636505799068865e-03
0.000000000000000000e+00 9.273987083498445600e-04
0.000000000000000000e+00 9.650229678823556145e-03
0.000000000000000000e+00 1.154651433118730405e-02
0.000000000000000000e+00 1.032432901481608600e-02
0.000000000000000000e+00 4.222030849798708713e-03
0.000000000000000000e+00 1.497599600759216831e-02
0.000000000000000000e+00 2.141647637456614399e-03
0.000000000000000000e+00 3.390892227590384424e-03
0.000000000000000000e+00 5.543257641397580232e-03
0.000000000000000000e+00 9.582599073144354093e-03
0.000000000000000000e+00 8.437736060092843396e-03
0.000000000000000000e+00 3.702051499709782274e-03
0.000000000000000000e+00 6.890424721187352053e-03
0.000000000000000000e+00 2.394186782537418082e-03
0.000000000000000000e+00 6.668565018355037538e-03
0.000000000000000000e+00 1.035827089092562943e-02
0.000000000000000000e+00 9.086639697794484175e-03
0.000000000000000000e+00 1.032930665876232584e-02
0.000000000000000000e+00 5.303808177097808774e-03
0.000000000000000000e+00 1.022033144318465481e-02
0.000000000000000000e+00 9.436074024755446849e-03
0.000000000000000000e+00 4.137984772289677454e-03
0.000000000000000000e+00 1.280829587829536952e-02
0.000000000000000000e+00 2.653922065070638946e-03
0.000000000000000000e+00 9.178287123318756499e-03
0.000000000000000000e+00 1.333124685356076866e-02
0.000000000000000000e+00 1.432676600840432357e-02
0.000000000000000000e+00 8.182531990629479321e-03
0.000000000000000000e+00 6.607791116066547878e-03
0.000000000000000000e+00 8.792122427016749522e-03
0.000000000000000000e+00 6.021986544382468796e-03
0.000000000000000000e+00 1.103738822249134693e-02
0.000000000000000000e+00 1.403537382462300039e-02
0.000000000000000000e+00 3.729054972072323119e-03
0.000000000000000000e+00 2.148972670412555193e-03
0.000000000000000000e+00 1.145218189615861137e-02
0.000000000000000000e+00 1.348064787486550654e-02
0.000000000000000000e+00 8.588940784576342899e-03
0.000000000000000000e+00 1.050429434722204708e-03
0.000000000000000000e+00 4.478222738404934872e-03
0.000000000000000000e+00 1.049156394783635170e-02
0.000000000000000000e+00 1.683435882815009083e-03
0.000000000000000000e+00 1.039911102295566422e-02
0.000000000000000000e+00 2.605646286914310543e-03
0.000000000000000000e+00 9.562651860077731394e-03
0.000000000000000000e+00 1.065419416951661133e-02
0.000000000000000000e+00 8.891241552364091347e-03
0.000000000000000000e+00 1.884907887698472140e-03
0.000000000000000000e+00 1.853226433427548892e-02
0.000000000000000000e+00 9.111821414125826496e-03
0.000000000000000000e+00 7.260671555541746945e-03
0.000000000000000000e+00 8.576584209433269282e-03
0.000000000000000000e+00 2.789752280465767741e-03
0.000000000000000000e+00 6.902147693372436693e-03
0.000000000000000000e+00 1.212830812137306695e-02
0.000000000000000000e+00 8.763010831434507944e-03
0.000000000000000000e+00 1.121039544599491955e-02
0.000000000000000000e+00 5.661146541606638591e-03
0.000000000000000000e+00 1.810313757150457375e-03
0.000000000000000000e+00 5.334106986684732966e-03
0.000000000000000000e+00 8.774489538184600951e-03
0.000000000000000000e+00 8.390105847201989250e-03
0.000000000000000000e+00 9.464243731188029182e-03
0.000000000000000000e+00 1.292924194370545336e-02
0.000000000000000000e+00 1.152204270322292057e-02
0.000000000000000000e+00 6.738723849605788782e-04
0.000000000000000000e+00 7.820128568560576199e-03
0.000000000000000000e+00 2.132352028131856772e-03
0.000000000000000000e+00 9.398645152334227657e-04
0.000000000000000000e+00 1.512498218560282340e-02
0.000000000000000000e+00 1.106018303614741613e-02
0.000000000000000000e+00 1.133315825918981487e-02
0.000000000000000000e+00 5.765529561222456668e-03
0.000000000000000000e+00 9.015052799495354430e-03
0.000000000000000000e+00 5.834925595836284312e-03
0.000000000000000000e+00 2.824478749686695159e-03
0.000000000000000000e+00 1.501812449165935938e-03
0.000000000000000000e+00 4.476546908625913743e-03
0.000000000000000000e+00 1.894059059170268098e-03
0.000000000000000000e+00 3.348331648103673557e-03
0.000000000000000000e+00 6.972899757331568402e-03
0.000000000000000000e+00 6.425009828378515711e-03
0.000000000000000000e+00 9.309778732486968106e-03
0.000000000000000000e+00 7.746097092673982602e-03
0.000000000000000000e+00 7.960939043090378697e-03
0.000000000000000000e+00 2.025911159211907144e-03
0.000000000000000000e+00 2.105297194994945869e-03
0.000000000000000000e+00 2.117468674676498651e-03
0.000000000000000000e+00 4.265761820519166359e-03
0.000000000000000000e+00 5.747747582512255978e-04
0.000000000000000000e+00 7.495738432666648222e-03
0.000000000000000000e+00 1.949487109407221095e-03
0.000000000000000000e+00 1.084565328287411326e-02
0.000000000000000000e+00 3.781047259848445766e-03
0.000000000000000000e+00 7.857786242089890086e-03
0.000000000000000000e+00 3.533975465479136970e-03
0.000000000000000000e+00 8.081506199916103222e-03
0.000000000000000000e+00 9.573350036604564434e-03
0.000000000000000000e+00 6.234674282554573434e-03
0.000000000000000000e+00 8.520502107272960590e-03
0.000000000000000000e+00 2.418169848537681486e-03
0.000000000000000000e+00 7.994071852231201787e-04
0.000000000000000000e+00 4.714043583112659946e-03
0.000000000000000000e+00 1.349032365459010285e-03
0.000000000000000000e+00 7.014019513455139326e-03
0.000000000000000000e+00 1.139063053334601894e-02
0.000000000000000000e+00 3.486440042306622987e-03
0.000000000000000000e+00 1.029924694333684068e-02
0.000000000000000000e+00 7.335014934484003143e-03
0.000000000000000000e+00 1.027989962465829764e-02
0.000000000000000000e+00 8.270357027864326180e-03
0.000000000000000000e+00 1.078913763984331795e-02
0.000000000000000000e+00 5.067812052401907130e-03
0.000000000000000000e+00 8.947130179578481612e-03
0.000000000000000000e+00 1.832553482314070586e-02
0.000000000000000000e+00 4.100181483939042103e-03
0.000000000000000000e+00 3.295733552350937900e-03
0.000000000000000000e+00 8.606775440906277086e-04
0.000000000000000000e+00 7.834809576785858529e-03
0.000000000000000000e+00 9.302414816333617192e-03
0.000000000000000000e+00 1.241730059898150593e-02
0.000000000000000000e+00 1.500630839066300487e-02
0.000000000000000000e+00 1.362850237529944150e-02
0.000000000000000000e+00 3.862397147115758864e-03
0.000000000000000000e+00 7.138248933695088075e-03
0.000000000000000000e+00 3.321345954083258431e-03
0.000000000000000000e+00 8.676611629053606820e-03
0.000000000000000000e+00 1.041744011386554203e-02
0.000000000000000000e+00 5.881842205069575009e-03
0.000000000000000000e+00 2.879355542540441067e-03
0.000000000000000000e+00 8.400458986902156755e-03
0.000000000000000000e+00 1.440362528581864109e-02
0.000000000000000000e+00 5.004554326963567799e-03
0.000000000000000000e+00 8.175540065186157057e-03
0.000000000000000000e+00 5.171041208185313091e-03
0.000000000000000000e+00 2.660491413680870446e-03
0.000000000000000000e+00 4.729144986754561970e-03
0.000000000000000000e+00 1.127141438337463802e-02
0.000000000000000000e+00 6.722488865226924383e-03
0.000000000000000000e+00 4.190638982149020968e-03
0.000000000000000000e+00 1.362080205618756501e-03
0.000000000000000000e+00 9.615363420536275976e-03
0.000000000000000000e+00 5.198976115808916394e-03
0.000000000000000000e+00 1.300930774163121251e-03
0.000000000000000000e+00 3.076785679245509081e-03
0.000000000000000000e+00 5.892369503378160935e-03
0.000000000000000000e+00 7.565330776469590332e-03
0.000000000000000000e+00 7.171221286409794511e-03
0.000000000000000000e+00 3.415844852164016347e-03
0.000000000000000000e+00 2.568080880670179072e-03
0.000000000000000000e+00 5.215869499865366694e-03
0.000000000000000000e+00 8.614264341360223674e-04
0.000000000000000000e+00 1.047637346329741495e-02
0.000000000000000000e+00 1.210465146182168562e-03
0.000000000000000000e+00 1.116479854385273723e-02
0.000000000000000000e+00 8.008480138979843805e-04
0.000000000000000000e+00 8.496028228318653133e-03
0.000000000000000000e+00 5.897260905635728391e-03
0.000000000000000000e+00 1.426329906786543734e-02
0.000000000000000000e+00 3.373166181462524185e-03
0.000000000000000000e+00 3.572050681238711934e-03
0.000000000000000000e+00 9.659784840425122976e-03
0.000000000000000000e+00 1.189422082518807808e-02
0.000000000000000000e+00 8.007031981800525819e-03
0.000000000000000000e+00 5.385073152018437538e-03
0.000000000000000000e+00 7.529288177421785029e-03
0.000000000000000000e+00 9.884679505506028044e-03
0.000000000000000000e+00 9.720749394709621641e-03
0.000000000000000000e+00 4.150892375232561812e-03
0.000000000000000000e+00 1.116998808762438046e-02
0.000000000000000000e+00 7.204113350427065673e-03
0.000000000000000000e+00 1.833536289470890160e-02
0.000000000000000000e+00 5.052309482893484367e-03
0.000000000000000000e+00 6.066915433282578200e-03
0.000000000000000000e+00 5.723563206231780005e-03
0.000000000000000000e+00 2.380714644922504210e-03
0.000000000000000000e+00 1.218797360999708534e-02
0.000000000000000000e+00 1.957237981879582974e-03
0.000000000000000000e+00 8.342553879865028874e-03
0.000000000000000000e+00 8.758443662315970601e-03
0.000000000000000000e+00 6.722503524809359497e-03
0.000000000000000000e+00 5.106436389930420205e-03
0.000000000000000000e+00 5.471780748542898545e-03
0.000000000000000000e+00 1.409819047653522797e-02
0.000000000000000000e+00 6.859879770318807156e-03
0.000000000000000000e+00 5.407208800516254132e-03
0.000000000000000000e+00 6.938076873958940426e-03
0.000000000000000000e+00 5.754744133129085885e-03
0.000000000000000000e+00 2.545644939900264941e-03
0.000000000000000000e+00 8.058981212599779578e-03
0.000000000000000000e+00 1.725556187409320536e-03
0.000000000000000000e+00 6.332502855310894428e-03
0.000000000000000000e+00 7.052699244917649476e-03
0.000000000000000000e+00 8.261329891433051706e-04
0.000000000000000000e+00 5.561036981538407947e-03
0.000000000000000000e+00 7.193835031086619376e-03
0.000000000000000000e+00 5.317301937573342720e-03
0.000000000000000000e+00 6.611582707403417273e-04
0.000000000000000000e+00 6.061689035784431287e-03
0.000000000000000000e+00 9.102918094796942639e-03
0.000000000000000000e+00 5.498390552564830398e-03
0.000000000000000000e+00 5.458894037242767623e-03
0.000000000000000000e+00 1.713772770006602442e-03
0.000000000000000000e+00 3.305366083578016589e-03
0.000000000000000000e+00 7.010309787138003373e-03
0.000000000000000000e+00 3.475364951244189204e-03
0.000000000000000000e+00 3.269199277268408296e-03
0.000000000000000000e+00 2.820122440903828197e-03
0.000000000000000000e+00 6.590563206657950104e-03
0.000000000000000000e+00 1.256096043247787071e-02
0.000000000000000000e+00 7.544816044129307175e-03
0.000000000000000000e+00 7.824504601217327146e-03
0.000000000000000000e+00 2.219182295417235912e-03
0.000000000000000000e+00 3.700840656209691566e-03
0.000000000000000000e+00 2.011691478447564033e-03
0.000000000000000000e+00 4.829763265259277155e-03
0.000000000000000000e+00 1.613463280017875950e-03
0.000000000000000000e+00 7.405844900515002813e-03
