1.721591284297194311e-04 1.738157914419094746e-04
3.558746454600511316e-04 3.637472032882172455e-04
1.030461795061602803e-03 1.167160974582597335e-03
1.105690567711180468e-03 1.149193414195602905e-03
1.122712271362327893e-03 1.125877527604461376e-03
1.151392751258489009e-03 1.356370173166369453e-03
1.160069106717160183e-03 1.434252977725391327e-03
1.189217869821295294e-03 1.317684570006120168e-03
1.250310566010955039e-03 1.255379442920519749e-03
1.292506550677692155e-03 1.323130399616734071e-03
1.381898103891281756e-03 1.391884602248946593e-03
1.440241426205548375e-03 1.513848320648585304e-03
1.482979519750653478e-03 1.483089593882827833e-03
1.542379707864369740e-03 1.545671325240349173e-03
1.558777969769759844e-03 1.581100375380966759e-03
1.612191656302137434e-03 1.612197442999309654e-03
1.763028120747268772e-03 1.774351676019737985e-03
1.793496880798069572e-03 1.815894601993570416e-03
1.821782585551742382e-03 1.832046686510853525e-03
1.831654071245999386e-03 1.856373884540836981e-03
1.858164618942135865e-03 1.946182966775452522e-03
1.888513921575632947e-03 2.347413791425501106e-03
1.938802197074650539e-03 1.948918555777160409e-03
1.972702602209775325e-03 2.003533778505211301e-03
2.016776813623541442e-03 2.044238646286746647e-03
2.049284327427867113e-03 2.730999198918474154e-03
2.111121225959283060e-03 2.292086101927724544e-03
2.119188696886034704e-03 2.131676016928665818e-03
2.277871326178332063e-03 2.330698715238958309e-03
2.361418132685122549e-03 2.705064418496328383e-03
2.422751687878655844e-03 2.426961592877338852e-03
2.519170060473799842e-03 2.682320911893082936e-03
2.521300599695277134e-03 2.588682853242233080e-03
2.595695828289167582e-03 2.620621780254251462e-03
2.613107251997202115e-03 2.955323880712838313e-03
2.635057772384357972e-03 2.661090039037919235e-03
2.650984418896818601e-03 2.651026203435855738e-03
2.651303168584683359e-03 2.683990168546290453e-03
2.659811958153333357e-03 2.866201715204006340e-03
2.686363680406078040e-03 2.709374682093541875e-03
2.701145512823706525e-03 2.784969394460701068e-03
2.835892141085376902e-03 2.973145924112567239e-03
2.855330196707753492e-03 2.967332178184446407e-03
2.910461976029477330e-03 3.006609845155527524e-03
2.930329053823626292e-03 2.948699756139873743e-03
3.015593764680594025e-03 3.017789915963990308e-03
3.119292797056967808e-03 3.126393630345971914e-03
3.140270751385708988e-03 3.689136514538021976e-03
3.148439480528599822e-03 3.149802930104350467e-03
3.154167563115780823e-03 3.276966443229306202e-03
3.176676003232075003e-03 3.572745419037106664e-03
3.271213211007986503e-03 3.340259063723805249e-03
3.346889102888400951e-03 3.559592202859264854e-03
3.421046975590633955e-03 3.430291737441421105e-03
3.438526861561389848e-03 3.512547187845080614e-03
3.466138068931289614e-03 3.642421091788376232e-03
3.468834214479157158e-03 3.486404531262606629e-03
3.473343884213535120e-03 3.484009487914069107e-03
3.675853589035383163e-03 3.700724194367275167e-03
3.743435571105248414e-03 4.848702850895524052e-03
3.942564705481836108e-03 4.054030094994339785e-03
3.976085989282450092e-03 4.143175973623488065e-03
4.006792074193563091e-03 4.019738886768873740e-03
4.103499277832326625e-03 4.590465613724888788e-03
4.142202699621720142e-03 4.957708024091261011e-03
4.151338285450895636e-03 4.317693411964267439e-03
4.153278842916919254e-03 4.157467691724391935e-03
4.208616533207867709e-03 4.217774574214856742e-03
4.252276589826494216e-03 4.499610373109497533e-03
4.253546296146665760e-03 4.425637887968125739e-03
4.296924008887558800e-03 4.573692146960865214e-03
4.306051264243129957e-03 4.618779152292663663e-03
4.340831675931137307e-03 4.754180965179797408e-03
4.394795544048877081e-03 4.454557952424760200e-03
4.455716589918700017e-03 4.731371942151265698e-03
4.500238034744210268e-03 5.435276550154128153e-03
4.514090464222618795e-03 4.514127758978037259e-03
4.536568726521826578e-03 4.592693632701060069e-03
4.545477073253670515e-03 4.926820032496836976e-03
4.593411938673500408e-03 4.629580743135234232e-03
4.601442857836770227e-03 5.310662641709283649e-03
4.624574541471557047e-03 4.625054895392645415e-03
4.630035246834010923e-03 4.651338299303762851e-03
4.640530825756655244e-03 4.823706284821895757e-03
4.650913618051089916e-03 4.689743023000788463e-03
4.717601015682176130e-03 4.720299602140047741e-03
4.813983515184124505e-03 4.922740451444049779e-03
4.822197804210481484e-03 5.170965876819877578e-03
4.862936496593894473e-03 4.990254704184849711e-03
4.900669699599433798e-03 5.059343930761594534e-03
4.967887861188338347e-03 5.243904401365211652e-03
5.008549990872129300e-03 5.026664621805163914e-03
5.054966775961434143e-03 5.203263154217326047e-03
5.070262440598580049e-03 5.080418939739892413e-03
5.090372756075224256e-03 5.159938840012575322e-03
5.102407766312503680e-03 5.153824833238924465e-03
5.128336957991628565e-03 5.129752926644559272e-03
5.205870519818354622e-03 5.220772899413965440e-03
5.223314959194264549e-03 7.032464018867154790e-03
5.224989307809281731e-03 5.240608609093193315e-03
5.228169960526254413e-03 5.806824288949507910e-03
5.237196210889611715e-03 5.237659063547984127e-03
5.286286318500369591e-03 5.539705006587796084e-03
5.305331925398710721e-03 5.737642325478731035e-03
5.349039351087696986e-03 6.411374892973897149e-03
5.383987825391424280e-03 5.688304242303440263e-03
5.424182412478015768e-03 5.424362848385667554e-03
5.430443166230813912e-03 5.432098641127427845e-03
5.435964392249608389e-03 6.482435532172225491e-03
5.473097714236488213e-03 6.383202504375448672e-03
5.519298229164679159e-03 6.178431274257390089e-03
5.526573183169144685e-03 5.719343139568074975e-03
5.529243060763982046e-03 5.759996507445959250e-03
5.529376964705971266e-03 5.842430572058587152e-03
5.545916354597869857e-03 5.676935985031946776e-03
5.548624878100301069e-03 6.395275815242377690e-03
5.566877397148153363e-03 5.668697893621829631e-03
5.596693858501856217e-03 5.730205350396196801e-03
5.611163426469766360e-03 5.661686331863586066e-03
5.627346684870012349e-03 6.916428748081065482e-03
5.636763365036137965e-03 5.637415094999427383e-03
5.656841135303635609e-03 5.660562761418430969e-03
5.662146503806546674e-03 6.062021067793927492e-03
5.690043497193251511e-03 7.528938874099944112e-03
5.701982812067438872e-03 6.000641727947426431e-03
5.712502564534126422e-03 5.761699074057782810e-03
5.729316081842451142e-03 7.252550304902842526e-03
5.760423006486333798e-03 6.193309318638731860e-03
5.820788188813391488e-03 6.153695821330048069e-03
5.821438260888277955e-03 6.616136603118385855e-03
5.841586189392155778e-03 6.208930250096448417e-03
5.898003428962342830e-03 6.297352925860218338e-03
5.926930453081830259e-03 7.911786443965325086e-03
5.936121144648024393e-03 5.936142911274176065e-03
5.997027755246687498e-03 6.039561184991909526e-03
6.047925543383547362e-03 7.119244873031360145e-03
6.073017367923994221e-03 6.290380631844712765e-03
6.075376589766133019e-03 6.092714117081435635e-03
6.108418673892251037e-03 6.237814473301053243e-03
6.111870848896877421e-03 6.170092660673890013e-03
6.115526157918897178e-03 6.122158690661638064e-03
6.163448082069171094e-03 6.166855257823481047e-03
6.200699748223104622e-03 6.216225587708663555e-03
6.208632919451318420e-03 6.825518736793937530e-03
6.209681963816940202e-03 6.210246637030285288e-03
6.210763298630479073e-03 6.211677157246330190e-03
6.256351482692137402e-03 6.399896074492485501e-03
6.301040274852422012e-03 7.117097522445551411e-03
6.314424148393706082e-03 6.718076978042694485e-03
6.416190254509429591e-03 6.490519449315746217e-03
6.458768891416341064e-03 6.774829034345214614e-03
6.527263611920569066e-03 6.530143147542525478e-03
6.547121230754787170e-03 7.072273554381881128e-03
6.552716337985067981e-03 6.643882475249027024e-03
6.555077275318657061e-03 6.872863364546729498e-03
6.581371492171759000e-03 6.623535441367160541e-03
6.581702010467598181e-03 6.583209086800106621e-03
6.583059139530898600e-03 7.176130587784749874e-03
6.586883599544647409e-03 6.648827529591829107e-03
6.618426607624173369e-03 7.317518688153509289e-03
6.627777202367040287e-03 6.763207339472383610e-03
6.637026190317855089e-03 6.829514259194791569e-03
6.642724656460913431e-03 6.666023208097916590e-03
6.653761149786927009e-03 6.742979646024685643e-03
6.654355941818749544e-03 8.134807256451834570e-03
6.716174581325507799e-03 7.004707098254273415e-03
6.737695376982124479e-03 9.796850550360751073e-03
6.811622759687298127e-03 7.472609190219281147e-03
6.834667921927188236e-03 7.744696111026649378e-03
6.841080664510363653e-03 6.841090523869465360e-03
6.865066608103756983e-03 6.926750273486997553e-03
6.875911214669864525e-03 7.234477196078984221e-03
6.886439591028504191e-03 7.169954799568260644e-03
6.903106831509771626e-03 6.968979198601257981e-03
6.925387392247644817e-03 6.949257008851467653e-03
6.926059650662129245e-03 7.016516765684383504e-03
6.941071273421584031e-03 6.941135624967409608e-03
6.947064799316078794e-03 7.482910175230019466e-03
6.964427663010966038e-03 7.645648226416022764e-03
6.990700877750162349e-03 6.999670488971447904e-03
7.070495193233342079e-03 8.539984519991338646e-03
7.079478495533245673e-03 8.006800458980091462e-03
7.087579490548659086e-03 7.171221561703131249e-03
7.147970248593437520e-03 7.202356929643325030e-03
7.178675217615528709e-03 7.224284271984808027e-03
7.179016360374945900e-03 7.286995814371973607e-03
7.181937258544412658e-03 7.324218455491520764e-03
7.187139558496970400e-03 7.299292025909592807e-03
7.193827860939427249e-03 7.448375915102004724e-03
7.209369250348301311e-03 7.313718916622864719e-03
7.240892570390403821e-03 8.992630707255110101e-03
7.308656389742622037e-03 7.334361527411742063e-03
7.347372712734686825e-03 7.375547426879133263e-03
7.361653726533841889e-03 7.957702979804871443e-03
7.370610060925166483e-03 7.915707958732125932e-03
7.370726860747655630e-03 7.749944587959208160e-03
7.425095359699516312e-03 7.515153349736615647e-03
7.435200240565507067e-03 7.562277136747041703e-03
7.452881120302745806e-03 7.559004959141119202e-03
7.466832943719454649e-03 7.472770979768847757e-03
7.505536277076616143e-03 7.588411912311786647e-03
7.531306691314330198e-03 8.136171746557716022e-03
7.539203508112623554e-03 7.543680513248739172e-03
7.558969330333548294e-03 7.704555699390164790e-03
7.562146582580346436e-03 7.642184545724769844e-03
7.562751506760436067e-03 7.588992204474178174e-03
7.563663218767890072e-03 7.578697097995193248e-03
7.566180916679818465e-03 7.566203473834184207e-03
7.592193932090754091e-03 8.395210526046810451e-03
7.606431696340121285e-03 7.890871516090724666e-03
7.615021150338945749e-03 7.656115277528759318e-03
7.626184656364513349e-03 7.662128382194130331e-03
7.630728166112209741e-03 7.632426969784872513e-03
7.656329653941379258e-03 1.142386887644872458e-02
7.677557959645756741e-03 8.492669891330940912e-03
7.684736502950159122e-03 7.781376803518065891e-03
7.716034653879432458e-03 7.743071092831201735e-03
7.722231482501919035e-03 7.723161464275749011e-03
7.729323989026290302e-03 7.760747952876449751e-03
7.775626078292343854e-03 7.936975049580676997e-03
7.780180637025518528e-03 8.344930459919361679e-03
7.832801702824101348e-03 9.380137141039600335e-03
7.836134047202411926e-03 9.096377276102648665e-03
7.876813813961212538e-03 8.065095776544517481e-03
7.886646269165794448e-03 7.926016445580441605e-03
7.907540509924954053e-03 8.023199141313596197e-03
7.922518277556028429e-03 7.957621903353742296e-03
7.929737706840021480e-03 7.929738939644413037e-03
7.932881000104594418e-03 8.616320981120634617e-03
8.023900685598434404e-03 8.024585483232631739e-03
8.145629961814506229e-03 8.145641969771555066e-03
8.145676927131735232e-03 8.169302869148751048e-03
8.178750669599534062e-03 8.782168071381454486e-03
8.196959413873638675e-03 8.426749479202577664e-03
8.197179997943672761e-03 8.769179534498069278e-03
8.227143043193517469e-03 9.224873133381520859e-03
8.230725209047586033e-03 8.257724865542322851e-03
8.263093663829603266e-03 1.002657008393563649e-02
8.272108208242501606e-03 9.619210970379890591e-03
8.333795349062204233e-03 8.740157291808466414e-03
8.335260197179858097e-03 8.416406070869733233e-03
8.368808965890100690e-03 8.914316448411134866e-03
8.374151682512570583e-03 8.801627221580409638e-03
8.492439909571469422e-03 8.493841509371165277e-03
8.493661841695573922e-03 8.539084288904095696e-03
8.524430494434702757e-03 1.001721683243236849e-02
8.534428649007398324e-03 8.601725466109396909e-03
8.548080551851081760e-03 1.035595990335549769e-02
8.556242218604050154e-03 8.693007810450719547e-03
8.576235811353997637e-03 1.165313080449006944e-02
8.584475305597092168e-03 8.595381273195795008e-03
8.630545658723391689e-03 8.714829300340591264e-03
8.666498028354698707e-03 8.877214343397273749e-03
8.689124265267408193e-03 9.145929605166646520e-03
8.694736890482886865e-03 8.694742369573934052e-03
8.703118465206714435e-03 1.035574259088144211e-02
8.741033054072684313e-03 9.288156482772041631e-03
8.750119708958413456e-03 9.262116277332485895e-03
8.757271097872732987e-03 9.019366249835720703e-03
8.764715101105838291e-03 9.031318760319794955e-03
8.792718121252599689e-03 9.071665176069644565e-03
8.832752953554862813e-03 9.188754055358929612e-03
8.863973897498345425e-03 1.005010364730401194e-02
8.865822389350705088e-03 9.321494619873390078e-03
8.879337423298491044e-03 1.060092989633398645e-02
8.904855056470711502e-03 1.197163586733613998e-02
8.914512847289519232e-03 8.995752151649716311e-03
8.920002567368095006e-03 9.868686886109317644e-03
8.942031571547992552e-03 8.969522874989364555e-03
8.951741630459425156e-03 9.908795819331172108e-03
9.018006232430644462e-03 9.215977714022110731e-03
9.020357623238259293e-03 9.085043272431736136e-03
9.107140907566169466e-03 1.011711430936674226e-02
9.123267059264318288e-03 9.157211604897592255e-03
9.154844651173846271e-03 9.955616714556723285e-03
9.197244612933521898e-03 9.443895400256658440e-03
9.227589619661436329e-03 1.014253726964153834e-02
9.311750438507864283e-03 9.380512377566888049e-03
9.318712274479855340e-03 9.636856540821027786e-03
9.325971760386721210e-03 1.038966217402276411e-02
9.372630675775593320e-03 9.487493787511522628e-03
9.386446314049931572e-03 1.025739964154786382e-02
9.396202172871501168e-03 9.540928750668873151e-03
9.404498567218885427e-03 9.482902346441612895e-03
9.426980664711658714e-03 9.562811616963248773e-03
9.475592618630060068e-03 9.969581306893349204e-03
9.476989481799567155e-03 1.029555924060978310e-02
9.500765961256046541e-03 9.657524334786496065e-03
9.547625575553634822e-03 9.666491342709712317e-03
9.560497062885867786e-03 1.017812986086399051e-02
9.575669906051674854e-03 9.613221353882990539e-03
9.576368004271895371e-03 9.598982606417904434e-03
9.594109447708765864e-03 1.044593011487223930e-02
9.608315452380991259e-03 9.610674450928259616e-03
9.629960595869329482e-03 9.651274929847724476e-03
9.661647566153980238e-03 9.841045214770844859e-03
9.663441020467844478e-03 1.154662137816640961e-02
9.713787720111768595e-03 9.715260848916433545e-03
9.740814936469355603e-03 9.787024070860369726e-03
9.742711088280880255e-03 1.533532299901290384e-02
9.743955139563947529e-03 9.884239412420139231e-03
9.756258935882949554e-03 1.386717327476906340e-02
9.896679498185286666e-03 1.061124196357669976e-02
9.905916097906176943e-03 9.927974091914209750e-03
9.917498468699999237e-03 1.529646464271941335e-02
9.951908530744143708e-03 1.002350516069808357e-02
9.959062005864185302e-03 1.058549796833244475e-02
9.963902528574987774e-03 9.976783677227429870e-03
9.969067072665163676e-03 1.023133965558318224e-02
9.969290008634645525e-03 1.035155212853131404e-02
9.969446451010203006e-03 1.043993073374815082e-02
9.982249982103426691e-03 1.012163132880072869e-02
9.984833269385325061e-03 1.352138794468270983e-02
9.997965263447738601e-03 1.028708130036965797e-02
1.003103178470979642e-02 1.011598695314448564e-02
1.003298546518848096e-02 1.004832782327368806e-02
1.005349272793139986e-02 1.032845633150812105e-02
1.006320906311145881e-02 1.006792776715631846e-02
1.007950695117799424e-02 1.399356328793360284e-02
1.008155535092458699e-02 1.113162611703371989e-02
1.008220893292770780e-02 1.589556531381942223e-02
1.011708286273610945e-02 1.022636127606610726e-02
1.012161279481325719e-02 1.025808951139075068e-02
1.020946295450131380e-02 1.099457371911473705e-02
1.022337470078931755e-02 1.348744982304546890e-02
1.023398237021536442e-02 1.023412177201312064e-02
1.026050516120156214e-02 1.033987356687121953e-02
1.026680585952583630e-02 1.101895916573280773e-02
1.030498766242969946e-02 1.128886917135944572e-02
1.031875835104384756e-02 1.066127406787014884e-02
1.033266340078422760e-02 1.036345214847306066e-02
1.038063998511028208e-02 1.038235291872956212e-02
1.040613066648403244e-02 1.095317423469542410e-02
1.041218669886036577e-02 1.153214672293465665e-02
1.045871320971515292e-02 1.160440809789796586e-02
1.046506270063630832e-02 1.103108901698015253e-02
1.047345639528879727e-02 1.094964391112209293e-02
1.047840574022387838e-02 1.064286201257981686e-02
1.048638661962098505e-02 1.130653049839425509e-02
1.049939354167970899e-02 1.090864695223158973e-02
1.051608300940902810e-02 1.051762220117062607e-02
1.052373097561500742e-02 1.064220422190659786e-02
1.054448942842216817e-02 1.071247566274244681e-02
1.054824755981598368e-02 1.332573308223730831e-02
1.062948513687462203e-02 1.085781987518510440e-02
1.063667256210573848e-02 1.119624105372103023e-02
1.066357963186963936e-02 1.093582799723355481e-02
1.069081311927891874e-02 1.250850910328717841e-02
1.070486993507212964e-02 1.180960107332972367e-02
1.072129154274712066e-02 1.157655648634946417e-02
1.075591586330539376e-02 1.085080640000382103e-02
1.077311642383041446e-02 1.295481278569085917e-02
1.078131299809124977e-02 1.110929401515683111e-02
1.086202264901937886e-02 1.093060646281697468e-02
1.088793577995265417e-02 1.182603771132493577e-02
1.094455475262956327e-02 1.194548177080234641e-02
1.097935022911045513e-02 1.110679920869338949e-02
1.098546665446163174e-02 1.113257578469879772e-02
1.098732032418626818e-02 1.113780012570623340e-02
1.099983205548981866e-02 1.148105990393480033e-02
1.100184289787553907e-02 1.115789802748862886e-02
1.100949478993249429e-02 1.226217391271903524e-02
1.101141562156614066e-02 1.158185517769852631e-02
1.108203968873330489e-02 1.122353167734169675e-02
1.109394822406611913e-02 1.404035574531138815e-02
1.112946210686075778e-02 1.115233023760887551e-02
1.113777489173025693e-02 1.261882388551734645e-02
1.114627800470955991e-02 1.142146047020429524e-02
1.115452023357034819e-02 1.196112064631541481e-02
1.116276404240486124e-02 1.261567894914013103e-02
1.116882515763908783e-02 1.142527515958345966e-02
1.120103812666603700e-02 1.121450361515716893e-02
1.127291518560897404e-02 1.165779796992296065e-02
1.129647123101915236e-02 1.176115182491371987e-02
1.136662140787909024e-02 1.309442357275216948e-02
1.137142157508342841e-02 1.299347282242955745e-02
1.139390216191544201e-02 1.249218819436134081e-02
1.142221329075814376e-02 1.152178317853077769e-02
1.142717121145071096e-02 1.148264834542442325e-02
1.142826704296851306e-02 1.269072671257075700e-02
1.143237094244193078e-02 1.145324993701389224e-02
1.144418153179200225e-02 1.172997089888842479e-02
1.147287426217981528e-02 1.147330114068216035e-02
1.152190896832818931e-02 1.203172852954595591e-02
1.156128070269495101e-02 1.156499342088848636e-02
1.156550215588163753e-02 1.205468160651929424e-02
1.156613222875087048e-02 1.232452490143612356e-02
1.157354293442863433e-02 1.191373392248300939e-02
1.158821632426870578e-02 1.173515920018312203e-02
1.159047246090476151e-02 1.242048989153461160e-02
1.159683114235125941e-02 1.301379351502788065e-02
1.160948748510780629e-02 1.848834420119273292e-02
1.164253830111823540e-02 1.168221754852385823e-02
1.166422189567045686e-02 1.255935770835931234e-02
1.168022289652973465e-02 1.220570792623056934e-02
1.174013055930175908e-02 1.174317509253716696e-02
1.175489961792819220e-02 1.186904328723461903e-02
1.176634591545381615e-02 1.199009163144681804e-02
1.176862647426319547e-02 1.352967479239028901e-02
1.179043597377265641e-02 1.352488328706486984e-02
1.179571633000503668e-02 1.231757658153477021e-02
1.183066983605499632e-02 1.366786625832778872e-02
1.186864264254384668e-02 1.598721117017934054e-02
1.189041974436431774e-02 1.226032145483523308e-02
1.189934420688629202e-02 1.190764642606188979e-02
1.192126992598824438e-02 1.198714427659430641e-02
1.193340751203977694e-02 1.193979847438294585e-02
1.194358417371276133e-02 1.608848325206685068e-02
1.199920428779806432e-02 1.225535000303270249e-02
1.201386833785498751e-02 1.305323674946470315e-02
1.202294461916555111e-02 1.327906162652906126e-02
1.203197988687874399e-02 1.263481072107722550e-02
1.204306231033178132e-02 1.509654467676322873e-02
1.205440183082418654e-02 1.206225212638506808e-02
1.208344941049045371e-02 1.611086340861266411e-02
1.210702471916045089e-02 1.213525789886556530e-02
1.215609690634009664e-02 1.219591157583518534e-02
1.216324176482227841e-02 1.233257952027244642e-02
1.217117977540412357e-02 1.266563474074300193e-02
1.221676208826551896e-02 1.266424379228109354e-02
1.221865294955357117e-02 1.231768778182079985e-02
1.225481255072705632e-02 1.228458696497437136e-02
1.229635720540904302e-02 1.317990185072208734e-02
1.230414081913905160e-02 1.560386215129560411e-02
1.232765280500426608e-02 1.385608408764315430e-02
1.233997491059809354e-02 1.234880126629938485e-02
1.234281891628652254e-02 1.278411610971596710e-02
1.234615816953715459e-02 1.287098318863979379e-02
1.235218454827039999e-02 1.247122461605761588e-02
1.241199792125357269e-02 1.255192371738733832e-02
1.242258608092436031e-02 1.278575965053210979e-02
1.247366601894130470e-02 1.247445220852758802e-02
1.249035828014085150e-02 1.559558926909852469e-02
1.250618336675194536e-02 1.260346248770861759e-02
1.252632276648241345e-02 1.538665699294725422e-02
1.257392479320556741e-02 1.298733470171469645e-02
1.258370331333871078e-02 1.862809490914684590e-02
1.259079937386015785e-02 1.259863578879836209e-02
1.261736897376878642e-02 1.276237031735888601e-02
1.264580514045690086e-02 1.269596090914097697e-02
1.266780948508135912e-02 1.268857824688655531e-02
1.270718162026249383e-02 1.394794283893072660e-02
1.271690484667377732e-02 1.273973600247232420e-02
1.272295058638983969e-02 1.274786384415179177e-02
1.273216575507252896e-02 1.293316883916971645e-02
1.276028461709101912e-02 1.350349643376855431e-02
1.280701150774994114e-02 1.311860271174539010e-02
1.281383822841852295e-02 1.292468417122801493e-02
1.281456755452408530e-02 1.319662126859763064e-02
1.282699153244284615e-02 1.319355970274173513e-02
1.283597558897802728e-02 1.360156066931349564e-02
1.283677936251384141e-02 1.286959165198628928e-02
1.285316615488879544e-02 1.438462567813869261e-02
1.285330707775293388e-02 1.285447619767855418e-02
1.290758485017657643e-02 1.303762417468525697e-02
1.293604557484225037e-02 1.348353967437677936e-02
1.299182101833613184e-02 1.309656462536517262e-02
1.299587407600712868e-02 1.861664351576887075e-02
1.303039656342941562e-02 1.526700023085212320e-02
1.309965160484175169e-02 1.312246898182685764e-02
1.316548262677273533e-02 1.389749171876275037e-02
1.317471983670305199e-02 1.319772921175995338e-02
1.318590484161269623e-02 1.327345365147073776e-02
1.318646834536442089e-02 1.417431955694046890e-02
1.320486146471212471e-02 1.320939893136933302e-02
1.322311278729171487e-02 1.388563994738474180e-02
1.324124986841847089e-02 1.332623041077766850e-02
1.326979907913795366e-02 1.671215262528316647e-02
1.329628901997194530e-02 1.346647032326698037e-02
1.330499163147097486e-02 1.622541640446959615e-02
1.331224788372870581e-02 1.388540716628800659e-02
1.335382029038191358e-02 1.358743574996260257e-02
1.335561967124145218e-02 1.934470114336315355e-02
1.337183167287894769e-02 1.358454977905368573e-02
1.337684276256802252e-02 1.353653858328333903e-02
1.338015256028866201e-02 1.349821758969022706e-02
1.338597292228517477e-02 1.354879880675236188e-02
1.341013931205120059e-02 1.341096326548999254e-02
1.342200634384230727e-02 1.400162053096042254e-02
1.345670078799416497e-02 1.349206959923375179e-02
1.347126420554271842e-02 1.362303368545058312e-02
1.347722578417712841e-02 1.524930914635125659e-02
1.351143576040197622e-02 1.353633738060309143e-02
1.352152479396510724e-02 1.367475909999185668e-02
1.352924568748395916e-02 1.358459160378011968e-02
1.355298306261167041e-02 1.365422111866583001e-02
1.355860504089113384e-02 1.363685741179462667e-02
1.357580484091290909e-02 1.490239448027274975e-02
1.360400489056214773e-02 1.362666259648727569e-02
1.363733296051291601e-02 1.389958890131325238e-02
1.365550866931833709e-02 1.891772100832446457e-02
1.367208053781791138e-02 1.368436522538463325e-02
1.371226727390694074e-02 1.380418823651918640e-02
1.373572573602972226e-02 1.407349496995141495e-02
1.373589970823246680e-02 1.491065539823066902e-02
1.374083066096400303e-02 1.397736711692606527e-02
1.375322256674700767e-02 1.501207780015504679e-02
1.377045973376300921e-02 1.435359351269444549e-02
1.383057509388645190e-02 1.383539463806583020e-02
1.385423814059588352e-02 1.449487072350693490e-02
1.386309931685223568e-02 1.463171998508372949e-02
1.389773630711482223e-02 1.390246617637248133e-02
1.393628913214378651e-02 1.396911901024944398e-02
1.397487278553033105e-02 1.417925308697032434e-02
1.398306497604303450e-02 1.404985017312368120e-02
1.402122464645540884e-02 1.567723751026316170e-02
1.404026062221215738e-02 1.838780538468644601e-02
1.406465258180664320e-02 1.413078917659056979e-02
1.407153666081712926e-02 1.407181448698371050e-02
1.408241008395175881e-02 1.411685655173939777e-02
1.408583189079310773e-02 1.416654299548268658e-02
1.409945711756202709e-02 1.450851111840104068e-02
1.413889714403863788e-02 1.487928967057295521e-02
1.414397468827792090e-02 1.452654324433187705e-02
1.414821310253568110e-02 1.414859377445540529e-02
1.416448082328049946e-02 1.514866574843426288e-02
1.416477038445253765e-02 1.433568325367644454e-02
1.419403835123570629e-02 1.420191809654494479e-02
1.419546833203309821e-02 1.784797599232902654e-02
1.419683368615211848e-02 1.422276507715574713e-02
1.419748657891870686e-02 1.479340455677751950e-02
1.426789731108735713e-02 1.447704652137024074e-02
1.428818199865623459e-02 1.512057259737437445e-02
1.428967405479171331e-02 1.496750404073852667e-02
1.429344864840829607e-02 1.479916663992809044e-02
1.431061059502368102e-02 1.473209777865985143e-02
1.431936440238629552e-02 1.446744529461167772e-02
1.432030779955571417e-02 1.503644983756976736e-02
1.432189299835657029e-02 1.432288533678066980e-02
1.432988763825592676e-02 1.433603666963568363e-02
1.434731550305672933e-02 1.693703811936678530e-02
1.436037723202274012e-02 1.437159373283240262e-02
1.437003921534747881e-02 1.498375816167203667e-02
1.437901670793213446e-02 1.446506216589683348e-02
1.441707624826346450e-02 1.683180850559292188e-02
1.441971908829944339e-02 1.559325932310128004e-02
1.444243789503499298e-02 1.470254503080261482e-02
1.444376624379260440e-02 1.460015950259609639e-02
1.445286934303380982e-02 1.514275859100009704e-02
1.446966779450210155e-02 1.472802643549954785e-02
1.447147717729871039e-02 1.508815611230258230e-02
1.447498419744235390e-02 1.473497181772788836e-02
1.450715150877940340e-02 1.546768549637324124e-02
1.450862823525019864e-02 1.466864410612998132e-02
1.455628981980755868e-02 1.661525310645404693e-02
1.459042206615949674e-02 1.482665150133165993e-02
1.461077869508981865e-02 1.542710692139702237e-02
1.462352967701547810e-02 1.473844011297896842e-02
1.462851093398198112e-02 2.142082240111724614e-02
1.465192818141277699e-02 1.487981313459143043e-02
1.466512946909382525e-02 1.629445833972882965e-02
1.473919780974491597e-02 1.682794921193171006e-02
1.474032497534859786e-02 1.523324114309642166e-02
1.474650955675285875e-02 1.476804602100815697e-02
1.475235161979334547e-02 1.491824974356526813e-02
1.476220899149132716e-02 1.640979018565418696e-02
1.478357744848703484e-02 1.527882281694553993e-02
1.481517016055874762e-02 1.745791244019791189e-02
1.483343146062705148e-02 1.510834415695336969e-02
1.485255661886295160e-02 1.489030796789842653e-02
1.485475490550053172e-02 1.843633334784929717e-02
1.485891639990562403e-02 1.982460398652494821e-02
1.486416038949161210e-02 1.487887534280659188e-02
1.488164796993226430e-02 1.730427557847968520e-02
1.489208333614856425e-02 1.499562896642820525e-02
1.489701624813477045e-02 1.490679339994750024e-02
1.490760352496664151e-02 1.525580386829258374e-02
1.497578790700444459e-02 1.974905982378085539e-02
1.506103405850476966e-02 1.608306338151794385e-02
1.507363550980135927e-02 1.515834478386738834e-02
1.510834805458760415e-02 1.834384903945738762e-02
1.512367996684522986e-02 1.655177316604463864e-02
1.515713889972787089e-02 1.539619458197257970e-02
1.517380350809102371e-02 1.739852112927841796e-02
1.522383608443179936e-02 1.543179104452186215e-02
1.524024907382834880e-02 1.524327975931014968e-02
1.525766976190105935e-02 1.527114294838704568e-02
1.526349598322268228e-02 1.540152936384679185e-02
1.527315169912813603e-02 1.527646887104811349e-02
1.528736758232976216e-02 1.594521291253342063e-02
1.530487078893299699e-02 1.680221012787375470e-02
1.531492793538622929e-02 1.531678824499480875e-02
1.532089674992270778e-02 1.823565297561470858e-02
1.532494915191315830e-02 1.533482826669551463e-02
1.532526147994542343e-02 1.717543529477295883e-02
1.535573223332137478e-02 1.558427114954042715e-02
1.538381956492364429e-02 1.559526199866902336e-02
1.538612435953574248e-02 1.544598031411372960e-02
1.542118500286890521e-02 1.553920685855025678e-02
1.544310821942475147e-02 1.584493082501352637e-02
1.544645628599542429e-02 1.545751388600615471e-02
1.552810741241154695e-02 1.623845579392916086e-02
1.555884743274135208e-02 1.793172370422748199e-02
1.562155395929294525e-02 1.604516835710603773e-02
1.562195176654058992e-02 1.563683645003427145e-02
1.567557301734257696e-02 1.795972431140047121e-02
1.569478236531970591e-02 1.729003304136894278e-02
1.571332980696536069e-02 1.654713757875442975e-02
1.574210972869793251e-02 1.583419416035434721e-02
1.575071112603881884e-02 1.575232112899154283e-02
1.575475549361329483e-02 1.662886267983188990e-02
1.579186748419918879e-02 1.668705586571910676e-02
1.581875773335329055e-02 1.628735375704932001e-02
1.582217080046996807e-02 1.587445174977656498e-02
1.582249004172162771e-02 2.118150734826951265e-02
1.584143514477039452e-02 1.594159295313654287e-02
1.586067392418488015e-02 1.737493592508471130e-02
1.586260954751363486e-02 1.590938598056696948e-02
1.586622619524701364e-02 1.877839895624982061e-02
1.588223518193935396e-02 1.600695224282288123e-02
1.589102005552715455e-02 1.632181948844669411e-02
1.590762897072504206e-02 1.595557946604207397e-02
1.591601392042577001e-02 1.943422030186938571e-02
1.592364780207469049e-02 1.596931370785025298e-02
1.596090954363692943e-02 1.971582774020204376e-02
1.598092757322389784e-02 1.625276849323897821e-02
1.598229981726908763e-02 1.599620727552137495e-02
1.600577494897029163e-02 1.812169023301334406e-02
1.601170673336621206e-02 1.602335375614602139e-02
1.602148392273933936e-02 1.687678012795160165e-02
1.604561410093378881e-02 1.636256115749650311e-02
1.605033212268837384e-02 1.979682057940089848e-02
1.605932818485351216e-02 1.608901374007761995e-02
1.606827973748747168e-02 1.684584651933912144e-02
1.607890497916439343e-02 1.768592903193910021e-02
1.612710720822070273e-02 1.648664305534535204e-02
1.614192323337430846e-02 1.830256406516224399e-02
1.618220164676228631e-02 1.636873057900669823e-02
1.619745447484317868e-02 1.714055740909065442e-02
1.619848426372086023e-02 1.674747997618646761e-02
1.624262957263194682e-02 1.636634703916533401e-02
1.624644452868598266e-02 1.799488010347347414e-02
1.625762581729691195e-02 1.653798893548859283e-02
1.629491470702524453e-02 1.988661508184916271e-02
1.630497883800856307e-02 1.861554864814449206e-02
1.632992640723460176e-02 1.666435423107979347e-02
1.638242107036184253e-02 1.662500819810482783e-02
1.641361063613889365e-02 1.653839416454500749e-02
1.641722646342548206e-02 1.655191623762084993e-02
1.641875107815816276e-02 1.645335493290342455e-02
1.647320682233079439e-02 1.677154255755175863e-02
1.654659388467596623e-02 1.656327083465806635e-02
1.655990292082242660e-02 1.657389645891617358e-02
1.656111455390257489e-02 1.657151202120732761e-02
1.657565401831705143e-02 1.666412120562330360e-02
1.658753590256638669e-02 2.923610246847944266e-02
1.660404790880110754e-02 1.753976618445881458e-02
1.661261884341453526e-02 1.698606257172322401e-02
1.662847846857390746e-02 1.703675261025225027e-02
1.663001691026513157e-02 1.742107527512466031e-02
1.663836691870351076e-02 1.663849880763714970e-02
1.665538989779203477e-02 1.667556946354019701e-02
1.667684026857869928e-02 1.873716059823707022e-02
1.668604364907560686e-02 1.678859681532100454e-02
1.668784984656131523e-02 1.671162538752266058e-02
1.670480918902951875e-02 2.213991489557659564e-02
1.674064749091503518e-02 1.828228613007801609e-02
1.676225841954765566e-02 1.729898702698236257e-02
1.676270541311747700e-02 1.682384448315905195e-02
1.676316731318721470e-02 1.711435137739548626e-02
1.679919548391094197e-02 1.718498336474273691e-02
1.682216288003030025e-02 1.713372625437426661e-02
1.683446621521596936e-02 1.803887653283032036e-02
1.684485355126949177e-02 1.689945165700156016e-02
1.685210835453865644e-02 1.776782193477851463e-02
1.685226019521131324e-02 2.057063806871603506e-02
1.685803876995995224e-02 1.938321285953334069e-02
1.687446782863092840e-02 1.767676247967070804e-02
1.688777624482377254e-02 1.781148566333549607e-02
1.691594750712060308e-02 1.796420936113378442e-02
1.693876677147150914e-02 1.857524711731543821e-02
1.695038579803171200e-02 1.786400197491821301e-02
1.695739498130690442e-02 1.819973416693474941e-02
1.696540593521024543e-02 1.766630217575530098e-02
1.697413452224198760e-02 2.337583060621848188e-02
1.700099594205620179e-02 1.700133766762963738e-02
1.702216650288310151e-02 1.910978278662813987e-02
1.706324302595874434e-02 1.867029882486846704e-02
1.711781085027585039e-02 1.735234148359498726e-02
1.714075122178301824e-02 2.283415414139679939e-02
1.716397966371164402e-02 1.728983209562783008e-02
1.718721140112255269e-02 1.729156784969119315e-02
1.719325392582330900e-02 1.742128128163412254e-02
1.720897274197581706e-02 1.723423268046421139e-02
1.723954443546272045e-02 1.744414025727381717e-02
1.729248470861568035e-02 1.729361229210839637e-02
1.729284105064786761e-02 1.737984685244870972e-02
1.729914603508970680e-02 1.782521327471974643e-02
1.732150870471123316e-02 2.038729491999377585e-02
1.733800699447352739e-02 1.736563848773970895e-02
1.735335499723556288e-02 2.084333369410513656e-02
1.737890924818688912e-02 1.772042606883958080e-02
1.739298960864024343e-02 1.885527715374878122e-02
1.740790939796029238e-02 1.781309235316157549e-02
1.741330541227545034e-02 1.758078176273735263e-02
1.742490933196268535e-02 1.944597219193611864e-02
1.744715990402199296e-02 1.755584364686288770e-02
1.745986733928887175e-02 1.763969029387447984e-02
1.747240775716189798e-02 1.798768522083676533e-02
1.749412095873991574e-02 1.769669264818719140e-02
1.750812672244944981e-02 1.839783005070080857e-02
1.750896434927959669e-02 1.752211037655007284e-02
1.755838595729070084e-02 2.003729120704061603e-02
1.764021254481535142e-02 1.798598695748887533e-02
1.765033262982591833e-02 1.768698785501437304e-02
1.765099262483846645e-02 1.810644258994093675e-02
1.765698695304599927e-02 1.767175795326263524e-02
1.769277027563760651e-02 1.796699092467447106e-02
1.773880168485287775e-02 1.787848122499949288e-02
1.780270775958054871e-02 2.545334148456278658e-02
1.780690179158325379e-02 1.866087497642925433e-02
1.782112131676935954e-02 1.789222811244307182e-02
1.782936940246024338e-02 1.858240492121091686e-02
1.784146124431515781e-02 1.834103202601899962e-02
1.785430172552610398e-02 1.796628532693395064e-02
1.789390229735050158e-02 1.802153467619671198e-02
1.789805051534788458e-02 1.789929176209448247e-02
1.791373401222282058e-02 1.829535483873365870e-02
1.792459972166265611e-02 1.796648701833024331e-02
1.793205658936400035e-02 1.813439861659152386e-02
1.797615168436256586e-02 1.813528429854407986e-02
1.801225431189765538e-02 1.831054813088217256e-02
1.802282795605126414e-02 1.819530997156787108e-02
1.802734174092738076e-02 2.164744269209881167e-02
1.805275871764755111e-02 1.877897567797717077e-02
1.805681343864106239e-02 2.055465612091423450e-02
1.806440706844926469e-02 1.841269782583799391e-02
1.807332700444518395e-02 1.815812184594554554e-02
1.810411767602678260e-02 1.810687101683164379e-02
1.823463384725440214e-02 1.903549028430370424e-02
1.825262099944650537e-02 1.902940714606341649e-02
1.830874453491940571e-02 2.330544054591813033e-02
1.832062297147264013e-02 2.321322800305222755e-02
1.832143452558246052e-02 1.841049297379978439e-02
1.833274866834218308e-02 2.433589617300218819e-02
1.834844982870411853e-02 1.845821238171882830e-02
1.836794935480725102e-02 1.916433975649039709e-02
1.838200061771565197e-02 1.851118545815589461e-02
1.838923316232833616e-02 1.917248244341950014e-02
1.842179846587959149e-02 1.842706744932069013e-02
1.853050573943039112e-02 1.916594446624392961e-02
1.854832322758572655e-02 1.854837643370219058e-02
1.855024660197167677e-02 1.867874624148576496e-02
1.855167834502806715e-02 1.865453544396687008e-02
1.855185030852978326e-02 1.917052358427761768e-02
1.856183756851169028e-02 1.866844239026819660e-02
1.858933313977521526e-02 1.889942620919347893e-02
1.865986712285345669e-02 1.870816271113395421e-02
1.874838129542534190e-02 1.973165477851049343e-02
1.876973317735200139e-02 1.891835746558457459e-02
1.879186890451191305e-02 1.885830120064890467e-02
1.879800802817448852e-02 1.894022323987611112e-02
1.883058034320383295e-02 1.884090299730514437e-02
1.883086349785345268e-02 1.883962698282345277e-02
1.883488909830621783e-02 1.893391253214174452e-02
1.884542648271606002e-02 1.921592955995551910e-02
1.884992898570201844e-02 1.989507433621880150e-02
1.889601162910270124e-02 1.934370772847461215e-02
1.891125481088532304e-02 2.006855239637203581e-02
1.893368477613407638e-02 2.493205407500947643e-02
1.894728034910647674e-02 1.925598597690291597e-02
1.899722560832751983e-02 1.905252393527631996e-02
1.902510965618229091e-02 1.914197961130658515e-02
1.902591430695711738e-02 1.904343723883943421e-02
1.903299468092141053e-02 2.059880015284317606e-02
1.907361505507175134e-02 1.909310070533039652e-02
1.908394540421183214e-02 2.091428218335970521e-02
1.914291773985292086e-02 1.937108104448891435e-02
1.914418168724300526e-02 1.948332404901107970e-02
1.923738275597952282e-02 2.324811105608965908e-02
1.927555508544674667e-02 2.122919641765329615e-02
1.927766703164470602e-02 2.152887421095058332e-02
1.930964258241450390e-02 1.931846899706562287e-02
1.931924778728533187e-02 2.007317510069569003e-02
1.932510850291358981e-02 2.057586632390602521e-02
1.934358133332148705e-02 1.938704987549404180e-02
1.940088561937232045e-02 2.092309258759343302e-02
1.942164197247188070e-02 1.970548387217702438e-02
1.948739875695846765e-02 1.993282726448868461e-02
1.950403889457621304e-02 2.019722847837253366e-02
1.952392081519530725e-02 1.975597868786126837e-02
1.954120846567253267e-02 1.962321902141677885e-02
1.955628488571942505e-02 1.988774916759072919e-02
1.956331845140744582e-02 2.249823581128718164e-02
1.959560905571840553e-02 2.051101746949466481e-02
1.963368711830541791e-02 2.020178657021785493e-02
1.966281424769826883e-02 2.002306821644251472e-02
1.970025761738612019e-02 2.477378750867093374e-02
1.972884564449181588e-02 2.002584418413814668e-02
1.978842093703649802e-02 2.073728691650573996e-02
1.980041885985022246e-02 2.195151377934191281e-02
1.980642131109490792e-02 2.130122016153509698e-02
1.984081864124154909e-02 2.097830945938959288e-02
1.989556547935462591e-02 1.992873961180877465e-02
1.989939002270593033e-02 2.065449185299774240e-02
1.993355099455065838e-02 2.056989509875293415e-02
1.996781441628701567e-02 2.003218522558133582e-02
1.997489397887958554e-02 2.015663809007815083e-02
1.999699383582025092e-02 2.413018750750187819e-02
2.001033318026979035e-02 2.554659705869589265e-02
2.001271661273371430e-02 2.002496349614668950e-02
2.001664577011819449e-02 2.002874455821254326e-02
2.006690328833240361e-02 2.012600737413824253e-02
2.006907419700415529e-02 2.018127987745491764e-02
2.007073483348888882e-02 2.925833557935591384e-02
2.012323047694639794e-02 2.017817693091118747e-02
2.013183555799630958e-02 2.014635108037867231e-02
2.013293617327362173e-02 2.041182367367731093e-02
2.016791476025536420e-02 2.018352316731210350e-02
2.026843356770997168e-02 2.046550449239626854e-02
2.032516160984039477e-02 2.136118406158070068e-02
2.033557517942104903e-02 2.080761556292587411e-02
2.041742951810495213e-02 2.315931387657638174e-02
2.042487443489724927e-02 2.056595662416262418e-02
2.045682149940733843e-02 2.049456992938699859e-02
2.046750940698368812e-02 2.069806925384965954e-02
2.047469551267542057e-02 2.151956123166345186e-02
2.049058657306727579e-02 2.049507345980440542e-02
2.050659416911113780e-02 2.051873145531706716e-02
2.052473805824991601e-02 2.076295026549561731e-02
2.052493446162751908e-02 2.096043694416683395e-02
2.052916381373280988e-02 2.495229998861310181e-02
2.053982239221251518e-02 2.142980028899635001e-02
2.056969727445338500e-02 2.269425792572780584e-02
2.057382023089998624e-02 2.336061624540840612e-02
2.067589824534061399e-02 2.079263132904465156e-02
2.071429925173733089e-02 2.096567932479756133e-02
2.071746245466480479e-02 2.148482241142625482e-02
2.073048088407865308e-02 2.308138432405639970e-02
2.073692427423357021e-02 2.092924983292651295e-02
2.075302056945390813e-02 2.075532140326188935e-02
2.079374688753340278e-02 2.080413674328569773e-02
2.087202766136330226e-02 2.130220804275260310e-02
2.088092003208263242e-02 2.095966456461962127e-02
2.090116232567494278e-02 2.191228234095051949e-02
2.093930963814161911e-02 2.109085514782575721e-02
2.097590035264236888e-02 2.691878741387675189e-02
2.099772733961084020e-02 2.433396569315360650e-02
2.104976865104246295e-02 2.158258310133813127e-02
2.107707305660766126e-02 2.115191783737661868e-02
2.109047755870405161e-02 2.410204331041112744e-02
2.109814008095439383e-02 2.284612458876686056e-02
2.117645508134746377e-02 2.120287125867023614e-02
2.120046093723068625e-02 2.253439472116791978e-02
2.123437730245152782e-02 2.659938538402361816e-02
2.124317460217432785e-02 2.124898520307222025e-02
2.132411630117024559e-02 2.393835067325420646e-02
2.136437224248127417e-02 2.139336560994683709e-02
2.139358219530494362e-02 2.786626568730651149e-02
2.147131432432448570e-02 2.155130334492636260e-02
2.147236083711047752e-02 2.204601365164404747e-02
2.152880117646548477e-02 2.161582849356505701e-02
2.154616234386247040e-02 2.155015738322395291e-02
2.157577117731495839e-02 2.189585870872352152e-02
2.163753082820727217e-02 2.187318028866785599e-02
2.171981317654194180e-02 2.222025002265631821e-02
2.180697617398649063e-02 2.180998035639575977e-02
2.184497291639311833e-02 2.296208760959663961e-02
2.186029255893760098e-02 2.189002131321873823e-02
2.189991524811185988e-02 2.277656851660017634e-02
2.194656659336336260e-02 2.229205786409193049e-02
2.199036023918227514e-02 2.205040422022663815e-02
2.203301489411606251e-02 2.360204468452783977e-02
2.206705015005464010e-02 2.839873081823164613e-02
2.211047140094722988e-02 2.228741382053028505e-02
2.213412410491963009e-02 2.226771475079835153e-02
2.216186521943664875e-02 2.292888225208294245e-02
2.220520388703845285e-02 2.234152205051382831e-02
2.227737638255316774e-02 2.264119088032082866e-02
2.228493850811280944e-02 2.234299071990489272e-02
2.230289989625961616e-02 2.272544379372861897e-02
2.239064115797579496e-02 2.367066110857559552e-02
2.242147583718996293e-02 2.353193200912719052e-02
2.244431823301387685e-02 2.292302939214269086e-02
2.249067270936236027e-02 2.277857837054735393e-02
2.255434008271913968e-02 2.255797979720131075e-02
2.260631177497271840e-02 2.346083277887662383e-02
2.265829662165523908e-02 2.268818985090556226e-02
2.267981689763987410e-02 2.801875393097854813e-02
2.268596540623191507e-02 2.268932044114331525e-02
2.269780733087420690e-02 2.273033138690650282e-02
2.271566191288290279e-02 3.087084560220379817e-02
2.275434072658661863e-02 2.281218882892356581e-02
2.279109588333791056e-02 2.303970751606198783e-02
2.288208301663598523e-02 2.294004669617816239e-02
2.299183808145454505e-02 2.325475670271046416e-02
2.300307592293430320e-02 2.301156020112213665e-02
2.301967948361512833e-02 2.364757768919195299e-02
2.304330885378729279e-02 2.318558031771415090e-02
2.305355675472984395e-02 2.312289278398641998e-02
2.307664471562491382e-02 2.480506759863804547e-02
2.310360085996916724e-02 2.370790862904019816e-02
2.312717832855900810e-02 2.459884798273212839e-02
2.314108009398686133e-02 2.502229219793100298e-02
2.318477447250226822e-02 2.321408375226969786e-02
2.318585828017456774e-02 2.390193249184780627e-02
2.320590960711688133e-02 2.384091808052199793e-02
2.322805628877079934e-02 2.325049993891196293e-02
2.325582711108148751e-02 2.377233252046553891e-02
2.331068888339517253e-02 2.376943600849489024e-02
2.332572097540879311e-02 2.356587134780425280e-02
2.333647953470797606e-02 2.409066774917753562e-02
2.334412327806200532e-02 2.335801756157186021e-02
2.338424194443668169e-02 2.340026333012127854e-02
2.339703827418237320e-02 2.454136348864942654e-02
2.340407720993323629e-02 2.371871036171305583e-02
2.341652184605440973e-02 2.395780679597173807e-02
2.345798504372365728e-02 2.452194021695788817e-02
2.361653839558052262e-02 2.365550357743428228e-02
2.362655781573244282e-02 2.443528949287427157e-02
2.363287772552703780e-02 2.364619404074063541e-02
2.364897181040769361e-02 2.534186128818954192e-02
2.368111523163156373e-02 2.396578932022748465e-02
2.368542213733216412e-02 2.451680630132232683e-02
2.373841961837796707e-02 2.376993483088542594e-02
2.378217816988852096e-02 2.428009912040718019e-02
2.386232117522369203e-02 2.431848153614120031e-02
2.387428247196905426e-02 2.475011490832079372e-02
2.393261151597056782e-02 2.435664645592697589e-02
2.394525932602655990e-02 2.541581486576354951e-02
2.395190161996407080e-02 2.465419068536888261e-02
2.403782107301360993e-02 2.530210578624395024e-02
2.405230931076129258e-02 2.414442591793834747e-02
2.405740297114816045e-02 2.443134457775754040e-02
2.407554885683429319e-02 2.478021505262933272e-02
2.408641851312517956e-02 2.428920473625702237e-02
2.425578813397100825e-02 2.445620106979698102e-02
2.439000744727166589e-02 3.074253802786041517e-02
2.443054356717660330e-02 2.579032520444955040e-02
2.448274321353869840e-02 2.628014696286132615e-02
2.449721460846000440e-02 2.475487800482385412e-02
2.460787024596751069e-02 2.637842622932551340e-02
2.463388709978122856e-02 2.498583265333015682e-02
2.467086789499814761e-02 2.550998056247812812e-02
2.469611221048084032e-02 2.470974989959871457e-02
2.476361139262672068e-02 2.503751992948229435e-02
2.477162384057717340e-02 2.507022706722081967e-02
2.477892734817693440e-02 2.481477366170530691e-02
2.488398527018026787e-02 2.519222960200949088e-02
2.494489587419787893e-02 2.495108516661971587e-02
2.501229671422900563e-02 2.963770843066268132e-02
2.503142309876390387e-02 2.547248303660826566e-02
2.505969937981202683e-02 2.511366275808331675e-02
2.509147797208207548e-02 2.509992779005654900e-02
2.512709786725021363e-02 2.716872457483794287e-02
2.516614446697223312e-02 2.589175747635293415e-02
2.519300959096548720e-02 2.523618163760460095e-02
2.523995179293594959e-02 2.524265220216525760e-02
2.525415814852989202e-02 2.566698257279767179e-02
2.532610225614799135e-02 2.611829311064813725e-02
2.542568805549465585e-02 2.542672398019026406e-02
2.547028139223865562e-02 2.548498210076440007e-02
2.548621988933931493e-02 2.550743904042949636e-02
2.549131658115721261e-02 2.549132994712524289e-02
2.549367136485445468e-02 2.554411463542927141e-02
2.551103672439388251e-02 2.551238983560711118e-02
2.564423017659692508e-02 2.719673075169450754e-02
2.583292701448979684e-02 2.590222858358911737e-02
2.611775170491346942e-02 2.772653873185211906e-02
2.618039693958442923e-02 2.664035891524442132e-02
2.620831334786984101e-02 2.720469323607731943e-02
2.623336204359976928e-02 3.045134695837504318e-02
2.630139375023371473e-02 2.686021271745282421e-02
2.631364488980801261e-02 2.642220113093691342e-02
2.636981772738207150e-02 2.637468656983310220e-02
2.638340081417701530e-02 2.767164658453581672e-02
2.640166163705266050e-02 2.827607065303357550e-02
2.641417418677229068e-02 2.651950693195180217e-02
2.651739773866921418e-02 2.653644397126877011e-02
2.651969303017694818e-02 2.754220406174409316e-02
2.655818275029831269e-02 2.679410589476749482e-02
2.666964558094799681e-02 2.766333908491548990e-02
2.667977822473660901e-02 2.706454563602390950e-02
2.675453301111418991e-02 2.703402588752887303e-02
2.682950718082804248e-02 2.686237232389030241e-02
2.706398358448243793e-02 2.707154632926596707e-02
2.706695227620318708e-02 2.846795681210039994e-02
2.724347958240203385e-02 2.750726428320672198e-02
2.728241771003352481e-02 2.739628166236619811e-02
2.732546678692513928e-02 2.747252991110847586e-02
2.733382236889368364e-02 2.818725911438143758e-02
2.733798967129553309e-02 2.895840255890159975e-02
2.747731991124025344e-02 2.811885426704444427e-02
2.762914853381079339e-02 2.808912133499158470e-02
2.768396850643678464e-02 2.768401627948112106e-02
2.771968720478744028e-02 2.901994341323701349e-02
2.780603996073518352e-02 3.173978977354534325e-02
2.780989634487011225e-02 2.786444481069151602e-02
2.799008196133168438e-02 2.882768617820246834e-02
2.801669928839372811e-02 2.807799134632635307e-02
2.810724915971636942e-02 2.850131367388095832e-02
2.813974827334456141e-02 2.884442870254271332e-02
2.818452676011847999e-02 2.910190975055472126e-02
2.821434379362118550e-02 2.865984185298371331e-02
2.829853802774217122e-02 2.855636033800782250e-02
2.836654238696180441e-02 2.851726626254306660e-02
2.846048594282285168e-02 2.854703563326405069e-02
2.854558111741163987e-02 2.884523407413635415e-02
2.881867999022659152e-02 3.063119108397994658e-02
2.910436913062407552e-02 3.068447980556595830e-02
2.927271477181163373e-02 2.943884035959822010e-02
2.931440278088562681e-02 2.931586278230804976e-02
2.943385012653693469e-02 2.944633511373461257e-02
2.958179224666275878e-02 2.994639935706046308e-02
2.973551116508442796e-02 2.975054129156246702e-02
2.983818946822911974e-02 2.983843239217748300e-02
2.991342798000667588e-02 2.991433435534414723e-02
3.027503792464150342e-02 3.083237036403727038e-02
3.057267990303355609e-02 3.103781585729560588e-02
3.063450867573327269e-02 3.063471040807335885e-02
3.086966875752826175e-02 3.088823726211350693e-02
3.097550139593619259e-02 3.441521950085104503e-02
3.111838290117137362e-02 3.111900285408249894e-02
3.143583519129806991e-02 3.241680914954214732e-02
3.149122524059561057e-02 3.150833440696109572e-02
3.153144610609025927e-02 3.165480397588890660e-02
3.160574878330347365e-02 3.169728339206034917e-02
3.169403030266664673e-02 3.179656205174414413e-02
3.188054117596828690e-02 3.188435129643084343e-02
3.213434703603437748e-02 3.221037593731410076e-02
3.213873211650047218e-02 3.214854827159756984e-02
3.217147434202031336e-02 3.225866179064797168e-02
3.240731374149873056e-02 3.339010405956150535e-02
3.245233273722782086e-02 3.245351099267869410e-02
3.278374751208533444e-02 3.280982968377651326e-02
3.331535714078469324e-02 3.333573891916042503e-02
3.332800305905109922e-02 3.373986466085746733e-02
3.341695379344920142e-02 3.360546010207025175e-02
3.436197006446493202e-02 3.471970920505562663e-02
3.474943987611470858e-02 3.474984824003715667e-02
3.503828508019200122e-02 3.519643057258808883e-02
3.594353302708185732e-02 3.723093954039090325e-02
3.668629567434834871e-02 3.711855553625442727e-02
3.836967296526538201e-02 3.861396574428174050e-02
3.890855401117473966e-02 3.891041716719707139e-02
3.908452348171038981e-02 4.015123522200576833e-02
4.037923346871821750e-02 4.041338818998228832e-02
4.345705902694275286e-02 4.346191910035878542e-02
