0.000000000000000000e+00 1.042203275996222145e-01
0.000000000000000000e+00 7.095936373116309981e-02
0.000000000000000000e+00 7.540421961572280063e-02
0.000000000000000000e+00 6.332437994684315952e-02
0.000000000000000000e+00 6.031154997289808056e-02
0.000000000000000000e+00 5.937344967825490538e-02
0.000000000000000000e+00 5.426359941110889956e-02
0.000000000000000000e+00 5.348534507770368041e-02
0.000000000000000000e+00 5.209082495427203030e-02
0.000000000000000000e+00 7.070566680064140075e-02
0.000000000000000000e+00 9.579231131209102468e-02
0.000000000000000000e+00 7.522640057262740265e-02
0.000000000000000000e+00 5.959847599967797727e-02
0.000000000000000000e+00 4.459777771505313293e-02
0.000000000000000000e+00 4.833849858568334962e-02
0.000000000000000000e+00 6.020776732359068434e-02
0.000000000000000000e+00 4.747342454707396270e-02
0.000000000000000000e+00 8.834176471707030909e-02
0.000000000000000000e+00 5.955592857917071936e-02
0.000000000000000000e+00 9.307630246402930074e-02
0.000000000000000000e+00 6.655079514279066411e-02
0.000000000000000000e+00 5.392895883416415348e-02
0.000000000000000000e+00 5.156229079928334458e-02
0.000000000000000000e+00 5.352657026143609054e-02
0.000000000000000000e+00 4.774719844926857137e-02
0.000000000000000000e+00 1.125138586731087159e-01
0.000000000000000000e+00 5.040275782394273291e-02
0.000000000000000000e+00 8.877706989793678061e-02
0.000000000000000000e+00 5.077190094393754100e-02
0.000000000000000000e+00 6.142224382844004016e-02
0.000000000000000000e+00 6.825338813118760062e-02
0.000000000000000000e+00 4.232744073370594412e-02
0.000000000000000000e+00 7.044348831792732191e-02
0.000000000000000000e+00 6.824759788855336295e-02
0.000000000000000000e+00 6.195428717456454709e-02
0.000000000000000000e+00 4.109132256150786061e-02
0.000000000000000000e+00 5.945557313694986579e-02
0.000000000000000000e+00 6.594668720603982792e-02
0.000000000000000000e+00 8.936688588014499168e-02
0.000000000000000000e+00 7.722352132803568525e-02
0.000000000000000000e+00 5.641153141190970860e-02
0.000000000000000000e+00 4.163648190422044454e-02
0.000000000000000000e+00 8.346404965671519460e-02
0.000000000000000000e+00 7.613668101783960251e-02
0.000000000000000000e+00 6.328630291648587591e-02
0.000000000000000000e+00 8.801495522551715245e-02
0.000000000000000000e+00 7.723749619480541062e-02
0.000000000000000000e+00 3.867428081748556373e-02
0.000000000000000000e+00 4.646836138738331262e-02
0.000000000000000000e+00 5.406856621920011485e-02
0.000000000000000000e+00 4.318267191552143530e-02
0.000000000000000000e+00 7.156063429101433560e-02
0.000000000000000000e+00 6.053685143735674373e-02
0.000000000000000000e+00 4.616583669027048142e-02
0.000000000000000000e+00 4.054145250936102424e-02
0.000000000000000000e+00 9.344759021143707323e-02
0.000000000000000000e+00 6.633589978324633263e-02
0.000000000000000000e+00 4.018620729892210391e-02
0.000000000000000000e+00 4.694978619100765443e-02
0.000000000000000000e+00 3.889161013366864567e-02
0.000000000000000000e+00 4.877736377063137535e-02
0.000000000000000000e+00 5.391427582433758886e-02
0.000000000000000000e+00 8.521377733965460055e-02
0.000000000000000000e+00 6.103088485395452567e-02
0.000000000000000000e+00 4.177877366859662073e-02
0.000000000000000000e+00 4.992704467493923326e-02
0.000000000000000000e+00 5.564538891428442297e-02
0.000000000000000000e+00 5.285901072092871050e-02
0.000000000000000000e+00 3.654830463800245316e-02
0.000000000000000000e+00 5.551651179102554817e-02
0.000000000000000000e+00 4.467052597697988153e-02
0.000000000000000000e+00 8.015145528851103096e-02
0.000000000000000000e+00 4.674007231032193538e-02
0.000000000000000000e+00 2.629822555758835889e-02
0.000000000000000000e+00 4.958458040219389240e-02
0.000000000000000000e+00 2.121434511699750794e-02
0.000000000000000000e+00 3.483771172225093998e-02
0.000000000000000000e+00 6.379889581842465573e-02
0.000000000000000000e+00 6.033161474583954159e-02
0.000000000000000000e+00 6.947372867354008330e-02
0.000000000000000000e+00 6.246213187016532581e-02
0.000000000000000000e+00 4.789364189156151974e-02
0.000000000000000000e+00 6.279643686804194103e-02
0.000000000000000000e+00 9.114458561534106995e-02
0.000000000000000000e+00 5.445157457870133944e-02
0.000000000000000000e+00 2.637318449543950977e-02
0.000000000000000000e+00 3.382388812045987458e-02
0.000000000000000000e+00 5.816226486072261642e-02
0.000000000000000000e+00 7.307818969242009521e-02
0.000000000000000000e+00 8.042745219418946656e-02
0.000000000000000000e+00 4.390072258335931538e-02
0.000000000000000000e+00 5.763431605450277523e-02
0.000000000000000000e+00 4.462833227984006057e-02
0.000000000000000000e+00 5.040224682343814183e-02
0.000000000000000000e+00 3.436348224436568122e-02
0.000000000000000000e+00 4.268212137155284747e-02
0.000000000000000000e+00 7.640056702599251626e-02
0.000000000000000000e+00 4.645931326686945223e-02
0.000000000000000000e+00 4.906458724776922853e-02
0.000000000000000000e+00 8.675096596175022046e-02
0.000000000000000000e+00 4.821239619540040183e-02
0.000000000000000000e+00 9.630614652423967470e-02
0.000000000000000000e+00 3.521919778692913366e-02
0.000000000000000000e+00 8.376187601847794040e-02
0.000000000000000000e+00 2.954813859932157311e-02
0.000000000000000000e+00 5.909043611099809579e-02
0.000000000000000000e+00 7.339797181374993484e-02
0.000000000000000000e+00 2.873111563984553224e-02
0.000000000000000000e+00 8.251478071025874009e-03
0.000000000000000000e+00 4.154155759336047166e-02
0.000000000000000000e+00 4.414038227008751369e-02
0.000000000000000000e+00 6.550805229201737967e-02
0.000000000000000000e+00 5.698006063649423830e-02
0.000000000000000000e+00 5.246465948972910825e-02
0.000000000000000000e+00 1.390249438675201892e-02
0.000000000000000000e+00 7.572973542585151319e-02
0.000000000000000000e+00 9.447400963993041537e-03
0.000000000000000000e+00 6.036354160697075810e-02
0.000000000000000000e+00 9.731104914251215154e-02
0.000000000000000000e+00 4.607654389797704447e-02
0.000000000000000000e+00 3.879299944122744509e-02
0.000000000000000000e+00 5.926876599486844560e-02
0.000000000000000000e+00 3.166585103529304113e-02
0.000000000000000000e+00 4.237107040494286769e-02
0.000000000000000000e+00 2.729885296719591209e-02
0.000000000000000000e+00 6.083632118149941148e-02
0.000000000000000000e+00 6.932834669380052994e-02
0.000000000000000000e+00 5.274014158696015142e-02
0.000000000000000000e+00 6.419090565686726146e-02
0.000000000000000000e+00 4.987274462378666479e-02
0.000000000000000000e+00 1.564930471873293011e-02
0.000000000000000000e+00 6.495594997063341980e-02
0.000000000000000000e+00 4.841246489396454356e-02
0.000000000000000000e+00 4.221238643129309603e-02
0.000000000000000000e+00 6.921316514401840148e-02
0.000000000000000000e+00 4.306602868215689273e-02
0.000000000000000000e+00 3.459505292036280794e-02
0.000000000000000000e+00 7.390449535601441300e-02
0.000000000000000000e+00 4.686743485246392532e-02
0.000000000000000000e+00 4.340405907387397816e-02
0.000000000000000000e+00 3.866928420600368455e-02
0.000000000000000000e+00 3.040820463923048569e-02
0.000000000000000000e+00 5.359657838225145160e-02
0.000000000000000000e+00 9.275457830539986237e-02
0.000000000000000000e+00 6.736356096145544592e-02
0.000000000000000000e+00 1.031248239447374836e-02
0.000000000000000000e+00 3.440639301879127449e-02
0.000000000000000000e+00 7.042303251613005188e-02
0.000000000000000000e+00 6.214767745672863247e-02
0.000000000000000000e+00 5.734213770939709104e-02
0.000000000000000000e+00 3.743852123962008310e-02
0.000000000000000000e+00 3.752382762333490024e-02
0.000000000000000000e+00 4.363901029054705061e-02
0.000000000000000000e+00 5.125184197896644200e-02
0.000000000000000000e+00 5.001088321322149505e-02
0.000000000000000000e+00 2.478954252387218990e-02
0.000000000000000000e+00 5.443415572829971016e-02
0.000000000000000000e+00 3.343763469259132537e-02
0.000000000000000000e+00 6.682152705709069884e-02
0.000000000000000000e+00 1.014677462719454776e-01
0.000000000000000000e+00 4.403036612889225931e-02
0.000000000000000000e+00 7.544834851635312534e-02
0.000000000000000000e+00 6.052480385835053850e-02
0.000000000000000000e+00 3.967127589173154861e-02
0.000000000000000000e+00 5.326537405856417856e-02
0.000000000000000000e+00 1.075784650897843031e-01
0.000000000000000000e+00 5.751141539042661094e-02
0.000000000000000000e+00 1.973651755792575277e-02
0.000000000000000000e+00 4.726814877935094084e-02
0.000000000000000000e+00 4.992361498021243016e-02
0.000000000000000000e+00 3.922749198204376203e-02
0.000000000000000000e+00 2.099368257194934514e-02
0.000000000000000000e+00 2.857717059491913375e-02
0.000000000000000000e+00 8.130190067194562054e-02
0.000000000000000000e+00 3.984563777686073865e-02
0.000000000000000000e+00 6.321781016200082870e-02
0.000000000000000000e+00 8.353514977068207670e-02
0.000000000000000000e+00 3.108503902174068051e-02
0.000000000000000000e+00 4.305229893702464117e-02
0.000000000000000000e+00 4.423371173830363545e-02
0.000000000000000000e+00 1.812909263483567651e-02
0.000000000000000000e+00 6.278081467313685604e-02
0.000000000000000000e+00 8.718961338221954682e-02
0.000000000000000000e+00 2.204084021570697910e-02
0.000000000000000000e+00 4.351370194104327987e-02
0.000000000000000000e+00 5.367862455675251332e-02
0.000000000000000000e+00 2.556717269056756059e-02
0.000000000000000000e+00 2.353574508101644730e-02
0.000000000000000000e+00 3.921155564169927915e-02
0.000000000000000000e+00 7.563250787781848616e-02
0.000000000000000000e+00 4.384476253428237769e-02
0.000000000000000000e+00 3.302414211409131911e-02
0.000000000000000000e+00 9.822653250163924932e-02
0.000000000000000000e+00 4.166422267755465897e-02
0.000000000000000000e+00 3.701648901029964966e-02
0.000000000000000000e+00 5.671912675693328854e-02
0.000000000000000000e+00 6.298970857476468566e-02
0.000000000000000000e+00 5.623302192870802130e-02
0.000000000000000000e+00 5.502269856108951002e-02
0.000000000000000000e+00 8.881119848511351278e-02
0.000000000000000000e+00 3.145862408504759844e-02
0.000000000000000000e+00 4.576429196358447471e-02
0.000000000000000000e+00 3.699219971132057527e-02
0.000000000000000000e+00 2.486102016594380834e-02
0.000000000000000000e+00 4.256257922501099911e-02
0.000000000000000000e+00 7.651229398192779807e-02
0.000000000000000000e+00 4.952378943432722558e-02
0.000000000000000000e+00 4.607346354677337164e-02
0.000000000000000000e+00 6.827349604545109030e-02
0.000000000000000000e+00 3.291482700740186451e-02
0.000000000000000000e+00 6.572432423412520597e-02
0.000000000000000000e+00 5.235310542586749105e-02
0.000000000000000000e+00 5.852796228467858214e-02
0.000000000000000000e+00 5.305595541404545951e-02
0.000000000000000000e+00 5.099653265847275269e-02
0.000000000000000000e+00 4.311197258222583539e-02
0.000000000000000000e+00 5.230475539473480179e-02
0.000000000000000000e+00 5.161207958897220255e-02
0.000000000000000000e+00 5.214701816347860897e-02
0.000000000000000000e+00 5.980174643433214254e-02
0.000000000000000000e+00 5.479507355305242300e-02
0.000000000000000000e+00 3.820525549948062399e-02
0.000000000000000000e+00 4.641172049680974965e-02
0.000000000000000000e+00 3.867224813912920056e-02
0.000000000000000000e+00 2.029994979509895658e-02
0.000000000000000000e+00 3.026214869249520614e-02
0.000000000000000000e+00 6.637641536642462092e-02
0.000000000000000000e+00 3.269745086818439533e-02
0.000000000000000000e+00 2.305944640250238986e-02
0.000000000000000000e+00 3.568327969121325161e-02
0.000000000000000000e+00 3.340608638914620981e-02
0.000000000000000000e+00 5.733546043536566494e-02
0.000000000000000000e+00 8.232915329185118425e-02
0.000000000000000000e+00 7.345899883331806490e-02
0.000000000000000000e+00 6.029229696007047667e-02
0.000000000000000000e+00 5.310140332503053562e-02
0.000000000000000000e+00 4.119860662258290757e-02
0.000000000000000000e+00 7.342582682555273688e-02
0.000000000000000000e+00 4.101388929564278585e-02
0.000000000000000000e+00 2.512222015567761729e-02
0.000000000000000000e+00 4.336461642359466101e-02
0.000000000000000000e+00 2.518744043683992379e-02
0.000000000000000000e+00 2.386738078164104757e-02
0.000000000000000000e+00 3.879695374318894996e-02
0.000000000000000000e+00 3.536606716378134369e-02
0.000000000000000000e+00 4.281904779429426128e-02
0.000000000000000000e+00 1.657300183641871247e-02
0.000000000000000000e+00 4.163691132830114883e-02
0.000000000000000000e+00 3.699896669773735519e-02
0.000000000000000000e+00 4.397238043422931758e-02
0.000000000000000000e+00 6.885805531664865309e-02
0.000000000000000000e+00 5.340353747091644565e-02
0.000000000000000000e+00 1.727265978660938797e-02
0.000000000000000000e+00 1.716894407400445036e-02
0.000000000000000000e+00 7.207320688932720987e-02
0.000000000000000000e+00 2.300239676708378672e-02
0.000000000000000000e+00 1.950521539699855839e-02
0.000000000000000000e+00 3.637573892467187847e-02
0.000000000000000000e+00 5.401550791787832623e-02
0.000000000000000000e+00 4.136536568677096071e-02
0.000000000000000000e+00 2.321451676851054441e-02
0.000000000000000000e+00 1.491840256735545156e-02
0.000000000000000000e+00 3.820670187531007705e-02
0.000000000000000000e+00 6.479597775566679763e-02
0.000000000000000000e+00 3.423558569724246409e-02
0.000000000000000000e+00 4.321593749508567672e-02
0.000000000000000000e+00 3.680811354056481161e-02
0.000000000000000000e+00 1.657876790971292078e-02
0.000000000000000000e+00 4.474394409140464157e-02
0.000000000000000000e+00 6.107364754757449443e-02
0.000000000000000000e+00 3.547095780378922703e-02
0.000000000000000000e+00 8.340704615252718390e-02
0.000000000000000000e+00 5.790865346881743370e-02
0.000000000000000000e+00 6.465090689473207419e-02
0.000000000000000000e+00 1.058224679317043282e-01
0.000000000000000000e+00 4.537986874470650855e-02
0.000000000000000000e+00 3.149778426540235376e-02
0.000000000000000000e+00 4.086921148070527671e-02
0.000000000000000000e+00 1.866170721896559873e-02
0.000000000000000000e+00 3.242221566664521548e-02
0.000000000000000000e+00 4.982238212777434505e-02
0.000000000000000000e+00 1.030016778386435156e-01
0.000000000000000000e+00 6.616443619984231639e-02
0.000000000000000000e+00 3.795152023924831808e-02
0.000000000000000000e+00 7.855709719604965502e-02
0.000000000000000000e+00 4.267748033821631287e-02
0.000000000000000000e+00 7.404626422639952465e-02
0.000000000000000000e+00 5.847879671450326861e-02
0.000000000000000000e+00 2.396733601778209058e-02
0.000000000000000000e+00 2.486054364068603084e-02
0.000000000000000000e+00 5.016773369227871260e-02
0.000000000000000000e+00 6.964495618055323300e-02
0.000000000000000000e+00 3.660539088124162982e-02
0.000000000000000000e+00 4.420381512439072041e-02
0.000000000000000000e+00 3.740949549153985143e-02
0.000000000000000000e+00 3.669384961840520265e-02
0.000000000000000000e+00 6.534328576215181483e-02
0.000000000000000000e+00 4.209901956423182240e-02
0.000000000000000000e+00 7.449050741634968831e-02
0.000000000000000000e+00 4.496371210710102539e-02
0.000000000000000000e+00 3.262293713543806123e-02
0.000000000000000000e+00 2.909963178873312128e-02
0.000000000000000000e+00 5.697980680229310785e-02
0.000000000000000000e+00 4.636749057056695905e-02
0.000000000000000000e+00 4.149277131314806077e-02
0.000000000000000000e+00 3.543120249166385738e-02
0.000000000000000000e+00 2.976296976890195969e-02
0.000000000000000000e+00 4.877874272785541476e-02
0.000000000000000000e+00 3.710817413511494078e-02
0.000000000000000000e+00 3.512273097285172063e-02
0.000000000000000000e+00 5.382554034490848183e-02
0.000000000000000000e+00 7.380352820844221333e-03
0.000000000000000000e+00 2.934358233720711293e-02
0.000000000000000000e+00 5.632024824912248984e-02
0.000000000000000000e+00 4.009625958166347648e-02
0.000000000000000000e+00 4.493705400370642811e-02
0.000000000000000000e+00 3.010689224578783074e-02
0.000000000000000000e+00 6.480144934830074643e-02
0.000000000000000000e+00 1.783934188919475763e-02
0.000000000000000000e+00 2.761691562433878436e-02
0.000000000000000000e+00 2.084702300734840585e-02
0.000000000000000000e+00 3.565222969839281636e-02
0.000000000000000000e+00 3.135802064904048142e-02
0.000000000000000000e+00 2.838137652014229712e-02
0.000000000000000000e+00 3.096473828298165407e-02
0.000000000000000000e+00 4.023895540137960303e-02
0.000000000000000000e+00 5.140891340385118219e-02
0.000000000000000000e+00 4.488500281734115332e-02
0.000000000000000000e+00 3.692438490153859137e-02
0.000000000000000000e+00 6.490955659802739863e-02
0.000000000000000000e+00 7.555858735826227746e-02
0.000000000000000000e+00 8.365553542037211521e-02
0.000000000000000000e+00 3.021317393161658885e-02
0.000000000000000000e+00 2.098284948436673555e-02
0.000000000000000000e+00 5.957012185820799444e-02
0.000000000000000000e+00 4.547353921295346768e-02
0.000000000000000000e+00 3.995900989861370101e-02
0.000000000000000000e+00 4.095221752652473263e-02
0.000000000000000000e+00 4.639315590408527729e-02
0.000000000000000000e+00 5.900408380198812058e-02
0.000000000000000000e+00 3.531605441906263826e-02
0.000000000000000000e+00 4.843154145299095187e-02
0.000000000000000000e+00 3.692851869444759710e-02
0.000000000000000000e+00 3.632096094571576894e-02
0.000000000000000000e+00 5.635737829088786899e-02
0.000000000000000000e+00 4.169378171762209290e-02
0.000000000000000000e+00 2.366758863925414944e-02
0.000000000000000000e+00 4.491233862080724892e-02
0.000000000000000000e+00 3.229016828643898468e-02
0.000000000000000000e+00 3.350318741210861484e-02
0.000000000000000000e+00 3.086237175907289437e-02
0.000000000000000000e+00 7.827674720004063058e-02
0.000000000000000000e+00 3.207556680085218298e-02
0.000000000000000000e+00 8.782537933720979684e-02
0.000000000000000000e+00 3.879507155773843918e-02
0.000000000000000000e+00 2.658547224245621024e-02
0.000000000000000000e+00 4.964268008582559816e-02
0.000000000000000000e+00 6.582766634719691701e-02
0.000000000000000000e+00 5.272855371960265963e-02
0.000000000000000000e+00 4.316040308000259479e-02
0.000000000000000000e+00 4.298330101130672098e-02
0.000000000000000000e+00 3.275134342604443805e-02
0.000000000000000000e+00 3.423067794572935002e-02
0.000000000000000000e+00 3.647993739674837421e-02
0.000000000000000000e+00 2.145419536991803600e-02
0.000000000000000000e+00 5.916808784176415953e-02
0.000000000000000000e+00 3.234655500228366537e-02
0.000000000000000000e+00 6.645096747693876593e-02
0.000000000000000000e+00 2.786376273898546682e-02
0.000000000000000000e+00 1.781544844983166953e-02
0.000000000000000000e+00 3.000085258194190932e-02
0.000000000000000000e+00 5.309327810842794787e-02
0.000000000000000000e+00 3.440349112953763888e-02
0.000000000000000000e+00 5.979262737612306422e-02
0.000000000000000000e+00 4.510235863252599897e-02
0.000000000000000000e+00 5.821608297325762960e-02
0.000000000000000000e+00 5.396010676872785294e-02
0.000000000000000000e+00 5.541133840883399192e-02
0.000000000000000000e+00 6.066968063944819939e-02
0.000000000000000000e+00 5.564864125906697490e-02
0.000000000000000000e+00 5.133138903951474374e-02
0.000000000000000000e+00 5.336637986728758748e-02
0.000000000000000000e+00 7.257786699531690311e-02
0.000000000000000000e+00 3.298296628622551102e-02
0.000000000000000000e+00 7.593051806865740161e-02
0.000000000000000000e+00 3.337830014364956410e-02
0.000000000000000000e+00 2.893240342663306805e-02
0.000000000000000000e+00 3.480120238277399636e-02
0.000000000000000000e+00 2.053498659062023488e-02
0.000000000000000000e+00 3.818126984766578857e-02
0.000000000000000000e+00 5.945826525466060136e-02
0.000000000000000000e+00 8.633996337256218123e-02
0.000000000000000000e+00 2.149105964428033380e-02
0.000000000000000000e+00 3.521747021025112279e-02
0.000000000000000000e+00 3.688486400716676356e-02
0.000000000000000000e+00 3.720830137396164555e-02
0.000000000000000000e+00 6.845655456998532562e-02
0.000000000000000000e+00 3.887522934614364573e-02
0.000000000000000000e+00 2.832066695486427574e-02
0.000000000000000000e+00 4.005772137123942561e-02
0.000000000000000000e+00 2.058575589227828670e-02
0.000000000000000000e+00 5.679743274586454560e-02
0.000000000000000000e+00 3.412454278826096421e-02
0.000000000000000000e+00 1.103659519892238004e-02
0.000000000000000000e+00 9.483557737208544308e-03
0.000000000000000000e+00 2.889034657781595558e-02
0.000000000000000000e+00 2.323633854809571686e-02
0.000000000000000000e+00 3.463248331744969016e-02
0.000000000000000000e+00 3.149964932215741642e-02
0.000000000000000000e+00 2.847891506316468924e-02
0.000000000000000000e+00 3.506212634625833352e-02
0.000000000000000000e+00 4.715136698329160103e-02
0.000000000000000000e+00 2.008685514295080812e-02
0.000000000000000000e+00 4.983153528361843054e-02
0.000000000000000000e+00 2.928584470843517001e-02
0.000000000000000000e+00 3.668134243674581185e-02
0.000000000000000000e+00 2.130049793877044143e-02
0.000000000000000000e+00 4.974031982388611023e-02
0.000000000000000000e+00 4.337171852563000141e-02
0.000000000000000000e+00 5.512235031917136346e-02
0.000000000000000000e+00 7.515158586401421426e-02
0.000000000000000000e+00 7.224872552373970414e-02
0.000000000000000000e+00 2.898675453559872162e-02
0.000000000000000000e+00 5.433571118977519043e-02
0.000000000000000000e+00 6.073944817465853907e-02
0.000000000000000000e+00 2.537300668837786863e-02
0.000000000000000000e+00 5.093648601056518371e-02
0.000000000000000000e+00 5.305687995485569575e-02
0.000000000000000000e+00 3.081137606004709026e-02
0.000000000000000000e+00 2.373873299434287043e-02
0.000000000000000000e+00 4.185184378884083956e-02
0.000000000000000000e+00 3.137676910272910874e-02
0.000000000000000000e+00 3.117992338480748971e-02
0.000000000000000000e+00 1.930685244987567079e-02
0.000000000000000000e+00 8.219687617943881308e-02
0.000000000000000000e+00 1.240846587254939432e-02
0.000000000000000000e+00 8.900691754997247518e-03
0.000000000000000000e+00 4.041311312680744006e-02
0.000000000000000000e+00 3.805949221260863241e-02
0.000000000000000000e+00 2.016979550782402320e-02
0.000000000000000000e+00 7.505620820119648928e-02
0.000000000000000000e+00 3.455603261825999223e-02
0.000000000000000000e+00 4.626731059520542561e-02
0.000000000000000000e+00 3.968813169920989981e-02
0.000000000000000000e+00 3.652355867869361283e-02
0.000000000000000000e+00 3.087282746636151737e-02
0.000000000000000000e+00 2.415231036722314401e-02
0.000000000000000000e+00 3.876188795789199670e-02
0.000000000000000000e+00 3.559515273226979831e-02
0.000000000000000000e+00 3.412240718502779213e-02
0.000000000000000000e+00 5.084230598007502544e-02
0.000000000000000000e+00 4.365490157271927768e-02
0.000000000000000000e+00 4.066401219117627558e-02
0.000000000000000000e+00 8.107476782714401198e-02
0.000000000000000000e+00 4.363689994486288914e-02
0.000000000000000000e+00 1.700028295010383786e-02
0.000000000000000000e+00 6.289903532773448436e-02
0.000000000000000000e+00 1.889219278937236471e-02
0.000000000000000000e+00 2.822155508673084359e-02
0.000000000000000000e+00 2.703659189186386272e-02
0.000000000000000000e+00 6.239653590377115810e-02
0.000000000000000000e+00 4.302240116960295152e-02
0.000000000000000000e+00 7.827351603925734869e-02
0.000000000000000000e+00 2.477348853019439162e-02
0.000000000000000000e+00 3.257500146795101054e-02
0.000000000000000000e+00 3.524639484911390452e-02
0.000000000000000000e+00 1.846415197329803401e-02
0.000000000000000000e+00 3.292762592891113754e-02
0.000000000000000000e+00 3.506831777119204935e-02
0.000000000000000000e+00 4.091142770636532061e-02
0.000000000000000000e+00 4.836739709928306041e-02
0.000000000000000000e+00 2.994399573069419021e-02
0.000000000000000000e+00 2.834036851225677639e-02
0.000000000000000000e+00 2.970109601797367438e-02
0.000000000000000000e+00 2.860176130597704910e-02
0.000000000000000000e+00 3.066898463241994610e-02
0.000000000000000000e+00 2.928397490285375090e-02
0.000000000000000000e+00 5.489764653455064120e-02
0.000000000000000000e+00 4.878716815986320482e-02
0.000000000000000000e+00 2.920967327251663623e-02
0.000000000000000000e+00 2.413924819347601503e-02
0.000000000000000000e+00 1.525464832679662881e-02
0.000000000000000000e+00 1.461952501695016129e-02
0.000000000000000000e+00 3.086031195984265119e-02
0.000000000000000000e+00 1.806182287116402108e-02
0.000000000000000000e+00 2.642647181807807749e-02
0.000000000000000000e+00 3.128799521445284337e-02
0.000000000000000000e+00 4.820268022358296933e-02
0.000000000000000000e+00 2.673595955094645871e-02
0.000000000000000000e+00 4.085795265076240523e-02
0.000000000000000000e+00 7.082144131494527706e-02
0.000000000000000000e+00 7.920362913383567627e-02
0.000000000000000000e+00 3.819253425864609086e-02
0.000000000000000000e+00 6.269171589282994395e-02
0.000000000000000000e+00 4.424748869168634857e-02
0.000000000000000000e+00 3.877721541071535438e-02
0.000000000000000000e+00 1.061647409793519195e-02
0.000000000000000000e+00 5.726203167351534562e-02
0.000000000000000000e+00 4.025828784980873404e-02
