6.153356563362306908e-02 6.160109223553943136e-02
6.200949259489595827e-02 6.207773392205883506e-02
6.297254658724582566e-02 6.374622950677491517e-02
6.338632840336211327e-02 6.348749286966560990e-02
6.342860476295444916e-02 6.344487175861100725e-02
6.408070180896421886e-02 6.414253619165451170e-02
6.745986536599452021e-02 6.758108796447923061e-02
6.817214975392286991e-02 6.890508762409362775e-02
7.132000032035110126e-02 7.142475732212724693e-02
7.182363984179494787e-02 7.258059571470827642e-02
7.183933701410857853e-02 7.187550107302469182e-02
7.236353380748558606e-02 7.236601157071392842e-02
7.258640005196530243e-02 7.266449537863313435e-02
7.290681846250073039e-02 7.312876170804272213e-02
7.436117854003226890e-02 7.447663030137703644e-02
7.446791388582707505e-02 7.448095426016423937e-02
7.784717317618890242e-02 7.784781116521970190e-02
7.820782032909284753e-02 7.820981490933044677e-02
7.831180412941894653e-02 7.833376262078629859e-02
8.108197127717536867e-02 8.115296040442650238e-02
8.355503291318247538e-02 8.424150140801732467e-02
8.440499202687357094e-02 8.441287916841434813e-02
8.532519346166533847e-02 8.532588791476132528e-02
8.566823273170022512e-02 8.566835337915038040e-02
8.607074756100378810e-02 8.636518629749913301e-02
8.636993420346300576e-02 8.849856671549809206e-02
8.663277860190221613e-02 8.671117819208867816e-02
9.098480776021991567e-02 9.220730731049307793e-02
9.386186730411290313e-02 9.491555035609425262e-02
9.386649005744861218e-02 9.410065318050911398e-02
9.392268525159526427e-02 9.395048235880135157e-02
9.469405638568356709e-02 9.662572698630617074e-02
9.516434924027407372e-02 9.528277047639627240e-02
9.650504354750109870e-02 9.654985549000970335e-02
9.664177937789580897e-02 9.664181940210035682e-02
9.720348286164710860e-02 9.787586606746147277e-02
9.900397686451389845e-02 9.955500023410800148e-02
9.928542018377865819e-02 1.012550698486240075e-01
9.967512653581080129e-02 9.967891012585095023e-02
9.980666945817495694e-02 1.006640481015200345e-01
1.005524393276821665e-01 1.028976372627397190e-01
1.008875071648296512e-01 1.009174060859939770e-01
1.013826584646114887e-01 1.021831132636343981e-01
1.022464045566144203e-01 1.022482686479973674e-01
1.022878140889195292e-01 1.045366523542913817e-01
1.027325533904462213e-01 1.034745558321317482e-01
1.031561492675466263e-01 1.060848243747159608e-01
1.033252626384817546e-01 1.042036548730082002e-01
1.037777149870810489e-01 1.052189625522615551e-01
1.042336315497314481e-01 1.042401456763822343e-01
1.054566561191667973e-01 1.057063962006491303e-01
1.055435025830677581e-01 1.064684847901928855e-01
1.058562690012719437e-01 1.076454125544379498e-01
1.062887829382509336e-01 1.079495173757150511e-01
1.063419955238906756e-01 1.069655463519107313e-01
1.066380708513423037e-01 1.088660154557616472e-01
1.067796159738140099e-01 1.068036197541475246e-01
1.072066799940529641e-01 1.072165791052965556e-01
1.075494166001790541e-01 1.087480164131545968e-01
1.076243633198760152e-01 1.078055828421845413e-01
1.083049073392910178e-01 1.097448053824731096e-01
1.086810461734491057e-01 1.086810764457394191e-01
1.100026173877513558e-01 1.114813146911597525e-01
1.103367066199710256e-01 1.103409825234570596e-01
1.105052289533648147e-01 1.105599162801592233e-01
1.105793634754815152e-01 1.120133486328877825e-01
1.106207796516637115e-01 1.106415864827264145e-01
1.109697180605926786e-01 1.110920444449929601e-01
1.109849673667880759e-01 1.109957441305957498e-01
1.117110722641580511e-01 1.117401941285341566e-01
1.119476388852132798e-01 1.120974232785881125e-01
1.121893929938884982e-01 1.123996204172587471e-01
1.123519776107008705e-01 1.138743624595845300e-01
1.126632830381909395e-01 1.126645745214311795e-01
1.135518981406259675e-01 1.151933352464592913e-01
1.136223338164381869e-01 1.143890015026775564e-01
1.137117052385022697e-01 1.137250068191053981e-01
1.137743112839406795e-01 1.137867844704120585e-01
1.151290519964367071e-01 1.152097285200976567e-01
1.154718860524280299e-01 1.155577907450865416e-01
1.154738296124062369e-01 1.164869234583872371e-01
1.158866743913173070e-01 1.159156001684022996e-01
1.162661539976715258e-01 1.163939131423347290e-01
1.168488505393512067e-01 1.209594025016302865e-01
1.169180353943369277e-01 1.178374962040218132e-01
1.169819029264619753e-01 1.174377011870018916e-01
1.177243066144648687e-01 1.177929071039105491e-01
1.198361148326590186e-01 1.202139867303634729e-01
1.201342102685457741e-01 1.208368533748602203e-01
1.202718217166801190e-01 1.202786761823921857e-01
1.203034518182853341e-01 1.203036793456380149e-01
1.210043313239856089e-01 1.226392552446116391e-01
1.211061785248427752e-01 1.212662081247810608e-01
1.214853153997218632e-01 1.228505081296208390e-01
1.215333232579764444e-01 1.215848104017575593e-01
1.215764565593260710e-01 1.217165088073774298e-01
1.215827560361313203e-01 1.223224485181258064e-01
1.218610691264142704e-01 1.221039115140195724e-01
1.219617005096995804e-01 1.235180404702262563e-01
1.221936801685866159e-01 1.226348108687475014e-01
1.223563575428667088e-01 1.226028582620804358e-01
1.224078120381838636e-01 1.224093668314196054e-01
1.226927773671166594e-01 1.228677382513506250e-01
1.229174206592501539e-01 1.230201301361947969e-01
1.235524811365461689e-01 1.255359278064936135e-01
1.238340841667377873e-01 1.239534773046579996e-01
1.239073408118147729e-01 1.239654671147961545e-01
1.243136657602586237e-01 1.243364070941962440e-01
1.249467415509958323e-01 1.250256427605734022e-01
1.260126528453501538e-01 1.271764310929944797e-01
1.261077026083593788e-01 1.289480256237922895e-01
1.272325327424443930e-01 1.278974409601152940e-01
1.272753607267793352e-01 1.276750769154852416e-01
1.273019944510582757e-01 1.280501416352552158e-01
1.282019168268581644e-01 1.284723618555625169e-01
1.284801520961295074e-01 1.298182409678289018e-01
1.288067697316596927e-01 1.288915011431245317e-01
1.289239713975282864e-01 1.292093068716730075e-01
1.289953718047997522e-01 1.289961649456647375e-01
1.292713094883422564e-01 1.293792882504041508e-01
1.293041759886376374e-01 1.293257380859370032e-01
1.297290395233464955e-01 1.301540563059183364e-01
1.308604563993637226e-01 1.309602202642274615e-01
1.322595112628446312e-01 1.323079312377501704e-01
1.332056024668090977e-01 1.334753822400893963e-01
1.335013101326971430e-01 1.335379683687905883e-01
1.339917822666183145e-01 1.340843143559233563e-01
1.340962193700783178e-01 1.400186732468852446e-01
1.353107668606028380e-01 1.358647095185362141e-01
1.353459124621603782e-01 1.353461881880408113e-01
1.357143344461819168e-01 1.357849535724396650e-01
1.360409580403060259e-01 1.427051759901359074e-01
1.366628118018008431e-01 1.366692798671182152e-01
1.368242018804048110e-01 1.379751458122760455e-01
1.370397533342724294e-01 1.375350276939953098e-01
1.371930382519566949e-01 1.374336578778769802e-01
1.374492801279201537e-01 1.376332074779589576e-01
1.382817995505072617e-01 1.383600877798626949e-01
1.388064976265491746e-01 1.390611892876156830e-01
1.389277124364217963e-01 1.389528803009744129e-01
1.389953095137828887e-01 1.394873350030554349e-01
1.391952841543088459e-01 1.391953478082109119e-01
1.405191546976761741e-01 1.405361576257200262e-01
1.415746308450117619e-01 1.415762928724818570e-01
1.428628708308040673e-01 1.432509588764870057e-01
1.428754734222712763e-01 1.448165716397780134e-01
1.428922742695488413e-01 1.429647254285271452e-01
1.435312225705844547e-01 1.435748712627851476e-01
1.438213697479125142e-01 1.441042022488850105e-01
1.438998485683638529e-01 1.444552464089035038e-01
1.441837805102405001e-01 1.443991088590133309e-01
1.443712646140463685e-01 1.456711679927667757e-01
1.446196171980123901e-01 1.453767191728715658e-01
1.449034808408898589e-01 1.457589169360599402e-01
1.451443498234942231e-01 1.451456599599378616e-01
1.454752182346034373e-01 1.498737738207801817e-01
1.458004561027336776e-01 1.458134839928220405e-01
1.459645108654076540e-01 1.459715069274283572e-01
1.463056434238707293e-01 1.463073812317160494e-01
1.464878138722340017e-01 1.470086928533527737e-01
1.469372040395360290e-01 1.477064483479781087e-01
1.470774239624558777e-01 1.475880807443991638e-01
1.472399310715476473e-01 1.473293899143469088e-01
1.476292306271169974e-01 1.476675327619068889e-01
1.478135699925828550e-01 1.478696049169495041e-01
1.482317120792479292e-01 1.482359074971364987e-01
1.485721119898019138e-01 1.485724017660655927e-01
1.486185542559113892e-01 1.526838293441669936e-01
1.487057320149993422e-01 1.489060706770090059e-01
1.487834772774400682e-01 1.495099129001564164e-01
1.487888271567269771e-01 1.503155315724520602e-01
1.491256504019171925e-01 1.491262331129791230e-01
1.495904158021202912e-01 1.495999622764836723e-01
1.509968739901395574e-01 1.525305541997138414e-01
1.518778945975409467e-01 1.537079648375185847e-01
1.522446476814853789e-01 1.534862757394403754e-01
1.523528449715659538e-01 1.524595619907813948e-01
1.524356674183460492e-01 1.524635925327693375e-01
1.524614663433380424e-01 1.532485210381595298e-01
1.530303463650868057e-01 1.531566407809096808e-01
1.538183385733308539e-01 1.548745924900143400e-01
1.538579626671944811e-01 1.541058450183152573e-01
1.544908080626085922e-01 1.548651741820849248e-01
1.555203957428364370e-01 1.555745664501013148e-01
1.569072568574784721e-01 1.663550804198373756e-01
1.569481496107958396e-01 1.576992065140822574e-01
1.575441996366160891e-01 1.576440409777061236e-01
1.577044153371705004e-01 1.578181648119751090e-01
1.580096160539538885e-01 1.597470305295798088e-01
1.581604857464593006e-01 1.597547200145073287e-01
1.583735203502986688e-01 1.585713230714680122e-01
1.594173346510940614e-01 1.609557447126619689e-01
1.595549430201168850e-01 1.624243438690185226e-01
1.603496687100421925e-01 1.610551082347324026e-01
1.603524397521760569e-01 1.604871963132271651e-01
1.605606968977599247e-01 1.606133432678017170e-01
1.607596614630215082e-01 1.612758968291443662e-01
1.616250624209298048e-01 1.616400217084871527e-01
1.619586338164931971e-01 1.626199468110922641e-01
1.620482610133950063e-01 1.625182554177178051e-01
1.625396109517492083e-01 1.632200678099438584e-01
1.629295218460413974e-01 1.629420375195302084e-01
1.633447432534237964e-01 1.643528118257973347e-01
1.635838648647909011e-01 1.645374870268936640e-01
1.639474261439600733e-01 1.640349726706988032e-01
1.647042483016736836e-01 1.660295895154680623e-01
1.651954059483234094e-01 1.652354689316613556e-01
1.665792310387063935e-01 1.668631059282039697e-01
1.674159985887867519e-01 1.674300777348736724e-01
1.676967820704398926e-01 1.681813208823570438e-01
1.700470095240214086e-01 1.765743208533693820e-01
1.701589524792106733e-01 1.701952139848887102e-01
1.702113059435473030e-01 1.702114908408343397e-01
1.707367693033661760e-01 1.707432761235699314e-01
1.707642352335674019e-01 1.708607193067517016e-01
1.708084997116224024e-01 1.708317955114028452e-01
1.709903400506559978e-01 1.729773812941798605e-01
1.714687785427548850e-01 1.714715430184730605e-01
1.715462982362201128e-01 1.722483058191071614e-01
1.725561174564793909e-01 1.726187824106903135e-01
1.729650401800897352e-01 1.738785675652104457e-01
1.730781370674640274e-01 1.733562548147359050e-01
1.731934714111283968e-01 1.733997651118156791e-01
1.733884295718322588e-01 1.779746436060752057e-01
1.736533725012600893e-01 1.737628248789432062e-01
1.764424229730254534e-01 1.765251277992315737e-01
1.770962006396982757e-01 1.772427212725052326e-01
1.771453034074511323e-01 1.771488694611146886e-01
1.779773691160529137e-01 1.810566875685727661e-01
1.801300955098543155e-01 1.809193357017770676e-01
1.801390640415668210e-01 1.813125495398874854e-01
1.832504103355576952e-01 1.842074398541643787e-01
1.836569207420970518e-01 1.846820720783447223e-01
1.846653426040337220e-01 1.871092316552925017e-01
1.847809395065743987e-01 1.848907937681428804e-01
1.871402944566737114e-01 1.881850818676985004e-01
1.888289113536320285e-01 1.911329400945791235e-01
1.892529279699452505e-01 1.894061855481221079e-01
1.902501550718382617e-01 1.904349845283739850e-01
1.914875465177027780e-01 1.947957098951908494e-01
1.921588387756675009e-01 1.932166764050899654e-01
1.987434122735635411e-01 2.022204245803171097e-01
1.998572040388765236e-01 2.011104220068238302e-01
2.016041419229973597e-01 2.016098778002026470e-01
2.016527778753507971e-01 2.016689494750786571e-01
2.022593351319365573e-01 2.023204791690672300e-01
2.046265946230966526e-01 2.048814385147055828e-01
2.053047884591872874e-01 2.053061635942688146e-01
2.080711552130907471e-01 2.080833030330729583e-01
2.091051865743753235e-01 2.092237340694056424e-01
2.095085945883695955e-01 2.130005515025729657e-01
2.098123398930880623e-01 2.100002689848526338e-01
2.111025583932199245e-01 2.114414452650475729e-01
2.168193225323686579e-01 2.640909565636361256e-01
2.168641826179172893e-01 2.175772146961010289e-01
2.189294593497446983e-01 2.191043358462302082e-01
2.203158672951284480e-01 2.306283710586306268e-01
2.219142269818832891e-01 2.899726492881029016e-01
2.243609428110718562e-01 2.547534910450602874e-01
2.273382380585050599e-01 2.274969772982857186e-01
2.279329530368113255e-01 2.537885235035175491e-01
2.284693267069432265e-01 2.696193505978840554e-01
2.285419940167637276e-01 2.293177580463230669e-01
2.293746358510977135e-01 2.323593397628460067e-01
2.301363911570366572e-01 2.575994139995150256e-01
2.301791700426030485e-01 2.302852647564080091e-01
2.338467375265697312e-01 2.418713845072963109e-01
2.340277740960779729e-01 2.341233830762987078e-01
2.346874880500160743e-01 2.647093831199616720e-01
2.361230062656147766e-01 2.377175319261227715e-01
2.362430697532948987e-01 2.591927624840247857e-01
2.362575698863670359e-01 2.633238298147941303e-01
2.374887640589025684e-01 2.376507646676299101e-01
2.391255931610273000e-01 2.415185110284335523e-01
2.396131330710232765e-01 2.405347098617352797e-01
2.396602542699160787e-01 2.403674900554408078e-01
2.406409025443824179e-01 2.416881200185634349e-01
2.407391354281883944e-01 2.411201735568957727e-01
2.420612069784597864e-01 2.459582435639285358e-01
2.429885657564732349e-01 2.447257948796060789e-01
2.433443793385690612e-01 2.454640993509218383e-01
2.443090509260635035e-01 2.527484422424609578e-01
2.447762447071058500e-01 2.450368266477389312e-01
2.463035232097534888e-01 2.485625507410262613e-01
2.466254596385125675e-01 2.467119159675259799e-01
2.466992093122378216e-01 2.468923572662620469e-01
2.469058006540238159e-01 2.472159973085032436e-01
2.475554408712978549e-01 2.526336811209075606e-01
2.480592539304596611e-01 2.481390452118776013e-01
2.486883796155494319e-01 2.524141692275995719e-01
2.497823810529403998e-01 2.502448521831685535e-01
2.501624077581521832e-01 2.501964567125420369e-01
2.504535104966181258e-01 2.508716116173281274e-01
2.511391446014372697e-01 2.520749769636893567e-01
2.517595510350986721e-01 2.519709231291084595e-01
2.527514738559769047e-01 2.528831512355724231e-01
2.530778258255772517e-01 2.531121500292558002e-01
2.532768969520489133e-01 2.539676291752421267e-01
2.562018744555196181e-01 2.578893165717921487e-01
2.575756344500700346e-01 2.575763072011266752e-01
2.584524767952843805e-01 2.584858459407100018e-01
2.588155326786155119e-01 2.591122102328438648e-01
2.603970047912055885e-01 2.614788533735597498e-01
2.635211413388974799e-01 2.683766874327618845e-01
2.640542118207299116e-01 2.640554519485852625e-01
2.647200949462049646e-01 2.647590394418543602e-01
2.666331688681264911e-01 2.680502366634603395e-01
2.738715801647233494e-01 2.738860379489759245e-01
2.758716314893029931e-01 2.760922191834906392e-01
2.864877165647165547e-01 2.885727538366408829e-01
