2.987484578445338823e-02 3.185091021853286852e-02
3.440427447929983451e-02 3.484697133196596602e-02
3.518417570325261395e-02 4.023056220770918068e-02
3.606485065705450355e-02 3.659844948456786318e-02
3.909456526360606532e-02 4.047796069911574479e-02
3.976900703949614452e-02 4.065964449316938206e-02
3.994895173135248889e-02 4.016789798519073557e-02
4.036952303222452604e-02 4.116558110958074002e-02
4.046901731814095404e-02 4.421912849917360167e-02
4.182694191285086377e-02 4.188964949824280914e-02
4.339429995588354322e-02 4.450207293342491044e-02
4.389709510876039361e-02 4.618123854088041630e-02
4.482320443722303399e-02 4.578925893762802318e-02
4.484658032499167640e-02 4.881731097487967269e-02
4.485235194554722943e-02 4.931647214891159148e-02
4.572592038148234894e-02 4.624307587363103017e-02
4.576255300986916547e-02 4.626410062251450767e-02
4.715556767503879809e-02 5.289337932213924315e-02
4.726617658429995567e-02 4.729145287407040404e-02
4.894464804146370085e-02 4.908950663034627321e-02
5.075320573398169749e-02 5.103752448552544008e-02
5.083781692958005277e-02 5.120772862486098337e-02
5.125175954035473408e-02 5.402377424510630688e-02
5.129222500603692475e-02 6.043852676437611732e-02
5.152055143268343546e-02 6.071614737091542841e-02
5.218886654428860766e-02 6.696787089385597413e-02
5.244299271313334482e-02 5.319627659187360635e-02
5.255792797720173354e-02 5.674762009790425277e-02
5.259021756656403340e-02 5.287098276657215684e-02
5.269566286507576525e-02 5.807053684390879600e-02
5.285216680334284267e-02 5.344697813931514191e-02
5.320025054718428847e-02 5.700126828081949343e-02
5.352431749424983731e-02 5.354570804561718106e-02
5.366966528625711358e-02 5.662130246067687001e-02
5.368230662425939326e-02 5.515862487342571702e-02
5.398035947932317696e-02 5.504532378033478307e-02
5.437418866571192694e-02 5.506273512424038341e-02
5.448028976583638161e-02 5.449395279080256754e-02
5.455045800191624106e-02 6.679183260117091403e-02
5.463674906635530848e-02 5.887916452118356625e-02
5.471495113072910588e-02 5.629160347477261961e-02
5.480084809898450732e-02 5.613519172112404337e-02
5.483868575615052920e-02 5.524311333764862081e-02
5.496480393989160163e-02 5.892126645665969609e-02
5.511370783270041346e-02 5.846143681461400676e-02
5.559717044807899189e-02 5.633568239390625981e-02
5.564263697593884589e-02 5.706589671459041252e-02
5.615322443938422503e-02 6.018388098718627233e-02
5.634521681493596251e-02 5.634755049512275155e-02
5.642552484610605795e-02 6.221300786099661501e-02
5.646702699695375915e-02 5.753874623047550152e-02
5.649608186618564759e-02 5.907732999002238833e-02
5.662545844934824962e-02 6.211222587113670451e-02
5.671029276872096431e-02 6.938550302090878974e-02
5.671573636794692563e-02 6.171929203896234228e-02
5.722878266342468906e-02 5.865294118590742845e-02
5.734760535998941616e-02 5.981369235942261137e-02
5.756403126809209875e-02 5.835587043584283123e-02
5.763317319158624275e-02 6.853916267375535776e-02
5.769148368971640378e-02 5.935769841620901904e-02
5.789496186810332706e-02 5.879659538922181461e-02
5.834689085226294619e-02 5.845646995340724600e-02
5.853722574582746058e-02 5.857841142256169087e-02
5.874676758333993720e-02 5.985769922701080631e-02
5.894828730136919548e-02 6.036407271692754289e-02
5.898457180180226994e-02 6.252358662996179706e-02
5.914478256262181016e-02 6.138595825175856974e-02
5.923238331663727152e-02 5.927138185351414623e-02
5.933429986696004549e-02 6.234974300316435680e-02
5.959819284653513488e-02 6.218109683488524247e-02
5.973194743088764552e-02 6.325915761491465727e-02
5.979809033706456889e-02 6.269134131618167571e-02
5.980323662735843870e-02 6.131046905468136299e-02
5.994738737007262314e-02 6.447169588909391902e-02
6.001201156027752281e-02 6.133358845598842896e-02
6.005383609737782041e-02 6.043002886742614155e-02
6.019320106642542245e-02 6.543341137513075667e-02
6.065937970400884366e-02 6.152644589685631049e-02
6.072652148142214379e-02 6.098818422194714900e-02
6.079589776381263272e-02 6.558292668047212282e-02
6.116193820892411315e-02 6.164561072373665740e-02
6.130733875640639874e-02 6.131097944770078773e-02
6.146522866467127311e-02 6.392574010500209902e-02
6.166490223383320340e-02 6.594151273767002996e-02
6.172859353390341974e-02 6.231771552637500183e-02
6.222333055140025909e-02 6.286261640696479136e-02
6.234843095100332105e-02 6.249041941233676040e-02
6.290871104100494160e-02 6.593447397995649828e-02
6.304480425688670231e-02 6.575292912650498867e-02
6.318339247426332794e-02 6.955926814881531473e-02
6.324261053067130323e-02 6.381210956730419548e-02
6.325480405228545155e-02 6.644564119900822630e-02
6.342629000763097546e-02 6.905799168213647143e-02
6.342805227955439218e-02 7.094178035241970048e-02
6.368848591111500590e-02 6.891978066904343170e-02
6.378369985007986687e-02 6.382067083388760775e-02
6.383127149123286881e-02 6.396663863104774805e-02
6.386677929542340648e-02 6.704496482417969527e-02
6.392334386228118448e-02 6.403452798579779837e-02
6.394098316794349923e-02 6.665137625163432278e-02
6.395064471502978631e-02 8.109424854756670797e-02
6.408650765096729485e-02 6.610732248141329426e-02
6.414897891714561873e-02 7.483449826807922478e-02
6.450426173098500193e-02 6.667538223044659762e-02
6.454976314039478913e-02 6.596940895578383424e-02
6.471112909748456821e-02 8.889311902953517253e-02
6.473161988134308598e-02 6.538799895800780082e-02
6.480769887212510516e-02 6.499262253182327975e-02
6.505157556471678759e-02 6.746193683962617427e-02
6.600014407118333370e-02 7.884199303302862061e-02
6.601805363272730820e-02 6.675804526699276320e-02
6.610648083928713503e-02 6.767577690724410622e-02
6.619258156444914054e-02 6.630806543108368201e-02
6.624816872650783617e-02 6.672160229490338434e-02
6.638487764168535255e-02 6.943757251428141208e-02
6.640706466026305432e-02 7.645123858964424091e-02
6.651370518955543321e-02 6.670585903802227212e-02
6.657186315300996082e-02 6.657485045343776442e-02
6.678867290776774324e-02 6.690635634991205782e-02
6.704053415357361101e-02 6.958681063723606841e-02
6.711381732575430470e-02 6.926464878178047180e-02
6.715828566673165412e-02 6.731392742998695833e-02
6.722877899758596121e-02 7.309720877917103010e-02
6.733146851471097372e-02 6.797561516716954522e-02
6.747018892459387407e-02 7.077492601959606278e-02
6.748195419602030787e-02 7.611882361287870824e-02
6.753806740125453678e-02 9.212514411356427513e-02
6.773159059871868004e-02 6.905553411883846859e-02
6.777578192438930837e-02 7.230429250509537442e-02
6.781582584466001873e-02 6.979836829564500800e-02
6.785696976082454535e-02 6.789933231080670650e-02
6.809075342022363753e-02 6.809084387072775191e-02
6.818277869095953903e-02 7.073470187638609963e-02
6.844427969196600903e-02 7.024232039598324318e-02
6.879813192571566927e-02 6.886123935699627052e-02
6.884076027313290602e-02 6.885719357596740975e-02
6.907915174063761210e-02 1.072860387228675716e-01
6.914325655794953396e-02 7.709446599978110604e-02
6.926311008075723696e-02 7.222837435381504467e-02
6.942330374256834580e-02 8.478390954894110543e-02
6.945690231654755298e-02 8.155543736033005198e-02
6.956489024484424633e-02 9.815742186213689824e-02
6.970961321910168484e-02 7.230198648034447118e-02
6.972759722986636433e-02 7.771641214462883529e-02
6.979082279460177562e-02 8.924721312009917251e-02
7.038580356647958225e-02 7.099077916301704816e-02
7.047150130379153943e-02 7.267351871896085558e-02
7.051524663003783111e-02 7.086417726411206597e-02
7.061449094700882056e-02 7.158022034306027459e-02
7.084893704988315388e-02 7.361592493353516509e-02
7.090589123543866723e-02 7.898254033967343213e-02
7.108408954744083186e-02 7.556883853233103965e-02
7.123865946193104481e-02 7.387899651112636579e-02
7.130511158083373269e-02 7.525034651261237884e-02
7.136304387566926033e-02 7.137528119913515157e-02
7.139780453161483076e-02 7.631442759836223888e-02
7.140021258897494283e-02 7.159559969611266339e-02
7.143545652843881488e-02 7.235548034375810511e-02
7.159523908240131296e-02 8.471788751817524443e-02
7.163515609079897095e-02 7.766059218907224448e-02
7.172459932940079830e-02 7.741396655086667244e-02
7.180423133176459805e-02 7.451072165289229776e-02
7.199073280686626997e-02 7.456049803432565626e-02
7.203607240524254052e-02 7.361080808978048839e-02
7.215916039152550643e-02 7.225270889947991992e-02
7.216080573953199961e-02 8.554683424656295276e-02
7.221742546468705448e-02 2.361103842581660783e-01
7.226049324561191478e-02 1.148974524325203084e-01
7.255702857146796581e-02 7.346826318459161176e-02
7.315389944903663566e-02 7.319759616979046313e-02
7.327475984286334343e-02 7.330728552101957451e-02
7.337207414558015450e-02 7.474535174838456419e-02
7.340590143461331318e-02 1.039856903052965298e-01
7.342044081530046951e-02 8.793912213590854288e-02
7.345623251484043048e-02 9.047707637736152053e-02
7.367131998927677061e-02 7.403110012566815890e-02
7.367492734446223768e-02 7.691500901792977518e-02
7.373120739200993146e-02 7.382282027106537581e-02
7.389737077429966994e-02 7.429525182197926902e-02
7.392262869683559334e-02 7.685152260656391565e-02
7.396791294668045302e-02 7.396829019423734053e-02
7.401541874073923333e-02 7.565591024524626063e-02
7.434472597612369615e-02 8.669411207304629496e-02
7.440200315050968238e-02 7.611211962360242556e-02
7.442767048908392746e-02 7.442952857797070776e-02
7.453248022180138099e-02 8.550881556013094353e-02
7.477110980658362160e-02 7.605754620200351479e-02
7.509011621030518835e-02 7.538940872385312131e-02
7.525398244731455744e-02 7.562037654815208232e-02
7.538098130522635776e-02 9.004134657080865856e-02
7.556120907455693425e-02 7.710763032098222336e-02
7.559978506807867038e-02 8.310414233103907700e-02
7.560880174996136016e-02 7.711882321303982490e-02
7.570860741808807526e-02 8.039091285848110058e-02
7.611309839144531075e-02 1.086012216903002314e-01
7.616790484539588679e-02 8.240792375021871452e-02
7.630478454325129167e-02 7.657721605877616800e-02
7.642405622916306762e-02 8.016904414467779239e-02
7.652724382693305849e-02 7.922631091599317832e-02
7.654956358222909929e-02 8.068420122032718411e-02
7.662516029936350392e-02 7.707019817889751434e-02
7.668591429361379386e-02 7.988796895116537233e-02
7.688183004677648369e-02 7.730858539221453773e-02
7.724669073355454330e-02 9.143972162736418996e-02
7.742751541695637452e-02 7.809534566089446073e-02
7.745793867038890113e-02 8.071238399209432202e-02
7.755995763337876492e-02 8.222841817971049405e-02
7.768539985103671552e-02 8.232632206166720645e-02
7.769686631414753075e-02 8.471005583823443263e-02
7.775296794701928860e-02 7.788760902618935278e-02
7.794854851547851349e-02 7.795446772406673663e-02
7.795799078437221086e-02 8.477923446422054587e-02
7.801938983619625956e-02 9.320736870758303261e-02
7.820351348821616422e-02 7.830333286949227312e-02
7.824719773219630803e-02 7.834885260403418039e-02
7.831103333288831625e-02 9.074285934923299879e-02
7.837641372229593728e-02 7.908732637238902186e-02
7.843197733932039117e-02 8.768933068818920984e-02
7.852009501609399922e-02 7.861561474989176013e-02
7.856908504091832113e-02 8.168844859203196196e-02
7.860521807774603631e-02 7.870652087041607459e-02
7.860947581128081840e-02 1.072918757964941572e-01
7.867302440583807954e-02 8.239950704877717358e-02
7.869518138830021436e-02 9.108360111790723967e-02
7.869963744731041377e-02 7.941863376092009319e-02
7.873206099124373247e-02 8.370133385294431516e-02
7.880483711933154722e-02 8.822404713412743127e-02
7.893111247958103927e-02 8.508807575625315645e-02
7.898378409946786582e-02 8.213262746132461711e-02
7.906357892749617255e-02 7.910141288133282211e-02
7.907105953349878591e-02 8.732601553506265379e-02
7.908030415103482758e-02 1.217385739467189837e-01
7.909680561548064481e-02 8.111212267428154210e-02
7.913528075648387783e-02 8.111664783970741477e-02
7.936101343041772338e-02 7.939467649081038969e-02
7.939122353155848855e-02 8.003185701942466812e-02
7.943041986217665162e-02 8.088872282354389598e-02
7.946486866853147424e-02 1.102912998989756116e-01
7.972430447770229023e-02 1.300911006857712882e-01
7.982490083781325352e-02 8.100182489014662313e-02
7.983420450575159921e-02 8.123230225056639331e-02
8.001051678779250165e-02 8.078852618016997555e-02
8.001113753707528309e-02 9.471473078023753822e-02
8.003184936705512453e-02 8.100716875489299973e-02
8.014488955737780751e-02 8.141440696867056903e-02
8.018155629429560283e-02 9.416094295691097849e-02
8.027655084179299849e-02 8.074630751641140303e-02
8.034774623162929674e-02 1.041501423079144312e-01
8.034797786929166741e-02 8.366956999913510717e-02
8.046201197625785229e-02 8.076696730362409316e-02
8.059722511090572361e-02 9.027275801281062217e-02
8.067081183441544845e-02 9.211658467747052548e-02
8.070727635930065313e-02 8.359910178566110073e-02
8.070879018861834564e-02 8.071709134562461696e-02
8.074334003175176466e-02 8.143458449878514249e-02
8.089585366011629863e-02 8.089602512454041605e-02
8.099148791296509331e-02 8.099160515375564140e-02
8.100320948964959133e-02 8.332580189358182454e-02
8.123242518050378946e-02 9.538190365528524672e-02
8.125949203562923828e-02 8.290765143526851455e-02
8.126976912847008738e-02 8.457009287099682970e-02
8.142294853258849607e-02 8.142846098362710450e-02
8.142495496333881921e-02 8.166664929870259826e-02
8.143298293722441017e-02 8.237199479053346207e-02
8.152605957195709074e-02 8.963654261556790181e-02
8.158255139740422379e-02 8.342804909563876492e-02
8.203253965139133130e-02 8.255976360281365445e-02
8.203545630722269832e-02 8.207081637012118847e-02
8.207650503441232814e-02 8.728156362879109509e-02
8.209460804443888260e-02 8.209750282817261657e-02
8.212237615497186560e-02 8.667264612825241465e-02
8.240162800799639975e-02 8.450594442433966014e-02
8.242638815595106083e-02 8.264325032190225628e-02
8.258685178473779143e-02 8.364869616108246142e-02
8.274230854217133613e-02 8.309406848566421033e-02
8.278259432782640592e-02 8.278862084593614779e-02
8.283201191456730783e-02 8.527349099104963859e-02
8.289484792790188794e-02 1.248952173941929172e-01
8.305153354989683323e-02 8.728515524385302427e-02
8.325917980930935824e-02 1.047627917754257038e-01
8.330953235155677539e-02 8.580916767575584581e-02
8.340168061406900979e-02 8.465697417150662429e-02
8.352728280639272473e-02 8.431536582861061391e-02
8.358889483787658448e-02 9.069799514305249000e-02
8.375283195971076899e-02 8.378933826515179428e-02
8.376738785690404643e-02 8.422112245716018020e-02
8.385695498931308722e-02 8.385695504820903090e-02
8.387961542353690458e-02 1.219562710907172998e-01
8.398163787846532613e-02 8.954241518866389027e-02
8.403215595235338786e-02 8.583490126444888457e-02
8.429433988535574296e-02 8.475505906514475829e-02
8.444339348796597866e-02 8.578042786476225423e-02
8.453608882096406985e-02 9.436390739623637391e-02
8.457257725166388018e-02 1.241618963128507530e-01
8.457689812752010317e-02 8.803734891384158712e-02
8.479065602724839001e-02 8.507579389743148701e-02
8.486990343589909114e-02 8.631437871985965515e-02
8.487366969647955339e-02 9.138864133968628567e-02
8.496678661059971216e-02 8.599867988772327831e-02
8.511767180577051173e-02 8.581056677341698802e-02
8.523396208355199510e-02 9.988120566018171553e-02
8.533720484358808811e-02 8.869068723375583829e-02
8.534076947989634176e-02 8.570616537883478381e-02
8.542629685380226379e-02 1.360637456998051720e-01
8.543173212174373643e-02 9.572507140333440245e-02
8.545386979015830164e-02 1.693075140725926186e-01
8.553797385887838833e-02 9.198814068183229498e-02
8.553972679964766401e-02 8.598837781613427600e-02
8.579516312807468348e-02 9.459710780210706105e-02
8.603891261984993044e-02 8.648657300850252916e-02
8.609507305789604326e-02 8.813421361677896415e-02
8.621109858574602103e-02 8.738656078152870488e-02
8.639350073822378573e-02 9.760568540444065910e-02
8.639728457835257891e-02 8.770131988143514690e-02
8.643817897246841575e-02 9.968311767378985888e-02
8.648523502208631253e-02 1.180138226782326549e-01
8.651844970165410709e-02 8.808197049955139579e-02
8.653766540989094036e-02 8.688612409735471664e-02
8.655916346346012591e-02 9.947552937101196424e-02
8.657517662456419572e-02 9.158676197133634733e-02
8.661822926611285889e-02 8.663594930133849958e-02
8.663498450121204231e-02 9.409574223341528321e-02
8.667494793143702692e-02 1.232580064150892996e-01
8.675655354108109674e-02 9.941683833083089783e-02
8.676669975308257121e-02 8.809925046168762264e-02
8.687016380629367096e-02 8.751337894003419215e-02
8.693297314317176283e-02 8.923601027517694129e-02
8.710101225838977335e-02 1.274432094088975287e-01
8.725517087153128459e-02 9.140181197235300314e-02
8.726575692409931084e-02 1.019788010340340750e-01
8.736908826772173120e-02 8.877365174174306484e-02
8.739685660406741607e-02 8.947126840107996748e-02
8.759904088620375229e-02 1.429617216859953854e-01
8.765990137471126042e-02 9.266669032829019659e-02
8.773993537281146726e-02 1.205217768034246850e-01
8.777755807589884829e-02 8.785601657851016544e-02
8.782810808345936637e-02 9.454617053036214191e-02
8.792886024543269952e-02 1.895765732504812728e-01
8.801025343293852887e-02 9.663593546404115886e-02
8.803647424367630481e-02 9.014042840939066881e-02
8.805190017732150709e-02 9.050306264567746506e-02
8.806634899415545503e-02 1.065670782401702404e-01
8.815897194529001557e-02 9.856074849189014331e-02
8.817200422325581488e-02 8.990792060570917954e-02
8.847207604965791339e-02 8.979898773030062231e-02
8.857446866134800756e-02 9.365015757523711959e-02
8.864708747040438153e-02 9.240681843972126108e-02
8.866101150740375580e-02 1.399158686313826394e-01
8.871145940575145272e-02 8.876334813305007676e-02
8.881257652265577007e-02 9.872912857022521360e-02
8.912645788481428355e-02 1.084518371956228328e-01
8.921506140168806998e-02 8.954558354103510365e-02
8.936038327730599917e-02 8.992102629522372159e-02
8.948072855686194094e-02 1.021145900804230344e-01
8.951299122619234272e-02 8.986440208368758065e-02
8.960405604510632283e-02 9.050637524900885522e-02
8.967626202670743452e-02 8.984037735142036407e-02
8.970870809833152160e-02 9.479731060437469881e-02
8.976807577827224105e-02 9.185724485166328612e-02
8.991514242471711216e-02 9.091222251192354609e-02
8.994539386079723753e-02 9.307817216036304298e-02
9.021376424042361342e-02 9.649029622887889124e-02
9.023560383675234553e-02 9.229851154873625063e-02
9.029530053622882024e-02 1.125983085830442182e-01
9.035690556549631769e-02 1.086668461453888235e-01
9.042039178016643419e-02 1.092515109791493549e-01
9.044038668252198099e-02 1.256624346642548906e-01
9.060337728418602077e-02 1.107624563203268575e-01
9.061012114994898559e-02 9.821686282024423564e-02
9.072797186743319919e-02 9.089762434718755280e-02
9.080143267844556498e-02 9.784837633147663860e-02
9.082151402530289075e-02 9.761053131169275532e-02
9.114432609249917272e-02 9.402696043998701181e-02
9.128900732005210128e-02 9.143061254544998517e-02
9.130628081064609547e-02 9.771610270146241506e-02
9.137592148658400804e-02 9.137681407348399731e-02
9.162955049120892481e-02 9.190685599905398795e-02
9.165510722810348010e-02 9.491602500266146936e-02
9.172157599897839964e-02 9.231158124505929596e-02
9.176248955609965507e-02 9.227122687929449618e-02
9.184156079892197289e-02 1.156923971054177464e-01
9.189581750812758631e-02 9.627401036467705953e-02
9.189829255143225351e-02 1.996611798713085195e-01
9.192484032808535821e-02 9.214476527681886298e-02
9.206888988419724418e-02 1.059056242524266389e-01
9.213158619500345925e-02 9.260542381724012895e-02
9.218997743460340122e-02 9.382404556859286204e-02
9.261991665242340355e-02 9.379080397921375767e-02
9.264875237651892803e-02 1.900567904461193391e-01
9.269660213233563151e-02 9.351939507731095447e-02
9.273857968720035372e-02 9.273874524937596175e-02
9.277957521817159492e-02 1.056831705594653004e-01
9.281423084192898243e-02 9.399901031587978850e-02
9.291460028613671152e-02 9.732646454013424431e-02
9.324974628127423448e-02 9.341238347834658617e-02
9.326511992162149489e-02 9.764438899837005192e-02
9.338511585694550532e-02 1.295956935279518885e-01
9.342275048544400329e-02 9.639537211814491746e-02
9.358131137875821959e-02 1.085111770912212809e-01
9.364082436837319057e-02 1.014780318030120421e-01
9.369154220911156405e-02 2.219978829982589275e-01
9.384556241034591739e-02 9.754461208161850638e-02
9.404620542311635523e-02 9.405775073667152486e-02
9.423981364490252588e-02 9.744694360627327578e-02
9.430599623619656535e-02 9.930725691800904031e-02
9.442879506698227676e-02 9.443719491825391943e-02
9.460844531993410633e-02 9.603089526558537814e-02
9.471862142365987391e-02 9.766862977260373779e-02
9.477187182921811837e-02 9.724140111235632378e-02
9.481311672463600682e-02 9.514390173806074047e-02
9.483574796609231528e-02 9.497741748028439013e-02
9.489773394627161462e-02 9.520693591415836654e-02
9.496609527113804294e-02 1.247283299021473835e-01
9.532258231391026182e-02 1.039686488822247901e-01
9.553688477681589186e-02 1.404365764871714772e-01
9.557684926333483155e-02 9.627080310033851729e-02
9.561769504652689600e-02 1.067288179333040210e-01
9.577455448038103836e-02 9.577738400373075889e-02
9.579358232093114489e-02 1.012893568223819374e-01
9.601194277462239690e-02 9.740712637086819392e-02
9.601993041256026706e-02 9.642495446348099686e-02
9.618024892359303135e-02 9.667874650872070041e-02
9.630236594293860308e-02 1.075604977158234471e-01
9.649934497069213857e-02 9.780889951862735410e-02
9.659755165164540802e-02 9.804807767857437462e-02
9.665210058079033717e-02 9.665313837251650331e-02
9.665395158514845930e-02 1.203251404432372218e-01
9.667152628605879539e-02 9.945042627596356599e-02
9.689993459409868004e-02 9.775798349527360653e-02
9.699364831599323333e-02 9.715150303066844018e-02
9.713528722640651925e-02 1.044074966404739263e-01
9.721530929917779340e-02 1.100086946632935769e-01
9.740886009887005093e-02 1.173128873880277256e-01
9.755696636578606307e-02 1.049210347428829321e-01
9.759283750048160233e-02 9.772526529148549412e-02
9.759435374658009810e-02 1.215532826002889144e-01
9.761172800782638714e-02 1.424036257921149073e-01
9.762112415103227359e-02 9.888078157842163096e-02
9.779268186030234955e-02 1.494261796255473285e-01
9.783802354388611289e-02 9.840107286045809976e-02
9.787048333252870713e-02 9.787139494339935908e-02
9.787426351963868232e-02 2.097551206687786052e-01
9.796694657935303696e-02 1.173088180727576285e-01
9.803939165598529737e-02 9.951421965583470697e-02
9.832305557042186894e-02 9.832777182056866294e-02
9.856354541203887765e-02 1.828117431415792471e-01
9.859745273863707027e-02 9.986471228204593653e-02
9.861076328800044699e-02 1.137503849927160166e-01
9.867100233288059186e-02 1.395436283496836738e-01
9.869987482311945448e-02 1.002835224980237611e-01
9.883622091015305255e-02 9.996765336577138894e-02
9.884826628673237803e-02 9.884954400205178682e-02
9.892866883302862957e-02 9.958360660759824068e-02
9.894595008412589154e-02 1.148172774477498603e-01
9.908502504625486818e-02 1.049881624006351460e-01
9.914231780192506172e-02 1.054255107132653219e-01
9.915398281342514830e-02 9.949862838819928390e-02
9.920787310485466859e-02 1.140179403143375125e-01
9.929598949092664772e-02 9.929680781043116744e-02
9.930428497057701420e-02 1.151788450491453286e-01
9.932763657843576843e-02 1.177216797202456783e-01
9.935038456124851980e-02 1.026794471422397548e-01
9.940246456881865478e-02 1.128348384797251969e-01
9.942525214903494279e-02 1.067009088629096991e-01
9.944034017667846559e-02 9.989474479099080817e-02
9.944146902632246265e-02 1.016126655055786254e-01
9.946761148010400955e-02 1.007757091147668399e-01
9.947145715426251866e-02 1.000797422502365391e-01
9.952929621380551817e-02 9.961994832734781535e-02
9.954525845749709334e-02 1.076126780160867880e-01
9.954814797888567046e-02 9.955026955165451052e-02
9.958567199406107018e-02 1.160153276422975915e-01
9.959700076228336640e-02 1.036385729285557583e-01
9.989791672725760463e-02 1.593568441086525844e-01
9.994262035065801242e-02 9.994908278043747318e-02
9.995811894436260059e-02 1.002216944893312978e-01
9.995888073583704403e-02 1.007623207084465400e-01
1.001936935934117090e-01 1.007375574036414034e-01
1.004117291836237741e-01 1.620855308098729797e-01
1.004993708067220687e-01 1.011208799196572083e-01
1.005329236986236829e-01 1.016477138008740760e-01
1.005429914090668619e-01 1.034955843661644614e-01
1.008020339883990424e-01 1.086543773020931664e-01
1.008216825291559510e-01 1.263741723356990310e-01
1.008993381089996061e-01 1.009423019742641120e-01
1.009392887751457829e-01 1.168659183581391980e-01
1.009861442301946827e-01 1.010139858136235580e-01
1.010580758383395755e-01 1.595719989470291145e-01
1.011124345005084968e-01 1.038723185228794949e-01
1.012086963528581601e-01 1.489697933179554290e-01
1.014176174542155556e-01 1.063154583256001873e-01
1.014366723196070685e-01 1.036934753377135865e-01
1.016503789774801381e-01 1.038234051003820574e-01
1.017509458195070271e-01 1.359559316832549547e-01
1.018305277712087814e-01 1.176357057379009280e-01
1.019274093905242901e-01 1.031912385949317473e-01
1.020243015433819761e-01 1.022024031656859622e-01
1.020579749136134723e-01 1.239077803247359000e-01
1.021501038652792431e-01 1.068531906141360760e-01
1.021605722251711368e-01 1.193157831912816103e-01
1.021864967504891447e-01 1.025365290956758713e-01
1.026485942855923927e-01 1.029896007163325911e-01
1.028507514732671241e-01 1.036763759462417528e-01
1.029754063684834020e-01 1.031101356544017189e-01
1.030510853197531412e-01 1.030524135422562076e-01
1.032802470429268205e-01 1.366920493861482067e-01
1.035880683163606097e-01 1.664033307764012926e-01
1.035982726451689512e-01 1.151029341390577554e-01
1.038140013615133639e-01 1.040700582424609055e-01
1.043289423577074965e-01 1.112549883768441938e-01
1.043968796456064829e-01 1.137658229409612282e-01
1.044255208517143735e-01 1.046877464855847512e-01
1.045091771993233165e-01 1.199309174808167316e-01
1.045571828766147515e-01 1.063870680482416203e-01
1.046128592441663285e-01 1.049655101773914051e-01
1.047177654003001862e-01 1.048765690646664139e-01
1.047277575510466990e-01 1.056537750728714364e-01
1.047339100663437772e-01 1.230329598652578488e-01
1.048133937726739018e-01 1.262789109051143943e-01
1.048707850151465587e-01 1.057279271015878902e-01
1.049197262576069128e-01 1.104662203796549780e-01
1.050001766757869270e-01 1.061138258709549420e-01
1.050007527548814795e-01 1.390564144000975555e-01
1.050125670016445051e-01 1.082577591767168723e-01
1.050554455364249434e-01 1.050615759053197401e-01
1.050708045343298064e-01 1.102450031167227645e-01
1.051914464553142387e-01 1.170614424806911552e-01
1.053128952451504730e-01 1.056257303237666256e-01
1.053753934238099987e-01 1.153608852415863167e-01
1.054394199639277496e-01 1.150807858996509142e-01
1.054691164011145044e-01 1.068208143335339366e-01
1.055281904655173825e-01 1.066455041769556189e-01
1.056064472086537392e-01 1.591395111643404692e-01
1.057364941086105514e-01 1.073735629403295005e-01
1.062610160684886729e-01 1.296997272249279520e-01
1.062890571520314353e-01 1.282508024511155587e-01
1.063529563329519700e-01 1.103519996704148132e-01
1.063585958976551171e-01 1.065116485272936397e-01
1.065762829240681914e-01 1.065766256012085078e-01
1.066541807459923108e-01 1.066689593643417172e-01
1.067491757190623947e-01 1.096860437534558641e-01
1.067607418408220571e-01 1.082809542674882941e-01
1.068001253012591106e-01 1.187115700573223159e-01
1.068177338273909593e-01 1.075413246994753325e-01
1.070349652495096726e-01 1.071518997831137077e-01
1.071544911965203323e-01 1.119405475602632399e-01
1.071867248045007548e-01 1.083014836310421392e-01
1.072423209313139031e-01 1.106152743827918533e-01
1.072620006586871427e-01 1.132706826651001530e-01
1.073911905494427110e-01 1.123904032839745520e-01
1.075538643582961279e-01 1.243974316488774962e-01
1.075861525651483908e-01 1.083746108773219752e-01
1.076826001863532695e-01 1.120428749213659980e-01
1.077931304469174345e-01 1.132630195941034951e-01
1.078388193146541385e-01 1.241515907664598739e-01
1.081246820186471530e-01 1.874723097949404227e-01
1.086398344222505863e-01 1.549698086277772335e-01
1.089313823714848223e-01 1.188883608867382230e-01
1.089478283984383900e-01 1.120551156831796347e-01
1.089961037542031969e-01 1.099080134764258143e-01
1.090006864789768992e-01 1.093815872429733382e-01
1.090381596441674095e-01 1.313080288451968503e-01
1.091000165962123791e-01 1.091764762711431302e-01
1.091537614951068880e-01 1.102462244851524914e-01
1.092118786084970289e-01 1.093766678415721005e-01
1.093735325191308727e-01 1.118737192687751097e-01
1.096200992672217156e-01 1.096286370005260247e-01
1.097911599836469410e-01 1.100349933571624084e-01
1.098791789155873083e-01 1.108417275854166606e-01
1.103334900590177414e-01 1.125216102245091276e-01
1.103361999233457291e-01 1.377088528991866345e-01
1.105075702605309851e-01 1.469496257141509610e-01
1.106708536077678912e-01 1.150020722979317872e-01
1.108356215780232634e-01 1.169227958669643713e-01
1.110784960607189564e-01 1.111712181920726378e-01
1.113267427847058760e-01 1.142461098972894495e-01
1.113653783198794156e-01 1.126981032576786224e-01
1.114930114348955947e-01 1.456190728650607336e-01
1.116975911028360441e-01 1.123057664373098979e-01
1.117464958299135003e-01 1.125350395439012885e-01
1.117611411394817122e-01 1.149355164083838560e-01
1.118239170842713764e-01 1.120788578404714048e-01
1.119374615467059741e-01 1.123747932152798085e-01
1.120144488980818198e-01 1.133010812123433769e-01
1.120597439937165013e-01 1.142703221024258947e-01
1.120787748176867438e-01 1.125583734457884233e-01
1.120871737048762806e-01 1.125747766031433839e-01
1.122295258464823114e-01 1.165167899998884316e-01
1.123487155496088880e-01 1.224573419337871144e-01
1.124340892609719811e-01 1.177830180119734532e-01
1.124978955977747885e-01 1.172841426432075507e-01
1.125605662160399922e-01 1.144469817418617419e-01
1.125913653453443908e-01 1.721441978985796539e-01
1.126648847150620719e-01 1.130524939373373505e-01
1.126956593035877280e-01 1.267618737013007091e-01
1.127763149161300493e-01 1.184728926947458683e-01
1.128255574024421837e-01 1.243917959257037631e-01
1.130139263826463597e-01 1.130912387120523582e-01
1.130957249923363606e-01 1.140762397686675561e-01
1.131580666425816423e-01 1.152012141539538875e-01
1.131629811122915191e-01 1.150378132244937318e-01
1.131716871586004730e-01 1.131797967858590576e-01
1.132152514185611469e-01 1.141581506959377934e-01
1.135085237224283533e-01 1.353326253343886953e-01
1.135532593018403619e-01 1.157686254311573459e-01
1.135618729675957894e-01 1.149511110224418625e-01
1.135652229564517030e-01 1.149362128106511949e-01
1.135750487982143120e-01 1.136075050855122198e-01
1.137297120772627901e-01 1.137809654524832292e-01
1.137783434596679188e-01 1.953622996465438355e-01
1.139495047589499793e-01 1.169634979819242637e-01
1.140206779605800053e-01 1.140332417261673281e-01
1.141090172652051704e-01 1.148220063022752646e-01
1.142522500276962755e-01 1.161646924336590253e-01
1.142869245089406238e-01 1.145265303201408597e-01
1.143442686686584886e-01 1.144955255666835481e-01
1.144062448889350686e-01 1.150459195076657254e-01
1.145111864415377795e-01 1.174222322771430044e-01
1.145218075588226164e-01 1.166693228492867718e-01
1.146353028193996260e-01 1.169404655381403729e-01
1.147499533030961888e-01 1.219191865474633790e-01
1.149268110873339493e-01 1.229191896629625580e-01
1.150517415967438339e-01 1.155783168890376078e-01
1.152217434530526802e-01 1.267540095383248300e-01
1.153894843044693669e-01 1.218395161209280542e-01
1.157239002062546152e-01 1.181332100790596223e-01
1.157674479688427932e-01 1.288425847475042629e-01
1.158882989547875275e-01 1.166155445498623516e-01
1.158966764086991202e-01 1.227952006111023286e-01
1.159538135208556253e-01 1.415920980731858458e-01
1.163844691362434236e-01 1.172530174629685396e-01
1.169237460343949681e-01 1.188309336385180992e-01
1.173795566774514243e-01 1.315626984091446683e-01
1.174643490819517466e-01 1.185284923491650849e-01
1.174999589508724240e-01 1.178014140434791163e-01
1.175292287446485368e-01 1.236449313347629114e-01
1.175374035601007977e-01 1.202015560723678905e-01
1.176017470947949284e-01 1.177420777218202430e-01
1.177837956374269135e-01 1.221871464604434437e-01
1.183161579561471388e-01 1.184230080307114574e-01
1.186336597830959794e-01 1.226539242659274026e-01
1.186369243137491009e-01 1.206342679266051571e-01
1.187195425122329756e-01 1.187238902419526232e-01
1.189637734227937393e-01 1.208812136544639287e-01
1.190479025052042367e-01 1.244392888659642676e-01
1.191434545299871334e-01 1.236843670472736606e-01
1.191625326305426752e-01 1.195128321776896818e-01
1.193560139480236287e-01 1.226260843723056826e-01
1.193638047385987000e-01 1.222929727285058249e-01
1.195100530617329015e-01 1.406288202004057075e-01
1.196791162061181385e-01 1.390415955253651858e-01
1.199186399333962011e-01 1.338278972137575407e-01
1.200109636500774901e-01 1.202095266038911703e-01
1.200679302361174206e-01 1.206268516525864226e-01
1.202216393727048444e-01 1.211510561604831476e-01
1.203040584746408737e-01 1.204635770381014132e-01
1.204852135416497744e-01 1.205292086540432211e-01
1.205546087609285638e-01 1.213778996576802549e-01
1.210786004539906313e-01 1.224225356472977699e-01
1.211488544349661051e-01 1.233727163329416260e-01
1.212399022165380064e-01 1.358504123664759922e-01
1.214201166864134346e-01 1.727119189202471483e-01
1.214378479896446594e-01 1.215650576472436933e-01
1.214961726835473155e-01 1.318307249576149975e-01
1.215077221084395614e-01 1.247189411474321358e-01
1.215299650989808689e-01 1.216025615767197532e-01
1.218983881401953795e-01 1.219185701082129009e-01
1.219042877533553504e-01 1.230496484151556991e-01
1.219552119207489016e-01 1.439997152925617252e-01
1.219737607399039303e-01 1.219855240500857946e-01
1.220996796315969440e-01 1.226411116715106775e-01
1.222949012752016923e-01 1.239264497826572248e-01
1.224998130931816698e-01 1.227229421035661294e-01
1.228162468919327122e-01 1.228181994893745993e-01
1.229837762137952206e-01 1.230318815906508573e-01
1.232329698361160492e-01 1.232414162825950649e-01
1.233928208494791678e-01 1.257698460062575407e-01
1.234289578174115470e-01 1.251012429767967282e-01
1.238201750745470814e-01 1.239059258896292037e-01
1.240045417491640323e-01 1.245070960815482797e-01
1.240338866090208575e-01 1.372463708374119240e-01
1.240389036731182337e-01 1.366716273883548105e-01
1.240548142166770645e-01 1.242197905180219136e-01
1.241579061685521568e-01 1.242173822510049125e-01
1.242206112990515560e-01 1.242289732098112165e-01
1.243423992823279450e-01 1.243434089693310068e-01
1.244257263581479422e-01 1.251618402855102230e-01
1.246905494988235635e-01 1.779795619925467198e-01
1.247131677381341924e-01 1.250588411094289698e-01
1.249128331701015032e-01 1.538101619792423269e-01
1.250574351096563896e-01 1.305730049764633194e-01
1.252018916742497490e-01 1.299645089124738806e-01
1.253737881922671049e-01 1.259854493674494036e-01
1.256053647144719509e-01 1.430230843430702892e-01
1.258683111688351786e-01 1.261686705109933693e-01
1.259563453229573526e-01 1.259667326637379792e-01
1.260668935943513036e-01 1.277362915254927900e-01
1.262591464187654833e-01 1.304215048053747883e-01
1.263847934905252546e-01 1.264766405634000501e-01
1.266064603393677601e-01 1.275650476035019021e-01
1.269955940594386656e-01 1.269956843993132745e-01
1.270872975038277730e-01 1.519916355026382226e-01
1.272020735436192873e-01 1.379267232952350042e-01
1.272071367196664360e-01 1.274311236970586125e-01
1.274036188900843913e-01 1.306833369494950770e-01
1.274786722422148466e-01 1.313211049972932976e-01
1.276051588319000174e-01 1.288379075848666289e-01
1.280953971962880134e-01 1.297721969171765077e-01
1.282356041586108220e-01 1.334226620321569134e-01
1.283016932831314294e-01 1.283062023797457707e-01
1.283414441239412451e-01 1.333329471433825075e-01
1.284165523475387649e-01 1.303537902255723913e-01
1.288525483629900381e-01 1.305180534664393821e-01
1.288896421812091853e-01 1.304602035008241567e-01
1.289709119092617706e-01 1.289928540367737686e-01
1.293539430782027211e-01 1.294858255305940120e-01
1.295406736548830318e-01 1.296808066113045999e-01
1.296388858287403356e-01 1.411148087151153363e-01
1.297660753462313854e-01 1.325903314079018014e-01
1.298261742722224277e-01 1.313791099830364240e-01
1.301534794192574229e-01 1.309753407332407693e-01
1.303853103274081326e-01 1.315909452621553954e-01
1.305145389853388516e-01 1.550132820034075265e-01
1.305727067361548421e-01 1.307716346661254303e-01
1.306976163125203594e-01 1.329708065385975246e-01
1.307645045550198948e-01 1.423214019792113094e-01
1.307952441766387919e-01 1.308765294384247324e-01
1.309489990378190361e-01 1.311474174478032828e-01
1.310019532231333217e-01 1.364141273600950888e-01
1.311414343905181745e-01 1.416744953851376276e-01
1.312016864159610829e-01 1.426924729280241444e-01
1.318052134538057196e-01 1.327579829925090160e-01
1.321815001329074701e-01 1.357923167473697457e-01
1.323610464064488013e-01 1.350247401217929410e-01
1.326727162412828231e-01 1.348565198591222813e-01
1.327549466743602191e-01 1.350876133519442746e-01
1.327857531900413224e-01 1.333221855794849697e-01
1.328447936397333107e-01 1.415603469093280609e-01
1.329710563198645279e-01 1.357192635237715606e-01
1.330499590379742858e-01 1.362562085798147138e-01
1.332658967810589068e-01 1.349949448322893819e-01
1.332719899342074965e-01 1.334366014788658794e-01
1.333402632535855004e-01 1.335623519308028195e-01
1.333723569975560352e-01 1.346885367052788329e-01
1.336479292583774292e-01 1.373982943114586130e-01
1.339695790978963630e-01 1.438960320902373247e-01
1.342940662148656705e-01 1.348437593325283734e-01
1.343042449383305692e-01 1.346283918546425928e-01
1.344316384858446067e-01 1.584066579262220775e-01
1.345419698721854462e-01 1.558932160926750909e-01
1.346489113298155738e-01 1.346510610893844329e-01
1.346764063431674374e-01 1.346824374482978315e-01
1.349083887112736690e-01 1.349170747826830552e-01
1.349786683265906395e-01 1.354666783624398352e-01
1.351539709242520204e-01 1.370079082176177687e-01
1.351806008935818870e-01 1.355231834168791061e-01
1.352349702464283321e-01 1.366915385536842109e-01
1.352834315303271528e-01 1.361556826013201327e-01
1.353355304278613946e-01 1.354626875551424303e-01
1.356011871229257093e-01 1.392290474929531729e-01
1.356134266755463780e-01 1.356910022354304579e-01
1.356457054966633546e-01 1.372065794036770592e-01
1.357078749371514459e-01 1.367649206144717633e-01
1.357293747520203486e-01 1.376149610490322306e-01
1.358231960161887519e-01 1.360988994955583675e-01
1.359280219480724361e-01 1.359517977549162260e-01
1.360961665442421142e-01 1.433267310054833210e-01
1.362882868584307239e-01 1.382864855649964253e-01
1.363820287496569361e-01 1.367915053025677841e-01
1.364656385148029227e-01 1.366289845678101411e-01
1.367612718532341676e-01 1.439571635008619621e-01
1.373392183570978087e-01 1.532719921358189352e-01
1.375888408059803003e-01 1.387751812193604994e-01
1.376429570752189802e-01 1.491319261908159999e-01
1.376645959459423807e-01 1.376654903594660695e-01
1.380823686628220859e-01 1.380856868049116226e-01
1.381076855526625347e-01 1.383440045892549430e-01
1.381461183205369703e-01 1.432642870615758179e-01
1.386018862046280442e-01 1.397303309513799052e-01
1.391882181781766148e-01 1.409841843834375719e-01
1.392379771621847229e-01 1.395760828916819130e-01
1.392886185002037425e-01 1.395740919282852655e-01
1.393507739132678613e-01 1.498015465664242485e-01
1.394958846626251359e-01 1.489250148136792851e-01
1.395067714166282336e-01 1.467743430151392803e-01
1.397839460197930761e-01 1.404470939226105664e-01
1.401441878961829923e-01 1.406187996813186014e-01
1.404260686988151319e-01 1.588393956327920076e-01
1.404565160468696228e-01 1.413663338180694007e-01
1.406699528334145466e-01 1.421567726619835104e-01
1.406923958107196559e-01 1.768304511951481195e-01
1.409258784810824838e-01 1.423577269690237956e-01
1.409981360675706119e-01 1.480173137187932586e-01
1.413109298350895271e-01 1.478642153375165913e-01
1.415730568229459085e-01 1.417373965013678516e-01
1.415898385278869798e-01 1.418421174199927248e-01
1.425089871226418725e-01 1.431378232330413891e-01
1.426554035588760705e-01 1.429930551148691220e-01
1.430241779197412577e-01 1.559856318520060625e-01
1.432942088927319779e-01 1.457955445052274979e-01
1.433710778135307840e-01 1.486872196963575643e-01
1.438925207956875951e-01 1.446330829617362701e-01
1.439258891811613095e-01 1.440525421697236852e-01
1.444154765673006935e-01 1.444346560221848597e-01
1.444158421401046111e-01 1.446227927468397567e-01
1.450190702226802630e-01 1.535939739545365557e-01
1.457462818800760729e-01 1.458097503925366856e-01
1.460963038743470221e-01 1.461307502777125511e-01
1.461580857133390476e-01 1.482185354976862379e-01
1.465504514296839256e-01 1.469484408883074966e-01
1.472318448788821066e-01 1.472744798568730029e-01
1.473023087756334115e-01 1.473023196969536208e-01
1.473185689561188894e-01 1.573026201190643736e-01
1.473568368123488181e-01 1.479622403844793599e-01
1.474447070458403120e-01 1.494423947323263169e-01
1.474887513349950052e-01 1.475594264784635401e-01
1.478945284662551152e-01 1.497345658252962342e-01
1.480713727942980229e-01 1.523479307599630572e-01
1.481643635521664448e-01 1.485176249251740910e-01
1.482012499335101929e-01 1.587662009377600603e-01
1.482424101886662404e-01 1.614933619922496455e-01
1.484222637307830162e-01 1.484257702703883908e-01
1.485084153523922590e-01 1.500386555151788370e-01
1.490987434691370406e-01 1.493881903567539082e-01
1.496760939995596396e-01 1.518919449394606214e-01
1.499279296332027556e-01 1.499541077558210478e-01
1.506950743885062394e-01 1.516107652587193877e-01
1.517947384266682131e-01 1.586014346283838305e-01
1.526545378560728583e-01 1.526545810394694669e-01
1.529578274823628070e-01 1.533446746314781339e-01
1.532542025285753007e-01 1.546160745514455481e-01
1.532797775220834380e-01 1.552155298350725021e-01
1.535084876155148048e-01 1.545831220585414667e-01
1.546965348133645946e-01 1.547864123962158500e-01
1.559289539136673175e-01 1.559368675641565616e-01
1.570282755976081246e-01 1.570936993820537531e-01
1.571665321948433613e-01 1.573209169129861640e-01
1.572995750163563855e-01 1.638526077839484729e-01
1.578578555991035082e-01 1.712651170986370652e-01
1.581300080373483907e-01 1.581605325264809070e-01
1.594429857459389865e-01 1.598530224272662337e-01
1.595635552261732704e-01 1.596099749867249951e-01
1.608227438535193843e-01 1.640666779908097617e-01
1.609164160107507124e-01 1.610392676584282423e-01
1.624960796627054893e-01 1.779267937099627550e-01
1.625759170018249156e-01 1.628063045855796531e-01
1.634783772299852334e-01 1.649711719900864293e-01
1.640670864105194526e-01 1.640741920317868308e-01
1.644213081889613903e-01 1.668899334185310890e-01
1.646578299843181603e-01 1.647118928730079146e-01
1.646590829886200036e-01 1.654496367427433778e-01
1.652300062152534388e-01 1.662321619626878633e-01
1.652755131782707443e-01 1.728059546545940017e-01
1.655984594576824231e-01 1.656673390145791680e-01
1.661868517943952683e-01 1.671302726108540027e-01
1.668239285343464662e-01 1.678431079323455533e-01
1.674261214157054534e-01 1.680547836172401610e-01
1.674673229007385133e-01 2.007169167684091926e-01
1.695748932731839242e-01 1.695805171499793762e-01
1.697677838041532772e-01 1.699100484960311963e-01
1.701495450014755828e-01 1.712302955564427576e-01
1.718804386342430157e-01 1.719849884596168776e-01
1.733300741632890773e-01 1.767271513422087326e-01
1.735213372436526236e-01 1.854417292600767375e-01
1.738283068605749049e-01 1.743462749944491574e-01
1.742087806704817332e-01 1.742371260903017582e-01
1.747865724339392746e-01 1.774869660728377874e-01
1.755131429817365640e-01 1.755363644443524163e-01
1.758361110790367943e-01 1.758883452389176094e-01
1.760687798011562055e-01 1.763065533496983583e-01
1.766083151614314672e-01 1.939917190375058942e-01
1.780495090075808751e-01 1.781945420385176448e-01
1.781710077574521489e-01 1.791625730112638148e-01
1.782872507415230179e-01 1.813946100623255731e-01
1.783761984385346666e-01 1.792147671655305863e-01
1.785824043685002305e-01 1.817861858513517281e-01
1.795866597980175783e-01 1.886442241800891928e-01
1.796339555885124450e-01 1.798094064740729248e-01
1.804153216850549468e-01 1.861087633384077844e-01
1.806672508808913613e-01 1.807556086691098629e-01
1.810045717072256144e-01 1.810655604889957471e-01
1.815769618480671810e-01 1.817798284938360043e-01
1.821920637109319674e-01 1.823606011407912508e-01
1.823123939760677159e-01 1.878848406742655019e-01
1.826216912491575861e-01 1.832534195126491461e-01
1.833601699113893424e-01 1.850641559084766630e-01
1.844631956564798669e-01 1.846969079035670758e-01
1.847047022466696276e-01 1.855746978003960657e-01
1.861185074611277079e-01 1.866576250274524784e-01
1.863215453915713637e-01 1.875606916823603365e-01
1.864407042748718601e-01 1.864426950418203721e-01
1.867257572961779355e-01 1.867258545383581048e-01
1.885841406521405750e-01 1.901097376660826621e-01
1.909356721242730370e-01 2.019885905549909655e-01
1.955681870453176985e-01 1.956927089694059652e-01
1.972538071610780985e-01 1.973466115702629253e-01
2.007120148629379930e-01 2.061262410355237384e-01
2.105459976209807238e-01 2.107564901841071647e-01
2.122250096437259259e-01 2.162747756925451903e-01
2.160036168152176528e-01 2.164568102424248297e-01
2.165453952919274283e-01 2.170689376599045373e-01
2.175478666597883692e-01 2.191407365818273389e-01
2.209642604336281013e-01 2.225193031340566840e-01
2.245607879666935980e-01 2.251282911363270689e-01
2.303309344035325279e-01 2.305426056851300476e-01
2.305759387826654960e-01 2.347748636055848603e-01
2.321784633479122562e-01 2.326816890012034234e-01
2.406929952881109169e-01 2.408336013935904740e-01
2.463017724376576623e-01 2.463253853675203831e-01
2.463334112558410172e-01 2.464931093390290706e-01
2.468079675770999681e-01 2.475158672796740067e-01
2.521933358599637853e-01 2.521963183686136700e-01
2.576513805340173158e-01 2.576516098283221368e-01
2.663116072080002339e-01 2.663333819192828522e-01
2.724029900813185745e-01 2.724960740955283955e-01
