0.000000000000000000e+00 8.635954027128917021e-02
0.000000000000000000e+00 8.860180399507880389e-02
0.000000000000000000e+00 9.384591476395015563e-02
0.000000000000000000e+00 9.256420331339253182e-02
0.000000000000000000e+00 8.490542951352793299e-02
0.000000000000000000e+00 9.169455846501663177e-02
0.000000000000000000e+00 8.399916720060413011e-02
0.000000000000000000e+00 6.851606983857781719e-02
0.000000000000000000e+00 6.100363558613901976e-02
0.000000000000000000e+00 7.310680846527618792e-02
0.000000000000000000e+00 6.828395631108648278e-02
0.000000000000000000e+00 8.819128996342780191e-02
0.000000000000000000e+00 6.124281473993307273e-02
0.000000000000000000e+00 8.248635985043750729e-02
0.000000000000000000e+00 7.812944980687362706e-02
0.000000000000000000e+00 5.564970238886498416e-02
0.000000000000000000e+00 6.084027686765106774e-02
0.000000000000000000e+00 1.278984630961927660e-01
0.000000000000000000e+00 1.013270400657224068e-01
0.000000000000000000e+00 5.735418511899408739e-02
0.000000000000000000e+00 6.212049919782768048e-02
0.000000000000000000e+00 8.081846727618084703e-02
0.000000000000000000e+00 6.467819112836002693e-02
0.000000000000000000e+00 4.932219657662458012e-02
0.000000000000000000e+00 7.049891290415770395e-02
0.000000000000000000e+00 6.878733225720475020e-02
0.000000000000000000e+00 8.223310447822665403e-02
0.000000000000000000e+00 9.108610281033187317e-02
0.000000000000000000e+00 6.394574380341085107e-02
0.000000000000000000e+00 7.256977423764610080e-02
0.000000000000000000e+00 8.702642699487032896e-02
0.000000000000000000e+00 9.186174427824332633e-02
0.000000000000000000e+00 6.524547044166119358e-02
0.000000000000000000e+00 7.005932574718777561e-02
0.000000000000000000e+00 6.379810411949184135e-02
0.000000000000000000e+00 7.791630776126604041e-02
0.000000000000000000e+00 9.235913902465103797e-02
0.000000000000000000e+00 6.024809254953796683e-02
0.000000000000000000e+00 5.009512173167954968e-02
0.000000000000000000e+00 7.991610324679740418e-02
0.000000000000000000e+00 6.749097644396617746e-02
0.000000000000000000e+00 1.103052677749864069e-01
0.000000000000000000e+00 7.409954987126757264e-02
0.000000000000000000e+00 3.654434342787221679e-02
0.000000000000000000e+00 6.929255885319823838e-02
0.000000000000000000e+00 4.402970594220313033e-02
0.000000000000000000e+00 5.932954440241804822e-02
0.000000000000000000e+00 4.503723868262025226e-02
0.000000000000000000e+00 5.711342758664470637e-02
0.000000000000000000e+00 4.485819096228679803e-02
0.000000000000000000e+00 9.052128615302804104e-02
0.000000000000000000e+00 6.131791283242518653e-02
0.000000000000000000e+00 6.436145723386943462e-02
0.000000000000000000e+00 7.805692366468035270e-02
0.000000000000000000e+00 8.736412762004719390e-02
0.000000000000000000e+00 5.921050891526444260e-02
0.000000000000000000e+00 4.285059561427746744e-02
0.000000000000000000e+00 5.745513387056549320e-02
0.000000000000000000e+00 3.629258637969995371e-02
0.000000000000000000e+00 3.773393448801086458e-02
0.000000000000000000e+00 5.001247094910074575e-02
0.000000000000000000e+00 5.244336283863776371e-02
0.000000000000000000e+00 5.958024607173226933e-02
0.000000000000000000e+00 7.929552713587309509e-02
0.000000000000000000e+00 3.941788187397721188e-02
0.000000000000000000e+00 4.339438801994637690e-02
0.000000000000000000e+00 6.135887573615889795e-02
0.000000000000000000e+00 7.405538522621765707e-02
0.000000000000000000e+00 3.996558642135291523e-02
0.000000000000000000e+00 5.540940311681201436e-02
0.000000000000000000e+00 7.257144367666562568e-02
0.000000000000000000e+00 6.666085385427841792e-02
0.000000000000000000e+00 8.699677470412356395e-02
0.000000000000000000e+00 3.879492408728819897e-02
0.000000000000000000e+00 7.529882327911757711e-02
0.000000000000000000e+00 3.931208035823709895e-02
0.000000000000000000e+00 3.249426275009206083e-02
0.000000000000000000e+00 6.536372390864504667e-02
0.000000000000000000e+00 4.372978731875114961e-02
0.000000000000000000e+00 7.397901049015040420e-02
0.000000000000000000e+00 5.366700278509458494e-02
0.000000000000000000e+00 4.286519628770985024e-02
0.000000000000000000e+00 1.004481123555109323e-01
0.000000000000000000e+00 9.067902532621631428e-02
0.000000000000000000e+00 6.565424879723112672e-02
0.000000000000000000e+00 1.002103046465980668e-01
0.000000000000000000e+00 5.133407955265473221e-02
0.000000000000000000e+00 5.554531383284298796e-02
0.000000000000000000e+00 4.479389998364558673e-02
0.000000000000000000e+00 6.520154385629127469e-02
0.000000000000000000e+00 7.679430851713570094e-02
0.000000000000000000e+00 5.587025457091087527e-02
0.000000000000000000e+00 6.793361419070900742e-02
0.000000000000000000e+00 3.851966095334326268e-02
0.000000000000000000e+00 5.674035593337570238e-02
0.000000000000000000e+00 7.010767519367730460e-02
0.000000000000000000e+00 8.003906057312668021e-02
0.000000000000000000e+00 5.579383538198650488e-02
0.000000000000000000e+00 8.156650028026614374e-02
0.000000000000000000e+00 9.761589404672424419e-02
0.000000000000000000e+00 5.752985412305677143e-02
0.000000000000000000e+00 8.596129967372720393e-02
0.000000000000000000e+00 7.095305049435002287e-02
0.000000000000000000e+00 7.782741416089397624e-02
0.000000000000000000e+00 3.653432871284804928e-02
0.000000000000000000e+00 9.741467096223353772e-02
0.000000000000000000e+00 5.275159965417972746e-02
0.000000000000000000e+00 6.207552114554477224e-02
0.000000000000000000e+00 5.692953236753259261e-02
0.000000000000000000e+00 9.064718479204032786e-02
0.000000000000000000e+00 2.681827079488360160e-02
0.000000000000000000e+00 4.219386469775147225e-02
0.000000000000000000e+00 3.448864130600577671e-02
0.000000000000000000e+00 6.828721497540093943e-02
0.000000000000000000e+00 6.820608702697059100e-02
0.000000000000000000e+00 8.583716632738437602e-02
0.000000000000000000e+00 3.275278458548246119e-02
0.000000000000000000e+00 3.594945551042445786e-02
0.000000000000000000e+00 7.195710512772679479e-02
0.000000000000000000e+00 5.481180596276547662e-02
0.000000000000000000e+00 6.046064527732217947e-02
0.000000000000000000e+00 1.923815211533498604e-02
0.000000000000000000e+00 3.725734714945084375e-02
0.000000000000000000e+00 6.263269670352690499e-02
0.000000000000000000e+00 5.401778653568661825e-02
0.000000000000000000e+00 8.145708302284711266e-02
0.000000000000000000e+00 6.824893984347975284e-02
0.000000000000000000e+00 3.410171273530877845e-02
0.000000000000000000e+00 7.326216443563801639e-02
0.000000000000000000e+00 4.048425948328000790e-02
0.000000000000000000e+00 7.178861032211486526e-02
0.000000000000000000e+00 6.066791871198230768e-02
0.000000000000000000e+00 4.997937987718387848e-02
0.000000000000000000e+00 4.917026135499769773e-02
0.000000000000000000e+00 4.701552961134886771e-02
0.000000000000000000e+00 7.018089406078843739e-02
0.000000000000000000e+00 3.477304008666601970e-02
0.000000000000000000e+00 5.939432196824512289e-02
0.000000000000000000e+00 2.827793266462438893e-02
0.000000000000000000e+00 4.387073301985674328e-02
0.000000000000000000e+00 5.855269996767197699e-02
0.000000000000000000e+00 5.737670031621276701e-02
0.000000000000000000e+00 6.333594592723545968e-02
0.000000000000000000e+00 7.460915512973863295e-02
0.000000000000000000e+00 6.278850090397647410e-02
0.000000000000000000e+00 5.745255135476317471e-02
0.000000000000000000e+00 4.537159320135095153e-02
0.000000000000000000e+00 5.966972091550948321e-02
0.000000000000000000e+00 7.157748626057447439e-02
0.000000000000000000e+00 3.492391797700113154e-02
0.000000000000000000e+00 3.389394918377498789e-02
0.000000000000000000e+00 7.824021520355149695e-02
0.000000000000000000e+00 4.059404382811877821e-02
0.000000000000000000e+00 4.138859521314947748e-02
0.000000000000000000e+00 5.522253344255879243e-02
0.000000000000000000e+00 5.318438249919945487e-02
0.000000000000000000e+00 4.410016610841250434e-02
0.000000000000000000e+00 2.944675794946191236e-02
0.000000000000000000e+00 4.580398422813328208e-02
0.000000000000000000e+00 4.205275316924333290e-02
0.000000000000000000e+00 4.007004385826581916e-02
0.000000000000000000e+00 3.684240179589983594e-02
0.000000000000000000e+00 5.867578205096526250e-02
0.000000000000000000e+00 7.148030788260671675e-02
0.000000000000000000e+00 3.542376313207121902e-02
0.000000000000000000e+00 3.474140564130395042e-02
0.000000000000000000e+00 3.305599348838671875e-02
0.000000000000000000e+00 5.419852660101362463e-02
0.000000000000000000e+00 5.273486580891104114e-02
0.000000000000000000e+00 4.110123710286727600e-02
0.000000000000000000e+00 5.466390938892618651e-02
0.000000000000000000e+00 5.745284406567686963e-02
0.000000000000000000e+00 3.095943249208522180e-02
0.000000000000000000e+00 6.863481091606032924e-02
0.000000000000000000e+00 4.684783590862347247e-02
0.000000000000000000e+00 2.733937080141877335e-02
0.000000000000000000e+00 5.943357683401408881e-02
0.000000000000000000e+00 6.061788182114997980e-02
0.000000000000000000e+00 2.466586488993058324e-02
0.000000000000000000e+00 7.649324874367020854e-02
0.000000000000000000e+00 7.876511434835890835e-02
0.000000000000000000e+00 8.717296256981935110e-02
0.000000000000000000e+00 4.467241131863849274e-02
0.000000000000000000e+00 1.022811550111644291e-01
0.000000000000000000e+00 4.205095840289813092e-02
0.000000000000000000e+00 6.968885773965444175e-02
0.000000000000000000e+00 5.547228580298056710e-02
0.000000000000000000e+00 8.031859909561328559e-02
0.000000000000000000e+00 4.647859031288684856e-02
0.000000000000000000e+00 9.238737139186324610e-02
0.000000000000000000e+00 4.900345935596926022e-02
0.000000000000000000e+00 2.411140972462291754e-02
0.000000000000000000e+00 2.699324871411364415e-02
0.000000000000000000e+00 2.650004251441340913e-02
0.000000000000000000e+00 1.045928640304667340e-01
0.000000000000000000e+00 2.624312011053380606e-02
0.000000000000000000e+00 4.446564906036973297e-02
0.000000000000000000e+00 6.269700941410294437e-02
0.000000000000000000e+00 4.505618537253198996e-02
0.000000000000000000e+00 4.773129340242386609e-02
0.000000000000000000e+00 6.177565923119302665e-02
0.000000000000000000e+00 9.795193784472260023e-02
0.000000000000000000e+00 4.389724118774568362e-02
0.000000000000000000e+00 6.681602916240343693e-02
0.000000000000000000e+00 4.041829431938872425e-02
0.000000000000000000e+00 9.139994193172792936e-02
0.000000000000000000e+00 8.682955327216282382e-02
0.000000000000000000e+00 2.881182522278399535e-02
0.000000000000000000e+00 2.354565881981036946e-02
0.000000000000000000e+00 4.293291063864088097e-02
0.000000000000000000e+00 2.832645053456119694e-02
0.000000000000000000e+00 5.836069656361309033e-02
0.000000000000000000e+00 2.272381134147977502e-02
0.000000000000000000e+00 3.051303708537516507e-02
0.000000000000000000e+00 4.128011074156100885e-02
0.000000000000000000e+00 6.332628863525993634e-02
0.000000000000000000e+00 1.048393682880167238e-02
0.000000000000000000e+00 1.797741192492111409e-02
0.000000000000000000e+00 1.240862263537568372e-02
0.000000000000000000e+00 7.428142170268534072e-02
0.000000000000000000e+00 1.182228782911014589e-02
0.000000000000000000e+00 7.321898484729585932e-02
0.000000000000000000e+00 5.472745954600465035e-02
0.000000000000000000e+00 6.341271789217375887e-02
0.000000000000000000e+00 4.312172617427800086e-02
0.000000000000000000e+00 6.436404229997993998e-02
0.000000000000000000e+00 6.095134992593746748e-02
0.000000000000000000e+00 5.099330863981748480e-02
0.000000000000000000e+00 2.462139200377290449e-02
0.000000000000000000e+00 8.027659569697902231e-02
0.000000000000000000e+00 5.615293773797821325e-02
0.000000000000000000e+00 4.690361666620839615e-02
0.000000000000000000e+00 7.811411431583768772e-02
0.000000000000000000e+00 7.294310672171240573e-02
0.000000000000000000e+00 4.373168885132430739e-02
0.000000000000000000e+00 4.010788392330973118e-02
0.000000000000000000e+00 1.160166006049087421e-02
0.000000000000000000e+00 4.966347088396214776e-02
0.000000000000000000e+00 2.996109992838445410e-02
0.000000000000000000e+00 2.264579665222412816e-02
0.000000000000000000e+00 1.918326403748570400e-02
0.000000000000000000e+00 4.563708639273419965e-02
0.000000000000000000e+00 4.722579074195391163e-02
0.000000000000000000e+00 2.700724756885343469e-02
0.000000000000000000e+00 3.088304704982169566e-02
0.000000000000000000e+00 2.804942757387178520e-02
0.000000000000000000e+00 5.417054170341833313e-02
0.000000000000000000e+00 7.327381005281864701e-02
0.000000000000000000e+00 6.271130827160274757e-02
0.000000000000000000e+00 5.813935989954782668e-02
0.000000000000000000e+00 7.368369741930722028e-02
0.000000000000000000e+00 3.164957879505711502e-02
0.000000000000000000e+00 4.641736249165638595e-02
0.000000000000000000e+00 5.841905619945375605e-02
0.000000000000000000e+00 1.239301084552124621e-02
0.000000000000000000e+00 5.033718944943543078e-02
0.000000000000000000e+00 7.227814550051331333e-02
0.000000000000000000e+00 2.608489594341157486e-02
0.000000000000000000e+00 4.119288252265899258e-02
0.000000000000000000e+00 1.598970994151663674e-02
0.000000000000000000e+00 6.210753277861001675e-02
0.000000000000000000e+00 5.443611802527571764e-02
0.000000000000000000e+00 7.086295731013955712e-02
0.000000000000000000e+00 3.828795187027023150e-02
0.000000000000000000e+00 7.703002620282771440e-02
0.000000000000000000e+00 7.381482979017300883e-02
0.000000000000000000e+00 3.463624659732988248e-02
0.000000000000000000e+00 3.639661381824511877e-02
0.000000000000000000e+00 6.829882441912613067e-02
0.000000000000000000e+00 6.374122446248596530e-02
0.000000000000000000e+00 5.916859531976745995e-02
0.000000000000000000e+00 3.338301414185784743e-02
0.000000000000000000e+00 1.344476387145090643e-02
0.000000000000000000e+00 7.742175035351830936e-02
0.000000000000000000e+00 5.319763375313321663e-02
0.000000000000000000e+00 6.614328718469769663e-02
0.000000000000000000e+00 5.580670511132006933e-02
0.000000000000000000e+00 2.879487818577182098e-02
0.000000000000000000e+00 3.384473370253684998e-02
0.000000000000000000e+00 3.562976596379625188e-02
0.000000000000000000e+00 6.001303858677114328e-02
0.000000000000000000e+00 6.825818367980443502e-02
0.000000000000000000e+00 3.565173050278080263e-02
0.000000000000000000e+00 2.819390339182940158e-02
0.000000000000000000e+00 5.103434198936666194e-02
0.000000000000000000e+00 3.561016584212889358e-02
0.000000000000000000e+00 2.888725628372858928e-02
0.000000000000000000e+00 2.506419370707957048e-02
0.000000000000000000e+00 3.246598415123856662e-02
0.000000000000000000e+00 6.255952748184408219e-02
0.000000000000000000e+00 5.141447123141367620e-02
0.000000000000000000e+00 6.727180947357172536e-02
0.000000000000000000e+00 5.716602590597359007e-02
0.000000000000000000e+00 5.725630602240035227e-02
0.000000000000000000e+00 2.911020435479227259e-02
0.000000000000000000e+00 2.982621140671249185e-02
0.000000000000000000e+00 5.482542786234239490e-02
0.000000000000000000e+00 1.009056140390456394e-02
0.000000000000000000e+00 6.140459390868003436e-02
0.000000000000000000e+00 6.279083387696134111e-02
0.000000000000000000e+00 5.828735291235529609e-02
0.000000000000000000e+00 3.117285626868335213e-02
0.000000000000000000e+00 5.221782276444894566e-02
0.000000000000000000e+00 3.574177514159062458e-02
0.000000000000000000e+00 5.436090265558126550e-02
0.000000000000000000e+00 3.553101312777129372e-02
0.000000000000000000e+00 6.814909124858337108e-02
0.000000000000000000e+00 5.903606762878030323e-02
0.000000000000000000e+00 5.032759664245423786e-02
0.000000000000000000e+00 3.107840088295698092e-02
0.000000000000000000e+00 6.609477156171073009e-02
0.000000000000000000e+00 6.170935601142887861e-02
0.000000000000000000e+00 5.307715851953202085e-02
0.000000000000000000e+00 6.481530832885704085e-02
0.000000000000000000e+00 7.425628884355635340e-02
0.000000000000000000e+00 5.249498480744949069e-02
0.000000000000000000e+00 6.820775921949953635e-02
0.000000000000000000e+00 3.571239889687726626e-02
0.000000000000000000e+00 3.002511813026559340e-02
0.000000000000000000e+00 4.764538415965344914e-02
0.000000000000000000e+00 5.018471861141845375e-02
0.000000000000000000e+00 4.971366057232944058e-02
0.000000000000000000e+00 2.544859641731054417e-02
0.000000000000000000e+00 5.232829967230612223e-02
0.000000000000000000e+00 6.271133533187366049e-02
0.000000000000000000e+00 7.963093988915515009e-02
0.000000000000000000e+00 5.940524017857251593e-02
0.000000000000000000e+00 7.399286547822626903e-02
0.000000000000000000e+00 5.330294181912446222e-02
0.000000000000000000e+00 3.197593477357656838e-02
0.000000000000000000e+00 1.889815504571495247e-02
0.000000000000000000e+00 2.184314580797249924e-02
0.000000000000000000e+00 3.163262755379350755e-02
0.000000000000000000e+00 3.959485740011518817e-02
0.000000000000000000e+00 4.406416523083369480e-02
0.000000000000000000e+00 2.413623004291162721e-02
0.000000000000000000e+00 8.512487541976979794e-03
0.000000000000000000e+00 2.721071664276477828e-02
0.000000000000000000e+00 7.365353699441916369e-02
0.000000000000000000e+00 3.371539624436619559e-02
0.000000000000000000e+00 5.079750552748853870e-02
0.000000000000000000e+00 8.597901230991494836e-02
0.000000000000000000e+00 5.306927005675331210e-02
0.000000000000000000e+00 1.822526937969796285e-02
0.000000000000000000e+00 4.368053426508711201e-02
0.000000000000000000e+00 2.202149049991848975e-02
0.000000000000000000e+00 1.118966909211885213e-01
0.000000000000000000e+00 6.014192437516131806e-02
0.000000000000000000e+00 4.086614076091038550e-02
0.000000000000000000e+00 2.528322558815034038e-02
0.000000000000000000e+00 3.424123738082382462e-02
0.000000000000000000e+00 7.400667003556177237e-02
0.000000000000000000e+00 3.172028707439938922e-02
0.000000000000000000e+00 1.282612314773795559e-02
0.000000000000000000e+00 3.878607697002835197e-02
0.000000000000000000e+00 8.003271092677770315e-02
0.000000000000000000e+00 6.625856649102268570e-02
0.000000000000000000e+00 9.640293829660591396e-02
0.000000000000000000e+00 9.996773348366527756e-02
0.000000000000000000e+00 1.171611472509563948e-02
0.000000000000000000e+00 3.910957860443375206e-02
0.000000000000000000e+00 6.301235153788148358e-02
0.000000000000000000e+00 1.376751265173637578e-02
0.000000000000000000e+00 3.680810169508836466e-02
0.000000000000000000e+00 6.697104416570906493e-02
0.000000000000000000e+00 7.598424649875655523e-02
0.000000000000000000e+00 5.968380388677960169e-02
0.000000000000000000e+00 5.961819792119863598e-02
0.000000000000000000e+00 5.093254257011054636e-02
0.000000000000000000e+00 7.210252923061988284e-02
0.000000000000000000e+00 3.182474005580668980e-02
0.000000000000000000e+00 5.996901517571776724e-02
0.000000000000000000e+00 6.342052580559703889e-02
0.000000000000000000e+00 4.408402568829061785e-02
0.000000000000000000e+00 5.451700835909223386e-02
0.000000000000000000e+00 6.588689287410529061e-02
0.000000000000000000e+00 6.653262671635296055e-02
0.000000000000000000e+00 2.588690917290699042e-02
0.000000000000000000e+00 4.345444662337878683e-02
0.000000000000000000e+00 5.511627653473367278e-02
0.000000000000000000e+00 3.158797899223547700e-02
0.000000000000000000e+00 2.597725053381225516e-02
0.000000000000000000e+00 3.224430952492894631e-02
0.000000000000000000e+00 5.967137995066907480e-02
0.000000000000000000e+00 4.819019664447684453e-02
0.000000000000000000e+00 3.834672875422896060e-02
0.000000000000000000e+00 5.689215924147732195e-02
0.000000000000000000e+00 6.604597919939508843e-02
0.000000000000000000e+00 5.253446607362241561e-02
0.000000000000000000e+00 4.097447340684404193e-02
0.000000000000000000e+00 3.954700916742446420e-02
0.000000000000000000e+00 4.618355958274397016e-02
0.000000000000000000e+00 2.744369630087954010e-02
0.000000000000000000e+00 6.717594216513388117e-02
0.000000000000000000e+00 2.586959240979873689e-02
0.000000000000000000e+00 5.137460731254311214e-02
0.000000000000000000e+00 5.411637694060204146e-02
0.000000000000000000e+00 4.737010372000313718e-02
0.000000000000000000e+00 2.018167097650082342e-02
0.000000000000000000e+00 5.154573564183369261e-02
0.000000000000000000e+00 3.989606681292708068e-02
0.000000000000000000e+00 2.169325859526784542e-02
0.000000000000000000e+00 6.291348564344963201e-02
0.000000000000000000e+00 4.318375366487335609e-02
0.000000000000000000e+00 7.646332703526932673e-02
0.000000000000000000e+00 3.650116634366788043e-02
0.000000000000000000e+00 5.969280140230717735e-02
0.000000000000000000e+00 5.975475103643152625e-02
0.000000000000000000e+00 4.344174807045318720e-02
0.000000000000000000e+00 4.785771341602472473e-02
0.000000000000000000e+00 4.644523996285667561e-02
0.000000000000000000e+00 3.683766041529786678e-02
0.000000000000000000e+00 5.613475597467940115e-02
0.000000000000000000e+00 5.898908116834247067e-02
0.000000000000000000e+00 4.210944819307582687e-02
0.000000000000000000e+00 2.410257455275336899e-02
0.000000000000000000e+00 3.229917341327388780e-02
0.000000000000000000e+00 3.803352846240607571e-02
0.000000000000000000e+00 2.780965971306869136e-02
0.000000000000000000e+00 4.220524442327603515e-02
0.000000000000000000e+00 5.292608524205403425e-02
0.000000000000000000e+00 5.794557115539212405e-02
0.000000000000000000e+00 5.732977207852277268e-02
0.000000000000000000e+00 3.096624711067572783e-02
0.000000000000000000e+00 5.206585721242427967e-02
0.000000000000000000e+00 2.889941990243014708e-02
0.000000000000000000e+00 6.406952729912553102e-02
0.000000000000000000e+00 5.883948312334123104e-02
0.000000000000000000e+00 4.699003593874370721e-02
0.000000000000000000e+00 3.546123378864409620e-02
0.000000000000000000e+00 2.890183854524719376e-02
0.000000000000000000e+00 2.574640655472063347e-02
0.000000000000000000e+00 6.343571575397119466e-02
0.000000000000000000e+00 3.425043542627122933e-02
0.000000000000000000e+00 2.099786331801358277e-02
0.000000000000000000e+00 7.525501006309676111e-02
0.000000000000000000e+00 5.883715158379463489e-02
0.000000000000000000e+00 5.998876462984043673e-02
0.000000000000000000e+00 8.940094941880939727e-02
0.000000000000000000e+00 2.429953844914420694e-02
0.000000000000000000e+00 5.906719907543119680e-02
0.000000000000000000e+00 5.774562877599313110e-02
0.000000000000000000e+00 1.762899119562001335e-02
0.000000000000000000e+00 1.892649996302702559e-02
0.000000000000000000e+00 3.966400790977522850e-02
0.000000000000000000e+00 1.021871444561344572e-01
0.000000000000000000e+00 4.168618858684657730e-02
0.000000000000000000e+00 4.554368144601955715e-02
0.000000000000000000e+00 4.942712913822824156e-02
0.000000000000000000e+00 4.315605107870750662e-02
0.000000000000000000e+00 2.413084902366252615e-02
0.000000000000000000e+00 3.881406099152345801e-02
0.000000000000000000e+00 5.945764238734534135e-02
0.000000000000000000e+00 2.638117530779898398e-02
0.000000000000000000e+00 2.045180524835916655e-02
0.000000000000000000e+00 2.134096338408493151e-02
0.000000000000000000e+00 7.174337677697610605e-02
0.000000000000000000e+00 2.304599117294080582e-02
0.000000000000000000e+00 3.124274863421549683e-02
0.000000000000000000e+00 4.389638417838095247e-02
0.000000000000000000e+00 1.112378715095208026e-01
0.000000000000000000e+00 3.122634319953295629e-02
0.000000000000000000e+00 2.076093138529814738e-02
0.000000000000000000e+00 5.881740096310109772e-02
0.000000000000000000e+00 4.637805523885817072e-02
0.000000000000000000e+00 2.723742176568348314e-02
0.000000000000000000e+00 9.205517884398446704e-02
0.000000000000000000e+00 4.481754270567509663e-02
0.000000000000000000e+00 9.095754465165202529e-02
0.000000000000000000e+00 5.079071526888527532e-02
0.000000000000000000e+00 5.439118640151269918e-02
0.000000000000000000e+00 1.959707018838474299e-02
0.000000000000000000e+00 3.649203336026145272e-02
0.000000000000000000e+00 4.436063687704894926e-02
0.000000000000000000e+00 5.338258802758680255e-02
0.000000000000000000e+00 4.591464223315652737e-02
0.000000000000000000e+00 6.687285584465353649e-02
0.000000000000000000e+00 3.790464069096313032e-02
0.000000000000000000e+00 3.118537400862913048e-02
0.000000000000000000e+00 4.654598493400639858e-02
0.000000000000000000e+00 5.278535927487824214e-02
0.000000000000000000e+00 6.972288962923268996e-02
0.000000000000000000e+00 3.149336686265554602e-02
0.000000000000000000e+00 5.756562144990085700e-03
0.000000000000000000e+00 5.911598354713707565e-02
0.000000000000000000e+00 1.784848822663276033e-02
0.000000000000000000e+00 4.243766367506883463e-02
0.000000000000000000e+00 4.907708587051326510e-02
0.000000000000000000e+00 1.117684877756622563e-01
0.000000000000000000e+00 5.903065412460797162e-02
0.000000000000000000e+00 7.135392467187591514e-02
0.000000000000000000e+00 5.562633715957546882e-02
0.000000000000000000e+00 3.885316105452795571e-02
0.000000000000000000e+00 5.847791629822084863e-02
0.000000000000000000e+00 7.392351349976525321e-02
0.000000000000000000e+00 3.604774823996322042e-02
0.000000000000000000e+00 5.611262894164440601e-02
0.000000000000000000e+00 5.048762067213767579e-02
0.000000000000000000e+00 4.811392857706045523e-02
