2.439255106371724865e-02 2.533710363932810405e-02
2.463816526467304049e-02 2.496180145046505983e-02
2.694368268618479306e-02 2.934934431391467147e-02
2.886152830502558900e-02 2.952787513319378790e-02
3.001022204601872315e-02 3.008762454017298998e-02
3.077853011970293692e-02 3.282157457578502302e-02
3.151707151102724203e-02 3.154923634343771016e-02
3.172012230537798322e-02 3.216149446970037462e-02
3.284752115667905620e-02 3.659934202954901600e-02
3.348808841275555809e-02 3.470868235696492748e-02
3.351364163564327092e-02 3.391481360120836286e-02
3.388770726566300850e-02 3.635646810247537136e-02
3.418257172754086276e-02 3.633034067987693516e-02
3.429322991983965729e-02 3.499507090314957908e-02
3.620393259833512567e-02 3.743564635185568645e-02
3.635018277121483676e-02 3.925832358390898141e-02
3.930639573605591852e-02 4.172919507885545359e-02
4.128037649892406930e-02 4.141053204704278623e-02
4.149206794966672773e-02 4.160500693560399005e-02
4.175654118858967284e-02 4.216257192291184702e-02
4.187425669323331656e-02 4.198417414810363263e-02
4.208251818107288517e-02 5.057326275219411332e-02
4.253055610413333798e-02 4.424732300611238650e-02
4.259791440342877711e-02 4.694427870184766233e-02
4.270932023066548178e-02 4.274083721298442551e-02
4.334308407620005715e-02 4.746822746654495717e-02
4.339957847901614735e-02 4.480549086768915307e-02
4.375540430395465086e-02 4.561893245395026025e-02
4.388428979981996714e-02 4.420004341964565292e-02
4.396757152875485630e-02 4.396783310210748003e-02
4.402527668970982605e-02 4.924334405271146853e-02
4.440476724819791138e-02 4.482319968899541734e-02
4.492722747075839768e-02 4.593703601751977089e-02
4.602446495811211846e-02 4.651021281598225615e-02
4.652451070874970979e-02 4.668789560670603273e-02
4.700092156494436318e-02 4.806661035873754234e-02
4.733652426202705071e-02 4.818240581924657095e-02
4.749311882864079570e-02 4.988701200818318471e-02
4.751989991630171939e-02 4.966930906365529114e-02
4.761905721579266781e-02 4.955036258237236618e-02
4.785161095134563697e-02 5.151064380533881826e-02
4.806409927635829638e-02 5.329274714835414289e-02
4.821660246910475928e-02 5.040917357172267077e-02
4.865686127074810019e-02 5.058313762333441210e-02
4.886064541021950536e-02 4.962908917524268965e-02
4.890038360238139342e-02 4.895217556413491294e-02
4.906768796640561398e-02 5.130725384072593043e-02
4.940063776304867010e-02 5.195523258555254792e-02
4.976539818155598788e-02 5.533689228159495432e-02
4.984834284513772751e-02 5.034240413451633589e-02
5.002858473055660227e-02 5.599176853377586804e-02
5.006638933065842706e-02 5.264203845588245889e-02
5.028167177158059803e-02 5.317727881672239254e-02
5.031048889912095173e-02 5.462992660729215633e-02
5.033132683770230598e-02 5.445253500818600378e-02
5.054783098807855840e-02 5.621964050628941445e-02
5.056016405422591314e-02 6.964385863349652206e-02
5.072726866520956002e-02 5.073060770041093459e-02
5.097121226045724790e-02 5.117153334585523849e-02
5.159206026470943007e-02 5.406544903425445497e-02
5.180180569710055721e-02 5.421971597876444615e-02
5.226861494477593600e-02 5.929106683110019205e-02
5.238029266907603954e-02 5.627816837882339968e-02
5.254127062317048846e-02 5.887676384539397567e-02
5.270678101289034273e-02 5.798302295566169773e-02
5.320778843280249415e-02 6.673002227932244013e-02
5.395196722588595228e-02 5.482087061211947387e-02
5.396018196074867102e-02 6.076685406637463704e-02
5.419263360475299468e-02 5.556154419208269440e-02
5.428040235933996593e-02 5.443399408537968887e-02
5.466412322165768722e-02 5.664295061724767405e-02
5.483177523644618134e-02 6.211741137810451036e-02
5.503740566682397556e-02 5.515439045983658306e-02
5.509469082883487051e-02 5.544098165172432063e-02
5.556140530171180258e-02 5.563407952332376921e-02
5.587774458635045433e-02 6.604332466996148954e-02
5.605349790066612575e-02 5.680408271248917756e-02
5.643759542147878255e-02 5.871675460767873667e-02
5.663086382502041660e-02 5.814506623214686643e-02
5.673812685719076265e-02 5.758159313770620097e-02
5.682987165527590701e-02 5.928767069776405552e-02
5.702283331839605451e-02 5.993252504058735330e-02
5.711908682630278261e-02 5.712706968764577620e-02
5.714565102715809392e-02 8.036498512192712107e-02
5.727925900822387895e-02 5.854757777791005924e-02
5.731015972719084167e-02 6.039265590969067343e-02
5.731332007116021060e-02 6.180647698624147646e-02
5.744570055206446590e-02 5.768075590759842025e-02
5.753237109323794396e-02 5.922756386729231132e-02
5.764615092529938589e-02 6.118316921879713571e-02
5.774656347092064351e-02 6.545949201219050662e-02
5.782690596793648580e-02 5.862654412733863535e-02
5.827877141899014124e-02 6.044663179850730261e-02
5.830241041780816202e-02 5.990931644057721078e-02
5.838930320215949404e-02 5.851855213272215417e-02
5.850572339049222442e-02 6.003474601621178186e-02
5.879759261712193263e-02 5.892257603256417092e-02
5.926198973181243113e-02 7.196089968731736453e-02
5.927639113471022680e-02 5.980150675783847680e-02
5.931929865509227157e-02 6.389074299847534444e-02
5.940480994550222799e-02 5.961746788208638348e-02
5.959941395576594941e-02 6.058441888236684725e-02
6.010266988360987023e-02 6.021564460471573454e-02
6.010646080093116905e-02 6.055727396581370159e-02
6.011982496648962671e-02 6.137336278829452763e-02
6.018443079114176031e-02 6.552573201951310267e-02
6.023657596289293259e-02 6.023663323429950811e-02
6.025618712011370642e-02 6.051641571509989992e-02
6.051281972341195081e-02 6.185841268754627142e-02
6.053452945296294851e-02 6.443930905951185395e-02
6.069075194223910036e-02 6.223950438395921964e-02
6.079117608197354833e-02 6.528010190792353507e-02
6.097155067673607626e-02 6.579912611950948509e-02
6.106711965610620019e-02 6.440756259973781650e-02
6.108290455096287985e-02 6.266026397987196905e-02
6.109794101596425359e-02 7.146469851752472457e-02
6.114577286202864392e-02 6.442599069030573167e-02
6.116065006630743567e-02 7.897158092141853825e-02
6.143781437715969268e-02 6.349700393203640270e-02
6.146259083953053981e-02 6.825643785868225344e-02
6.151668413894373355e-02 6.152291712701707382e-02
6.197658053635873160e-02 6.633847457070198017e-02
6.216245260176850307e-02 6.616617320801183866e-02
6.219024044527007161e-02 6.244916015619843969e-02
6.229424651979543343e-02 6.872442956955811255e-02
6.230309231539008646e-02 6.291171481638689611e-02
6.250777193276255139e-02 6.496694208257193515e-02
6.268604745647121668e-02 6.318102236554840045e-02
6.271687597390472602e-02 6.287177801950043221e-02
6.280208602530271134e-02 7.512328477655776104e-02
6.281682322824354292e-02 7.551280880093301506e-02
6.302651106626411259e-02 6.401278330433962660e-02
6.322986449434427059e-02 6.444956010678379310e-02
6.332407963475979173e-02 6.337673045312473830e-02
6.356267254707265169e-02 6.384723478495359095e-02
6.356362950117978861e-02 6.414570253388474086e-02
6.369407284603662012e-02 6.412112083024328058e-02
6.378461639486918133e-02 6.441647811560269332e-02
6.386409464446482498e-02 6.399992918597016689e-02
6.391111946137076338e-02 8.163828465748029783e-02
6.413310138168037966e-02 6.503962218199388357e-02
6.415325822969884795e-02 6.491134239819627838e-02
6.421706803808938102e-02 6.626455008027194726e-02
6.422609465436072973e-02 1.085530942943214172e-01
6.422668445873576382e-02 7.239772163052529685e-02
6.429526541316202271e-02 6.522295168088414197e-02
6.454528798820327595e-02 6.493288835130198167e-02
6.514838484955309816e-02 6.801957589280974159e-02
6.522307322508839877e-02 1.012438727172109837e-01
6.539514486199085597e-02 6.549754408011107532e-02
6.546584756174518571e-02 7.401244278366936324e-02
6.548680678038508451e-02 6.696927360500057325e-02
6.557901058964202279e-02 6.695908532779194788e-02
6.558913640314464888e-02 6.651579406637068981e-02
6.573831306862590318e-02 6.587487899304640682e-02
6.633889954725277760e-02 7.285908256978006203e-02
6.646069888062403064e-02 7.007447570662578284e-02
6.649162859685209259e-02 6.690774629757206826e-02
6.649878325483699060e-02 6.786552056342334827e-02
6.655756218566930005e-02 6.656548007549767387e-02
6.657814013727818281e-02 6.971590117301675049e-02
6.660593084226404392e-02 6.667810727533129977e-02
6.677474239531777656e-02 6.823701187026909309e-02
6.691602735434339089e-02 9.097936262346073555e-02
6.700474665861858026e-02 6.919590433832024934e-02
6.714752621511285713e-02 7.503479263900615648e-02
6.720554688980305558e-02 7.343921151993169916e-02
6.724517645582930858e-02 9.872064849296809108e-02
6.724559999865345472e-02 6.729002097116271175e-02
6.736035552960968620e-02 6.766043943321457810e-02
6.738839569839154275e-02 7.463852431995210424e-02
6.757564517460061537e-02 6.762724149881348124e-02
6.768451111138822085e-02 6.855202194130588511e-02
6.770238976221643057e-02 6.841363238785927448e-02
6.772533159013997828e-02 7.484894027485990142e-02
6.800117232923978683e-02 6.912177026813977332e-02
6.817577603157524979e-02 6.971347269870141472e-02
6.857688934353979582e-02 7.029181845783046001e-02
6.858841921133670971e-02 2.823525878740412720e-01
6.876395868596205108e-02 9.366018118882803167e-02
6.884434200193088882e-02 7.017285888085579570e-02
6.885577523206697081e-02 7.496703419939895752e-02
6.892387025997732952e-02 6.916829787975162236e-02
6.894696805191131983e-02 9.084927053321904811e-02
6.902353773744501764e-02 7.012830246580778470e-02
6.909897212284317469e-02 7.071025612090503509e-02
6.927960588823754706e-02 6.936761647084467575e-02
6.931997908735144931e-02 7.031246909007822510e-02
6.935070795155323653e-02 6.944853657064263552e-02
6.948866608942579071e-02 1.065876289466982096e-01
6.968392802422619658e-02 7.052083559202795837e-02
6.975353425935788831e-02 6.977893038875306042e-02
6.978518643175116165e-02 6.978773818603030421e-02
6.980790546748347203e-02 9.141199223185540734e-02
7.001926735561511683e-02 7.717705880254945028e-02
7.004433899890108450e-02 7.159226165105200823e-02
7.005232442689714178e-02 7.038251899698984293e-02
7.014003595397449997e-02 7.040555779910952217e-02
7.014354468189469560e-02 7.072403604291607748e-02
7.021347138828989976e-02 8.760029065168405127e-02
7.024600314466922235e-02 7.389922476010425678e-02
7.026491572209524195e-02 7.593433980954261697e-02
7.041857248148100656e-02 7.515068583361307619e-02
7.052003794735435538e-02 7.111130795566995844e-02
7.062410938109150993e-02 7.480547343047649900e-02
7.063702504971910989e-02 7.538140898699588477e-02
7.064158432421438483e-02 7.937236010666268160e-02
7.066946522436408362e-02 7.073706808965131432e-02
7.083152370960511812e-02 7.208505316266361485e-02
7.084013968451255416e-02 7.798029867133338122e-02
7.088824733026480307e-02 7.089115056703794437e-02
7.103790647903156230e-02 7.103925762860215098e-02
7.111328691097330845e-02 7.297405468892388669e-02
7.112153120505608495e-02 7.190411248804758071e-02
7.144983535047995382e-02 7.148659193637457721e-02
7.150675419850194281e-02 1.321694110035343261e-01
7.157808916789717979e-02 8.923522969026663476e-02
7.174599840065533363e-02 7.580804970942836563e-02
7.179789844844221280e-02 7.492218977475324782e-02
7.203166537541037806e-02 9.802602377827832059e-02
7.204288363828295627e-02 7.236587299684918428e-02
7.206756051178644928e-02 7.214940207267701855e-02
7.224984105724477357e-02 8.198782749363377198e-02
7.251739097556292313e-02 7.284375410476041923e-02
7.252986866656283005e-02 7.262609395125606271e-02
7.287322301107375389e-02 7.287559491367004427e-02
7.291567861279332763e-02 7.294245667596256644e-02
7.294188673576508519e-02 8.674772192117961855e-02
7.313429139170167514e-02 8.675393236386237661e-02
7.327731785134126985e-02 7.461729958329703372e-02
7.340092974755703381e-02 7.343221322420770414e-02
7.340107740689792715e-02 7.397629377117330429e-02
7.342534540587219993e-02 7.572897716504756183e-02
7.342884178124868544e-02 7.414471854580147181e-02
7.342927711808952540e-02 7.744135768302598533e-02
7.365115624986807996e-02 9.818084304341324897e-02
7.375912539304478599e-02 7.503272050335696441e-02
7.378806359508062462e-02 8.074603042585036528e-02
7.384133153086956669e-02 8.039842244029329899e-02
7.384868855387174968e-02 7.519484135591271434e-02
7.391675169095177078e-02 7.398265112238533447e-02
7.424142544902306851e-02 8.990714986825253108e-02
7.429848372782753285e-02 1.111035391923463483e-01
7.441777838617506802e-02 7.508615864953181729e-02
7.450032008501417113e-02 8.102053298311520657e-02
7.451309710285712595e-02 7.459137204596207049e-02
7.453086665511328424e-02 8.450729077453981997e-02
7.477466030075496928e-02 7.507846973628913567e-02
7.484843751937665657e-02 8.486179334635092497e-02
7.486856505318786881e-02 9.285370968364940747e-02
7.490597681809031683e-02 8.043910845279780841e-02
7.495949090946646409e-02 7.575108524452103809e-02
7.498432310890058849e-02 7.518970591044250862e-02
7.507540360484771247e-02 8.224735483974904282e-02
7.527633604148491198e-02 1.331442127098504957e-01
7.542683765773990079e-02 7.920836058394153945e-02
7.546745583623817866e-02 7.582366053652275784e-02
7.551626189803742339e-02 7.816285443166823277e-02
7.580228601602707894e-02 9.229066402285834858e-02
7.584774652730603972e-02 8.140356678124534284e-02
7.586514598559659928e-02 7.680530243359214027e-02
7.592296859737927839e-02 7.626257687204524016e-02
7.600480517014222837e-02 7.683985056169907735e-02
7.602553858892484306e-02 7.801867639023427059e-02
7.616947761194114985e-02 7.623532221852420687e-02
7.636112536354518199e-02 8.429011176179265763e-02
7.646089448617983397e-02 7.747733206960054353e-02
7.647245344775063791e-02 9.109255827181118870e-02
7.649422976125823392e-02 9.334599845052168887e-02
7.652546496363696327e-02 9.459546310092369070e-02
7.663783036993258857e-02 8.690486350279957861e-02
7.678928278600977153e-02 8.110471313155048767e-02
7.683538662736710823e-02 8.336991641675360609e-02
7.685524528299918223e-02 9.517562534836922217e-02
7.686836699023623376e-02 7.689215246785195690e-02
7.687380706723818957e-02 7.923011883548392031e-02
7.699619498059384615e-02 7.704202896635528597e-02
7.703321923804276605e-02 7.838073962904608394e-02
7.707305460774088735e-02 2.609568717252441772e-01
7.718751811658614015e-02 8.199238239765430092e-02
7.727129966011871132e-02 7.736580825930514105e-02
7.746315451620298942e-02 8.320098567507480669e-02
7.748806112523098921e-02 8.180136880176022696e-02
7.762218837193168852e-02 9.841971786294882729e-02
7.767334816213203319e-02 8.597250440523156179e-02
7.770783941689277108e-02 1.056349316559653528e-01
7.772563935512837030e-02 7.912443694168359853e-02
7.776404064967881724e-02 7.889018421144981807e-02
7.790043310509542351e-02 8.825804148665963855e-02
7.799771270063343698e-02 7.856130104991267127e-02
7.803306132219765823e-02 1.262776921565768318e-01
7.836481237734350958e-02 7.980704851819123147e-02
7.857633048953251154e-02 7.877012761016910503e-02
7.863547975495792375e-02 7.948464060996257574e-02
7.868396681707899576e-02 9.080758835985448807e-02
7.892532913551114637e-02 8.438271480652356771e-02
7.894667284034179167e-02 8.218596472260920882e-02
7.896694563993963967e-02 9.505122999030897468e-02
7.907512318827601694e-02 8.391437474201830782e-02
7.908976879854026643e-02 8.041869834240319981e-02
7.910723318713035190e-02 1.161483637796322937e-01
7.923217594541821784e-02 7.971167546863440478e-02
7.931214467256002265e-02 8.099315008517346537e-02
7.958759192419703754e-02 8.025382322590583761e-02
7.983923156594854853e-02 8.048650303106952286e-02
7.983981662780011146e-02 8.141985566477649705e-02
7.999293267342717784e-02 9.216183863404472931e-02
8.011291733075318056e-02 8.491195627003554625e-02
8.013398132649220129e-02 8.646430937559705654e-02
8.016915325804876979e-02 8.016928213661714264e-02
8.017021726888841349e-02 8.580797684992204355e-02
8.034035179722506803e-02 8.168865463468592825e-02
8.047985366308751942e-02 8.049866399280862506e-02
8.054925729125006484e-02 8.057323152737703997e-02
8.079170441399420588e-02 8.126701484431007871e-02
8.092694355941257300e-02 8.422025074183138449e-02
8.097706341156234167e-02 8.263917743060431031e-02
8.102583203716183513e-02 8.285019299023409223e-02
8.107001912834319035e-02 8.292305314826858842e-02
8.117561046574206518e-02 8.117927403717094259e-02
8.146247498010551757e-02 1.257667958635980410e-01
8.147530117438067654e-02 8.195306510913769049e-02
8.150981015967660726e-02 8.647008940035967595e-02
8.163686769985831204e-02 8.171926524764458466e-02
8.179125763800745852e-02 8.211260946509273129e-02
8.180289250654934619e-02 1.093641931479486379e-01
8.180772374324983554e-02 1.659081877642946401e-01
8.192565757883700506e-02 8.253164734653636869e-02
8.209714251066992097e-02 9.240723655560777183e-02
8.212453820290045725e-02 1.050680007028920171e-01
8.219499822887249563e-02 8.219500831217184389e-02
8.222140321971686816e-02 8.260714548402678381e-02
8.223233173350266711e-02 8.336156608418202052e-02
8.233294290620599143e-02 8.335366107185972206e-02
8.299918263078068237e-02 8.538510416349272270e-02
8.305730928343917074e-02 8.491848956063653697e-02
8.322566805447197125e-02 9.389525199216962326e-02
8.342606995673787496e-02 8.383511789362491085e-02
8.372626345855672947e-02 8.389193669331485026e-02
8.376533985980111341e-02 8.979326784411600926e-02
8.394988430899232024e-02 8.394989064345037555e-02
8.412842768775509461e-02 9.201492412592637837e-02
8.434827318775746374e-02 1.034171757817487908e-01
8.434889017743750494e-02 8.435807396775855949e-02
8.457960406665679387e-02 8.463758148999188380e-02
8.477722015425677438e-02 8.730818017389935237e-02
8.482787376459412221e-02 8.600716395444467366e-02
8.484470869512934776e-02 8.565187273652925815e-02
8.503202389891247048e-02 8.629136555605047831e-02
8.546944096676205305e-02 1.988254669125936180e-01
8.555651973561423373e-02 8.572673910304375033e-02
8.555911987726426415e-02 8.949399614993291951e-02
8.571599753929935728e-02 8.589545776638186914e-02
8.577407047393831308e-02 8.614626709523014181e-02
8.583278175100136909e-02 8.637554547210735123e-02
8.594426887683494221e-02 8.594468569460081420e-02
8.594765317784716641e-02 9.020525208735345746e-02
8.618751249310009632e-02 8.651571053375103904e-02
8.627490641331063415e-02 9.112487421338637261e-02
8.642034742921139712e-02 8.645782396223572475e-02
8.652964741072304011e-02 8.871096499150733783e-02
8.670138125992582490e-02 9.407680567194132149e-02
8.672149678167138942e-02 1.066254444854900924e-01
8.674438584873249425e-02 8.724485452348715309e-02
8.678129407852315513e-02 8.823877913595253031e-02
8.687865483902446062e-02 9.045510107751680851e-02
8.704090587465188045e-02 9.226544312276357962e-02
8.704653865158080983e-02 8.943887061030666996e-02
8.704780717235217902e-02 8.818593549076812754e-02
8.754612923126314783e-02 8.890173825467841129e-02
8.792201347745207118e-02 8.866647457841181357e-02
8.797870024577937598e-02 9.838059008328720045e-02
8.801017298065132166e-02 8.815605341702446862e-02
8.844850533153483796e-02 8.922485333038471245e-02
8.857168156430189621e-02 8.891077901924487881e-02
8.860793012252694834e-02 8.958022587955088989e-02
8.871724534455692479e-02 8.899863026398836807e-02
8.879475922085344752e-02 9.219074857928652444e-02
8.889185808420095591e-02 8.896974897203870081e-02
8.914766006649517405e-02 9.326653681502282411e-02
8.998978435637591811e-02 9.283157984962675524e-02
9.006487557574242853e-02 1.323059410671794112e-01
9.010002175290637849e-02 9.025255199236019432e-02
9.010266778606219884e-02 9.040230862690670777e-02
9.072584714139778073e-02 9.297258321535947778e-02
9.073996702637268652e-02 9.758322279848957725e-02
9.093850691629520866e-02 9.096392227127067520e-02
9.096407411834561696e-02 9.162021707243771240e-02
9.131681553504358839e-02 9.159692405670996629e-02
9.131993893599521517e-02 9.207413359431305955e-02
9.139178898100532022e-02 9.443952525366905437e-02
9.140486513555420856e-02 9.281885798342080773e-02
9.172920624837238579e-02 1.214048675228758811e-01
9.178818923078703451e-02 9.569071912078865039e-02
9.184872338894613242e-02 9.314814640546219271e-02
9.186684140703693657e-02 9.284432091177521884e-02
9.188600511399780402e-02 1.040739870922890303e-01
9.191837841402238085e-02 9.205116720635433958e-02
9.213258460389582571e-02 1.933904476673452000e-01
9.241074667895643469e-02 9.245199067604753518e-02
9.267026657200598538e-02 9.292854463400844478e-02
9.295294438258276670e-02 9.520081432051907822e-02
9.327871992317629535e-02 1.157846957742998811e-01
9.350257219605037640e-02 9.741130839363898453e-02
9.358318395040619853e-02 1.002299538050949040e-01
9.360652005254407881e-02 9.632453083263285698e-02
9.371240134181638148e-02 1.062395556708844169e-01
9.395227765431661549e-02 1.177617738334240660e-01
9.395816167866889723e-02 9.465149679445851449e-02
9.425972458768054618e-02 9.467072187514509463e-02
9.431965709201055315e-02 9.785066469874267869e-02
9.457679550134413804e-02 9.483166757147303005e-02
9.461453147048159984e-02 9.739240656323192025e-02
9.467018613207847655e-02 1.435123914236731413e-01
9.494194172061780346e-02 9.518221848437596888e-02
9.513322184706986262e-02 1.422731201426150616e-01
9.514834909203388758e-02 1.006509525117090242e-01
9.517622144262165296e-02 1.000437239087773184e-01
9.519690390072967079e-02 9.873701049267194496e-02
9.532614367481000162e-02 1.533637058493809158e-01
9.540571076672657580e-02 9.771662821788501541e-02
9.545013897935207547e-02 1.811275115779862332e-01
9.548878313419235930e-02 1.075403843542147159e-01
9.556272400698999359e-02 9.933631638295473132e-02
9.576851650999135268e-02 9.653291354985435446e-02
9.619512595863177751e-02 9.620061186604064729e-02
9.634805536739381171e-02 1.940636041819702728e-01
9.642852570884917485e-02 9.707025600791588382e-02
9.643134978401003699e-02 1.028207227408884650e-01
9.652461748631983862e-02 9.656061665916190750e-02
9.658682425812467609e-02 9.795806114909054452e-02
9.659135506715708919e-02 1.983003363958930898e-01
9.673147610294804966e-02 1.183412313280775424e-01
9.674416241840666508e-02 1.073522794705028677e-01
9.689412428527501009e-02 1.084093679423556583e-01
9.692146606785932705e-02 1.048667652559786556e-01
9.695559955673725694e-02 1.016238333793774290e-01
9.698173258047909640e-02 1.003316523806756511e-01
9.700307230158411453e-02 9.759412095556939393e-02
9.711299337043462210e-02 1.448814443060184864e-01
9.774774653252232826e-02 9.870370491951178937e-02
9.777137921510109519e-02 9.961517372137644599e-02
9.781674863836981038e-02 1.074744716776434572e-01
9.793571834930471509e-02 1.011578221281579648e-01
9.810984568225118718e-02 9.838921854468804518e-02
9.866444321316382438e-02 9.869840231842023914e-02
9.878198530313211934e-02 9.944657630279239713e-02
9.878475932981109486e-02 9.889880120699955091e-02
9.897194923347604756e-02 1.012458716554775345e-01
9.914768119562930582e-02 1.019505019676177349e-01
9.924464963891382885e-02 1.010493304415880228e-01
9.930024986592701775e-02 9.952551344734532346e-02
9.933439242840515215e-02 1.006415293527908733e-01
9.951451276779402222e-02 1.063364056588492895e-01
9.952233483165895400e-02 1.300223575795680653e-01
9.963067280567426687e-02 1.017999825885075177e-01
9.987984110818068362e-02 1.211001366765024900e-01
9.999549117930170428e-02 1.818673908067749145e-01
1.000643869944570080e-01 1.045048788657297889e-01
1.000663850649213399e-01 1.001391450217777868e-01
1.002348437887806559e-01 2.044549553806639663e-01
1.002993700302425850e-01 1.015729622636381557e-01
1.003799792026963955e-01 1.087871684279703988e-01
1.005131753984201681e-01 1.041773763707047190e-01
1.005160801351593636e-01 1.050073465756870272e-01
1.006565484536729727e-01 1.100416409035052251e-01
1.007238602476207556e-01 1.254778889069492753e-01
1.012575310378249355e-01 1.014382765040337392e-01
1.013949383158250228e-01 1.014270089449617607e-01
1.015349096711496979e-01 1.125522971272380768e-01
1.017410504837449881e-01 1.017750190573711994e-01
1.021823160629224403e-01 1.029163991261372174e-01
1.022234866138391346e-01 1.035478927840552260e-01
1.023058348774782411e-01 1.697491981814471806e-01
1.029886154733137826e-01 1.082781525708046283e-01
1.032804749936130501e-01 1.058018297949617492e-01
1.034180887569017687e-01 1.072694959229042316e-01
1.034856153400904866e-01 1.482270247487881831e-01
1.035307255034876861e-01 1.134832827736554500e-01
1.038626333392821816e-01 1.086886478267650585e-01
1.041674861394073087e-01 1.044789251494210452e-01
1.042315433063043806e-01 1.259933562248613803e-01
1.045430515606283473e-01 1.045550403837942482e-01
1.045640803239732408e-01 1.067881484072215198e-01
1.045663933280263913e-01 1.399113146887375758e-01
1.047524161621168071e-01 1.075884796855553077e-01
1.047828226652035705e-01 1.057624425821653696e-01
1.048571035380733429e-01 1.061506494689083424e-01
1.050420872208965711e-01 1.278983767896367807e-01
1.050975502653608840e-01 1.116846067446816554e-01
1.052763148316494951e-01 1.072220838673002413e-01
1.054065967822026550e-01 1.146051523229704994e-01
1.059211723506289921e-01 1.279663804661128057e-01
1.061235602013862467e-01 1.197930365651188600e-01
1.061798495144764126e-01 1.062053613737234392e-01
1.062029344370785666e-01 1.072351918428681439e-01
1.062037552820877112e-01 1.063071271977573812e-01
1.064331687228182721e-01 1.094545982398462819e-01
1.066610535063299281e-01 1.968894682833036425e-01
1.067193782225406840e-01 1.111889031001510320e-01
1.068290494313440669e-01 1.073679269337206449e-01
1.073949733362119935e-01 1.077201785594530253e-01
1.076846284157998712e-01 1.157324701591048166e-01
1.077005047448097719e-01 1.078268521638464650e-01
1.077137968470514573e-01 1.556235061558487176e-01
1.078458610673304896e-01 1.681454339318707580e-01
1.079498905851928037e-01 1.082207554681443307e-01
1.085430608653167595e-01 1.171322156933676112e-01
1.087587247062786061e-01 1.659263156204960898e-01
1.088040148401632767e-01 1.095661166779952345e-01
1.096216877672397949e-01 1.249399996973020316e-01
1.097196943293110988e-01 1.186097663161750915e-01
1.100865779543079293e-01 1.183629112860392768e-01
1.104292271816593868e-01 1.120679132512960863e-01
1.104714817457405213e-01 1.109868154296840825e-01
1.108070812242544084e-01 1.153702971829503737e-01
1.108682613103644243e-01 1.132317428585911806e-01
1.110448876155708531e-01 1.836922847901411027e-01
1.111624853836169213e-01 1.114704880417168725e-01
1.113089176316275491e-01 1.267203089252055548e-01
1.116825029520147061e-01 1.550446802391285406e-01
1.116995256913487083e-01 1.173040815942443249e-01
1.120602110928470285e-01 1.124440021314529747e-01
1.121465148943778245e-01 1.121467044022357029e-01
1.121669192079935290e-01 1.211039375235994919e-01
1.123310919448267248e-01 1.229214813251968408e-01
1.123716665695567996e-01 1.142484978423006087e-01
1.130453776877602817e-01 1.145174845040042577e-01
1.137296070775110218e-01 1.154173695856622328e-01
1.146659861683404086e-01 1.499273907547843676e-01
1.152101885442803481e-01 1.155237470618376006e-01
1.153143676506021287e-01 1.186933540545241639e-01
1.155498470086723933e-01 1.157146044671120005e-01
1.155852826716314286e-01 1.249751412391339883e-01
1.156637997774726812e-01 1.397241032444197228e-01
1.156975795602430690e-01 1.163754322937234492e-01
1.157345032405408536e-01 1.684005845830142678e-01
1.160890246120551972e-01 1.186023640256703426e-01
1.161982902718564636e-01 1.643915009039873809e-01
1.163427986761679245e-01 1.199726701666692097e-01
1.165693418067640513e-01 1.167726327946857767e-01
1.167842468428899050e-01 1.633748056914700320e-01
1.174519664248565715e-01 1.381778485343422846e-01
1.174584244036650932e-01 1.261236788293280398e-01
1.176001113585528057e-01 1.221218862082973228e-01
1.180205260175083842e-01 1.181959020469936228e-01
1.180244951132726344e-01 1.180540926358926157e-01
1.185443950165171456e-01 1.225121043065745541e-01
1.186479193477986416e-01 1.232735602778921996e-01
1.186866059581568322e-01 1.282892701944731428e-01
1.186910014489856030e-01 1.673137219529150788e-01
1.188865581372346436e-01 1.191172529332282237e-01
1.190361532223477292e-01 1.391248317268369561e-01
1.190749968394304720e-01 1.199234302251397100e-01
1.193597076082742181e-01 1.212104230395587012e-01
1.199710269258421197e-01 1.201727992848734827e-01
1.207167083961964565e-01 1.267211080537538337e-01
1.208141094144082328e-01 1.228309615829162177e-01
1.208822866552171499e-01 1.225747439525820132e-01
1.209042402780983044e-01 1.240690068212804420e-01
1.210601994400281878e-01 1.210646748720359128e-01
1.214340728259487440e-01 1.220029484528920571e-01
1.217872163939849872e-01 1.341470682147512805e-01
1.224991914844278662e-01 1.352553730513831876e-01
1.225660938575765108e-01 1.294764031337478916e-01
1.226402979676275012e-01 1.249787051737574622e-01
1.233351209708276608e-01 1.239397272286399815e-01
1.234989091125516247e-01 1.422852820479014457e-01
1.236089038901250492e-01 1.309559568720154998e-01
1.236795422243814196e-01 1.252252671772877968e-01
1.238674767426945489e-01 1.743832113508463344e-01
1.238745057557836537e-01 1.289754146161223025e-01
1.240586031374981135e-01 1.245146320483342672e-01
1.243807448114202935e-01 1.519951592919843164e-01
1.248314962887028950e-01 1.323283974857292211e-01
1.248327996190913558e-01 1.358746335239923719e-01
1.248731608009505945e-01 1.871277111059899134e-01
1.250826557465198885e-01 1.443016333941971874e-01
1.253328839975393627e-01 1.253373237389001360e-01
1.254709533546176370e-01 1.331539052922819655e-01
1.255288224543500697e-01 1.633461117929189965e-01
1.258469256893694210e-01 1.314878093027616324e-01
1.261913234751738666e-01 1.357834548610341308e-01
1.262015803374954004e-01 1.263287718359955569e-01
1.262134359670574746e-01 1.263942536288381047e-01
1.270957438151827934e-01 1.416363628043650902e-01
1.280088902220205549e-01 1.308772034135473050e-01
1.280653991993803698e-01 1.281922207798887603e-01
1.289106157093161398e-01 1.292834316193731403e-01
1.292968856378078346e-01 1.300564079488430447e-01
1.293033333228779946e-01 1.293293673583333081e-01
1.293765352805144042e-01 1.301079322205285771e-01
1.295517476412843538e-01 1.297874054239238906e-01
1.307493298684230809e-01 1.310270658404118771e-01
1.309242870347293863e-01 1.310924262033203169e-01
1.309512637526428214e-01 1.380781084721054153e-01
1.310453107951115026e-01 1.327562024879656022e-01
1.311068643499943287e-01 1.322858758643307153e-01
1.316517443525505870e-01 1.616475115946711949e-01
1.322258249444610845e-01 1.377932504852558970e-01
1.322284181264736791e-01 1.354467515457381532e-01
1.322922517348426585e-01 1.400274437330692179e-01
1.333200188724109614e-01 1.424290331539763976e-01
1.333873460474602757e-01 1.396634061664812354e-01
1.337151739376758186e-01 1.345019705325378179e-01
1.345101975231962899e-01 1.345969930809132742e-01
1.345599012149087392e-01 1.352237084169365666e-01
1.345629334462697946e-01 1.370270920017657712e-01
1.345691416017532616e-01 1.364055753396805626e-01
1.366981955440728647e-01 1.390598645545011447e-01
1.367007099654875268e-01 1.386873836865298026e-01
1.367511968534046163e-01 1.491650585189732425e-01
1.371941998439604737e-01 1.424552088630331170e-01
1.376109772985609214e-01 1.786182271430611646e-01
1.378042762084402129e-01 1.386066864420295586e-01
1.386853519333842988e-01 1.395503412136681887e-01
1.386909025787226024e-01 1.389197857148453952e-01
1.405436461189569775e-01 1.419891494639279050e-01
1.409492882208008835e-01 1.409563177286725921e-01
1.415622847179403010e-01 1.416370196335566822e-01
1.417164814772181314e-01 1.432389721356983892e-01
1.427945357931877102e-01 1.457095932832027096e-01
1.432344709643566805e-01 1.432470849929112222e-01
1.436300295335292687e-01 1.584100051926673192e-01
1.439975625693458161e-01 1.440268469800806972e-01
1.447632833180144685e-01 1.498487183185648608e-01
1.455810904947688889e-01 1.509898375007940052e-01
1.458289934672136745e-01 1.468554963796892265e-01
1.461727416647742028e-01 1.493625027191538279e-01
1.470077066153952505e-01 1.511269964217948902e-01
1.474675052033294353e-01 1.477230334117412003e-01
1.484725894539524471e-01 1.541167199168974877e-01
1.495176145637531762e-01 1.515464346928929451e-01
1.499652409126686348e-01 1.531902553412971824e-01
1.509293633436183946e-01 1.573058589483267711e-01
1.511429184373538626e-01 1.514077037042071416e-01
1.512718941049079613e-01 1.520664921835709615e-01
1.518442160901201932e-01 1.523293560631507337e-01
1.525263291755592499e-01 1.536590737170064058e-01
1.527274457411864350e-01 1.539377243401461037e-01
1.538379469567747460e-01 1.602240143722921950e-01
1.552937796860768827e-01 1.569843562109027035e-01
1.562773923182393110e-01 1.562776577991221161e-01
1.565055549308735361e-01 1.570281350050285185e-01
1.565293142572945495e-01 1.566390763472259307e-01
1.565974266490520184e-01 1.570091492001366718e-01
1.567800776109684602e-01 1.601062256116923821e-01
1.571475057816858201e-01 1.583037267842119789e-01
1.582274802995168039e-01 1.586080486060981176e-01
1.593983440419776132e-01 1.625929490968364977e-01
1.596134851181024716e-01 1.871571979748653525e-01
1.598042328844118398e-01 1.598175065795409133e-01
1.599735851697807743e-01 1.602602011887068190e-01
1.627253208594446332e-01 1.627299207636044853e-01
1.665616908368374449e-01 1.720190529219512432e-01
1.679968026810659820e-01 1.712812546477716635e-01
1.765168707154505245e-01 1.765299922030720003e-01
1.801699614914528680e-01 1.810990171001835292e-01
1.852562195468869244e-01 1.853884918743665122e-01
1.864162452644474444e-01 1.883536058094852916e-01
1.948150714536382444e-01 2.066882446759685799e-01
2.453687282860945451e-01 2.455934030830509707e-01
2.782735928318085805e-01 2.783409066755875849e-01
2.831219894129093362e-01 2.831298041345829408e-01
2.844453447520904898e-01 2.845023063183366729e-01
2.881525212499262412e-01 2.881567541283637790e-01
