3.279891716565497967e-02 3.279919845703493930e-02
3.280671659359746251e-02 3.518574341571351766e-02
3.568250953592654734e-02 3.834763221756662399e-02
3.669536817818338376e-02 4.044644163293144995e-02
3.807736696044342756e-02 3.818671353960589182e-02
3.897064795440519092e-02 3.903329982764786737e-02
3.920932117718405052e-02 4.103320221603667245e-02
3.956373020187258643e-02 4.421186637790398832e-02
3.961743812483286414e-02 4.615986230965678921e-02
4.008574775985058319e-02 4.127743118569809910e-02
4.047597128422475432e-02 4.325003052737866338e-02
4.084568894955339924e-02 4.213788335888048880e-02
4.130674750689441316e-02 4.276304340728991071e-02
4.133294833524169681e-02 4.153949401105383465e-02
4.177285400363207890e-02 4.502570852437826066e-02
4.264259535135962731e-02 4.276623696331034730e-02
4.287642718186069485e-02 5.247391281608026342e-02
4.335746151710993812e-02 4.377769702475067110e-02
4.346615053069595447e-02 4.725468882092504624e-02
4.376093043103150559e-02 4.532799600747356578e-02
4.379596148850432857e-02 4.415785504529159272e-02
4.414353723900420190e-02 4.419598487397072978e-02
4.458056002195671247e-02 4.469238104903346803e-02
4.480547034665663397e-02 4.550819841953811923e-02
4.495064207756892249e-02 4.518150947089233371e-02
4.518150124003079277e-02 4.526169336152705697e-02
4.604794431163536372e-02 4.659531854297785380e-02
4.606813607957378071e-02 4.820747849556103470e-02
4.632703705569065494e-02 5.114553504012183532e-02
4.636571686668125580e-02 4.678019311864636126e-02
4.644201850431779049e-02 5.087622778999553036e-02
4.772683383949242325e-02 5.179007403548189364e-02
4.795600941314973054e-02 4.796288020064193997e-02
4.813263892262252541e-02 4.833525394280167864e-02
4.813710516824452890e-02 5.502448200263596045e-02
4.862402559017600656e-02 5.113031235617619685e-02
4.926115859472166014e-02 4.969204645346308319e-02
4.960113193929185232e-02 5.219822793716968196e-02
5.020429986072522111e-02 5.322208010943999673e-02
5.038518931272845114e-02 5.039562196152119755e-02
5.040674340017065741e-02 5.053349561449319016e-02
5.065418437683523456e-02 5.158269264817935684e-02
5.110597744311652646e-02 5.140654090492183942e-02
5.115865023608465179e-02 5.178447541092549844e-02
5.132746807490012192e-02 6.409642437071472187e-02
5.149062556557860298e-02 5.186570447917987492e-02
5.160041057355103239e-02 5.249993919539503590e-02
5.177264793028985013e-02 5.177704771880010937e-02
5.181935343861757831e-02 5.268683561411133948e-02
5.195919469882816222e-02 5.527548514946695191e-02
5.197316307912363403e-02 5.265733837703132081e-02
5.200661146937391593e-02 5.512709170863723529e-02
5.225850207927887348e-02 6.004825221568711041e-02
5.240779151759056981e-02 5.303798147544613872e-02
5.272022792553296422e-02 5.635050118810253084e-02
5.279979207967739480e-02 5.309309026031345385e-02
5.301630501672786183e-02 5.869949408201786262e-02
5.305132099948173946e-02 5.606308484127432018e-02
5.334621407212068733e-02 5.360611299610123365e-02
5.355723393024816592e-02 5.375206674583307698e-02
5.370747999685571844e-02 5.382209981672101545e-02
5.384972030310868074e-02 5.545368586619332796e-02
5.417249026983418647e-02 5.440490576531965133e-02
5.427058943633562144e-02 5.461237139184985101e-02
5.434911293694033585e-02 6.288042507776048229e-02
5.435341716803885476e-02 5.514228070718512481e-02
5.437184766876225483e-02 5.687525877989881712e-02
5.459563639536673535e-02 6.011655680972761984e-02
5.475888352254541097e-02 5.951581509099153344e-02
5.477686311725079443e-02 5.647595561967059391e-02
5.508078843757840265e-02 5.971689689335070439e-02
5.567402680655236108e-02 5.635416393366769056e-02
5.570271167499874637e-02 6.212409092181564452e-02
5.601931872360940701e-02 5.772798332660994403e-02
5.603259224362869273e-02 5.620716918565926701e-02
5.603393167239927031e-02 6.785841695870895030e-02
5.633361860441141178e-02 5.644858439383558524e-02
5.643322147709458475e-02 6.379824962033651958e-02
5.649419768766140992e-02 6.852944986299568109e-02
5.661890346489987375e-02 5.953558722670492659e-02
5.695137240977957149e-02 6.011993199302370638e-02
5.710803496837554144e-02 5.872781858011390937e-02
5.712217673921023142e-02 5.714211263492120774e-02
5.717758558964089466e-02 5.791580455630728624e-02
5.760873812177239733e-02 5.806190533212481769e-02
5.763594554527651931e-02 5.999279886231793230e-02
5.785522608279489859e-02 5.912797535583883685e-02
5.798296967654019418e-02 6.098692847697260999e-02
5.813852116400310133e-02 5.915075117919782466e-02
5.838318150035192583e-02 5.926113103937303422e-02
5.848896168934192979e-02 6.426008046948780694e-02
5.889023462944636272e-02 7.477044089668695437e-02
5.927591477952489502e-02 6.058859263569778275e-02
5.983760741281638623e-02 6.014499881030595935e-02
5.987074306232215842e-02 6.382736015932498341e-02
6.018052602974594684e-02 6.349336215540911377e-02
6.037614764654160304e-02 6.583954475159110864e-02
6.060013009093461606e-02 6.315500263814015358e-02
6.067271964360272662e-02 6.339144694189972895e-02
6.071102536667034172e-02 6.071110679712424241e-02
6.100545158304304660e-02 6.374988503308570698e-02
6.133657809023580765e-02 6.546206619674034555e-02
6.159633743055981103e-02 6.228576386952978938e-02
6.165100449580074998e-02 6.531800426051162511e-02
6.195446533172779130e-02 6.421207252175756275e-02
6.197356638567245307e-02 8.215163907570693924e-02
6.253455000408872366e-02 6.263405111834126349e-02
6.265286566714720062e-02 6.319353401937359560e-02
6.266672808541025319e-02 9.216453202748707552e-02
6.268061183086981458e-02 6.410631353621130957e-02
6.292648288741710394e-02 6.524220642442983553e-02
6.319261248899303574e-02 6.355517856608543237e-02
6.321618601200176824e-02 6.552884186416700618e-02
6.329745206491940723e-02 1.167605934413048774e-01
6.333023133527650173e-02 6.527060709520314530e-02
6.349655183868080366e-02 6.741865585753463452e-02
6.356033294603584405e-02 6.394491606841358478e-02
6.365425242353638102e-02 6.457600206161576151e-02
6.369008314299642870e-02 6.403110701291007956e-02
6.375275207218876472e-02 6.377643214479032652e-02
6.419903649760713704e-02 6.422090577188557803e-02
6.423502549931520145e-02 6.976046359103575678e-02
6.440711651041022834e-02 6.442053709460707211e-02
6.444672115388258571e-02 6.892060436973844462e-02
6.456568932300912889e-02 6.951204505875945017e-02
6.458278778064142911e-02 7.142682024284992270e-02
6.473206064154811423e-02 6.684491315006027556e-02
6.479504024349318214e-02 7.815879689723047308e-02
6.493097335760836253e-02 6.588596964545172241e-02
6.493206784972527235e-02 6.724375477958641212e-02
6.524641415880665096e-02 6.713644184743329524e-02
6.543464226751226354e-02 6.576195386181070413e-02
6.549451499211314531e-02 6.554116476438341665e-02
6.553573891769534643e-02 6.607762977188869069e-02
6.561116578355373485e-02 6.585207836801088011e-02
6.570986199044868969e-02 6.619051289643652913e-02
6.573543852188951098e-02 7.447030991707079273e-02
6.577280103509948461e-02 6.896625588534523177e-02
6.600096601290170173e-02 1.776514712464960233e-01
6.604657290969823125e-02 8.913217228149572513e-02
6.619604424978035861e-02 6.784535452789386412e-02
6.627064810459441790e-02 7.277503740661397935e-02
6.632286500877837554e-02 7.811440433279025208e-02
6.662348042800009251e-02 6.663840891452252335e-02
6.675123638555813255e-02 8.537102752461112054e-02
6.678348486211543866e-02 6.869592016914320698e-02
6.715974720813197574e-02 6.981353964247474786e-02
6.716327283320512598e-02 7.386257780915762849e-02
6.717368955116055640e-02 7.004053912067804977e-02
6.722399254060983098e-02 7.209376068620688971e-02
6.754505021664844455e-02 1.167937780703126316e-01
6.767806545647914174e-02 7.008333282621855009e-02
6.787441641370173251e-02 7.981837069307076704e-02
6.792349158127214404e-02 6.795553235235345102e-02
6.793996380296699056e-02 6.819811400855180228e-02
6.805347546756126964e-02 6.807958695132117211e-02
6.807993307186409326e-02 7.096566086396617623e-02
6.829534413395269010e-02 6.835262457650917445e-02
6.837296327940999008e-02 6.905577345354196872e-02
6.844670861956179964e-02 6.890483842443088924e-02
6.845860872838847866e-02 9.486182245055130302e-02
6.873719523842186652e-02 6.959856478048284667e-02
6.906935165372872498e-02 7.197229417327045964e-02
6.924558226166985242e-02 8.350737473430465407e-02
6.954636112951290139e-02 7.263632785732550279e-02
6.982444402735450695e-02 7.936574705217092074e-02
6.989657315819772232e-02 6.990042743849191054e-02
6.999579694447567724e-02 7.000923118233307041e-02
7.003119797720361306e-02 7.118051000524107386e-02
7.036294611219562345e-02 7.196374218356660357e-02
7.038483382039865954e-02 7.176478317656838357e-02
7.050494943062514397e-02 7.189078974705885583e-02
7.060266538225021260e-02 7.327949154374438501e-02
7.084447633033523484e-02 7.086545788133261081e-02
7.094128465174934228e-02 7.118756281042835921e-02
7.111025066733558941e-02 7.131651043036484061e-02
7.127475261786034300e-02 7.155189472493828085e-02
7.163559252918137721e-02 7.213511287000923256e-02
7.170379543272477341e-02 8.139679991372630874e-02
7.184233757413792387e-02 9.004678008081437590e-02
7.201470273770811670e-02 7.298990962248752545e-02
7.214772142649739095e-02 7.839754074020542640e-02
7.215610739388511607e-02 7.220743312896596433e-02
7.254156473925708892e-02 7.750357829334909854e-02
7.256440374581897557e-02 7.471672154837447066e-02
7.286883080457648432e-02 7.456016221946043521e-02
7.313058859383403387e-02 7.498070476736405643e-02
7.317757747257230827e-02 1.056808801856769231e-01
7.323827357829484908e-02 7.444286550421276571e-02
7.329992304283791671e-02 7.774690223309804749e-02
7.362976457602009306e-02 7.370732195899068473e-02
7.366244765485104040e-02 7.370266920205677252e-02
7.374763308790566185e-02 7.742899327273182475e-02
7.378642538215289537e-02 7.379449434407156505e-02
7.384076109514768615e-02 8.155905709508083634e-02
7.395300738657081818e-02 7.414120209659712246e-02
7.425574900693254765e-02 7.898960189922434039e-02
7.446941525436966136e-02 7.452324066917449807e-02
7.451969270297027770e-02 7.454175442330689128e-02
7.461854940718899709e-02 7.469389629794008501e-02
7.463601742995742971e-02 7.714569827221148812e-02
7.490971544724665809e-02 8.228985675663559596e-02
7.492711838112164902e-02 7.587134683235603749e-02
7.496092754849473239e-02 7.500493193849726292e-02
7.510583729112596529e-02 1.209457547493872215e-01
7.524568449470513121e-02 7.940292232459172928e-02
7.529227562237239546e-02 7.761942638226114466e-02
7.534182078695868257e-02 7.556530008651586583e-02
7.535786354386560248e-02 8.793096594175098257e-02
7.543662982673786377e-02 1.068940172874646016e-01
7.544292816266878754e-02 7.572420450288393223e-02
7.549138173231872972e-02 8.314464971477178445e-02
7.552805055256973932e-02 7.898472463574521263e-02
7.568036566146664479e-02 7.610771326816949400e-02
7.580609935738959193e-02 7.927750034940077295e-02
7.590928250347060702e-02 1.254409382202082701e-01
7.598445205657623769e-02 7.997124186250997857e-02
7.604170426012006601e-02 7.881789251031783017e-02
7.614099804742678612e-02 1.160147025093617168e-01
7.617894754095771992e-02 7.726671627246223251e-02
7.621169455170900831e-02 8.683430886907360369e-02
7.632289875927186773e-02 7.852851007017351559e-02
7.635410511013913937e-02 7.832241856298992333e-02
7.640426803864379390e-02 7.731556044686184459e-02
7.679593686594751722e-02 8.113242554571813148e-02
7.683467020876900977e-02 7.693654608240706183e-02
7.692892993184478889e-02 8.068372135520350541e-02
7.698032695635943778e-02 8.413110428228053050e-02
7.700369431613623972e-02 7.814537372603988508e-02
7.708391637585924883e-02 1.074365609770082108e-01
7.708822576745362476e-02 9.927085569100256579e-02
7.712085947589064627e-02 7.746310349010354646e-02
7.714157546068996230e-02 8.117281106067102125e-02
7.724553568192356334e-02 8.062762650756551130e-02
7.738300169542881857e-02 7.863004971810003130e-02
7.754342837212503670e-02 8.041448857786649695e-02
7.760041084195608285e-02 8.550145934595908270e-02
7.762930469294501701e-02 8.000728041270242785e-02
7.766307590862332744e-02 7.832439368921179090e-02
7.770974301373874404e-02 8.478498002991703697e-02
7.784499466176368621e-02 7.986447262681645176e-02
7.786102856633056457e-02 7.800669746630128909e-02
7.788834220339985182e-02 8.274522066976980339e-02
7.793240849313178009e-02 9.669751279341951000e-02
7.795776993626293838e-02 7.798521502977441566e-02
7.817174297184656395e-02 8.207185240712429330e-02
7.820716013825115831e-02 8.075598077880782877e-02
7.842234736738606937e-02 7.894110480177349287e-02
7.847396756398436479e-02 8.389850852546905380e-02
7.850315899294918465e-02 9.000592013385740053e-02
7.852770703804849706e-02 9.359962470728394601e-02
7.852827908548806746e-02 7.958068598158885010e-02
7.852954764086712836e-02 9.510945799346730289e-02
7.854069002153084289e-02 9.465482741481535955e-02
7.883734139438330901e-02 7.941765489050155169e-02
7.892598982992919676e-02 8.207872302907656681e-02
7.896268907491664490e-02 8.222345478710865740e-02
7.897297317818111062e-02 9.407979400251552382e-02
7.902199453904353021e-02 7.984163220889360646e-02
7.902683797519319264e-02 8.787627895748069407e-02
7.904293899166177362e-02 8.345902170296670697e-02
7.920754979417335417e-02 1.260714343746732191e-01
7.931440145006089792e-02 8.007093727606667821e-02
7.958490473235524387e-02 8.392840846616442252e-02
7.967882199469894511e-02 9.004616026648681881e-02
7.978684831377461095e-02 1.087318420090369608e-01
7.978959488167983172e-02 8.047747930416983275e-02
8.003494836016145086e-02 8.422863319713254360e-02
8.003534594349090425e-02 8.577386846113223273e-02
8.009318916149828216e-02 9.598034815768588524e-02
8.047374915356483860e-02 8.073316703803962158e-02
8.056383886875843892e-02 9.023981412276452230e-02
8.062778294645180088e-02 8.139059513953826597e-02
8.068380633103319766e-02 8.124282876356486716e-02
8.072663211525844817e-02 8.081136811822453581e-02
8.085133212718675910e-02 1.243057614212333267e-01
8.094996711280165458e-02 8.125908814323083706e-02
8.100180493397569903e-02 8.100277047418209808e-02
8.100208245611591196e-02 8.632448151744039067e-02
8.104711538951421546e-02 8.104815962257853890e-02
8.106851764907625768e-02 8.743766154572649163e-02
8.115581836570071039e-02 8.288324625890566844e-02
8.116259681055235098e-02 8.179539403880030368e-02
8.131561957317250122e-02 8.227919848764202182e-02
8.135778542292128324e-02 9.635632503342461685e-02
8.145126749725128956e-02 8.859909649151886946e-02
8.179839058011728614e-02 8.500884549141000945e-02
8.186128523911370691e-02 9.048099769715510499e-02
8.191366086850772332e-02 8.455210048421969715e-02
8.195619736699205626e-02 8.247488210776023065e-02
8.211551849523826552e-02 8.234106497852750062e-02
8.216089935146950185e-02 8.460461268966357196e-02
8.234736945286741383e-02 8.985982823390360752e-02
8.240933114875315102e-02 9.577022915903020406e-02
8.245568444689718723e-02 8.344272267365021589e-02
8.264910161820339385e-02 8.319518848281670653e-02
8.270202371812210296e-02 9.441017111001477613e-02
8.284944444229071225e-02 9.985712344303591947e-02
8.292126834935102664e-02 8.294892704724482480e-02
8.308887852468016533e-02 8.310254196840048679e-02
8.310595470568739318e-02 8.509577584271872663e-02
8.312828392144348821e-02 8.328846793989187758e-02
8.329093544188556630e-02 9.409313775663707968e-02
8.331883759304400949e-02 1.132776416957325394e-01
8.334695522263196876e-02 9.052756584277447949e-02
8.361730231799939517e-02 8.371996241248995385e-02
8.387846958996476865e-02 8.727929703742311196e-02
8.392428318996814074e-02 8.956563791081466330e-02
8.398277737332639215e-02 8.613898745685612257e-02
8.407843806559581190e-02 1.049139207375981570e-01
8.409623410413585853e-02 9.319516820227977116e-02
8.443746080210516591e-02 8.566554996828716628e-02
8.465519816137205555e-02 8.573920040910525120e-02
8.475848795422069593e-02 1.153878839139086676e-01
8.506939418587970703e-02 8.545255786929402408e-02
8.508837399343369134e-02 1.175152334653129377e-01
8.509224014960221905e-02 9.976209893033574638e-02
8.510898550860040990e-02 9.324176395058034195e-02
8.516900394503719440e-02 1.015774176401679357e-01
8.524619055452975491e-02 8.593388114159357383e-02
8.538155678885978039e-02 1.090670805963506462e-01
8.547896927566876746e-02 8.636716018123422045e-02
8.556807555823753297e-02 9.477955984859941230e-02
8.581052298493091479e-02 8.852051674101402146e-02
8.586409899827102121e-02 9.109001574719303995e-02
8.592780641655127505e-02 8.919673481393487757e-02
8.593614526785295360e-02 8.699762749122051664e-02
8.596384474720913937e-02 8.596389145832490641e-02
8.600110458377033251e-02 9.066587998172598306e-02
8.601869242900361812e-02 8.630701443068262979e-02
8.603422675161466471e-02 9.548788805036506622e-02
8.622042796389552122e-02 9.071309450324575863e-02
8.635714752918838277e-02 8.650861449040499196e-02
8.646833366304196300e-02 8.800247903317316711e-02
8.650944785141657933e-02 8.777155782493001324e-02
8.657302702959870921e-02 9.098525333026769024e-02
8.661617721205919218e-02 8.676305959402362544e-02
8.668097928197639190e-02 9.530174839667646114e-02
8.668726276777774520e-02 8.787294808770179655e-02
8.699437601043723267e-02 9.239077165668486968e-02
8.725141097969099646e-02 8.727424512001120960e-02
8.728403045780712410e-02 8.744230910479375285e-02
8.732254243768880486e-02 8.734341243182335013e-02
8.740429246240934147e-02 8.746838055089870001e-02
8.747683753492502268e-02 9.776844690734619314e-02
8.756032062310475927e-02 8.897135755747334618e-02
8.758893381926632915e-02 8.768544537913951220e-02
8.771241750149252892e-02 8.797967381854993052e-02
8.785089950145326398e-02 9.820406190924396705e-02
8.788243420744619450e-02 8.788618342265824834e-02
8.818812162501279972e-02 8.923241124684505587e-02
8.819645917275027724e-02 8.877496745417769175e-02
8.819866356658066786e-02 9.085647697790863453e-02
8.820001789371459400e-02 8.866179516815479722e-02
8.827276112379005280e-02 9.272873106099936702e-02
8.861597782086896857e-02 1.016005388902091883e-01
8.862121681111338745e-02 8.896041400746682037e-02
8.877984558346610489e-02 9.609693256786751292e-02
8.883209672949593516e-02 1.050915715556862279e-01
8.887087245750871500e-02 1.141668912881630277e-01
8.901068974939428669e-02 9.339904349047939425e-02
8.906690757014357196e-02 8.971458861468614709e-02
8.913463179027807104e-02 9.403637065271271134e-02
8.915106097025753129e-02 8.920099847692887496e-02
8.915539719818486863e-02 8.991461781621201688e-02
8.919577366640092653e-02 9.212015673123623294e-02
8.924851195926070124e-02 9.036746085534366757e-02
8.929065985800307970e-02 8.933766169853568639e-02
8.932160931316367181e-02 9.275358144189474463e-02
8.935586996704850127e-02 8.954229550378214886e-02
8.941852822699701553e-02 9.108266288638340591e-02
8.956085217382926678e-02 9.002065418531580987e-02
8.956738241746801943e-02 1.387599747317518617e-01
8.969546075723582035e-02 9.008872705405331083e-02
8.975744738484893459e-02 1.050756498012357792e-01
8.996858348597022714e-02 8.996908413515414260e-02
8.998978371687756106e-02 9.329926811903566097e-02
9.005106140199438391e-02 9.011862579669428774e-02
9.005504856307165740e-02 9.061030017313259632e-02
9.009536364969178424e-02 9.547623812090484663e-02
9.010083389698712864e-02 1.369121004131819141e-01
9.031642630043987263e-02 9.064387944925922369e-02
9.032804466083046990e-02 9.168284911467550202e-02
9.033229407753144702e-02 9.082551497985583144e-02
9.038620364635485682e-02 9.228701282195116151e-02
9.046184780832020045e-02 9.127298736585626182e-02
9.066084510534923313e-02 9.423649823829449712e-02
9.067727342404850732e-02 1.985591018173201161e-01
9.067911120170912831e-02 9.069294191620551338e-02
9.068388043791562880e-02 9.220256508201829515e-02
9.070636016408016589e-02 1.394699639375083511e-01
9.082774716772014367e-02 1.085704262497899503e-01
9.083575111938820001e-02 9.830303483888071236e-02
9.085732693881207189e-02 9.668150377781432880e-02
9.097742978029274563e-02 9.325405488836444046e-02
9.131997027142593759e-02 9.638418796889496043e-02
9.143474839899051743e-02 9.245500523913519064e-02
9.156417849416927102e-02 2.058403662215479435e-01
9.164137344619387171e-02 9.167270935792830311e-02
9.166272359964849903e-02 9.210811761433966571e-02
9.172981389660986307e-02 9.263064112651885063e-02
9.191724027810542486e-02 1.080760167963096680e-01
9.206316267935822639e-02 1.063131294838051827e-01
9.209477581093600262e-02 9.209597520676114646e-02
9.210134438852575489e-02 1.424386269713989184e-01
9.210303470501363110e-02 9.264850523168334517e-02
9.214647595596561769e-02 9.662541915756819866e-02
9.215049011337890505e-02 9.419019212471473057e-02
9.225481585272927998e-02 2.380258612707614185e-01
9.254505485144361165e-02 9.341159432064126411e-02
9.264586689142609299e-02 9.386296964714674340e-02
9.271076420933410667e-02 9.423829392526651694e-02
9.281098608063391431e-02 9.504916261742271666e-02
9.304063398148107455e-02 9.877391241938213162e-02
9.328233583971118348e-02 1.089596500303755544e-01
9.342282220049182018e-02 1.006105140712650753e-01
9.347705620997960596e-02 9.347811401709939239e-02
9.360923866335578436e-02 9.803435122481717057e-02
9.368125853160143290e-02 9.395053788155129093e-02
9.369416657220877576e-02 9.390098863139643981e-02
9.371655284954011345e-02 9.985697036520180259e-02
9.377545245620064196e-02 9.399937800792508569e-02
9.378505082702227880e-02 9.471312456120589696e-02
9.385817067088784993e-02 1.356591939249024437e-01
9.387573708929776439e-02 1.091395988142064288e-01
9.395332100221717719e-02 9.414018249704614316e-02
9.401130537527586928e-02 1.066470613874859752e-01
9.401730257501207666e-02 9.462383523269396468e-02
9.423387246989130273e-02 9.786408986707838265e-02
9.426162625226214287e-02 9.548100416396139434e-02
9.436088283062391002e-02 9.540581797716046752e-02
9.437501501701667239e-02 9.987334535360896381e-02
9.448434241019848523e-02 9.662396412207414909e-02
9.458166307272802831e-02 1.452277138995267391e-01
9.466846272584986122e-02 9.476536355204995266e-02
9.476440848950565266e-02 1.071022294640483763e-01
9.483425174742407537e-02 9.497490735005478801e-02
9.486882629705167824e-02 9.518275752873257833e-02
9.488237797748341751e-02 9.835112881367906457e-02
9.491149483181708646e-02 9.498928508722039032e-02
9.501658047301612953e-02 9.553692180454453897e-02
9.505888971110537655e-02 1.229718241738642082e-01
9.506668017403174797e-02 9.651173893267483983e-02
9.527895547891172823e-02 9.553559756859966723e-02
9.530518036377305657e-02 1.061997956397988663e-01
9.538203509626913545e-02 9.540317601775105683e-02
9.551481747868530159e-02 9.974041026831448331e-02
9.566787561345042878e-02 1.180523122854383045e-01
9.579147396860719643e-02 1.077406029454519298e-01
9.579202115860109557e-02 1.024209379365382810e-01
9.583050244879705304e-02 1.049362153182382545e-01
9.589427911074444033e-02 9.987426147708559909e-02
9.595906031641623923e-02 9.597321796068969402e-02
9.608217651557414418e-02 1.067315278174569559e-01
9.612463304285578936e-02 9.815415746099753758e-02
9.614807310708750610e-02 9.800770983965478855e-02
9.617981184661378302e-02 1.060250026327123063e-01
9.629151578367220465e-02 1.490042743851024698e-01
9.630095824455177367e-02 9.870877263258817647e-02
9.635259390169780003e-02 9.718247463754985105e-02
9.639864692197476492e-02 9.641412729179230090e-02
9.640348912480603549e-02 9.817069372656687942e-02
9.640968889552821441e-02 9.647124160878377264e-02
9.656123603452287929e-02 9.722005051895030170e-02
9.668493620746286543e-02 1.289820081414158881e-01
9.671747817385994983e-02 1.017970289505023690e-01
9.672747432889688968e-02 9.694015973443481649e-02
9.673443740090471865e-02 1.034444214871005213e-01
9.677531806801355219e-02 1.294304165694663278e-01
9.703713211729779464e-02 1.411747178540516401e-01
9.708075779797477323e-02 9.723691432562144021e-02
9.712997645613266617e-02 1.117947450335348009e-01
9.716952110983949342e-02 9.774142498750133801e-02
9.723932301320792337e-02 9.841812110403462543e-02
9.730353069519549758e-02 1.046591478680567733e-01
9.733176556739012164e-02 9.758529019573071450e-02
9.737509536354478634e-02 1.040306997546044526e-01
9.769774720032749216e-02 1.069647090836123998e-01
9.770414866243867791e-02 1.315400777674248234e-01
9.779067814869976671e-02 9.881672312770384270e-02
9.782875871549058522e-02 1.092009923658340265e-01
9.813004848917376843e-02 1.056072645965433071e-01
9.816429181991208341e-02 9.846170851080938979e-02
9.818141786422288075e-02 9.948999366795652222e-02
9.843954546168942610e-02 1.298559671669523852e-01
9.849296297562448732e-02 1.203122397415473388e-01
9.852604994900260316e-02 9.985099288470943024e-02
9.861898947774165591e-02 9.893542794911766580e-02
9.873085219187389960e-02 1.233722459685808598e-01
9.882772246526616566e-02 9.890929615672870712e-02
9.883216503364736227e-02 1.011795759447965820e-01
9.883524798318756022e-02 9.954265177871655934e-02
9.883671168717043931e-02 1.066979071952076780e-01
9.887032639455405059e-02 9.996279917051405228e-02
9.898005683491588325e-02 1.021112037727532201e-01
9.903600999234107860e-02 1.092895750986687536e-01
9.906934233400221945e-02 1.005696520546164735e-01
9.929111223336678504e-02 1.016587652246270790e-01
9.938405223723624504e-02 1.000770878954638371e-01
9.943603857301670790e-02 1.006585265620719705e-01
9.946800363749942753e-02 9.961541805030232899e-02
9.962667301216560078e-02 1.059567118194057328e-01
9.974037402307525668e-02 1.066068937637356939e-01
9.980585885852562289e-02 1.033560573469658045e-01
9.991362714565134306e-02 1.046194752011274515e-01
9.992777841365521607e-02 1.017125750692948055e-01
9.993650281398536173e-02 1.039088085696458774e-01
9.994950916926505224e-02 1.046021046610054600e-01
9.996261480755577744e-02 1.002509384369965756e-01
9.999843680567038762e-02 1.000183823078664852e-01
1.001944294272061192e-01 1.004102729475409017e-01
1.003237711009439537e-01 1.768217363474678117e-01
1.003906686085121874e-01 1.010027273383651836e-01
1.004024550500316193e-01 1.007744224710475783e-01
1.005415340079292008e-01 1.007453616690961173e-01
1.007028642470308988e-01 1.428945658975848965e-01
1.007822089863541909e-01 1.032642140698208505e-01
1.010195464245646491e-01 1.013522940320041449e-01
1.010703679236238384e-01 1.066474510568767159e-01
1.013410865708744696e-01 1.047986301668297066e-01
1.014554369865898892e-01 1.059714055247522047e-01
1.015074160364535238e-01 1.024200580241754893e-01
1.015625825767281082e-01 1.019682547019500618e-01
1.017579773025734380e-01 1.045568505115050117e-01
1.018781550392458268e-01 1.053944518755838416e-01
1.020993104719387368e-01 1.442859111313864184e-01
1.021046505416581818e-01 1.041399053640073569e-01
1.021292630484009339e-01 1.027824077388835439e-01
1.021297840647870242e-01 1.027454536557761561e-01
1.021648226574093515e-01 1.021907185015958341e-01
1.026569274751830685e-01 1.087333298508867396e-01
1.027314933656599538e-01 1.041060054168949367e-01
1.029321953754534641e-01 1.055541301980517099e-01
1.029424760452758852e-01 1.039516227551788713e-01
1.030921029289924157e-01 1.087513414391467481e-01
1.031417611640205317e-01 1.032222343259604769e-01
1.033134499432368236e-01 1.079752280133923631e-01
1.033688927590772910e-01 1.113019368644900114e-01
1.034143698373995307e-01 1.077825775060670122e-01
1.034535534376229832e-01 1.067731143930395615e-01
1.035662302745892216e-01 1.084385053167294943e-01
1.036254992455765966e-01 1.036382473704976354e-01
1.037185573325067334e-01 1.038833099354442707e-01
1.037513917122805385e-01 1.150664464815075727e-01
1.038229472707139500e-01 1.040448556468319963e-01
1.038540752329942390e-01 1.068333991968179048e-01
1.038601305800893188e-01 1.040025448802171376e-01
1.038973703671904197e-01 1.042438298122628781e-01
1.039604616913810675e-01 1.046267486485112780e-01
1.041826754806601113e-01 1.066600209838899221e-01
1.045282841622341696e-01 1.045673858733660033e-01
1.045941688147343090e-01 1.050722333396955227e-01
1.045995416727043686e-01 1.051856087619078978e-01
1.046312366552834550e-01 1.051513403243575645e-01
1.047744800369671825e-01 1.056925252484391259e-01
1.048084520403211040e-01 1.639881161803094789e-01
1.048436985147815637e-01 1.048754798393188858e-01
1.048905065410770943e-01 1.054774848962946737e-01
1.049135804631970287e-01 1.072945484750017359e-01
1.049379975440117019e-01 1.050177934338209634e-01
1.049700281667736018e-01 1.063084434960235164e-01
1.052369620101653858e-01 1.052496667243304762e-01
1.052914668983929436e-01 1.065434573874580737e-01
1.054284525741054496e-01 1.136803984539115076e-01
1.054837392532317758e-01 1.069269570321810109e-01
1.055134421654540106e-01 1.134191876261593235e-01
1.056294392123776488e-01 1.335716325025412821e-01
1.056473220288052794e-01 1.640964814007272732e-01
1.057685201327039221e-01 1.057729740589768014e-01
1.058727753270012339e-01 1.075315782193170672e-01
1.058893059646654339e-01 1.136780394555887697e-01
1.060350738850647095e-01 1.060488501652681603e-01
1.061999832944611893e-01 1.062187986788890731e-01
1.062030005370439706e-01 1.458297839177963573e-01
1.062054707951307769e-01 1.112522878903857704e-01
1.062659660078800750e-01 1.064967820168135071e-01
1.064599628934953801e-01 1.160299981316253864e-01
1.065333764198153621e-01 1.065701992789680891e-01
1.065950014160810394e-01 1.117444859570096982e-01
1.065978639797927618e-01 1.074938325473936279e-01
1.066073912664264461e-01 1.067107295008033058e-01
1.066472222694152955e-01 1.076122276720144766e-01
1.070930543841275978e-01 1.071570867916464692e-01
1.071765160755143026e-01 1.071792119487432055e-01
1.072078816200072171e-01 2.307546754856623361e-01
1.073185773947855914e-01 1.077396213780465184e-01
1.074871531881487624e-01 1.155683354975880622e-01
1.075956158827364589e-01 1.429969088577710823e-01
1.077495043331554436e-01 1.311192771903135768e-01
1.077685621364837948e-01 1.207074720761916881e-01
1.079536914603723419e-01 1.107128846261494631e-01
1.080027865054931924e-01 1.095038214519148262e-01
1.081194146406710271e-01 1.110344624742232028e-01
1.081308256156451320e-01 1.123309912067057964e-01
1.085310794083527430e-01 1.093941327633982386e-01
1.085757657218522770e-01 1.086012630201540208e-01
1.088038550475579069e-01 1.089475646161145589e-01
1.089053593609399101e-01 1.089806802843495542e-01
1.093299723344576257e-01 1.319574432149608345e-01
1.093338256233541417e-01 1.100556550060836636e-01
1.094243502564900827e-01 1.109783158074640619e-01
1.094774704357104195e-01 1.146304647503251090e-01
1.097019256102641227e-01 1.128498980135137358e-01
1.097874197959123610e-01 1.137675025628202552e-01
1.098219414028740043e-01 1.099072321155695892e-01
1.098653059159508671e-01 1.259234933646270205e-01
1.099050490941397562e-01 1.192471156551167810e-01
1.101217963453036963e-01 1.143114694281155141e-01
1.101217982769209652e-01 1.136441354190579206e-01
1.102068055275060854e-01 1.131243528463193038e-01
1.102071633855661315e-01 1.102591029678378631e-01
1.102870392129145921e-01 1.157936888416340460e-01
1.102944779925753155e-01 1.688230537666997044e-01
1.103864335422275744e-01 1.770612876629454324e-01
1.105754380408524584e-01 1.141680892845637618e-01
1.106327915577962756e-01 1.648142738605573865e-01
1.109554899879462153e-01 1.403180788141688007e-01
1.110001785456883466e-01 1.112370577450006864e-01
1.110670090366942253e-01 1.110704638400793753e-01
1.111363536361931748e-01 1.136754473677608623e-01
1.111867324615302827e-01 1.313792690181107836e-01
1.113456556957937021e-01 1.580082992569366851e-01
1.113942062909142744e-01 1.162701040390775736e-01
1.114005922803019827e-01 1.231394290216167448e-01
1.114845103684176386e-01 1.181434265377545728e-01
1.116061460111497233e-01 1.144499888702806834e-01
1.119370814459720032e-01 1.146690530882138181e-01
1.121160357147455017e-01 1.166639033150023846e-01
1.123780714845886985e-01 1.125702639703524272e-01
1.124230540191292482e-01 1.141831645589771044e-01
1.125257286934033679e-01 1.138688438967378758e-01
1.126183515457086920e-01 1.127807309305652456e-01
1.127239505177340534e-01 1.243600301116147139e-01
1.127818403957902976e-01 1.552143373407701699e-01
1.128388536818780985e-01 1.147294784371100940e-01
1.129281791001106178e-01 1.130315929226098220e-01
1.129571368254826680e-01 1.133261567025378586e-01
1.129624600821361596e-01 1.138305667566468643e-01
1.131342520878721586e-01 1.143945438516937446e-01
1.131750221453814154e-01 2.242511219515399834e-01
1.132217581726835814e-01 1.163864106526380504e-01
1.134258306465027316e-01 1.150585413083369951e-01
1.135193426991298465e-01 1.135668216308594186e-01
1.136515775169431308e-01 1.224811225360628586e-01
1.137279428916371377e-01 1.147942426863391152e-01
1.139296516827870004e-01 1.145415115444441828e-01
1.139816159838985127e-01 1.139846361664017815e-01
1.140999734000541915e-01 1.188673206954614092e-01
1.141405157630522166e-01 1.161424862004517278e-01
1.142472811618273631e-01 1.299762998826918536e-01
1.142889368126809163e-01 1.152542282786166300e-01
1.142996313581167989e-01 1.244010649689590992e-01
1.143868366604375020e-01 1.155246903668047526e-01
1.144586542156110776e-01 1.144650635346776968e-01
1.147106366883176298e-01 1.158962055958131232e-01
1.148702648869616011e-01 1.157491270818590268e-01
1.148775520873893952e-01 1.233507260318313092e-01
1.150247813681043174e-01 1.190039129112226007e-01
1.153891877739438854e-01 1.153920677298387182e-01
1.155370305143447879e-01 1.182849379801652334e-01
1.155740570917204585e-01 1.315530317458268317e-01
1.157203562225651433e-01 1.235533090610904106e-01
1.157614342332939084e-01 1.158258432635103780e-01
1.157748974270548931e-01 1.159696859984492984e-01
1.158299102757614080e-01 1.164973286477345438e-01
1.158518905146645323e-01 1.375213264485097564e-01
1.162209848997183825e-01 1.286389430229888664e-01
1.162480349693369441e-01 1.163881507311492342e-01
1.166003113710906425e-01 1.304554864161020789e-01
1.166229958685742196e-01 1.179844873893891311e-01
1.166554980375226619e-01 1.175773348563914772e-01
1.168658967838249324e-01 1.171830633176601799e-01
1.170056442537567437e-01 1.197787632489161341e-01
1.172824806506215095e-01 1.638278436387283210e-01
1.173140832977607600e-01 1.313213533345583828e-01
1.173709984875115631e-01 1.181383488040573665e-01
1.174285199972748550e-01 1.206100922681438564e-01
1.175008955875496419e-01 1.181776697113692126e-01
1.175038784744626974e-01 1.192114709707798870e-01
1.177339167712213308e-01 1.187013041141290887e-01
1.177635248022913944e-01 2.003301450640718462e-01
1.178732731722121618e-01 1.179289122072749302e-01
1.179745971457966114e-01 1.179766239092717439e-01
1.181415200515772423e-01 1.208354411029123193e-01
1.181643760011358013e-01 1.231315437247081507e-01
1.182855968621704529e-01 1.202738829354546013e-01
1.183927469921728509e-01 1.207413835151895792e-01
1.184137825017870654e-01 1.350121339460705616e-01
1.185850339677074622e-01 1.636166125794157045e-01
1.186436717279567982e-01 1.193250807304743200e-01
1.194407424560006287e-01 1.194922488051569920e-01
1.196741327072473049e-01 1.198615782517260392e-01
1.197095676516436585e-01 1.202502856825604788e-01
1.199144621012812606e-01 1.213494206565510214e-01
1.201420423230594864e-01 1.215065656785891957e-01
1.201597495120112075e-01 1.204149594856651906e-01
1.202604216584601399e-01 1.211040605286506783e-01
1.203407134286698654e-01 1.205491165329289766e-01
1.206143866928918312e-01 1.218105317815466881e-01
1.207233774269108745e-01 1.229176491362587581e-01
1.207758652520794784e-01 1.218960762617627008e-01
1.209193992085880048e-01 1.242630609947109610e-01
1.209812053662105563e-01 1.216663464720091625e-01
1.210377373875578116e-01 1.210416312252701188e-01
1.211195928954975770e-01 1.211517888045257063e-01
1.214371540963268131e-01 1.214598892100219457e-01
1.215513308772165624e-01 1.281386137081713950e-01
1.216351978751074314e-01 1.721742192921570935e-01
1.218916855275560818e-01 1.224479571506742609e-01
1.219701445240563009e-01 1.230952641173736345e-01
1.220050953443236330e-01 1.259060096989960964e-01
1.220247345846903197e-01 1.239809231450450661e-01
1.221673515114451297e-01 1.239981379658808003e-01
1.222019133300268762e-01 1.228822493896843393e-01
1.222567234992227025e-01 1.361577113993016619e-01
1.224390836442865449e-01 1.228805107052449025e-01
1.227097786478767300e-01 1.265599122052516734e-01
1.227961740806029073e-01 1.424213730785211240e-01
1.228136519464701759e-01 1.238530432972171219e-01
1.229118770209178396e-01 1.352287232964223540e-01
1.230203290408066336e-01 1.230982858914964895e-01
1.230291834464537354e-01 1.232999036173214463e-01
1.233059556840931797e-01 1.238034834192743294e-01
1.233739413494244624e-01 1.242839664842093766e-01
1.234693910822785845e-01 1.329919116502986665e-01
1.238016963166726908e-01 1.319138973654841451e-01
1.239115234468672333e-01 1.255990047257248554e-01
1.239388358918494526e-01 1.240427421320824536e-01
1.240850326224574723e-01 1.248745255871825804e-01
1.241251059997640210e-01 1.277300653698286437e-01
1.241828099031042354e-01 1.244963263704104289e-01
1.242353828734394650e-01 1.248418474857747734e-01
1.242781522735980637e-01 1.243148433459588253e-01
1.243833294508174536e-01 1.260964529381754518e-01
1.243970683650348213e-01 1.251831072590861016e-01
1.244105430195209527e-01 1.244130018213434469e-01
1.251625508680382914e-01 1.252816896855191986e-01
1.254689906070174665e-01 1.280897484778285578e-01
1.255899027980794114e-01 1.258216454336168189e-01
1.257492460169004345e-01 1.257495973662925981e-01
1.258921910813138867e-01 1.258923304948866007e-01
1.260127377086774358e-01 1.267672841512641757e-01
1.260809910594679062e-01 1.279736558239879252e-01
1.261176028541394212e-01 1.266827961121902713e-01
1.262306470819783977e-01 1.514103827812374181e-01
1.264409620240877219e-01 1.354946641868576551e-01
1.266689318723497326e-01 1.286979029244674222e-01
1.266814388855644347e-01 1.269539027075800020e-01
1.269186360612252484e-01 1.298370738203336872e-01
1.269323995536783822e-01 1.282518647416427127e-01
1.274313340881702006e-01 1.330198740851916972e-01
1.274424688391447569e-01 1.294183927346734819e-01
1.275189319071370897e-01 1.275242292269050948e-01
1.276799814427509450e-01 1.287588553485588816e-01
1.277911491208884309e-01 1.278288789736708453e-01
1.278821872554989914e-01 1.347294685194069530e-01
1.279507377512683619e-01 1.279772105858102138e-01
1.280432927638032459e-01 1.329977875145060273e-01
1.280540732453184227e-01 1.282411028929140162e-01
1.280583181223449996e-01 1.280759203587568118e-01
1.281124548594662349e-01 1.308523182876299151e-01
1.285294008700075818e-01 1.292369204582383968e-01
1.289132576671252195e-01 1.300797533627885971e-01
1.289886954177875411e-01 1.333060810932076290e-01
1.290112865670205722e-01 1.290696842395996913e-01
1.290535468493186344e-01 1.362215978874213029e-01
1.291130182351870603e-01 1.334766377923853886e-01
1.294575251514069325e-01 1.294628679507390245e-01
1.294743342421612597e-01 1.312215602433696726e-01
1.297236604780089009e-01 1.300260876911264185e-01
1.298033584887930691e-01 1.298138191629988891e-01
1.299630512565360663e-01 1.378584059673776951e-01
1.300543370122964892e-01 1.335422578185483933e-01
1.300743083349468754e-01 1.324435591680322155e-01
1.302787440095872773e-01 1.529830538259392692e-01
1.308946331052318890e-01 1.318931973119324974e-01
1.312752458358287799e-01 1.312848522978247723e-01
1.314109161649094637e-01 1.314125125428903251e-01
1.317903844118357426e-01 1.362300420779494758e-01
1.320861716024483434e-01 1.331372902228138144e-01
1.323038017065879535e-01 1.334522829150675272e-01
1.323470913501932911e-01 1.345613873464837351e-01
1.324638763950432840e-01 1.346823716666001869e-01
1.324715415680889075e-01 1.381701349892048292e-01
1.329438613993738638e-01 1.353537704608954728e-01
1.333306098177342303e-01 1.358980325264856348e-01
1.336517585418671161e-01 1.503376290731006648e-01
1.339798023478206423e-01 1.354637291468405724e-01
1.339824600652285147e-01 1.353048838681404908e-01
1.340131277589694525e-01 1.350928125134392699e-01
1.341486926642225519e-01 1.347359382831100905e-01
1.345726349620909590e-01 1.345738332716198971e-01
1.348262348414635270e-01 1.350015758270446675e-01
1.352694694530717501e-01 1.361602970083746478e-01
1.353472802002879116e-01 1.355670350297104032e-01
1.354243599232670403e-01 1.366216817440177311e-01
1.364980321628832260e-01 1.383420917387365445e-01
1.368780223144591135e-01 1.396469075142789673e-01
1.368961949571074754e-01 1.368963917167995703e-01
1.372002332785817180e-01 1.380588767755970003e-01
1.377930584734063657e-01 1.421474447672094188e-01
1.381900462577570488e-01 1.403016233991488393e-01
1.382282256802620235e-01 1.545141852287810480e-01
1.386438930160262817e-01 1.389824294459970633e-01
1.387619738748402110e-01 1.396971207703076312e-01
1.387733072537106482e-01 1.559288155099235462e-01
1.388292155609860135e-01 1.457310033331065402e-01
1.389189517503903182e-01 1.402516512668947057e-01
1.395366452569235249e-01 1.458988608087584682e-01
1.395496379122236896e-01 1.443518198941466102e-01
1.396596206753647762e-01 1.405159076339524138e-01
1.397073165596724731e-01 1.402246891800749407e-01
1.400338857262831138e-01 1.495864472749497409e-01
1.402903740174704095e-01 1.402957117319243996e-01
1.403941989089130815e-01 1.406582466457969027e-01
1.407766788546907788e-01 1.420008634820661420e-01
1.408078443096649479e-01 1.834212386264635897e-01
1.409334443602433817e-01 1.423784699949474097e-01
1.412991047244474274e-01 1.416018108344719029e-01
1.413156866058288552e-01 1.486666429663430766e-01
1.416935635714197395e-01 1.457495749996698953e-01
1.424460770727195569e-01 1.434591483563694148e-01
1.429870493124488773e-01 1.750849658786440555e-01
1.430550874658474692e-01 1.509213454982910874e-01
1.435749519538202235e-01 1.447871471204887905e-01
1.438865002778267899e-01 1.439362988336966853e-01
1.445162611263904606e-01 1.454714436839962821e-01
1.451938454673276646e-01 1.464837725781445443e-01
1.453157160240798329e-01 1.453497674033882303e-01
1.457189704085659621e-01 1.479528703663557376e-01
1.459700732287607938e-01 1.462178363666528091e-01
1.465594150965060793e-01 1.489815353120120256e-01
1.466514801935546175e-01 1.496994967217883388e-01
1.466831653149220649e-01 1.511967679332832382e-01
1.469768308121853218e-01 1.493174402965865843e-01
1.471984083841768598e-01 1.474097543968198309e-01
1.473548670189749055e-01 1.484229481060818090e-01
1.477617716743813148e-01 1.497505478699948378e-01
1.479332294154891148e-01 1.482353055297263023e-01
1.484554254539510454e-01 1.486829593843186914e-01
1.486151913552970216e-01 1.502695711501146614e-01
1.488324631890332872e-01 1.603863308862425729e-01
1.490187862448604517e-01 1.490200127892422621e-01
1.490846923894602882e-01 1.494602142793040322e-01
1.494520557257064397e-01 1.597083842568570444e-01
1.494782045739969645e-01 1.504732264232407080e-01
1.499075090658318898e-01 1.577030464238999563e-01
1.507001658978746605e-01 1.514091019545013295e-01
1.511850528676509375e-01 1.514313164422437519e-01
1.516089379108168933e-01 1.594964356022837426e-01
1.516723999586028215e-01 1.517498850596726567e-01
1.517437779323061176e-01 1.554198584612025702e-01
1.517936583992464949e-01 1.541202522860049551e-01
1.518644759704124991e-01 1.549743945040676918e-01
1.527569710074272447e-01 1.530725974895747465e-01
1.531953540023708038e-01 1.566589426450764599e-01
1.542915546519778025e-01 1.548516124113059056e-01
1.547739380341430770e-01 1.554030832763925729e-01
1.559553419140688457e-01 1.580229850188909213e-01
1.566804771937279628e-01 1.619415964319722845e-01
1.571221600670567875e-01 1.574515859843004517e-01
1.576346482214632527e-01 1.589289750254658795e-01
1.578742547123708762e-01 1.589540416706793080e-01
1.581209148823798649e-01 1.591789260962379327e-01
1.584936967537114993e-01 1.727686576797883566e-01
1.587419886839130101e-01 1.587621702468829665e-01
1.592504022423157917e-01 1.598410185117938587e-01
1.598913019690879345e-01 1.613264062654367337e-01
1.600452955231870256e-01 1.645631604870588793e-01
1.626220287812186749e-01 1.627754141106946828e-01
1.631581519548943038e-01 1.632973530821238417e-01
1.638506957994012025e-01 1.650583967067589808e-01
1.641050245173872324e-01 1.658700797208256250e-01
1.651983477798641964e-01 1.652000008900816885e-01
1.654999133345195494e-01 1.655080729688415964e-01
1.658479769648537328e-01 1.699551511537206183e-01
1.660410127914668243e-01 1.662775522609587220e-01
1.681476027334291024e-01 1.686962992910893411e-01
1.682671679628834072e-01 1.682909901805366426e-01
1.687786938394254810e-01 1.688247065455261986e-01
1.698810187535655658e-01 1.740594431826409660e-01
1.705896906205887353e-01 1.709267913538452255e-01
1.718260786234736270e-01 1.718597246393560596e-01
1.721524560443018770e-01 2.099085915586684781e-01
1.735434695991303622e-01 1.757870537187909143e-01
1.739234454482078973e-01 1.760644411267928700e-01
1.746607428995653188e-01 1.747772444376147205e-01
1.752022702054908954e-01 1.801119665450246210e-01
1.770720847903426154e-01 1.776101973917679211e-01
1.774935389304736211e-01 1.819767417334733905e-01
1.780416834070678855e-01 1.780434994331897558e-01
1.808600357786934454e-01 1.816839033177122809e-01
1.816011213688846770e-01 1.846351893522704402e-01
1.819967139587257143e-01 1.820061807675595889e-01
1.828893336968321626e-01 1.845685056810310032e-01
1.836086862430098832e-01 1.836480379604959190e-01
1.857772921092271379e-01 1.862314782016551984e-01
1.859779223283062888e-01 1.872914456444245146e-01
1.874226416899888448e-01 1.918588773005268089e-01
1.878034795524250178e-01 1.901305101731781688e-01
1.908080264034559548e-01 1.947556922668715607e-01
1.919500547664138856e-01 1.982020847063130087e-01
1.929455182509682010e-01 1.947224755365271898e-01
1.930060464209343296e-01 1.937905573954084859e-01
1.932074719143081210e-01 1.952459131235849410e-01
1.949388232905316376e-01 2.328829753240369560e-01
1.949431560961840670e-01 1.969851943928865867e-01
1.950424905293087763e-01 1.954384442039257264e-01
1.958036020450089898e-01 2.289869388875961365e-01
1.978689517181171642e-01 1.981294946479329744e-01
1.982154553539536013e-01 2.005333243559006273e-01
1.998876821017513405e-01 2.002990787241649973e-01
2.009021370620386882e-01 2.035917449463207352e-01
2.027595965570347381e-01 2.136145689328661779e-01
2.036594579563192065e-01 2.040838669118209825e-01
2.038895388171229617e-01 2.132499274889862184e-01
2.045132070380979161e-01 2.047363676519028952e-01
2.061474189747035668e-01 2.061804039699688951e-01
2.073901885867295847e-01 2.201788398277169656e-01
2.073903405699805136e-01 2.089066502822554683e-01
2.076111678348734058e-01 2.129996578028660326e-01
2.101643142318588009e-01 2.113206414895347496e-01
2.116616984767840104e-01 2.126328908871703560e-01
2.124245884273242846e-01 2.125544731564597278e-01
2.156134566701905508e-01 2.156912038827696054e-01
2.190622205299782299e-01 2.201812263249589285e-01
2.202796273093038104e-01 2.203252151405100112e-01
2.209101748888734618e-01 2.213065730136827836e-01
2.238026676803937243e-01 2.265932171007473406e-01
2.255883540170335322e-01 2.271508802332080634e-01
2.272145220304003510e-01 2.314455046150476203e-01
2.289322692974151974e-01 2.310283211395962877e-01
2.290235518488020205e-01 2.294922310414843347e-01
2.306845599732889607e-01 2.318693527879126248e-01
2.325617809378899559e-01 2.359978405371978005e-01
2.337618021938359103e-01 2.338045547473978636e-01
2.379191074568074160e-01 2.380428064719188608e-01
2.423179611467670136e-01 2.427560106820186303e-01
2.471992355656073281e-01 2.471998411536304729e-01
2.477936786616492804e-01 2.478745486992856295e-01
2.484513818372891814e-01 2.485395464151307632e-01
2.531014376553328282e-01 2.543807812429591531e-01
2.578697979484031455e-01 2.578751247025800053e-01
2.578914415170878160e-01 2.586042993603646645e-01
2.612055729822840289e-01 2.616151188847014586e-01
2.702908966446570527e-01 2.703662476229076739e-01
2.740155610235243122e-01 2.740298057906638274e-01
