6.109166833482240072e-02 6.138506280977630569e-02
6.413633974144761218e-02 6.481486145547619981e-02
6.664227396215391397e-02 6.664236645564464157e-02
6.741255783978905569e-02 6.940660365791569142e-02
6.833893864916915084e-02 6.843485080586066138e-02
7.157945471299920204e-02 7.168147566540795934e-02
7.281182326090501755e-02 7.424537281939426470e-02
7.284494288417862895e-02 7.289600093105223777e-02
7.287730303750832028e-02 7.299115339291359361e-02
7.391156872122717214e-02 7.419795976882734290e-02
7.489509077535214110e-02 7.497194558115634344e-02
7.551183671177404133e-02 7.553868701019436638e-02
7.877088502474070830e-02 7.994309976995427058e-02
7.911558385083967970e-02 7.989017261376196721e-02
7.932926568244583199e-02 7.944448189318363551e-02
7.936325943378652603e-02 8.125544180871119293e-02
8.093676696736358533e-02 8.095346759115257251e-02
8.119553754892044894e-02 8.124828945058391871e-02
8.131976150948416748e-02 8.161460167539899557e-02
8.135737698811146279e-02 8.150517894167123856e-02
8.200683742010407562e-02 8.472675578043113720e-02
8.259419959805988642e-02 8.330975551465466533e-02
8.267328597148579372e-02 8.320868745556891932e-02
8.304143390791603185e-02 8.309030396957983733e-02
8.305665577032300684e-02 8.311300861539744345e-02
8.380830577435850748e-02 8.571765883829537969e-02
8.390320925352899584e-02 8.391589527462779696e-02
8.438457420257894359e-02 8.465375676653427717e-02
8.545844448481702826e-02 8.563563103859857251e-02
8.567407304291776993e-02 8.602236230559599794e-02
8.596257856906022732e-02 8.975133212822482276e-02
8.641336550054729004e-02 8.642622747281494822e-02
8.655456815062519127e-02 8.655504493008682465e-02
8.737120248873589401e-02 8.741026995239800645e-02
8.778749431097042366e-02 8.779401483920798444e-02
8.780492538837032790e-02 8.862507350103741854e-02
8.892453049291247635e-02 9.103750502009637369e-02
8.944210182931354447e-02 8.959103878290812506e-02
9.014011707453060962e-02 9.015125673213184032e-02
9.059726487475601442e-02 9.094342857049769746e-02
9.113412540358631353e-02 9.165093686092756764e-02
9.119044574573523243e-02 9.200549449784248268e-02
9.127902532240315947e-02 9.153165428483304999e-02
9.135522379465285669e-02 9.137237661105304665e-02
9.152948530568631724e-02 9.184548149688512297e-02
9.214986096649385727e-02 9.251955640934277081e-02
9.234713891504416072e-02 9.270769613990355318e-02
9.336055694566959551e-02 9.524543033404996029e-02
9.404117212416021609e-02 9.407811592781109566e-02
9.440433206540262134e-02 9.493212539759980639e-02
9.444930987162020175e-02 9.459930023259281728e-02
9.540627124374982670e-02 9.819305504181166655e-02
9.550119294607292697e-02 9.559559937187918355e-02
9.609315050244801593e-02 9.745182296886151230e-02
9.649883197962452752e-02 1.003120640259855811e-01
9.701531006102834254e-02 9.964729294081463296e-02
9.703293637186048703e-02 9.717030462855823225e-02
9.769717782282612284e-02 9.793875494186496389e-02
9.797476047317754677e-02 9.829467734523889000e-02
9.866728571308959472e-02 9.868387700282398034e-02
9.870292871323667339e-02 9.902834727443032836e-02
9.875985572762294162e-02 9.880034105580819126e-02
9.930865825790909096e-02 9.982401712199787114e-02
9.942550713110107075e-02 9.944526754374929944e-02
9.971630851219062674e-02 9.974183103435055320e-02
9.990148425249019415e-02 1.006063952262631345e-01
1.000824048455598997e-01 1.029933959590783599e-01
1.002630576191748391e-01 1.006391668183121563e-01
1.010208842630023751e-01 1.023942117384936817e-01
1.011604407037707126e-01 1.011616352646884376e-01
1.013148543915838862e-01 1.018781309378410105e-01
1.013787125716569121e-01 1.016219490883627230e-01
1.015709362677932187e-01 1.030435567700500599e-01
1.024635291272170817e-01 1.026896464366604117e-01
1.028158923520378770e-01 1.029089007978585407e-01
1.035126362054303029e-01 1.035902544675017800e-01
1.039213651755057782e-01 1.046693006663703823e-01
1.040804717855219469e-01 1.065756459869332123e-01
1.042152634980218623e-01 1.043839267032568435e-01
1.043826913159340009e-01 1.047613834987905085e-01
1.045179425653067068e-01 1.046184463470178766e-01
1.047693466154303588e-01 1.053741027776328026e-01
1.050728511646161212e-01 1.051843193576647989e-01
1.053158327983580167e-01 1.054779341810778703e-01
1.054034310420004922e-01 1.054299640279596911e-01
1.058469241189688159e-01 1.080833121263330698e-01
1.061086438591968550e-01 1.062119114954828830e-01
1.061785365405947396e-01 1.081534376216438248e-01
1.068545497352680479e-01 1.085451791787740705e-01
1.069269565692202995e-01 1.097123600275101835e-01
1.072588084698815059e-01 1.101752782752955656e-01
1.072719251614431962e-01 1.073192181886646751e-01
1.076503178505912456e-01 1.109422418358745055e-01
1.079541216132734877e-01 1.079574728623679397e-01
1.086613991960472397e-01 1.087329552815904515e-01
1.093936292891613399e-01 1.101525559918935943e-01
1.096864081678473740e-01 1.098593218142575462e-01
1.103002488293033795e-01 1.104834936065002132e-01
1.111975840378570252e-01 1.141524219169713084e-01
1.112718167617332415e-01 1.112916709096063300e-01
1.113716642339049046e-01 1.134465630089332433e-01
1.114107615034338056e-01 1.130612948615706131e-01
1.114241984356401233e-01 1.114478547958514532e-01
1.116633774253776024e-01 1.116656806509768451e-01
1.118901275569205989e-01 1.152011900167081437e-01
1.119630118977482519e-01 1.151487313784445299e-01
1.123334209841680975e-01 1.125234514654224749e-01
1.124833737153452112e-01 1.178995350060343394e-01
1.126028145205934944e-01 1.129555287247502732e-01
1.127583403782834170e-01 1.130212422636970721e-01
1.131949764141702841e-01 1.149007574574283375e-01
1.135960560809983616e-01 1.149840380732131268e-01
1.136273975983692619e-01 1.143198437578381577e-01
1.140722493928930520e-01 1.174864897060920177e-01
1.142072018900258251e-01 1.145561122470880183e-01
1.142211382120560115e-01 1.147346514297352266e-01
1.145658310118244788e-01 1.147581283620737191e-01
1.145844601034233939e-01 1.147520556871266528e-01
1.149902936063708775e-01 1.163038629801765589e-01
1.151043255680192917e-01 1.155152012492272062e-01
1.152078164692195844e-01 1.152335061810734751e-01
1.155545386261730006e-01 1.166983221161985856e-01
1.156910009255439770e-01 1.156929212079012420e-01
1.157628480438633173e-01 1.168336519665870710e-01
1.166541077575105889e-01 1.167898534235351365e-01
1.166787848281695128e-01 1.192904810800845955e-01
1.167142399912327599e-01 1.184719942879824961e-01
1.172868128667508975e-01 1.233703800678548068e-01
1.174588278472088326e-01 1.187895510116331321e-01
1.177423685153607957e-01 1.197130145793311312e-01
1.178942980798864670e-01 1.197909934212447458e-01
1.179874029939568941e-01 1.182730721992115569e-01
1.183006025936515077e-01 1.188955265013563883e-01
1.183019121101193671e-01 1.186107832321884603e-01
1.183869843341716632e-01 1.188881329210246807e-01
1.183906474320641500e-01 1.183979283843513142e-01
1.184787063857190709e-01 1.187243210785709213e-01
1.187383620528862510e-01 1.224459186257470106e-01
1.190554486847567039e-01 1.193479685302705900e-01
1.193747719427536991e-01 1.196821266615023388e-01
1.194973272236717621e-01 1.198270512250610015e-01
1.196173027986356108e-01 1.196920936955425813e-01
1.198134695011917605e-01 1.198156459825599346e-01
1.198927014120446805e-01 1.202490943706993054e-01
1.199234660550973219e-01 1.199259894541580412e-01
1.202171379895130426e-01 1.202206590810050851e-01
1.202319154561549419e-01 1.206255732667370489e-01
1.204569804646688086e-01 1.205972471416536240e-01
1.215425268979768575e-01 1.231712272531653440e-01
1.217847383535351907e-01 1.226911220468945574e-01
1.218750283265380846e-01 1.221300229686921035e-01
1.220022410754009606e-01 1.220977867726757565e-01
1.220082682802039048e-01 1.221956601849430585e-01
1.222336157844914478e-01 1.222361448632240388e-01
1.227613634623910405e-01 1.237470718070163705e-01
1.229392023143409812e-01 1.229422885660785281e-01
1.234115292030157907e-01 1.321046072561674611e-01
1.234520095523747307e-01 1.234521154435743034e-01
1.241282094305215800e-01 1.241951438166398192e-01
1.243133176594855144e-01 1.245171769274053403e-01
1.256051711796946357e-01 1.272144705928959507e-01
1.258494836474896295e-01 1.258501438191505506e-01
1.262640769953059239e-01 1.263733416433389101e-01
1.267897939274429953e-01 1.273034230651540477e-01
1.268259904384723968e-01 1.274199967255289778e-01
1.269738670881729314e-01 1.269741510689774144e-01
1.271049468843790387e-01 1.356732601673651673e-01
1.271426787744169284e-01 1.303210922883881739e-01
1.271652683315467325e-01 1.274192076753177805e-01
1.271671786837285378e-01 1.271672094190841318e-01
1.271739919987877609e-01 1.272194867440121779e-01
1.271780196144340624e-01 1.275931704222228458e-01
1.272850794070264080e-01 1.296225137103995673e-01
1.277661473040164197e-01 1.349139702045081268e-01
1.279075598148695925e-01 1.292037034656606242e-01
1.280392579881458326e-01 1.282011150685778422e-01
1.281245788700604293e-01 1.281644277569216062e-01
1.287788286891955458e-01 1.313843422017917373e-01
1.293232074690925104e-01 1.353528566977846848e-01
1.300111828533648262e-01 1.326113076140554292e-01
1.308218125229754225e-01 1.403435397679893559e-01
1.311258070339620385e-01 1.338377320223715361e-01
1.312091710581738402e-01 1.317052093950722702e-01
1.312734495867456108e-01 1.322263958751080659e-01
1.313649632724651628e-01 1.316092910170332531e-01
1.314458366042591253e-01 1.319128192877352668e-01
1.316897396288838062e-01 1.320153830338415546e-01
1.317087498035536264e-01 1.320028023427353148e-01
1.322681186755277349e-01 1.325794904081736558e-01
1.330156786242255584e-01 1.333930062983472720e-01
1.332417305003679442e-01 1.333278698786059535e-01
1.333668821446335473e-01 1.349208687927371531e-01
1.335542577870346970e-01 1.336813399711736239e-01
1.339871353162183365e-01 1.374112149287387008e-01
1.340094398521620989e-01 1.345930679880595615e-01
1.340975694227081738e-01 1.342323993288977169e-01
1.342392435045570709e-01 1.344380999266190091e-01
1.344868089380050480e-01 1.348989761176710434e-01
1.347608988137904695e-01 1.356994893981459116e-01
1.348054802623399884e-01 1.348616133308404019e-01
1.348162634417464367e-01 1.352219838055400136e-01
1.352964848839807999e-01 1.353634640182383997e-01
1.356376278677110248e-01 1.356499568394365640e-01
1.358235911517728101e-01 1.358309716322458338e-01
1.359875667537299715e-01 1.359908505305215676e-01
1.370006092411626686e-01 1.371196744145005697e-01
1.376378842733896324e-01 1.383564527482419315e-01
1.403024137039152464e-01 1.403603563160234768e-01
1.405742916234356543e-01 1.462845033626076763e-01
1.415709786946655613e-01 1.437236262524140828e-01
1.417030193481648992e-01 1.418339164115870465e-01
1.419396017898344187e-01 1.419407528213455227e-01
1.420648949582526688e-01 1.420770643221092311e-01
1.423712630544407276e-01 1.447423348692995493e-01
1.426116469340101001e-01 1.426178018510450285e-01
1.426829361418418540e-01 1.434403845191832283e-01
1.431698280424747449e-01 1.431784590351598274e-01
1.441407526977989406e-01 1.484993046266708805e-01
1.442514379789834322e-01 1.448086535803600472e-01
1.446896908393274228e-01 1.450599937372187009e-01
1.463790087720464594e-01 1.464871037865668746e-01
1.468209687413268849e-01 1.479413570852400051e-01
1.468757780254277001e-01 1.470197970738369997e-01
1.470652979861130916e-01 1.471871296849260047e-01
1.477410149473432077e-01 1.481007857233154756e-01
1.487565542379977457e-01 1.489600542981444342e-01
1.501302651595361193e-01 1.506135802265880508e-01
1.507557316887441212e-01 1.515565430010132053e-01
1.512514216469032224e-01 1.512581855559902155e-01
1.533546469062925521e-01 1.533764856653420938e-01
1.542769939997085671e-01 1.566793514451942093e-01
1.553156351302541205e-01 1.554677984839433758e-01
1.559265706784983274e-01 1.565281416849622076e-01
1.576255383413817379e-01 1.618825857981396055e-01
1.586429968845808613e-01 1.588410736358548681e-01
1.595999979126728752e-01 1.603927975870691747e-01
1.597990978906833615e-01 1.598094141138022839e-01
1.611019405871163823e-01 1.612018807763555550e-01
1.631048351311799316e-01 1.633414675879358569e-01
1.643135423343008161e-01 1.656673711268889237e-01
1.653256386936942102e-01 1.653265300148493155e-01
1.655822846225933342e-01 1.655982912722142875e-01
1.664119876716094182e-01 1.667541529031952574e-01
1.671778386445392228e-01 1.671813227727012574e-01
1.694540109924874971e-01 1.699479159215699919e-01
1.722738326849538870e-01 1.726779331855408939e-01
1.752660377607716258e-01 1.754563315069360696e-01
1.776401262742006437e-01 1.776482846264786086e-01
1.778078311173916792e-01 1.778950807028100989e-01
1.784534161763497162e-01 1.784802646818148819e-01
1.789277688931853183e-01 1.803965459792499781e-01
1.816752786346826631e-01 1.817182272431184797e-01
1.864469800417461742e-01 1.864800680362596608e-01
1.872148520709051578e-01 1.872196466140535753e-01
1.888812668432292008e-01 1.903972742970476972e-01
1.891055651874784804e-01 1.893788254384289604e-01
1.916950602317682995e-01 1.916950740367624473e-01
1.963785663558328398e-01 1.971348313179318856e-01
1.964014466438837037e-01 1.969556133849303670e-01
1.991080027628071014e-01 1.991339268836547216e-01
2.023515409599057902e-01 2.029723870448432721e-01
2.040896932910567507e-01 2.041016338930782548e-01
2.058163686879513621e-01 2.095056597746421667e-01
2.059023755091233809e-01 2.068577608390513856e-01
2.071927860027129586e-01 2.072683394399401080e-01
2.078487480554591371e-01 2.078750656443938694e-01
2.085201180188295533e-01 2.091636001766159769e-01
2.088429482243827628e-01 2.092544399911300812e-01
2.092095072910488684e-01 2.125080129873369861e-01
2.096119548291910384e-01 2.096212799903342527e-01
2.105663065976887960e-01 2.111515310930101585e-01
2.132195385221215822e-01 2.809904392744421719e-01
2.136056448061637303e-01 2.143315517755144950e-01
2.173193681852131076e-01 2.173673362084553584e-01
2.223968006626647342e-01 2.225835152829700736e-01
2.235427723841627856e-01 2.532058167794409287e-01
2.243816526111985232e-01 2.691636030465392460e-01
2.292806591897169066e-01 2.339546447757389347e-01
2.295517444828302778e-01 2.659797386705352595e-01
2.323450888843665019e-01 2.420845537538432457e-01
2.329063940069507066e-01 2.624876129706238959e-01
2.335296293406340096e-01 2.352599301453811298e-01
2.350182235356791383e-01 2.379814211542394808e-01
2.360654228048774950e-01 2.361282624018288534e-01
2.370223987020775025e-01 2.370359700627056032e-01
2.378591562389150704e-01 2.398914484919227319e-01
2.408148647194830738e-01 2.408363915450669190e-01
2.411285985377558394e-01 2.650845533796574172e-01
2.419296605945372991e-01 2.622903674496839810e-01
2.419805409597512447e-01 2.436404018220542644e-01
2.425337668554881920e-01 2.434256130214953739e-01
2.428214547781540056e-01 2.579430574875430926e-01
2.429289435268430775e-01 2.438071031361677410e-01
2.432392156470067623e-01 2.448605450888794166e-01
2.433068005064447092e-01 2.433115479634977707e-01
2.436992921745692597e-01 2.447032810038457518e-01
2.439163454465408110e-01 2.439749986345739752e-01
2.444797129282477721e-01 2.450341484526117053e-01
2.445656737134348224e-01 2.484574451297796582e-01
2.446832451829355770e-01 2.504984370646086145e-01
2.448281479734426835e-01 2.455047945534833131e-01
2.448861746342031742e-01 2.449510696460976966e-01
2.449130810632779709e-01 2.450943311851701001e-01
2.450963056199770007e-01 2.471612292995209459e-01
2.460012266876143161e-01 2.553676515539138880e-01
2.464984634289561216e-01 2.469115038495773573e-01
2.472674523887307407e-01 2.482655276758680141e-01
2.477250725980610913e-01 2.477569481067794510e-01
2.481008755269006882e-01 2.488552707290290211e-01
2.490414890472730791e-01 2.500932802696237967e-01
2.493937277360291915e-01 2.545548427814758319e-01
2.498408358345899916e-01 2.498723219404575535e-01
2.511505283502692421e-01 2.532793607640383970e-01
2.518329428812461912e-01 2.518634003948292954e-01
2.522861921384021433e-01 2.523802581204921403e-01
2.526766663904645438e-01 2.526773416798395178e-01
2.534735036281756670e-01 2.581529409375225015e-01
2.538176361528018399e-01 2.703046600527949095e-01
2.541174157516840615e-01 2.541176366651673457e-01
2.552157739691096605e-01 2.587940445123345090e-01
2.576606971204148389e-01 2.580831233879091746e-01
2.587179334618304183e-01 2.587828671866354568e-01
2.599055271423107438e-01 2.599402569001708074e-01
2.622937033387081063e-01 2.626401354142788303e-01
2.639606110561120156e-01 2.641941926571144128e-01
2.677640118481132148e-01 2.688202898813998321e-01
2.679502879584925723e-01 2.681135746054001956e-01
2.688479342749338086e-01 2.693056952811990201e-01
2.759843374796006055e-01 2.782874595717383381e-01
