8.238687366247177124e-02 1.696760416030883789e+00
4.459912702441215515e-02 4.976556450128555298e-02
4.339087381958961487e-02 5.098049715161323547e-02
4.322311282157897949e-02 4.444823414087295532e-02
4.015118628740310669e-02 4.149835556745529175e-02
4.008335620164871216e-02 5.060820281505584717e-02
3.908966854214668274e-02 4.573027789592742920e-02
3.732108697295188904e-02 3.900864347815513611e-02
3.187203407287597656e-02 3.661895543336868286e-02
3.112762793898582458e-02 3.203563019633293152e-02
3.106790408492088318e-02 3.204879537224769592e-02
3.035490214824676514e-02 3.679542243480682373e-02
2.859998494386672974e-02 2.868157625198364258e-02
2.835504338145256042e-02 3.425969183444976807e-02
2.833930030465126038e-02 3.591471537947654724e-02
2.829461731016635895e-02 3.489552810788154602e-02
2.703795582056045532e-02 3.276218473911285400e-02
2.684918418526649475e-02 3.134167194366455078e-02
2.671399340033531189e-02 2.987057901918888092e-02
2.656937576830387115e-02 2.767415903508663177e-02
2.653956599533557892e-02 2.813535742461681366e-02
2.464063093066215515e-02 2.651596255600452423e-02
2.447342872619628906e-02 2.531433850526809692e-02
2.447191067039966583e-02 3.581408038735389709e-02
2.275673672556877136e-02 2.543787844479084015e-02
2.124384976923465729e-02 2.661117725074291229e-02
1.953143440186977386e-02 1.990552619099617004e-02
1.814393512904644012e-02 2.534611150622367859e-02
1.509056240320205688e-02 1.766581647098064423e-02
