0.000000000000000000e+00 1.384816598147153854e-03
0.000000000000000000e+00 6.374209187924861908e-03
0.000000000000000000e+00 8.273287676274776459e-03
0.000000000000000000e+00 1.037301495671272278e-02
0.000000000000000000e+00 1.042420137673616409e-02
0.000000000000000000e+00 1.084290537983179092e-02
0.000000000000000000e+00 1.086638681590557098e-02
0.000000000000000000e+00 1.414039917290210724e-02
0.000000000000000000e+00 1.489217113703489304e-02
0.000000000000000000e+00 1.498153153806924820e-02
0.000000000000000000e+00 1.515697035938501358e-02
0.000000000000000000e+00 1.634635403752326965e-02
0.000000000000000000e+00 1.680299267172813416e-02
0.000000000000000000e+00 1.779914088547229767e-02
0.000000000000000000e+00 1.800881884992122650e-02
0.000000000000000000e+00 1.814043894410133362e-02
0.000000000000000000e+00 1.854551956057548523e-02
0.000000000000000000e+00 1.892911829054355621e-02
0.000000000000000000e+00 1.937710866332054138e-02
0.000000000000000000e+00 1.988124474883079529e-02
0.000000000000000000e+00 2.068149298429489136e-02
0.000000000000000000e+00 2.072132378816604614e-02
0.000000000000000000e+00 2.077523246407508850e-02
0.000000000000000000e+00 2.091137133538722992e-02
0.000000000000000000e+00 2.099913544952869415e-02
0.000000000000000000e+00 2.120090276002883911e-02
0.000000000000000000e+00 2.162488922476768494e-02
0.000000000000000000e+00 2.183565683662891388e-02
0.000000000000000000e+00 2.210071869194507599e-02
0.000000000000000000e+00 2.265811711549758911e-02
0.000000000000000000e+00 2.286140061914920807e-02
0.000000000000000000e+00 2.311055548489093781e-02
0.000000000000000000e+00 2.333518303930759430e-02
0.000000000000000000e+00 2.338436432182788849e-02
0.000000000000000000e+00 2.458047680556774139e-02
0.000000000000000000e+00 2.587229199707508087e-02
0.000000000000000000e+00 2.903439849615097046e-02
0.000000000000000000e+00 2.918784506618976593e-02
0.000000000000000000e+00 2.949680946767330170e-02
0.000000000000000000e+00 2.984318695962429047e-02
0.000000000000000000e+00 3.293965756893157959e-02
0.000000000000000000e+00 3.796734660863876343e-02
0.000000000000000000e+00 3.879315033555030823e-02
0.000000000000000000e+00 3.897839039564132690e-02
0.000000000000000000e+00 3.918914496898651123e-02
0.000000000000000000e+00 4.151257872581481934e-02
0.000000000000000000e+00 4.282451048493385315e-02
0.000000000000000000e+00 4.673472791910171509e-02
0.000000000000000000e+00 4.682652652263641357e-02
0.000000000000000000e+00 4.714184626936912537e-02
0.000000000000000000e+00 4.795468971133232117e-02
0.000000000000000000e+00 4.908594489097595215e-02
0.000000000000000000e+00 4.985649511218070984e-02
0.000000000000000000e+00 4.985662922263145447e-02
0.000000000000000000e+00 5.029420182108879089e-02
0.000000000000000000e+00 5.172890052199363708e-02
0.000000000000000000e+00 5.349378660321235657e-02
0.000000000000000000e+00 5.376277118921279907e-02
0.000000000000000000e+00 5.465767905116081238e-02
0.000000000000000000e+00 5.917656794190406799e-02
0.000000000000000000e+00 6.216372549533843994e-02
0.000000000000000000e+00 6.361202895641326904e-02
0.000000000000000000e+00 6.374058872461318970e-02
0.000000000000000000e+00 6.832101196050643921e-02
0.000000000000000000e+00 7.017035782337188721e-02
0.000000000000000000e+00 7.217874377965927124e-02
0.000000000000000000e+00 7.235883176326751709e-02
0.000000000000000000e+00 7.369023561477661133e-02
0.000000000000000000e+00 7.387674599885940552e-02
0.000000000000000000e+00 7.426056265830993652e-02
0.000000000000000000e+00 7.657974958419799805e-02
0.000000000000000000e+00 7.804606854915618896e-02
0.000000000000000000e+00 8.012185245752334595e-02
0.000000000000000000e+00 8.130637556314468384e-02
0.000000000000000000e+00 8.194233477115631104e-02
0.000000000000000000e+00 8.938439935445785522e-02
0.000000000000000000e+00 8.957224339246749878e-02
0.000000000000000000e+00 9.175173193216323853e-02
0.000000000000000000e+00 9.461927413940429688e-02
0.000000000000000000e+00 9.766125679016113281e-02
0.000000000000000000e+00 1.021639704704284668e-01
0.000000000000000000e+00 1.070970296859741211e-01
0.000000000000000000e+00 1.074317395687103271e-01
0.000000000000000000e+00 1.119073256850242615e-01
0.000000000000000000e+00 1.253710538148880005e-01
0.000000000000000000e+00 1.327500194311141968e-01
0.000000000000000000e+00 1.342247128486633301e-01
0.000000000000000000e+00 1.342497169971466064e-01
0.000000000000000000e+00 1.435379087924957275e-01
0.000000000000000000e+00 1.486831754446029663e-01
0.000000000000000000e+00 1.507676690816879272e-01
0.000000000000000000e+00 1.742490082979202271e-01
0.000000000000000000e+00 1.790052652359008789e-01
0.000000000000000000e+00 1.797539442777633667e-01
0.000000000000000000e+00 1.813182532787322998e-01
0.000000000000000000e+00 1.883507817983627319e-01
0.000000000000000000e+00 1.886706650257110596e-01
0.000000000000000000e+00 2.202354967594146729e-01
0.000000000000000000e+00 2.590523064136505127e-01
