6.165399029850959778e-02 6.502436846494674683e-02
5.628586933016777039e-02 5.646530911326408386e-02
5.009892582893371582e-02 5.596073716878890991e-02
5.008505284786224365e-02 8.031566739082336426e-01
4.449522867798805237e-02 4.530160501599311829e-02
4.306356608867645264e-02 4.599887877702713013e-02
4.281982779502868652e-02 6.091647222638130188e-02
4.010932147502899170e-02 5.618892610073089600e-02
3.990346193313598633e-02 4.741365462541580200e-02
3.931619599461555481e-02 3.948329016566276550e-02
3.639542311429977417e-02 3.667181730270385742e-02
3.602751344442367554e-02 4.122823849320411682e-02
3.498042002320289612e-02 4.180989786982536316e-02
3.494788706302642822e-02 4.102032259106636047e-02
3.479750081896781921e-02 4.601870477199554443e-02
3.325377777218818665e-02 3.589864075183868408e-02
3.225778415799140930e-02 3.412586823105812073e-02
3.218192607164382935e-02 3.376825153827667236e-02
3.199923038482666016e-02 3.316667675971984863e-02
3.181054815649986267e-02 3.428373858332633972e-02
3.136397898197174072e-02 3.557943552732467651e-02
3.129440918564796448e-02 3.443204984068870544e-02
3.126277774572372437e-02 3.352435678243637085e-02
3.109843842685222626e-02 3.178722411394119263e-02
3.093560226261615753e-02 3.200881183147430420e-02
3.057214431464672089e-02 3.562248498201370239e-02
3.046809323132038116e-02 3.373267129063606262e-02
3.044905327260494232e-02 3.201103955507278442e-02
2.952307090163230896e-02 3.088564425706863403e-02
2.927885018289089203e-02 3.105999901890754700e-02
2.898927591741085052e-02 3.328706324100494385e-02
2.870273031294345856e-02 3.171256557106971741e-02
2.797694131731987000e-02 2.874536812305450439e-02
2.727455273270606995e-02 3.291142731904983521e-02
2.674165554344654083e-02 4.492719471454620361e-02
2.600230649113655090e-02 2.674593217670917511e-02
2.422998286783695221e-02 2.457883767783641815e-02
2.384769357740879059e-02 2.543945237994194031e-02
2.370674535632133484e-02 3.726124763488769531e-02
2.346187643706798553e-02 2.401626482605934143e-02
2.325563132762908936e-02 2.676014974713325500e-02
2.278763800859451294e-02 2.445553988218307495e-02
2.270575799047946930e-02 2.510450780391693115e-02
2.244177833199501038e-02 2.325727976858615875e-02
2.221597731113433838e-02 2.307778969407081604e-02
2.138206362724304199e-02 4.077005013823509216e-02
2.132148668169975281e-02 2.192321792244911194e-02
2.124566398561000824e-02 2.320786938071250916e-02
2.045637741684913635e-02 2.423693984746932983e-02
2.000550739467144012e-02 2.502448111772537231e-02
1.951575651764869690e-02 1.982166990637779236e-02
1.892424561083316803e-02 2.068146690726280212e-02
1.707906275987625122e-02 1.787978596985340118e-02
1.636138558387756348e-02 1.703555136919021606e-02
1.610772311687469482e-02 1.648528687655925751e-02
1.609649509191513062e-02 2.008435502648353577e-02
1.576356031000614166e-02 1.600525528192520142e-02
1.574201323091983795e-02 1.736322790384292603e-02
1.492819655686616898e-02 1.506484113633632660e-02
1.463418360799551010e-02 1.468568760901689529e-02
1.066405791789293289e-02 1.190060004591941833e-02
9.069846943020820618e-03 9.913269430398941040e-03
