0.000000000000000000e+00 4.042369546368718147e-04
0.000000000000000000e+00 1.119136693887412548e-03
0.000000000000000000e+00 1.399491331540048122e-03
0.000000000000000000e+00 1.445953501388430595e-03
0.000000000000000000e+00 1.612763269804418087e-03
0.000000000000000000e+00 2.015945035964250565e-03
0.000000000000000000e+00 2.409704262390732765e-03
0.000000000000000000e+00 2.471204381436109543e-03
0.000000000000000000e+00 2.627902664244174957e-03
0.000000000000000000e+00 2.653360133990645409e-03
0.000000000000000000e+00 2.788846613839268684e-03
0.000000000000000000e+00 2.845261013135313988e-03
0.000000000000000000e+00 3.042895346879959106e-03
0.000000000000000000e+00 3.178954357281327248e-03
0.000000000000000000e+00 3.248306224122643471e-03
0.000000000000000000e+00 3.279331605881452560e-03
0.000000000000000000e+00 3.368018195033073425e-03
0.000000000000000000e+00 3.370545338839292526e-03
0.000000000000000000e+00 3.485381836071610451e-03
0.000000000000000000e+00 3.548066597431898117e-03
0.000000000000000000e+00 3.560308599844574928e-03
0.000000000000000000e+00 3.607271239161491394e-03
0.000000000000000000e+00 3.654727479442954063e-03
0.000000000000000000e+00 3.747528884559869766e-03
0.000000000000000000e+00 3.846802283078432083e-03
0.000000000000000000e+00 4.029578529298305511e-03
0.000000000000000000e+00 4.136865027248859406e-03
0.000000000000000000e+00 4.264533519744873047e-03
0.000000000000000000e+00 4.271747078746557236e-03
0.000000000000000000e+00 4.302977118641138077e-03
0.000000000000000000e+00 4.508035257458686829e-03
0.000000000000000000e+00 4.533803556114435196e-03
0.000000000000000000e+00 4.553865175694227219e-03
0.000000000000000000e+00 4.668707493692636490e-03
0.000000000000000000e+00 4.688699729740619659e-03
0.000000000000000000e+00 4.691530019044876099e-03
0.000000000000000000e+00 4.745671525597572327e-03
0.000000000000000000e+00 4.770664032548666000e-03
0.000000000000000000e+00 4.877589643001556396e-03
0.000000000000000000e+00 4.938987083733081818e-03
0.000000000000000000e+00 4.943909589201211929e-03
0.000000000000000000e+00 4.958723206073045731e-03
0.000000000000000000e+00 5.118524655699729919e-03
0.000000000000000000e+00 5.435542669147253036e-03
0.000000000000000000e+00 5.490920506417751312e-03
0.000000000000000000e+00 5.525623913854360580e-03
0.000000000000000000e+00 5.538965109735727310e-03
0.000000000000000000e+00 5.562606267631053925e-03
0.000000000000000000e+00 5.601954180747270584e-03
0.000000000000000000e+00 5.648082122206687927e-03
0.000000000000000000e+00 5.755529738962650299e-03
0.000000000000000000e+00 5.757002625614404678e-03
0.000000000000000000e+00 5.808775778859853745e-03
0.000000000000000000e+00 5.933532025665044785e-03
0.000000000000000000e+00 6.000380963087081909e-03
0.000000000000000000e+00 6.018859334290027618e-03
0.000000000000000000e+00 6.131237372756004333e-03
0.000000000000000000e+00 6.202417425811290741e-03
0.000000000000000000e+00 6.202477961778640747e-03
0.000000000000000000e+00 6.222275085747241974e-03
0.000000000000000000e+00 6.239701062440872192e-03
0.000000000000000000e+00 6.247896701097488403e-03
0.000000000000000000e+00 6.281643174588680267e-03
0.000000000000000000e+00 6.293101701885461807e-03
0.000000000000000000e+00 6.321999244391918182e-03
0.000000000000000000e+00 6.450667977333068848e-03
0.000000000000000000e+00 6.524556316435337067e-03
0.000000000000000000e+00 6.560589652508497238e-03
0.000000000000000000e+00 6.616026628762483597e-03
0.000000000000000000e+00 6.621168926358222961e-03
0.000000000000000000e+00 6.643385160714387894e-03
0.000000000000000000e+00 6.677794735878705978e-03
0.000000000000000000e+00 6.685859058052301407e-03
0.000000000000000000e+00 6.686582695692777634e-03
0.000000000000000000e+00 6.695126183331012726e-03
0.000000000000000000e+00 6.778943818062543869e-03
0.000000000000000000e+00 6.783488206565380096e-03
0.000000000000000000e+00 6.861658766865730286e-03
0.000000000000000000e+00 6.915631704032421112e-03
0.000000000000000000e+00 6.919646635651588440e-03
0.000000000000000000e+00 6.936117075383663177e-03
0.000000000000000000e+00 6.958583835512399673e-03
0.000000000000000000e+00 7.168518844991922379e-03
0.000000000000000000e+00 7.177792023867368698e-03
0.000000000000000000e+00 7.184858433902263641e-03
0.000000000000000000e+00 7.191219832748174667e-03
0.000000000000000000e+00 7.225677836686372757e-03
0.000000000000000000e+00 7.334322668612003326e-03
0.000000000000000000e+00 7.355862297117710114e-03
0.000000000000000000e+00 7.371393032371997833e-03
0.000000000000000000e+00 7.470281794667243958e-03
0.000000000000000000e+00 7.490817457437515259e-03
0.000000000000000000e+00 7.562961895018815994e-03
0.000000000000000000e+00 7.594876922667026520e-03
0.000000000000000000e+00 7.608141284435987473e-03
0.000000000000000000e+00 7.619604468345642090e-03
0.000000000000000000e+00 7.710487116128206253e-03
0.000000000000000000e+00 7.741022855043411255e-03
0.000000000000000000e+00 7.755386177450418472e-03
0.000000000000000000e+00 7.769264746457338333e-03
0.000000000000000000e+00 7.787814363837242126e-03
0.000000000000000000e+00 7.841341197490692139e-03
0.000000000000000000e+00 7.856411859393119812e-03
0.000000000000000000e+00 7.885552942752838135e-03
0.000000000000000000e+00 7.968592457473278046e-03
0.000000000000000000e+00 7.982596755027770996e-03
0.000000000000000000e+00 8.073059841990470886e-03
0.000000000000000000e+00 8.114814758300781250e-03
0.000000000000000000e+00 8.164312690496444702e-03
0.000000000000000000e+00 8.166250772774219513e-03
0.000000000000000000e+00 8.208763785660266876e-03
0.000000000000000000e+00 8.279891684651374817e-03
0.000000000000000000e+00 8.394005708396434784e-03
0.000000000000000000e+00 8.436814881861209869e-03
0.000000000000000000e+00 8.479892276227474213e-03
0.000000000000000000e+00 8.503495715558528900e-03
0.000000000000000000e+00 8.546129800379276276e-03
0.000000000000000000e+00 8.583966642618179321e-03
0.000000000000000000e+00 8.587852120399475098e-03
0.000000000000000000e+00 8.598720654845237732e-03
0.000000000000000000e+00 8.604466915130615234e-03
0.000000000000000000e+00 8.630983531475067139e-03
0.000000000000000000e+00 8.632972836494445801e-03
0.000000000000000000e+00 8.637106977403163910e-03
0.000000000000000000e+00 8.640983141958713531e-03
0.000000000000000000e+00 8.669800125062465668e-03
0.000000000000000000e+00 8.686992339789867401e-03
0.000000000000000000e+00 8.714732713997364044e-03
0.000000000000000000e+00 8.746198378503322601e-03
0.000000000000000000e+00 8.754801936447620392e-03
0.000000000000000000e+00 8.795301429927349091e-03
0.000000000000000000e+00 8.805909194052219391e-03
0.000000000000000000e+00 8.833136409521102905e-03
0.000000000000000000e+00 8.897924795746803284e-03
0.000000000000000000e+00 8.933353237807750702e-03
0.000000000000000000e+00 8.955038152635097504e-03
0.000000000000000000e+00 8.972748182713985443e-03
0.000000000000000000e+00 9.029290638864040375e-03
0.000000000000000000e+00 9.064528159797191620e-03
0.000000000000000000e+00 9.087572805583477020e-03
0.000000000000000000e+00 9.175551123917102814e-03
0.000000000000000000e+00 9.186265058815479279e-03
0.000000000000000000e+00 9.401766583323478699e-03
0.000000000000000000e+00 9.424129500985145569e-03
0.000000000000000000e+00 9.439095854759216309e-03
0.000000000000000000e+00 9.478870779275894165e-03
0.000000000000000000e+00 9.517690166831016541e-03
0.000000000000000000e+00 9.521795436739921570e-03
0.000000000000000000e+00 9.522669948637485504e-03
0.000000000000000000e+00 9.555836208164691925e-03
0.000000000000000000e+00 9.568131528794765472e-03
0.000000000000000000e+00 9.575991891324520111e-03
0.000000000000000000e+00 9.621998295187950134e-03
0.000000000000000000e+00 9.687294252216815948e-03
0.000000000000000000e+00 9.764093905687332153e-03
0.000000000000000000e+00 9.843948297202587128e-03
0.000000000000000000e+00 9.928240440785884857e-03
0.000000000000000000e+00 9.945815429091453552e-03
0.000000000000000000e+00 9.960826486349105835e-03
0.000000000000000000e+00 9.975462220609188080e-03
0.000000000000000000e+00 9.993496350944042206e-03
0.000000000000000000e+00 1.003411225974559784e-02
0.000000000000000000e+00 1.006106287240982056e-02
0.000000000000000000e+00 1.008149702101945877e-02
0.000000000000000000e+00 1.009072177112102509e-02
0.000000000000000000e+00 1.010447926819324493e-02
0.000000000000000000e+00 1.012097857892513275e-02
0.000000000000000000e+00 1.016570534557104111e-02
0.000000000000000000e+00 1.018652413040399551e-02
0.000000000000000000e+00 1.018956676125526428e-02
0.000000000000000000e+00 1.029030140489339828e-02
0.000000000000000000e+00 1.042468193918466568e-02
0.000000000000000000e+00 1.047426275908946991e-02
0.000000000000000000e+00 1.054347120225429535e-02
0.000000000000000000e+00 1.060460321605205536e-02
0.000000000000000000e+00 1.064471341669559479e-02
0.000000000000000000e+00 1.066070888191461563e-02
0.000000000000000000e+00 1.066129561513662338e-02
0.000000000000000000e+00 1.066303811967372894e-02
0.000000000000000000e+00 1.066944468766450882e-02
0.000000000000000000e+00 1.067494507879018784e-02
0.000000000000000000e+00 1.074605062603950500e-02
0.000000000000000000e+00 1.078387722373008728e-02
0.000000000000000000e+00 1.078660599887371063e-02
0.000000000000000000e+00 1.079463679343461990e-02
0.000000000000000000e+00 1.085654459893703461e-02
0.000000000000000000e+00 1.098239049315452576e-02
0.000000000000000000e+00 1.102767419070005417e-02
0.000000000000000000e+00 1.107068918645381927e-02
0.000000000000000000e+00 1.112164091318845749e-02
0.000000000000000000e+00 1.113135647028684616e-02
0.000000000000000000e+00 1.118312776088714600e-02
0.000000000000000000e+00 1.121554989367723465e-02
0.000000000000000000e+00 1.125326193869113922e-02
0.000000000000000000e+00 1.127085648477077484e-02
0.000000000000000000e+00 1.141347922384738922e-02
0.000000000000000000e+00 1.144808344542980194e-02
0.000000000000000000e+00 1.149373874068260193e-02
0.000000000000000000e+00 1.156331319361925125e-02
0.000000000000000000e+00 1.159819494932889938e-02
0.000000000000000000e+00 1.160251628607511520e-02
0.000000000000000000e+00 1.160656288266181946e-02
0.000000000000000000e+00 1.166692748665809631e-02
0.000000000000000000e+00 1.171135623008012772e-02
0.000000000000000000e+00 1.184207480400800705e-02
0.000000000000000000e+00 1.184987463057041168e-02
0.000000000000000000e+00 1.185020618140697479e-02
0.000000000000000000e+00 1.185317896306514740e-02
0.000000000000000000e+00 1.185501739382743835e-02
0.000000000000000000e+00 1.186290662735700607e-02
0.000000000000000000e+00 1.191078685224056244e-02
0.000000000000000000e+00 1.197491958737373352e-02
0.000000000000000000e+00 1.200668606907129288e-02
0.000000000000000000e+00 1.204346399754285812e-02
0.000000000000000000e+00 1.206775382161140442e-02
0.000000000000000000e+00 1.209581177681684494e-02
0.000000000000000000e+00 1.211696304380893707e-02
0.000000000000000000e+00 1.214266475290060043e-02
0.000000000000000000e+00 1.215605810284614563e-02
0.000000000000000000e+00 1.218530535697937012e-02
0.000000000000000000e+00 1.220641098916530609e-02
0.000000000000000000e+00 1.229134947061538696e-02
0.000000000000000000e+00 1.229558698832988739e-02
0.000000000000000000e+00 1.245354488492012024e-02
0.000000000000000000e+00 1.251265127211809158e-02
0.000000000000000000e+00 1.262402813881635666e-02
0.000000000000000000e+00 1.266388967633247375e-02
0.000000000000000000e+00 1.267657335847616196e-02
0.000000000000000000e+00 1.269747223705053329e-02
0.000000000000000000e+00 1.281098462641239166e-02
0.000000000000000000e+00 1.281239092350006104e-02
0.000000000000000000e+00 1.282947603613138199e-02
0.000000000000000000e+00 1.285736542195081711e-02
0.000000000000000000e+00 1.287820097059011459e-02
0.000000000000000000e+00 1.288556773215532303e-02
0.000000000000000000e+00 1.292855758219957352e-02
0.000000000000000000e+00 1.293751783668994904e-02
0.000000000000000000e+00 1.301834173500537872e-02
0.000000000000000000e+00 1.310444157570600510e-02
0.000000000000000000e+00 1.310817617923021317e-02
0.000000000000000000e+00 1.314709708094596863e-02
0.000000000000000000e+00 1.315269246697425842e-02
0.000000000000000000e+00 1.317459251731634140e-02
0.000000000000000000e+00 1.328410021960735321e-02
0.000000000000000000e+00 1.329065207391977310e-02
0.000000000000000000e+00 1.335740461945533752e-02
0.000000000000000000e+00 1.339329313486814499e-02
0.000000000000000000e+00 1.340971235185861588e-02
0.000000000000000000e+00 1.344264298677444458e-02
0.000000000000000000e+00 1.347558945417404175e-02
0.000000000000000000e+00 1.351039204746484756e-02
0.000000000000000000e+00 1.352444943040609360e-02
0.000000000000000000e+00 1.355322077870368958e-02
0.000000000000000000e+00 1.359993126243352890e-02
0.000000000000000000e+00 1.360539719462394714e-02
0.000000000000000000e+00 1.361902151256799698e-02
0.000000000000000000e+00 1.362673938274383545e-02
0.000000000000000000e+00 1.363750547170639038e-02
0.000000000000000000e+00 1.367233414202928543e-02
0.000000000000000000e+00 1.367732882499694824e-02
0.000000000000000000e+00 1.368883159011602402e-02
0.000000000000000000e+00 1.369073148816823959e-02
0.000000000000000000e+00 1.373603288084268570e-02
0.000000000000000000e+00 1.380113419145345688e-02
0.000000000000000000e+00 1.381043065339326859e-02
0.000000000000000000e+00 1.381234824657440186e-02
0.000000000000000000e+00 1.381864584982395172e-02
0.000000000000000000e+00 1.389135699719190598e-02
0.000000000000000000e+00 1.407702174037694931e-02
0.000000000000000000e+00 1.414665021002292633e-02
0.000000000000000000e+00 1.416732929646968842e-02
0.000000000000000000e+00 1.421240251511335373e-02
0.000000000000000000e+00 1.422397699207067490e-02
0.000000000000000000e+00 1.427762862294912338e-02
0.000000000000000000e+00 1.433204673230648041e-02
0.000000000000000000e+00 1.443279441446065903e-02
0.000000000000000000e+00 1.443602889776229858e-02
0.000000000000000000e+00 1.445347908884286880e-02
0.000000000000000000e+00 1.447650790214538574e-02
0.000000000000000000e+00 1.450692862272262573e-02
0.000000000000000000e+00 1.453326921910047531e-02
0.000000000000000000e+00 1.454370655119419098e-02
0.000000000000000000e+00 1.457743067294359207e-02
0.000000000000000000e+00 1.460897456854581833e-02
0.000000000000000000e+00 1.462219003587961197e-02
0.000000000000000000e+00 1.467491500079631805e-02
0.000000000000000000e+00 1.470172591507434845e-02
0.000000000000000000e+00 1.471648737788200378e-02
0.000000000000000000e+00 1.475150510668754578e-02
0.000000000000000000e+00 1.478443387895822525e-02
0.000000000000000000e+00 1.485696155577898026e-02
0.000000000000000000e+00 1.488212868571281433e-02
0.000000000000000000e+00 1.488272752612829208e-02
0.000000000000000000e+00 1.489071175456047058e-02
0.000000000000000000e+00 1.505172438919544220e-02
0.000000000000000000e+00 1.509557664394378662e-02
0.000000000000000000e+00 1.511948648840188980e-02
0.000000000000000000e+00 1.527083665132522583e-02
0.000000000000000000e+00 1.527900248765945435e-02
0.000000000000000000e+00 1.528243627399206161e-02
0.000000000000000000e+00 1.530576590448617935e-02
0.000000000000000000e+00 1.547539606690406799e-02
0.000000000000000000e+00 1.559720374643802643e-02
0.000000000000000000e+00 1.565909013152122498e-02
0.000000000000000000e+00 1.572365127503871918e-02
0.000000000000000000e+00 1.574364677071571350e-02
0.000000000000000000e+00 1.578174717724323273e-02
0.000000000000000000e+00 1.584145613014698029e-02
0.000000000000000000e+00 1.584920287132263184e-02
0.000000000000000000e+00 1.590955816209316254e-02
0.000000000000000000e+00 1.595948077738285065e-02
0.000000000000000000e+00 1.599197462201118469e-02
0.000000000000000000e+00 1.602886058390140533e-02
0.000000000000000000e+00 1.606441475450992584e-02
0.000000000000000000e+00 1.613794267177581787e-02
0.000000000000000000e+00 1.616223715245723724e-02
0.000000000000000000e+00 1.629623584449291229e-02
0.000000000000000000e+00 1.633329875767230988e-02
0.000000000000000000e+00 1.634563691914081573e-02
0.000000000000000000e+00 1.655508391559123993e-02
0.000000000000000000e+00 1.671570725739002228e-02
0.000000000000000000e+00 1.672939397394657135e-02
0.000000000000000000e+00 1.686059683561325073e-02
0.000000000000000000e+00 1.687192544341087341e-02
0.000000000000000000e+00 1.688764616847038269e-02
0.000000000000000000e+00 1.689741946756839752e-02
0.000000000000000000e+00 1.694294065237045288e-02
0.000000000000000000e+00 1.700812764465808868e-02
0.000000000000000000e+00 1.702858135104179382e-02
0.000000000000000000e+00 1.717879809439182281e-02
0.000000000000000000e+00 1.718914136290550232e-02
0.000000000000000000e+00 1.720523461699485779e-02
0.000000000000000000e+00 1.731064729392528534e-02
0.000000000000000000e+00 1.734845153987407684e-02
0.000000000000000000e+00 1.735922321677207947e-02
0.000000000000000000e+00 1.748682372272014618e-02
0.000000000000000000e+00 1.771830953657627106e-02
0.000000000000000000e+00 1.787185855209827423e-02
0.000000000000000000e+00 1.788662932813167572e-02
0.000000000000000000e+00 1.797130517661571503e-02
0.000000000000000000e+00 1.800635643303394318e-02
0.000000000000000000e+00 1.801596954464912415e-02
0.000000000000000000e+00 1.811411790549755096e-02
0.000000000000000000e+00 1.813952438533306122e-02
0.000000000000000000e+00 1.815856434404850006e-02
0.000000000000000000e+00 1.829098723828792572e-02
0.000000000000000000e+00 1.830865442752838135e-02
0.000000000000000000e+00 1.834853179752826691e-02
0.000000000000000000e+00 1.836072281002998352e-02
0.000000000000000000e+00 1.853824779391288757e-02
0.000000000000000000e+00 1.855417713522911072e-02
0.000000000000000000e+00 1.857450976967811584e-02
0.000000000000000000e+00 1.864222437143325806e-02
0.000000000000000000e+00 1.877565681934356689e-02
0.000000000000000000e+00 1.879228651523590088e-02
0.000000000000000000e+00 1.889271289110183716e-02
0.000000000000000000e+00 1.890082284808158875e-02
0.000000000000000000e+00 1.895751617848873138e-02
0.000000000000000000e+00 1.904207468032836914e-02
0.000000000000000000e+00 1.908762007951736450e-02
0.000000000000000000e+00 1.922188885509967804e-02
0.000000000000000000e+00 1.922968775033950806e-02
0.000000000000000000e+00 1.924391649663448334e-02
0.000000000000000000e+00 1.942918263375759125e-02
0.000000000000000000e+00 1.951264403760433197e-02
0.000000000000000000e+00 1.953889988362789154e-02
0.000000000000000000e+00 1.968856900930404663e-02
0.000000000000000000e+00 1.969057507812976837e-02
0.000000000000000000e+00 1.985799521207809448e-02
0.000000000000000000e+00 1.990894041955471039e-02
0.000000000000000000e+00 1.993109285831451416e-02
0.000000000000000000e+00 1.993661932647228241e-02
0.000000000000000000e+00 2.008819952607154846e-02
0.000000000000000000e+00 2.014884911477565765e-02
0.000000000000000000e+00 2.016622200608253479e-02
0.000000000000000000e+00 2.016810700297355652e-02
0.000000000000000000e+00 2.019088901579380035e-02
0.000000000000000000e+00 2.020150236785411835e-02
0.000000000000000000e+00 2.022622153162956238e-02
0.000000000000000000e+00 2.029044739902019501e-02
0.000000000000000000e+00 2.036846615374088287e-02
0.000000000000000000e+00 2.043062448501586914e-02
0.000000000000000000e+00 2.054167166352272034e-02
0.000000000000000000e+00 2.061721123754978180e-02
0.000000000000000000e+00 2.065708674490451813e-02
0.000000000000000000e+00 2.077431231737136841e-02
0.000000000000000000e+00 2.079577185213565826e-02
0.000000000000000000e+00 2.080988883972167969e-02
0.000000000000000000e+00 2.086078748106956482e-02
0.000000000000000000e+00 2.087046392261981964e-02
0.000000000000000000e+00 2.087892964482307434e-02
0.000000000000000000e+00 2.092337235808372498e-02
0.000000000000000000e+00 2.093956805765628815e-02
0.000000000000000000e+00 2.097537741065025330e-02
0.000000000000000000e+00 2.099298872053623199e-02
0.000000000000000000e+00 2.105096727609634399e-02
0.000000000000000000e+00 2.109961584210395813e-02
0.000000000000000000e+00 2.113617025315761566e-02
0.000000000000000000e+00 2.133490890264511108e-02
0.000000000000000000e+00 2.173993922770023346e-02
0.000000000000000000e+00 2.207076549530029297e-02
0.000000000000000000e+00 2.213783748447895050e-02
0.000000000000000000e+00 2.222453802824020386e-02
0.000000000000000000e+00 2.238073199987411499e-02
0.000000000000000000e+00 2.242137305438518524e-02
0.000000000000000000e+00 2.262540534138679504e-02
0.000000000000000000e+00 2.296767011284828186e-02
0.000000000000000000e+00 2.303498610854148865e-02
0.000000000000000000e+00 2.311539091169834137e-02
0.000000000000000000e+00 2.321034669876098633e-02
0.000000000000000000e+00 2.326061762869358063e-02
0.000000000000000000e+00 2.328983135521411896e-02
0.000000000000000000e+00 2.345682308077812195e-02
0.000000000000000000e+00 2.357607707381248474e-02
0.000000000000000000e+00 2.365807630121707916e-02
0.000000000000000000e+00 2.366724610328674316e-02
0.000000000000000000e+00 2.373371459543704987e-02
0.000000000000000000e+00 2.390121482312679291e-02
0.000000000000000000e+00 2.392069995403289795e-02
0.000000000000000000e+00 2.395560778677463531e-02
0.000000000000000000e+00 2.410525828599929810e-02
0.000000000000000000e+00 2.418223395943641663e-02
0.000000000000000000e+00 2.428172528743743896e-02
0.000000000000000000e+00 2.441658638417720795e-02
0.000000000000000000e+00 2.452275902032852173e-02
0.000000000000000000e+00 2.456890791654586792e-02
0.000000000000000000e+00 2.462591417133808136e-02
0.000000000000000000e+00 2.476700209081172943e-02
0.000000000000000000e+00 2.487543970346450806e-02
0.000000000000000000e+00 2.491118572652339935e-02
0.000000000000000000e+00 2.495886757969856262e-02
0.000000000000000000e+00 2.497004345059394836e-02
0.000000000000000000e+00 2.511662617325782776e-02
0.000000000000000000e+00 2.521873451769351959e-02
0.000000000000000000e+00 2.551661059260368347e-02
0.000000000000000000e+00 2.552039176225662231e-02
0.000000000000000000e+00 2.555587142705917358e-02
0.000000000000000000e+00 2.568635530769824982e-02
0.000000000000000000e+00 2.611264213919639587e-02
0.000000000000000000e+00 2.612634189426898956e-02
0.000000000000000000e+00 2.616392634809017181e-02
0.000000000000000000e+00 2.630755119025707245e-02
0.000000000000000000e+00 2.637402713298797607e-02
0.000000000000000000e+00 2.672523073852062225e-02
0.000000000000000000e+00 2.710280939936637878e-02
0.000000000000000000e+00 2.725221216678619385e-02
0.000000000000000000e+00 2.839512005448341370e-02
0.000000000000000000e+00 2.849958091974258423e-02
0.000000000000000000e+00 2.853773348033428192e-02
0.000000000000000000e+00 2.858268655836582184e-02
0.000000000000000000e+00 2.866223827004432678e-02
0.000000000000000000e+00 2.868377789855003357e-02
0.000000000000000000e+00 2.881428226828575134e-02
0.000000000000000000e+00 2.885703369975090027e-02
0.000000000000000000e+00 2.931883186101913452e-02
0.000000000000000000e+00 2.959481254220008850e-02
0.000000000000000000e+00 2.960159257054328918e-02
0.000000000000000000e+00 2.974819764494895935e-02
0.000000000000000000e+00 3.020718134939670563e-02
0.000000000000000000e+00 3.027996048331260681e-02
0.000000000000000000e+00 3.041639178991317749e-02
0.000000000000000000e+00 3.059960529208183289e-02
0.000000000000000000e+00 3.060780838131904602e-02
0.000000000000000000e+00 3.062514215707778931e-02
0.000000000000000000e+00 3.063069656491279602e-02
0.000000000000000000e+00 3.070637769997119904e-02
0.000000000000000000e+00 3.078993037343025208e-02
0.000000000000000000e+00 3.080633655190467834e-02
0.000000000000000000e+00 3.085874393582344055e-02
0.000000000000000000e+00 3.091713786125183105e-02
0.000000000000000000e+00 3.120319731533527374e-02
0.000000000000000000e+00 3.122050501406192780e-02
0.000000000000000000e+00 3.137539699673652649e-02
0.000000000000000000e+00 3.152344003319740295e-02
0.000000000000000000e+00 3.160649165511131287e-02
0.000000000000000000e+00 3.174542263150215149e-02
0.000000000000000000e+00 3.184369206428527832e-02
0.000000000000000000e+00 3.219649195671081543e-02
0.000000000000000000e+00 3.238804638385772705e-02
0.000000000000000000e+00 3.278145194053649902e-02
0.000000000000000000e+00 3.281246498227119446e-02
0.000000000000000000e+00 3.301823139190673828e-02
0.000000000000000000e+00 3.347256407141685486e-02
0.000000000000000000e+00 3.395046666264533997e-02
0.000000000000000000e+00 3.514739871025085449e-02
0.000000000000000000e+00 3.589765727519989014e-02
0.000000000000000000e+00 3.592741861939430237e-02
0.000000000000000000e+00 3.609753027558326721e-02
0.000000000000000000e+00 3.689081221818923950e-02
0.000000000000000000e+00 3.728918358683586121e-02
0.000000000000000000e+00 3.731883317232131958e-02
0.000000000000000000e+00 3.733731433749198914e-02
0.000000000000000000e+00 3.788416087627410889e-02
0.000000000000000000e+00 3.906437009572982788e-02
0.000000000000000000e+00 3.981649875640869141e-02
0.000000000000000000e+00 4.154691472649574280e-02
0.000000000000000000e+00 4.156194254755973816e-02
0.000000000000000000e+00 4.385013133287429810e-02
0.000000000000000000e+00 4.511537775397300720e-02
