4.577479138970375061e-02 5.204725638031959534e-02
4.099352285265922546e-02 4.467758908867835999e-02
4.090461879968643188e-02 7.941648364067077637e-01
3.990829735994338989e-02 4.423047974705696106e-02
3.857227414846420288e-02 4.288139566779136658e-02
3.800686076283454895e-02 3.843082860112190247e-02
3.790562599897384644e-02 5.452765524387359619e-02
3.740992769598960876e-02 4.346141964197158813e-02
3.690513595938682556e-02 3.739092871546745300e-02
3.647549450397491455e-02 4.165814071893692017e-02
3.631197288632392883e-02 3.770539164543151855e-02
3.617947921156883240e-02 3.668710216879844666e-02
3.607307747006416321e-02 4.052580893039703369e-02
3.575044125318527222e-02 3.758786246180534363e-02
3.448396548628807068e-02 3.475785627961158752e-02
3.443147242069244385e-02 3.548676148056983948e-02
3.437737375497817993e-02 3.480977565050125122e-02
3.383092954754829407e-02 4.088954254984855652e-02
3.356087952852249146e-02 3.765891864895820618e-02
3.320135921239852905e-02 3.478377312421798706e-02
3.270667791366577148e-02 3.643415868282318115e-02
3.266450017690658569e-02 3.635748103260993958e-02
3.222438320517539978e-02 3.492134809494018555e-02
3.218579292297363281e-02 3.313030302524566650e-02
3.187534585595130920e-02 3.420681133866310120e-02
3.174633532762527466e-02 3.239264711737632751e-02
3.166806697845458984e-02 3.604670986533164978e-02
3.061647713184356689e-02 3.878651186823844910e-02
3.010716848075389862e-02 3.503262624144554138e-02
2.966166101396083832e-02 3.030405752360820770e-02
2.950084023177623749e-02 3.561416640877723694e-02
2.949664182960987091e-02 3.060869872570037842e-02
2.921572141349315643e-02 4.718356207013130188e-02
2.880329824984073639e-02 3.019976802170276642e-02
2.868817746639251709e-02 3.287292644381523132e-02
2.799586951732635498e-02 3.087781928479671478e-02
2.790392562747001648e-02 2.982758916914463043e-02
2.761309221386909485e-02 3.131458908319473267e-02
2.687572501599788666e-02 3.771610930562019348e-02
2.627025172114372253e-02 3.062312677502632141e-02
2.546546049416065216e-02 2.781864255666732788e-02
2.527404017746448517e-02 2.629833482205867767e-02
2.508718706667423248e-02 2.814084291458129883e-02
2.408364973962306976e-02 2.472683973610401154e-02
2.367145940661430359e-02 3.250083699822425842e-02
2.365699782967567444e-02 2.617673017084598541e-02
2.359513379633426666e-02 2.647386118769645691e-02
2.346471510827541351e-02 2.482313476502895355e-02
2.334880456328392029e-02 2.992071397602558136e-02
2.267945371568202972e-02 2.958140335977077484e-02
2.246102131903171539e-02 2.694997377693653107e-02
2.220008708536624908e-02 2.736973203718662262e-02
2.207845635712146759e-02 2.251419052481651306e-02
2.133712358772754669e-02 2.462884224951267242e-02
2.074267342686653137e-02 2.953196503221988678e-02
2.036900073289871216e-02 2.094096876680850983e-02
2.015401422977447510e-02 2.062759175896644592e-02
1.974364183843135834e-02 2.953458018600940704e-02
1.963444426655769348e-02 2.027156203985214233e-02
1.782400719821453094e-02 2.199716307222843170e-02
1.769058965146541595e-02 2.330879308283329010e-02
1.750143803656101227e-02 1.804552413523197174e-02
1.732626557350158691e-02 1.829817146062850952e-02
1.598957180976867676e-02 1.891410909593105316e-02
1.524426788091659546e-02 1.566643081605434418e-02
8.316278457641601562e-03 9.449847973883152008e-03
