0.000000000000000000e+00 9.397386573255062103e-03
0.000000000000000000e+00 1.135502569377422333e-02
0.000000000000000000e+00 1.246535684913396835e-02
0.000000000000000000e+00 1.469565182924270630e-02
0.000000000000000000e+00 1.524422224611043930e-02
0.000000000000000000e+00 1.582507416605949402e-02
0.000000000000000000e+00 1.634116098284721375e-02
0.000000000000000000e+00 1.680991612374782562e-02
0.000000000000000000e+00 1.825679093599319458e-02
0.000000000000000000e+00 1.831251941621303558e-02
0.000000000000000000e+00 1.867361739277839661e-02
0.000000000000000000e+00 1.883604004979133606e-02
0.000000000000000000e+00 1.961616985499858856e-02
0.000000000000000000e+00 1.961730048060417175e-02
0.000000000000000000e+00 2.024172991514205933e-02
0.000000000000000000e+00 2.031089179217815399e-02
0.000000000000000000e+00 2.049318142235279083e-02
0.000000000000000000e+00 2.059276774525642395e-02
0.000000000000000000e+00 2.114337868988513947e-02
0.000000000000000000e+00 2.164832875132560730e-02
0.000000000000000000e+00 2.204357087612152100e-02
0.000000000000000000e+00 2.274680137634277344e-02
0.000000000000000000e+00 2.309609018266201019e-02
0.000000000000000000e+00 2.315481007099151611e-02
0.000000000000000000e+00 2.327330783009529114e-02
0.000000000000000000e+00 2.334676310420036316e-02
0.000000000000000000e+00 2.344062924385070801e-02
0.000000000000000000e+00 2.442119084298610687e-02
0.000000000000000000e+00 2.507296763360500336e-02
0.000000000000000000e+00 2.512885443866252899e-02
0.000000000000000000e+00 2.533536776900291443e-02
0.000000000000000000e+00 2.546992711722850800e-02
0.000000000000000000e+00 2.547867409884929657e-02
0.000000000000000000e+00 2.557833679020404816e-02
0.000000000000000000e+00 2.560042217373847961e-02
0.000000000000000000e+00 2.585352025926113129e-02
0.000000000000000000e+00 2.621886320412158966e-02
0.000000000000000000e+00 2.722397260367870331e-02
0.000000000000000000e+00 2.744101732969284058e-02
0.000000000000000000e+00 2.745609916746616364e-02
0.000000000000000000e+00 2.747683785855770111e-02
0.000000000000000000e+00 2.764690294861793518e-02
0.000000000000000000e+00 2.770507335662841797e-02
0.000000000000000000e+00 2.774855308234691620e-02
0.000000000000000000e+00 2.787089534103870392e-02
0.000000000000000000e+00 2.804896794259548187e-02
0.000000000000000000e+00 2.838974632322788239e-02
0.000000000000000000e+00 2.866050601005554199e-02
0.000000000000000000e+00 2.877946384251117706e-02
0.000000000000000000e+00 2.887187898159027100e-02
0.000000000000000000e+00 2.889848500490188599e-02
0.000000000000000000e+00 2.930713258683681488e-02
0.000000000000000000e+00 2.977174334228038788e-02
0.000000000000000000e+00 2.984242141246795654e-02
0.000000000000000000e+00 2.992149256169795990e-02
0.000000000000000000e+00 3.018498793244361877e-02
0.000000000000000000e+00 3.025246411561965942e-02
0.000000000000000000e+00 3.032070398330688477e-02
0.000000000000000000e+00 3.046196512877941132e-02
0.000000000000000000e+00 3.077387996017932892e-02
0.000000000000000000e+00 3.087653592228889465e-02
0.000000000000000000e+00 3.133875876665115356e-02
0.000000000000000000e+00 3.142251074314117432e-02
0.000000000000000000e+00 3.157536312937736511e-02
0.000000000000000000e+00 3.165900707244873047e-02
0.000000000000000000e+00 3.168906271457672119e-02
0.000000000000000000e+00 3.171646595001220703e-02
0.000000000000000000e+00 3.199484944343566895e-02
0.000000000000000000e+00 3.212498128414154053e-02
0.000000000000000000e+00 3.217549622058868408e-02
0.000000000000000000e+00 3.223039582371711731e-02
0.000000000000000000e+00 3.253218159079551697e-02
0.000000000000000000e+00 3.253919631242752075e-02
0.000000000000000000e+00 3.278526663780212402e-02
0.000000000000000000e+00 3.293205052614212036e-02
0.000000000000000000e+00 3.301848843693733215e-02
0.000000000000000000e+00 3.313193097710609436e-02
0.000000000000000000e+00 3.314864262938499451e-02
0.000000000000000000e+00 3.325767070055007935e-02
0.000000000000000000e+00 3.327583149075508118e-02
0.000000000000000000e+00 3.373250365257263184e-02
0.000000000000000000e+00 3.376401588320732117e-02
0.000000000000000000e+00 3.386151418089866638e-02
0.000000000000000000e+00 3.395570069551467896e-02
0.000000000000000000e+00 3.401241451501846313e-02
0.000000000000000000e+00 3.419227153062820435e-02
0.000000000000000000e+00 3.419765830039978027e-02
0.000000000000000000e+00 3.431034088134765625e-02
0.000000000000000000e+00 3.441486880183219910e-02
0.000000000000000000e+00 3.441596031188964844e-02
0.000000000000000000e+00 3.448451310396194458e-02
0.000000000000000000e+00 3.449393436312675476e-02
0.000000000000000000e+00 3.450401872396469116e-02
0.000000000000000000e+00 3.475167974829673767e-02
0.000000000000000000e+00 3.495920076966285706e-02
0.000000000000000000e+00 3.534615784883499146e-02
0.000000000000000000e+00 3.538375347852706909e-02
0.000000000000000000e+00 3.544004634022712708e-02
0.000000000000000000e+00 3.557607904076576233e-02
0.000000000000000000e+00 3.567040711641311646e-02
0.000000000000000000e+00 3.584217280149459839e-02
0.000000000000000000e+00 3.589183092117309570e-02
0.000000000000000000e+00 3.614155948162078857e-02
0.000000000000000000e+00 3.616525605320930481e-02
0.000000000000000000e+00 3.647143766283988953e-02
0.000000000000000000e+00 3.672838956117630005e-02
0.000000000000000000e+00 3.675658628344535828e-02
0.000000000000000000e+00 3.694607317447662354e-02
0.000000000000000000e+00 3.696005046367645264e-02
0.000000000000000000e+00 3.699345141649246216e-02
0.000000000000000000e+00 3.707857057452201843e-02
0.000000000000000000e+00 3.716601058840751648e-02
0.000000000000000000e+00 3.749131783843040466e-02
0.000000000000000000e+00 3.749571368098258972e-02
0.000000000000000000e+00 3.761344775557518005e-02
0.000000000000000000e+00 3.775469586253166199e-02
0.000000000000000000e+00 3.778626397252082825e-02
0.000000000000000000e+00 3.804657235741615295e-02
0.000000000000000000e+00 3.816955909132957458e-02
0.000000000000000000e+00 3.818882256746292114e-02
0.000000000000000000e+00 3.828638419508934021e-02
0.000000000000000000e+00 3.830299898982048035e-02
0.000000000000000000e+00 3.830985352396965027e-02
0.000000000000000000e+00 3.862844407558441162e-02
0.000000000000000000e+00 3.878461569547653198e-02
0.000000000000000000e+00 3.879558667540550232e-02
0.000000000000000000e+00 3.885090351104736328e-02
0.000000000000000000e+00 3.893785551190376282e-02
0.000000000000000000e+00 3.925066813826560974e-02
0.000000000000000000e+00 3.961764276027679443e-02
0.000000000000000000e+00 3.987923264503479004e-02
0.000000000000000000e+00 3.988169133663177490e-02
0.000000000000000000e+00 3.997020423412322998e-02
0.000000000000000000e+00 4.000792279839515686e-02
0.000000000000000000e+00 4.041785001754760742e-02
0.000000000000000000e+00 4.044449329376220703e-02
0.000000000000000000e+00 4.050821438431739807e-02
0.000000000000000000e+00 4.080522060394287109e-02
0.000000000000000000e+00 4.115308821201324463e-02
0.000000000000000000e+00 4.128741100430488586e-02
0.000000000000000000e+00 4.169422388076782227e-02
0.000000000000000000e+00 4.185404628515243530e-02
0.000000000000000000e+00 4.215699061751365662e-02
0.000000000000000000e+00 4.217078164219856262e-02
0.000000000000000000e+00 4.232123494148254395e-02
0.000000000000000000e+00 4.232534393668174744e-02
0.000000000000000000e+00 4.237687960267066956e-02
0.000000000000000000e+00 4.257556796073913574e-02
0.000000000000000000e+00 4.272655770182609558e-02
0.000000000000000000e+00 4.274049028754234314e-02
0.000000000000000000e+00 4.295182228088378906e-02
0.000000000000000000e+00 4.298316314816474915e-02
0.000000000000000000e+00 4.313647374510765076e-02
0.000000000000000000e+00 4.364490136504173279e-02
0.000000000000000000e+00 4.375111684203147888e-02
0.000000000000000000e+00 4.390964284539222717e-02
0.000000000000000000e+00 4.392509162425994873e-02
0.000000000000000000e+00 4.399118199944496155e-02
0.000000000000000000e+00 4.403204843401908875e-02
0.000000000000000000e+00 4.420198127627372742e-02
0.000000000000000000e+00 4.443787783384323120e-02
0.000000000000000000e+00 4.448448494076728821e-02
0.000000000000000000e+00 4.497129470109939575e-02
0.000000000000000000e+00 4.505221173167228699e-02
0.000000000000000000e+00 4.508164525032043457e-02
0.000000000000000000e+00 4.509395733475685120e-02
0.000000000000000000e+00 4.513222351670265198e-02
0.000000000000000000e+00 4.527162387967109680e-02
0.000000000000000000e+00 4.531539231538772583e-02
0.000000000000000000e+00 4.537381231784820557e-02
0.000000000000000000e+00 4.562019184231758118e-02
0.000000000000000000e+00 4.567654058337211609e-02
0.000000000000000000e+00 4.592720046639442444e-02
0.000000000000000000e+00 4.594298452138900757e-02
0.000000000000000000e+00 4.634634032845497131e-02
0.000000000000000000e+00 4.645274206995964050e-02
0.000000000000000000e+00 4.653484374284744263e-02
0.000000000000000000e+00 4.656893014907836914e-02
0.000000000000000000e+00 4.665603116154670715e-02
0.000000000000000000e+00 4.699056223034858704e-02
0.000000000000000000e+00 4.702802002429962158e-02
0.000000000000000000e+00 4.718961939215660095e-02
0.000000000000000000e+00 4.728168249130249023e-02
0.000000000000000000e+00 4.728689417243003845e-02
0.000000000000000000e+00 4.738232493400573730e-02
0.000000000000000000e+00 4.764217510819435120e-02
0.000000000000000000e+00 4.773333668708801270e-02
0.000000000000000000e+00 4.795401915907859802e-02
0.000000000000000000e+00 4.840096086263656616e-02
0.000000000000000000e+00 4.842215031385421753e-02
0.000000000000000000e+00 4.880594462156295776e-02
0.000000000000000000e+00 4.886402562260627747e-02
0.000000000000000000e+00 4.891647025942802429e-02
0.000000000000000000e+00 4.892987385392189026e-02
0.000000000000000000e+00 4.899948090314865112e-02
0.000000000000000000e+00 4.917947202920913696e-02
0.000000000000000000e+00 4.923126101493835449e-02
0.000000000000000000e+00 4.935001209378242493e-02
0.000000000000000000e+00 4.956005513668060303e-02
0.000000000000000000e+00 4.958352446556091309e-02
0.000000000000000000e+00 4.976484924554824829e-02
0.000000000000000000e+00 4.995246604084968567e-02
0.000000000000000000e+00 4.999292269349098206e-02
0.000000000000000000e+00 5.000217258930206299e-02
0.000000000000000000e+00 5.003612488508224487e-02
0.000000000000000000e+00 5.006292462348937988e-02
0.000000000000000000e+00 5.010781064629554749e-02
0.000000000000000000e+00 5.073364824056625366e-02
0.000000000000000000e+00 5.075698345899581909e-02
0.000000000000000000e+00 5.085356906056404114e-02
0.000000000000000000e+00 5.086646601557731628e-02
0.000000000000000000e+00 5.092870444059371948e-02
0.000000000000000000e+00 5.116434395313262939e-02
0.000000000000000000e+00 5.134712159633636475e-02
0.000000000000000000e+00 5.167305096983909607e-02
0.000000000000000000e+00 5.167692527174949646e-02
0.000000000000000000e+00 5.170981213450431824e-02
0.000000000000000000e+00 5.222728103399276733e-02
0.000000000000000000e+00 5.234218761324882507e-02
0.000000000000000000e+00 5.246025696396827698e-02
0.000000000000000000e+00 5.248317867517471313e-02
0.000000000000000000e+00 5.258155986666679382e-02
0.000000000000000000e+00 5.259333923459053040e-02
0.000000000000000000e+00 5.270028859376907349e-02
0.000000000000000000e+00 5.277828872203826904e-02
0.000000000000000000e+00 5.277839303016662598e-02
0.000000000000000000e+00 5.292220786213874817e-02
0.000000000000000000e+00 5.301634594798088074e-02
0.000000000000000000e+00 5.303533375263214111e-02
0.000000000000000000e+00 5.306034535169601440e-02
0.000000000000000000e+00 5.317281559109687805e-02
0.000000000000000000e+00 5.329588428139686584e-02
0.000000000000000000e+00 5.351021513342857361e-02
0.000000000000000000e+00 5.357600748538970947e-02
0.000000000000000000e+00 5.401162058115005493e-02
0.000000000000000000e+00 5.403631180524826050e-02
0.000000000000000000e+00 5.406307429075241089e-02
0.000000000000000000e+00 5.413392558693885803e-02
0.000000000000000000e+00 5.416049435734748840e-02
0.000000000000000000e+00 5.418368056416511536e-02
0.000000000000000000e+00 5.427099019289016724e-02
0.000000000000000000e+00 5.434317514300346375e-02
0.000000000000000000e+00 5.440964922308921814e-02
0.000000000000000000e+00 5.447470396757125854e-02
0.000000000000000000e+00 5.451349914073944092e-02
0.000000000000000000e+00 5.460946261882781982e-02
0.000000000000000000e+00 5.461673438549041748e-02
0.000000000000000000e+00 5.466879904270172119e-02
0.000000000000000000e+00 5.496086925268173218e-02
0.000000000000000000e+00 5.504370108246803284e-02
0.000000000000000000e+00 5.506159737706184387e-02
0.000000000000000000e+00 5.507262051105499268e-02
0.000000000000000000e+00 5.510627105832099915e-02
0.000000000000000000e+00 5.523112788796424866e-02
0.000000000000000000e+00 5.523356422781944275e-02
0.000000000000000000e+00 5.543329194188117981e-02
0.000000000000000000e+00 5.545137077569961548e-02
0.000000000000000000e+00 5.549893900752067566e-02
0.000000000000000000e+00 5.574749782681465149e-02
0.000000000000000000e+00 5.575122684240341187e-02
0.000000000000000000e+00 5.592864379286766052e-02
0.000000000000000000e+00 5.600805953145027161e-02
0.000000000000000000e+00 5.625554546713829041e-02
0.000000000000000000e+00 5.634879320859909058e-02
0.000000000000000000e+00 5.641221627593040466e-02
0.000000000000000000e+00 5.653449892997741699e-02
0.000000000000000000e+00 5.661736056208610535e-02
0.000000000000000000e+00 5.688868835568428040e-02
0.000000000000000000e+00 5.690831318497657776e-02
0.000000000000000000e+00 5.697846785187721252e-02
0.000000000000000000e+00 5.698257312178611755e-02
0.000000000000000000e+00 5.724409967660903931e-02
0.000000000000000000e+00 5.730228126049041748e-02
0.000000000000000000e+00 5.745431035757064819e-02
0.000000000000000000e+00 5.749173462390899658e-02
0.000000000000000000e+00 5.754970014095306396e-02
0.000000000000000000e+00 5.756907537579536438e-02
0.000000000000000000e+00 5.764440819621086121e-02
0.000000000000000000e+00 5.768321081995964050e-02
0.000000000000000000e+00 5.801852419972419739e-02
0.000000000000000000e+00 5.822247266769409180e-02
0.000000000000000000e+00 5.828552320599555969e-02
0.000000000000000000e+00 5.831055343151092529e-02
0.000000000000000000e+00 5.856230109930038452e-02
0.000000000000000000e+00 5.870850384235382080e-02
0.000000000000000000e+00 5.873576924204826355e-02
0.000000000000000000e+00 5.892339721322059631e-02
0.000000000000000000e+00 5.904359742999076843e-02
0.000000000000000000e+00 5.912634730339050293e-02
0.000000000000000000e+00 5.921633169054985046e-02
0.000000000000000000e+00 5.942877754569053650e-02
0.000000000000000000e+00 5.955116450786590576e-02
0.000000000000000000e+00 5.965372174978256226e-02
0.000000000000000000e+00 6.012231856584548950e-02
0.000000000000000000e+00 6.014469265937805176e-02
0.000000000000000000e+00 6.018726155161857605e-02
0.000000000000000000e+00 6.041003018617630005e-02
0.000000000000000000e+00 6.043010577559471130e-02
0.000000000000000000e+00 6.058922410011291504e-02
0.000000000000000000e+00 6.074085459113121033e-02
0.000000000000000000e+00 6.099574267864227295e-02
0.000000000000000000e+00 6.108195707201957703e-02
0.000000000000000000e+00 6.117517501115798950e-02
0.000000000000000000e+00 6.179545819759368896e-02
0.000000000000000000e+00 6.189917773008346558e-02
0.000000000000000000e+00 6.193592399358749390e-02
0.000000000000000000e+00 6.200053170323371887e-02
0.000000000000000000e+00 6.229246407747268677e-02
0.000000000000000000e+00 6.229815632104873657e-02
0.000000000000000000e+00 6.229893118143081665e-02
0.000000000000000000e+00 6.239521875977516174e-02
0.000000000000000000e+00 6.242280080914497375e-02
0.000000000000000000e+00 6.266000121831893921e-02
0.000000000000000000e+00 6.267274916172027588e-02
0.000000000000000000e+00 6.301001459360122681e-02
0.000000000000000000e+00 6.315409392118453979e-02
0.000000000000000000e+00 6.339095532894134521e-02
0.000000000000000000e+00 6.342149525880813599e-02
0.000000000000000000e+00 6.347503513097763062e-02
0.000000000000000000e+00 6.349237263202667236e-02
0.000000000000000000e+00 6.350541114807128906e-02
0.000000000000000000e+00 6.352371722459793091e-02
0.000000000000000000e+00 6.365356594324111938e-02
0.000000000000000000e+00 6.367340683937072754e-02
0.000000000000000000e+00 6.398974359035491943e-02
0.000000000000000000e+00 6.402482092380523682e-02
0.000000000000000000e+00 6.426289677619934082e-02
0.000000000000000000e+00 6.438117474317550659e-02
0.000000000000000000e+00 6.440042704343795776e-02
0.000000000000000000e+00 6.442068517208099365e-02
0.000000000000000000e+00 6.452826410531997681e-02
0.000000000000000000e+00 6.456562876701354980e-02
0.000000000000000000e+00 6.465331465005874634e-02
0.000000000000000000e+00 6.473618745803833008e-02
0.000000000000000000e+00 6.487239897251129150e-02
0.000000000000000000e+00 6.492435932159423828e-02
0.000000000000000000e+00 6.497022509574890137e-02
0.000000000000000000e+00 6.502186506986618042e-02
0.000000000000000000e+00 6.541732698678970337e-02
0.000000000000000000e+00 6.553718447685241699e-02
0.000000000000000000e+00 6.556962430477142334e-02
0.000000000000000000e+00 6.561218202114105225e-02
0.000000000000000000e+00 6.575978547334671021e-02
0.000000000000000000e+00 6.595958769321441650e-02
0.000000000000000000e+00 6.599546968936920166e-02
0.000000000000000000e+00 6.610465794801712036e-02
0.000000000000000000e+00 6.613024324178695679e-02
0.000000000000000000e+00 6.618421524763107300e-02
0.000000000000000000e+00 6.625281274318695068e-02
0.000000000000000000e+00 6.636423617601394653e-02
0.000000000000000000e+00 6.661602854728698730e-02
0.000000000000000000e+00 6.664802879095077515e-02
0.000000000000000000e+00 6.667128950357437134e-02
0.000000000000000000e+00 6.673938781023025513e-02
0.000000000000000000e+00 6.676289439201354980e-02
0.000000000000000000e+00 6.680672615766525269e-02
0.000000000000000000e+00 6.682751327753067017e-02
0.000000000000000000e+00 6.693267822265625000e-02
0.000000000000000000e+00 6.694599986076354980e-02
0.000000000000000000e+00 6.700287759304046631e-02
0.000000000000000000e+00 6.705792248249053955e-02
0.000000000000000000e+00 6.754513829946517944e-02
0.000000000000000000e+00 6.770417839288711548e-02
0.000000000000000000e+00 6.771862506866455078e-02
0.000000000000000000e+00 6.787227094173431396e-02
0.000000000000000000e+00 6.792215257883071899e-02
0.000000000000000000e+00 6.816023588180541992e-02
0.000000000000000000e+00 6.820142269134521484e-02
0.000000000000000000e+00 6.822293251752853394e-02
0.000000000000000000e+00 6.854888051748275757e-02
0.000000000000000000e+00 6.859601289033889771e-02
0.000000000000000000e+00 6.871484965085983276e-02
0.000000000000000000e+00 6.881884485483169556e-02
0.000000000000000000e+00 6.885156780481338501e-02
0.000000000000000000e+00 6.888305395841598511e-02
0.000000000000000000e+00 6.893775612115859985e-02
0.000000000000000000e+00 6.895854324102401733e-02
0.000000000000000000e+00 6.898181885480880737e-02
0.000000000000000000e+00 6.942031532526016235e-02
0.000000000000000000e+00 6.970283389091491699e-02
0.000000000000000000e+00 6.979888677597045898e-02
0.000000000000000000e+00 7.044683396816253662e-02
0.000000000000000000e+00 7.049437612295150757e-02
0.000000000000000000e+00 7.092352211475372314e-02
0.000000000000000000e+00 7.093029469251632690e-02
0.000000000000000000e+00 7.119568437337875366e-02
0.000000000000000000e+00 7.122901082038879395e-02
0.000000000000000000e+00 7.135151326656341553e-02
0.000000000000000000e+00 7.209305465221405029e-02
0.000000000000000000e+00 7.225701957941055298e-02
0.000000000000000000e+00 7.243617624044418335e-02
0.000000000000000000e+00 7.269739359617233276e-02
0.000000000000000000e+00 7.279971241950988770e-02
0.000000000000000000e+00 7.290615886449813843e-02
0.000000000000000000e+00 7.303820550441741943e-02
0.000000000000000000e+00 7.309254258871078491e-02
0.000000000000000000e+00 7.316416501998901367e-02
0.000000000000000000e+00 7.325650751590728760e-02
0.000000000000000000e+00 7.336013019084930420e-02
0.000000000000000000e+00 7.342988252639770508e-02
0.000000000000000000e+00 7.374267280101776123e-02
0.000000000000000000e+00 7.377706468105316162e-02
0.000000000000000000e+00 7.379917055368423462e-02
0.000000000000000000e+00 7.384260743856430054e-02
0.000000000000000000e+00 7.395898550748825073e-02
0.000000000000000000e+00 7.436770200729370117e-02
0.000000000000000000e+00 7.476972788572311401e-02
0.000000000000000000e+00 7.503636926412582397e-02
0.000000000000000000e+00 7.519024610519409180e-02
0.000000000000000000e+00 7.520149648189544678e-02
0.000000000000000000e+00 7.530988752841949463e-02
0.000000000000000000e+00 7.559826225042343140e-02
0.000000000000000000e+00 7.562120258808135986e-02
0.000000000000000000e+00 7.591560482978820801e-02
0.000000000000000000e+00 7.620052993297576904e-02
0.000000000000000000e+00 7.629822939634323120e-02
0.000000000000000000e+00 7.661669701337814331e-02
0.000000000000000000e+00 7.667756080627441406e-02
0.000000000000000000e+00 7.693763077259063721e-02
0.000000000000000000e+00 7.710573077201843262e-02
0.000000000000000000e+00 7.712816447019577026e-02
0.000000000000000000e+00 7.723739743232727051e-02
0.000000000000000000e+00 7.733480632305145264e-02
0.000000000000000000e+00 7.770881801843643188e-02
0.000000000000000000e+00 7.779245078563690186e-02
0.000000000000000000e+00 7.784995436668395996e-02
0.000000000000000000e+00 7.817244529724121094e-02
0.000000000000000000e+00 7.847457379102706909e-02
0.000000000000000000e+00 7.875724136829376221e-02
0.000000000000000000e+00 7.882738113403320312e-02
0.000000000000000000e+00 7.894317060708999634e-02
0.000000000000000000e+00 7.910921424627304077e-02
0.000000000000000000e+00 7.923692464828491211e-02
0.000000000000000000e+00 7.948465645313262939e-02
0.000000000000000000e+00 7.949572056531906128e-02
0.000000000000000000e+00 7.966179400682449341e-02
0.000000000000000000e+00 7.975567877292633057e-02
0.000000000000000000e+00 7.988190650939941406e-02
0.000000000000000000e+00 7.989938557147979736e-02
0.000000000000000000e+00 8.054225891828536987e-02
0.000000000000000000e+00 8.057540655136108398e-02
0.000000000000000000e+00 8.118155598640441895e-02
0.000000000000000000e+00 8.118888735771179199e-02
0.000000000000000000e+00 8.171931654214859009e-02
0.000000000000000000e+00 8.191825449466705322e-02
0.000000000000000000e+00 8.198934793472290039e-02
0.000000000000000000e+00 8.206124603748321533e-02
0.000000000000000000e+00 8.219460397958755493e-02
0.000000000000000000e+00 8.225869387388229370e-02
0.000000000000000000e+00 8.249437808990478516e-02
0.000000000000000000e+00 8.277948945760726929e-02
0.000000000000000000e+00 8.283565938472747803e-02
0.000000000000000000e+00 8.285542577505111694e-02
0.000000000000000000e+00 8.322719484567642212e-02
0.000000000000000000e+00 8.331141620874404907e-02
0.000000000000000000e+00 8.337828516960144043e-02
0.000000000000000000e+00 8.340770006179809570e-02
0.000000000000000000e+00 8.342701196670532227e-02
0.000000000000000000e+00 8.342791348695755005e-02
0.000000000000000000e+00 8.355928957462310791e-02
0.000000000000000000e+00 8.390345424413681030e-02
0.000000000000000000e+00 8.404386788606643677e-02
0.000000000000000000e+00 8.472140133380889893e-02
0.000000000000000000e+00 8.484609425067901611e-02
0.000000000000000000e+00 8.564618229866027832e-02
0.000000000000000000e+00 8.616960048675537109e-02
0.000000000000000000e+00 8.626981079578399658e-02
0.000000000000000000e+00 8.650936186313629150e-02
0.000000000000000000e+00 8.676581829786300659e-02
0.000000000000000000e+00 8.682087063789367676e-02
0.000000000000000000e+00 8.737516403198242188e-02
0.000000000000000000e+00 8.770403265953063965e-02
0.000000000000000000e+00 8.906321227550506592e-02
0.000000000000000000e+00 8.959396928548812866e-02
0.000000000000000000e+00 8.975573629140853882e-02
0.000000000000000000e+00 8.988901227712631226e-02
0.000000000000000000e+00 8.997251093387603760e-02
0.000000000000000000e+00 8.998938649892807007e-02
0.000000000000000000e+00 9.047193080186843872e-02
0.000000000000000000e+00 9.088351577520370483e-02
0.000000000000000000e+00 9.138356894254684448e-02
0.000000000000000000e+00 9.144128859043121338e-02
0.000000000000000000e+00 9.218753874301910400e-02
0.000000000000000000e+00 9.231057018041610718e-02
0.000000000000000000e+00 9.244342148303985596e-02
0.000000000000000000e+00 9.334837645292282104e-02
0.000000000000000000e+00 9.414949268102645874e-02
0.000000000000000000e+00 9.474509209394454956e-02
0.000000000000000000e+00 9.525202959775924683e-02
0.000000000000000000e+00 9.565614163875579834e-02
0.000000000000000000e+00 9.589295089244842529e-02
0.000000000000000000e+00 9.783722460269927979e-02
0.000000000000000000e+00 9.869294613599777222e-02
0.000000000000000000e+00 1.015891879796981812e-01
0.000000000000000000e+00 1.018649488687515259e-01
0.000000000000000000e+00 1.035307347774505615e-01
0.000000000000000000e+00 1.060482561588287354e-01
0.000000000000000000e+00 1.081369742751121521e-01
0.000000000000000000e+00 1.170067191123962402e-01
