2.429573535919189453e-01 2.729958891868591309e-01
2.314619123935699463e-01 2.474480122327804565e-01
2.291007786989212036e-01 2.802278995513916016e-01
2.200099229812622070e-01 2.310821861028671265e-01
2.148705422878265381e-01 2.159702032804489136e-01
2.148705422878265381e-01 2.198725044727325439e-01
2.121133059263229370e-01 2.134546637535095215e-01
2.108141928911209106e-01 2.644072473049163818e-01
2.088427990674972534e-01 2.383541762828826904e-01
2.087458223104476929e-01 2.508350312709808350e-01
2.083971500396728516e-01 2.155229151248931885e-01
2.024179399013519287e-01 2.340043038129806519e-01
1.698911637067794800e-01 1.781708151102066040e-01
1.421608775854110718e-01 1.427875757217407227e-01
1.311598569154739380e-01 1.386024206876754761e-01
9.475110471248626709e-02 1.002990156412124634e-01
