0.000000000000000000e+00 8.878795430064201355e-03
0.000000000000000000e+00 1.144467107951641083e-02
0.000000000000000000e+00 1.236793119460344315e-02
0.000000000000000000e+00 1.263816468417644501e-02
0.000000000000000000e+00 1.315750088542699814e-02
0.000000000000000000e+00 1.328408345580101013e-02
0.000000000000000000e+00 1.392004918307065964e-02
0.000000000000000000e+00 1.431063655763864517e-02
0.000000000000000000e+00 1.483945362269878387e-02
0.000000000000000000e+00 1.570229977369308472e-02
0.000000000000000000e+00 1.577123999595642090e-02
0.000000000000000000e+00 1.585302501916885376e-02
0.000000000000000000e+00 1.627358980476856232e-02
0.000000000000000000e+00 1.631772704422473907e-02
0.000000000000000000e+00 1.644797995686531067e-02
0.000000000000000000e+00 1.661488600075244904e-02
0.000000000000000000e+00 1.680607907474040985e-02
0.000000000000000000e+00 1.721081882715225220e-02
0.000000000000000000e+00 1.801271177828311920e-02
0.000000000000000000e+00 1.837975531816482544e-02
0.000000000000000000e+00 1.898926310241222382e-02
0.000000000000000000e+00 1.901354640722274780e-02
0.000000000000000000e+00 1.914600282907485962e-02
0.000000000000000000e+00 1.921003498136997223e-02
0.000000000000000000e+00 1.953002251684665680e-02
0.000000000000000000e+00 1.959704235196113586e-02
0.000000000000000000e+00 1.965703442692756653e-02
0.000000000000000000e+00 2.009112946689128876e-02
0.000000000000000000e+00 2.053868025541305542e-02
0.000000000000000000e+00 2.061451040208339691e-02
0.000000000000000000e+00 2.064766921103000641e-02
0.000000000000000000e+00 2.065893076360225677e-02
0.000000000000000000e+00 2.078102715313434601e-02
0.000000000000000000e+00 2.125760540366172791e-02
0.000000000000000000e+00 2.182069793343544006e-02
0.000000000000000000e+00 2.311256714165210724e-02
0.000000000000000000e+00 2.316986210644245148e-02
0.000000000000000000e+00 2.330414205789566040e-02
0.000000000000000000e+00 2.335373684763908386e-02
0.000000000000000000e+00 2.356423065066337585e-02
0.000000000000000000e+00 2.379821799695491791e-02
0.000000000000000000e+00 2.390456944704055786e-02
0.000000000000000000e+00 2.467906288802623749e-02
0.000000000000000000e+00 2.546117082238197327e-02
0.000000000000000000e+00 2.552036568522453308e-02
0.000000000000000000e+00 2.581533789634704590e-02
0.000000000000000000e+00 2.594014257192611694e-02
0.000000000000000000e+00 2.665210701525211334e-02
0.000000000000000000e+00 2.734716050326824188e-02
0.000000000000000000e+00 2.737211249768733978e-02
0.000000000000000000e+00 2.812598831951618195e-02
0.000000000000000000e+00 2.828667499125003815e-02
0.000000000000000000e+00 2.843049913644790649e-02
0.000000000000000000e+00 2.850050106644630432e-02
0.000000000000000000e+00 2.857689373195171356e-02
0.000000000000000000e+00 2.917040325701236725e-02
0.000000000000000000e+00 2.924703992903232574e-02
0.000000000000000000e+00 2.947062067687511444e-02
0.000000000000000000e+00 2.983234822750091553e-02
0.000000000000000000e+00 2.985593862831592560e-02
0.000000000000000000e+00 3.010538965463638306e-02
0.000000000000000000e+00 3.020896017551422119e-02
0.000000000000000000e+00 3.029505908489227295e-02
0.000000000000000000e+00 3.048864006996154785e-02
0.000000000000000000e+00 3.051300346851348877e-02
0.000000000000000000e+00 3.064178302884101868e-02
0.000000000000000000e+00 3.070925734937191010e-02
0.000000000000000000e+00 3.093142807483673096e-02
0.000000000000000000e+00 3.096420504152774811e-02
0.000000000000000000e+00 3.115429729223251343e-02
0.000000000000000000e+00 3.133356571197509766e-02
0.000000000000000000e+00 3.136048838496208191e-02
0.000000000000000000e+00 3.163887932896614075e-02
0.000000000000000000e+00 3.174093738198280334e-02
0.000000000000000000e+00 3.180574625730514526e-02
0.000000000000000000e+00 3.202712908387184143e-02
0.000000000000000000e+00 3.208908066153526306e-02
0.000000000000000000e+00 3.209369629621505737e-02
0.000000000000000000e+00 3.237739950418472290e-02
0.000000000000000000e+00 3.252344205975532532e-02
0.000000000000000000e+00 3.260241076350212097e-02
0.000000000000000000e+00 3.265379369258880615e-02
0.000000000000000000e+00 3.302119672298431396e-02
0.000000000000000000e+00 3.303220495581626892e-02
0.000000000000000000e+00 3.311539441347122192e-02
0.000000000000000000e+00 3.335499018430709839e-02
0.000000000000000000e+00 3.356862440705299377e-02
0.000000000000000000e+00 3.384825214743614197e-02
0.000000000000000000e+00 3.414686769247055054e-02
0.000000000000000000e+00 3.415777161717414856e-02
0.000000000000000000e+00 3.437420725822448730e-02
0.000000000000000000e+00 3.444436192512512207e-02
0.000000000000000000e+00 3.450975939631462097e-02
0.000000000000000000e+00 3.459872305393218994e-02
0.000000000000000000e+00 3.464693948626518250e-02
0.000000000000000000e+00 3.471100330352783203e-02
0.000000000000000000e+00 3.473701700568199158e-02
0.000000000000000000e+00 3.484496101737022400e-02
0.000000000000000000e+00 3.492075204849243164e-02
0.000000000000000000e+00 3.518763929605484009e-02
0.000000000000000000e+00 3.552080318331718445e-02
0.000000000000000000e+00 3.567156195640563965e-02
0.000000000000000000e+00 3.588256239891052246e-02
0.000000000000000000e+00 3.605236858129501343e-02
0.000000000000000000e+00 3.655807673931121826e-02
0.000000000000000000e+00 3.657261654734611511e-02
0.000000000000000000e+00 3.660478815436363220e-02
0.000000000000000000e+00 3.680544346570968628e-02
0.000000000000000000e+00 3.687503188848495483e-02
0.000000000000000000e+00 3.726236894726753235e-02
0.000000000000000000e+00 3.728966787457466125e-02
0.000000000000000000e+00 3.743575885891914368e-02
0.000000000000000000e+00 3.780558332800865173e-02
0.000000000000000000e+00 3.793587163090705872e-02
0.000000000000000000e+00 3.811827674508094788e-02
0.000000000000000000e+00 3.829512745141983032e-02
0.000000000000000000e+00 3.834051638841629028e-02
0.000000000000000000e+00 3.845134750008583069e-02
0.000000000000000000e+00 3.851057589054107666e-02
0.000000000000000000e+00 3.872115164995193481e-02
0.000000000000000000e+00 3.874336928129196167e-02
0.000000000000000000e+00 3.885294869542121887e-02
0.000000000000000000e+00 3.886423632502555847e-02
0.000000000000000000e+00 3.887343034148216248e-02
0.000000000000000000e+00 3.890306502580642700e-02
0.000000000000000000e+00 3.897335380315780640e-02
0.000000000000000000e+00 3.912910446524620056e-02
0.000000000000000000e+00 3.915247693657875061e-02
0.000000000000000000e+00 3.918431326746940613e-02
0.000000000000000000e+00 3.939561545848846436e-02
0.000000000000000000e+00 3.945914283394813538e-02
0.000000000000000000e+00 3.958594053983688354e-02
0.000000000000000000e+00 3.960727527737617493e-02
0.000000000000000000e+00 3.986963257193565369e-02
0.000000000000000000e+00 3.993627056479454041e-02
0.000000000000000000e+00 4.000464454293251038e-02
0.000000000000000000e+00 4.003600776195526123e-02
0.000000000000000000e+00 4.007871821522712708e-02
0.000000000000000000e+00 4.011319950222969055e-02
0.000000000000000000e+00 4.013380408287048340e-02
0.000000000000000000e+00 4.027588665485382080e-02
0.000000000000000000e+00 4.038899019360542297e-02
0.000000000000000000e+00 4.040863364934921265e-02
0.000000000000000000e+00 4.046760872006416321e-02
0.000000000000000000e+00 4.070020094513893127e-02
0.000000000000000000e+00 4.078478738665580750e-02
0.000000000000000000e+00 4.120010882616043091e-02
0.000000000000000000e+00 4.135633260011672974e-02
0.000000000000000000e+00 4.150695353746414185e-02
0.000000000000000000e+00 4.168389737606048584e-02
0.000000000000000000e+00 4.170151427388191223e-02
0.000000000000000000e+00 4.190361499786376953e-02
0.000000000000000000e+00 4.196351766586303711e-02
0.000000000000000000e+00 4.203006997704505920e-02
0.000000000000000000e+00 4.215873032808303833e-02
0.000000000000000000e+00 4.222000762820243835e-02
0.000000000000000000e+00 4.236870631575584412e-02
0.000000000000000000e+00 4.239875450730323792e-02
0.000000000000000000e+00 4.243177175521850586e-02
0.000000000000000000e+00 4.245990887284278870e-02
0.000000000000000000e+00 4.248894751071929932e-02
0.000000000000000000e+00 4.264628142118453979e-02
0.000000000000000000e+00 4.299169406294822693e-02
0.000000000000000000e+00 4.330385476350784302e-02
0.000000000000000000e+00 4.333047568798065186e-02
0.000000000000000000e+00 4.348793253302574158e-02
0.000000000000000000e+00 4.349025711417198181e-02
0.000000000000000000e+00 4.350928589701652527e-02
0.000000000000000000e+00 4.363958165049552917e-02
0.000000000000000000e+00 4.365319013595581055e-02
0.000000000000000000e+00 4.371049627661705017e-02
0.000000000000000000e+00 4.372906312346458435e-02
0.000000000000000000e+00 4.373920336365699768e-02
0.000000000000000000e+00 4.376463964581489563e-02
0.000000000000000000e+00 4.426134377717971802e-02
0.000000000000000000e+00 4.433352500200271606e-02
0.000000000000000000e+00 4.434143379330635071e-02
0.000000000000000000e+00 4.465290158987045288e-02
0.000000000000000000e+00 4.480664432048797607e-02
0.000000000000000000e+00 4.482166841626167297e-02
0.000000000000000000e+00 4.496110975742340088e-02
0.000000000000000000e+00 4.502028599381446838e-02
0.000000000000000000e+00 4.509689658880233765e-02
0.000000000000000000e+00 4.511718079447746277e-02
0.000000000000000000e+00 4.514693096280097961e-02
0.000000000000000000e+00 4.519446939229965210e-02
0.000000000000000000e+00 4.524300619959831238e-02
0.000000000000000000e+00 4.527974128723144531e-02
0.000000000000000000e+00 4.545560851693153381e-02
0.000000000000000000e+00 4.546226188540458679e-02
0.000000000000000000e+00 4.551513865590095520e-02
0.000000000000000000e+00 4.553641751408576965e-02
0.000000000000000000e+00 4.559858888387680054e-02
0.000000000000000000e+00 4.578611254692077637e-02
0.000000000000000000e+00 4.586461931467056274e-02
0.000000000000000000e+00 4.597305506467819214e-02
0.000000000000000000e+00 4.622927308082580566e-02
0.000000000000000000e+00 4.627153649926185608e-02
0.000000000000000000e+00 4.627433046698570251e-02
0.000000000000000000e+00 4.631581529974937439e-02
0.000000000000000000e+00 4.635002091526985168e-02
0.000000000000000000e+00 4.649671912193298340e-02
0.000000000000000000e+00 4.681874811649322510e-02
0.000000000000000000e+00 4.724652320146560669e-02
0.000000000000000000e+00 4.726327210664749146e-02
0.000000000000000000e+00 4.726629704236984253e-02
0.000000000000000000e+00 4.734505712985992432e-02
0.000000000000000000e+00 4.734679311513900757e-02
0.000000000000000000e+00 4.738729447126388550e-02
0.000000000000000000e+00 4.741888493299484253e-02
0.000000000000000000e+00 4.761019721627235413e-02
0.000000000000000000e+00 4.765931889414787292e-02
0.000000000000000000e+00 4.781446605920791626e-02
0.000000000000000000e+00 4.784356802701950073e-02
0.000000000000000000e+00 4.789405688643455505e-02
0.000000000000000000e+00 4.793548583984375000e-02
0.000000000000000000e+00 4.804497212171554565e-02
0.000000000000000000e+00 4.813757166266441345e-02
0.000000000000000000e+00 4.818556830286979675e-02
0.000000000000000000e+00 4.830390587449073792e-02
0.000000000000000000e+00 4.831212386488914490e-02
0.000000000000000000e+00 4.831491410732269287e-02
0.000000000000000000e+00 4.853836447000503540e-02
0.000000000000000000e+00 4.864731058478355408e-02
0.000000000000000000e+00 4.880714789032936096e-02
0.000000000000000000e+00 4.885584861040115356e-02
0.000000000000000000e+00 4.902135580778121948e-02
0.000000000000000000e+00 4.910340160131454468e-02
0.000000000000000000e+00 4.927509650588035583e-02
0.000000000000000000e+00 4.928139224648475647e-02
0.000000000000000000e+00 4.956933110952377319e-02
0.000000000000000000e+00 4.960086941719055176e-02
0.000000000000000000e+00 4.965567588806152344e-02
0.000000000000000000e+00 4.986450076103210449e-02
0.000000000000000000e+00 5.010405555367469788e-02
0.000000000000000000e+00 5.024575069546699524e-02
0.000000000000000000e+00 5.029363930225372314e-02
0.000000000000000000e+00 5.037816613912582397e-02
0.000000000000000000e+00 5.041049793362617493e-02
0.000000000000000000e+00 5.041661113500595093e-02
0.000000000000000000e+00 5.056681111454963684e-02
0.000000000000000000e+00 5.064553022384643555e-02
0.000000000000000000e+00 5.067626759409904480e-02
0.000000000000000000e+00 5.084565654397010803e-02
0.000000000000000000e+00 5.091381072998046875e-02
0.000000000000000000e+00 5.093025043606758118e-02
0.000000000000000000e+00 5.127891898155212402e-02
0.000000000000000000e+00 5.132243409752845764e-02
0.000000000000000000e+00 5.141387879848480225e-02
0.000000000000000000e+00 5.148300528526306152e-02
0.000000000000000000e+00 5.168328061699867249e-02
0.000000000000000000e+00 5.179964378476142883e-02
0.000000000000000000e+00 5.191616341471672058e-02
0.000000000000000000e+00 5.197503790259361267e-02
0.000000000000000000e+00 5.200781300663948059e-02
0.000000000000000000e+00 5.206942185759544373e-02
0.000000000000000000e+00 5.207816511392593384e-02
0.000000000000000000e+00 5.210771411657333374e-02
0.000000000000000000e+00 5.218065902590751648e-02
0.000000000000000000e+00 5.228596180677413940e-02
0.000000000000000000e+00 5.253183096647262573e-02
0.000000000000000000e+00 5.264338850975036621e-02
0.000000000000000000e+00 5.267469957470893860e-02
0.000000000000000000e+00 5.287967994809150696e-02
0.000000000000000000e+00 5.301159992814064026e-02
0.000000000000000000e+00 5.319077521562576294e-02
0.000000000000000000e+00 5.323844403028488159e-02
0.000000000000000000e+00 5.327886715531349182e-02
0.000000000000000000e+00 5.338561907410621643e-02
0.000000000000000000e+00 5.350627377629280090e-02
0.000000000000000000e+00 5.359849706292152405e-02
0.000000000000000000e+00 5.360512435436248779e-02
0.000000000000000000e+00 5.392760038375854492e-02
0.000000000000000000e+00 5.401025712490081787e-02
0.000000000000000000e+00 5.407969653606414795e-02
0.000000000000000000e+00 5.410018935799598694e-02
0.000000000000000000e+00 5.410297214984893799e-02
0.000000000000000000e+00 5.440028756856918335e-02
0.000000000000000000e+00 5.445294454693794250e-02
0.000000000000000000e+00 5.446218699216842651e-02
0.000000000000000000e+00 5.452946573495864868e-02
0.000000000000000000e+00 5.486072227358818054e-02
0.000000000000000000e+00 5.509838461875915527e-02
0.000000000000000000e+00 5.531248077750205994e-02
0.000000000000000000e+00 5.545191094279289246e-02
0.000000000000000000e+00 5.574734136462211609e-02
0.000000000000000000e+00 5.611718446016311646e-02
0.000000000000000000e+00 5.613853409886360168e-02
0.000000000000000000e+00 5.641533806920051575e-02
0.000000000000000000e+00 5.641715973615646362e-02
0.000000000000000000e+00 5.643169209361076355e-02
0.000000000000000000e+00 5.673561617732048035e-02
0.000000000000000000e+00 5.677507817745208740e-02
0.000000000000000000e+00 5.683134123682975769e-02
0.000000000000000000e+00 5.695681646466255188e-02
0.000000000000000000e+00 5.704817548394203186e-02
0.000000000000000000e+00 5.717294663190841675e-02
0.000000000000000000e+00 5.738701298832893372e-02
0.000000000000000000e+00 5.743892490863800049e-02
0.000000000000000000e+00 5.743932723999023438e-02
0.000000000000000000e+00 5.748426914215087891e-02
0.000000000000000000e+00 5.773621425032615662e-02
0.000000000000000000e+00 5.806178599596023560e-02
0.000000000000000000e+00 5.806443467736244202e-02
0.000000000000000000e+00 5.842717364430427551e-02
0.000000000000000000e+00 5.847720429301261902e-02
0.000000000000000000e+00 5.868660658597946167e-02
0.000000000000000000e+00 5.880926921963691711e-02
0.000000000000000000e+00 5.889996886253356934e-02
0.000000000000000000e+00 5.904369801282882690e-02
0.000000000000000000e+00 5.905243009328842163e-02
0.000000000000000000e+00 5.914136394858360291e-02
0.000000000000000000e+00 5.939303711056709290e-02
0.000000000000000000e+00 5.947919934988021851e-02
0.000000000000000000e+00 5.957432463765144348e-02
0.000000000000000000e+00 5.971425771713256836e-02
0.000000000000000000e+00 5.991603806614875793e-02
0.000000000000000000e+00 6.006746739149093628e-02
0.000000000000000000e+00 6.007729098200798035e-02
0.000000000000000000e+00 6.019198149442672729e-02
0.000000000000000000e+00 6.022451817989349365e-02
0.000000000000000000e+00 6.026117876172065735e-02
0.000000000000000000e+00 6.037316098809242249e-02
0.000000000000000000e+00 6.046444922685623169e-02
0.000000000000000000e+00 6.056954339146614075e-02
0.000000000000000000e+00 6.065916642546653748e-02
0.000000000000000000e+00 6.079421192407608032e-02
0.000000000000000000e+00 6.089242920279502869e-02
0.000000000000000000e+00 6.095401197671890259e-02
0.000000000000000000e+00 6.100565940141677856e-02
0.000000000000000000e+00 6.126226857304573059e-02
0.000000000000000000e+00 6.134656816720962524e-02
0.000000000000000000e+00 6.134687736630439758e-02
0.000000000000000000e+00 6.156274303793907166e-02
0.000000000000000000e+00 6.159076467156410217e-02
0.000000000000000000e+00 6.179238483309745789e-02
0.000000000000000000e+00 6.195162236690521240e-02
0.000000000000000000e+00 6.233615055680274963e-02
0.000000000000000000e+00 6.235984340310096741e-02
0.000000000000000000e+00 6.249681487679481506e-02
0.000000000000000000e+00 6.258972734212875366e-02
0.000000000000000000e+00 6.284851580858230591e-02
0.000000000000000000e+00 6.306974589824676514e-02
0.000000000000000000e+00 6.323827058076858521e-02
0.000000000000000000e+00 6.338234245777130127e-02
0.000000000000000000e+00 6.356909871101379395e-02
0.000000000000000000e+00 6.391806155443191528e-02
0.000000000000000000e+00 6.400305032730102539e-02
0.000000000000000000e+00 6.400371342897415161e-02
0.000000000000000000e+00 6.440219283103942871e-02
0.000000000000000000e+00 6.462176889181137085e-02
0.000000000000000000e+00 6.465216726064682007e-02
0.000000000000000000e+00 6.491829454898834229e-02
0.000000000000000000e+00 6.494829803705215454e-02
0.000000000000000000e+00 6.502431631088256836e-02
0.000000000000000000e+00 6.549891829490661621e-02
0.000000000000000000e+00 6.579877436161041260e-02
0.000000000000000000e+00 6.591591238975524902e-02
0.000000000000000000e+00 6.595036387443542480e-02
0.000000000000000000e+00 6.596524268388748169e-02
0.000000000000000000e+00 6.601064652204513550e-02
0.000000000000000000e+00 6.602455675601959229e-02
0.000000000000000000e+00 6.604564189910888672e-02
0.000000000000000000e+00 6.609796732664108276e-02
0.000000000000000000e+00 6.621778756380081177e-02
0.000000000000000000e+00 6.625694781541824341e-02
0.000000000000000000e+00 6.670991331338882446e-02
0.000000000000000000e+00 6.709419935941696167e-02
0.000000000000000000e+00 6.709837168455123901e-02
0.000000000000000000e+00 6.716112047433853149e-02
0.000000000000000000e+00 6.735529750585556030e-02
0.000000000000000000e+00 6.747151166200637817e-02
0.000000000000000000e+00 6.767353415489196777e-02
0.000000000000000000e+00 6.775312125682830811e-02
0.000000000000000000e+00 6.789205223321914673e-02
0.000000000000000000e+00 6.828951090574264526e-02
0.000000000000000000e+00 6.860705465078353882e-02
0.000000000000000000e+00 6.873819977045059204e-02
0.000000000000000000e+00 6.879146397113800049e-02
0.000000000000000000e+00 6.887158751487731934e-02
0.000000000000000000e+00 6.890118867158889771e-02
0.000000000000000000e+00 6.895039975643157959e-02
0.000000000000000000e+00 6.900274753570556641e-02
0.000000000000000000e+00 6.903602927923202515e-02
0.000000000000000000e+00 6.917638331651687622e-02
0.000000000000000000e+00 6.931509077548980713e-02
0.000000000000000000e+00 6.938844919204711914e-02
0.000000000000000000e+00 6.940021365880966187e-02
0.000000000000000000e+00 6.940566003322601318e-02
0.000000000000000000e+00 6.943248212337493896e-02
0.000000000000000000e+00 6.943428516387939453e-02
0.000000000000000000e+00 6.949061900377273560e-02
0.000000000000000000e+00 6.959252059459686279e-02
0.000000000000000000e+00 6.962683796882629395e-02
0.000000000000000000e+00 6.963296234607696533e-02
0.000000000000000000e+00 7.006564736366271973e-02
0.000000000000000000e+00 7.047966122627258301e-02
0.000000000000000000e+00 7.055631279945373535e-02
0.000000000000000000e+00 7.077787816524505615e-02
0.000000000000000000e+00 7.117214798927307129e-02
0.000000000000000000e+00 7.133708894252777100e-02
0.000000000000000000e+00 7.171572744846343994e-02
0.000000000000000000e+00 7.194814831018447876e-02
0.000000000000000000e+00 7.233030349016189575e-02
0.000000000000000000e+00 7.244705408811569214e-02
0.000000000000000000e+00 7.283135503530502319e-02
0.000000000000000000e+00 7.301807403564453125e-02
0.000000000000000000e+00 7.304207235574722290e-02
0.000000000000000000e+00 7.338989526033401489e-02
0.000000000000000000e+00 7.346215099096298218e-02
0.000000000000000000e+00 7.352548092603683472e-02
0.000000000000000000e+00 7.360511273145675659e-02
0.000000000000000000e+00 7.363875210285186768e-02
0.000000000000000000e+00 7.375063747167587280e-02
0.000000000000000000e+00 7.388141751289367676e-02
0.000000000000000000e+00 7.433530688285827637e-02
0.000000000000000000e+00 7.531428337097167969e-02
0.000000000000000000e+00 7.539290934801101685e-02
0.000000000000000000e+00 7.540795207023620605e-02
0.000000000000000000e+00 7.563434541225433350e-02
0.000000000000000000e+00 7.578286528587341309e-02
0.000000000000000000e+00 7.585152238607406616e-02
0.000000000000000000e+00 7.599097490310668945e-02
0.000000000000000000e+00 7.670767605304718018e-02
0.000000000000000000e+00 7.714454829692840576e-02
0.000000000000000000e+00 7.730285078287124634e-02
0.000000000000000000e+00 7.748261094093322754e-02
0.000000000000000000e+00 7.752323150634765625e-02
0.000000000000000000e+00 7.755616307258605957e-02
0.000000000000000000e+00 7.765500992536544800e-02
0.000000000000000000e+00 7.775267213582992554e-02
0.000000000000000000e+00 7.805186510086059570e-02
0.000000000000000000e+00 7.832983136177062988e-02
0.000000000000000000e+00 7.841271162033081055e-02
0.000000000000000000e+00 7.901410013437271118e-02
0.000000000000000000e+00 7.910044491291046143e-02
0.000000000000000000e+00 7.933364808559417725e-02
0.000000000000000000e+00 7.950829714536666870e-02
0.000000000000000000e+00 7.960762828588485718e-02
0.000000000000000000e+00 7.972821593284606934e-02
0.000000000000000000e+00 7.998416572809219360e-02
0.000000000000000000e+00 8.006905019283294678e-02
0.000000000000000000e+00 8.035635203123092651e-02
0.000000000000000000e+00 8.035765588283538818e-02
0.000000000000000000e+00 8.085224777460098267e-02
0.000000000000000000e+00 8.145298808813095093e-02
0.000000000000000000e+00 8.310134708881378174e-02
0.000000000000000000e+00 8.352137356996536255e-02
0.000000000000000000e+00 8.370859175920486450e-02
0.000000000000000000e+00 8.371745049953460693e-02
0.000000000000000000e+00 8.416651934385299683e-02
0.000000000000000000e+00 8.424095064401626587e-02
0.000000000000000000e+00 8.439055085182189941e-02
0.000000000000000000e+00 8.445168286561965942e-02
0.000000000000000000e+00 8.445410430431365967e-02
0.000000000000000000e+00 8.493439853191375732e-02
0.000000000000000000e+00 8.500988036394119263e-02
0.000000000000000000e+00 8.509174734354019165e-02
0.000000000000000000e+00 8.584699779748916626e-02
0.000000000000000000e+00 8.596812188625335693e-02
0.000000000000000000e+00 8.601211011409759521e-02
0.000000000000000000e+00 8.630402386188507080e-02
0.000000000000000000e+00 8.678367733955383301e-02
0.000000000000000000e+00 8.678657561540603638e-02
0.000000000000000000e+00 8.729877322912216187e-02
0.000000000000000000e+00 8.765622973442077637e-02
0.000000000000000000e+00 8.771988749504089355e-02
0.000000000000000000e+00 8.792783319950103760e-02
0.000000000000000000e+00 8.828020840883255005e-02
0.000000000000000000e+00 8.852858841419219971e-02
0.000000000000000000e+00 8.881546556949615479e-02
0.000000000000000000e+00 8.894988149404525757e-02
0.000000000000000000e+00 8.916828781366348267e-02
0.000000000000000000e+00 8.923643827438354492e-02
0.000000000000000000e+00 8.936312049627304077e-02
0.000000000000000000e+00 8.948502689599990845e-02
0.000000000000000000e+00 8.956518769264221191e-02
0.000000000000000000e+00 8.957155048847198486e-02
0.000000000000000000e+00 9.018046408891677856e-02
0.000000000000000000e+00 9.132445603609085083e-02
0.000000000000000000e+00 9.202169626951217651e-02
0.000000000000000000e+00 9.251541644334793091e-02
0.000000000000000000e+00 9.251943975687026978e-02
0.000000000000000000e+00 9.276483207941055298e-02
0.000000000000000000e+00 9.345045685768127441e-02
0.000000000000000000e+00 9.496560692787170410e-02
0.000000000000000000e+00 9.635847806930541992e-02
0.000000000000000000e+00 9.887253493070602417e-02
0.000000000000000000e+00 9.982559829950332642e-02
0.000000000000000000e+00 1.000392511487007141e-01
0.000000000000000000e+00 1.009930148720741272e-01
0.000000000000000000e+00 1.026238426566123962e-01
0.000000000000000000e+00 1.036988645792007446e-01
0.000000000000000000e+00 1.056151241064071655e-01
0.000000000000000000e+00 1.060604378581047058e-01
0.000000000000000000e+00 1.123067066073417664e-01
0.000000000000000000e+00 1.123089715838432312e-01
0.000000000000000000e+00 1.147514581680297852e-01
0.000000000000000000e+00 1.274863481521606445e-01
