2.385699003934860229e-01 2.453567832708358765e-01
2.345421463251113892e-01 2.428933084011077881e-01
2.304572612047195435e-01 2.341328263282775879e-01
2.283439487218856812e-01 2.302000075578689575e-01
2.247586101293563843e-01 2.486402392387390137e-01
2.160421013832092285e-01 2.248794138431549072e-01
2.138443887233734131e-01 2.506407201290130615e-01
2.118975222110748291e-01 2.568624913692474365e-01
2.103690057992935181e-01 2.207511663436889648e-01
2.005365788936614990e-01 2.551029622554779053e-01
1.920316219329833984e-01 2.448741644620895386e-01
1.887486129999160767e-01 1.924735009670257568e-01
1.858275830745697021e-01 2.578437924385070801e-01
1.847265809774398804e-01 1.861624866724014282e-01
1.678241640329360962e-01 1.816577911376953125e-01
1.623109728097915649e-01 1.633663475513458252e-01
1.553909629583358765e-01 1.671153157949447632e-01
1.541530042886734009e-01 1.614050865173339844e-01
1.366450637578964233e-01 1.384783834218978882e-01
1.011085808277130127e-01 1.028887853026390076e-01
