0.000000000000000000e+00 9.195229969918727875e-03
0.000000000000000000e+00 9.656948968768119812e-03
0.000000000000000000e+00 1.071605365723371506e-02
0.000000000000000000e+00 1.186654996126890182e-02
0.000000000000000000e+00 1.386651769280433655e-02
0.000000000000000000e+00 1.391907036304473877e-02
0.000000000000000000e+00 1.443458814173936844e-02
0.000000000000000000e+00 1.452598720788955688e-02
0.000000000000000000e+00 1.506583206355571747e-02
0.000000000000000000e+00 1.666224747896194458e-02
0.000000000000000000e+00 1.731695048511028290e-02
0.000000000000000000e+00 1.776710897684097290e-02
0.000000000000000000e+00 1.825223676860332489e-02
0.000000000000000000e+00 1.848183758556842804e-02
0.000000000000000000e+00 1.899504102766513824e-02
0.000000000000000000e+00 1.905754394829273224e-02
0.000000000000000000e+00 1.985817030072212219e-02
0.000000000000000000e+00 2.022621780633926392e-02
0.000000000000000000e+00 2.031684666872024536e-02
0.000000000000000000e+00 2.048552967607975006e-02
0.000000000000000000e+00 2.064158953726291656e-02
0.000000000000000000e+00 2.171643823385238647e-02
0.000000000000000000e+00 2.194060385227203369e-02
0.000000000000000000e+00 2.196029759943485260e-02
0.000000000000000000e+00 2.350144088268280029e-02
0.000000000000000000e+00 2.363142557442188263e-02
0.000000000000000000e+00 2.374473400413990021e-02
0.000000000000000000e+00 2.377643063664436340e-02
0.000000000000000000e+00 2.395817823708057404e-02
0.000000000000000000e+00 2.429526112973690033e-02
0.000000000000000000e+00 2.463039755821228027e-02
0.000000000000000000e+00 2.540616877377033234e-02
0.000000000000000000e+00 2.543605864048004150e-02
0.000000000000000000e+00 2.581106685101985931e-02
0.000000000000000000e+00 2.618007548153400421e-02
0.000000000000000000e+00 2.644767053425312042e-02
0.000000000000000000e+00 2.659060060977935791e-02
0.000000000000000000e+00 2.669043652713298798e-02
0.000000000000000000e+00 2.677377499639987946e-02
0.000000000000000000e+00 2.687747031450271606e-02
0.000000000000000000e+00 2.699975669384002686e-02
0.000000000000000000e+00 2.738403342664241791e-02
0.000000000000000000e+00 2.742964215576648712e-02
0.000000000000000000e+00 2.776637673377990723e-02
0.000000000000000000e+00 2.785427123308181763e-02
0.000000000000000000e+00 2.832725085318088531e-02
0.000000000000000000e+00 2.838843129575252533e-02
0.000000000000000000e+00 2.859905734658241272e-02
0.000000000000000000e+00 2.883384190499782562e-02
0.000000000000000000e+00 2.908606827259063721e-02
0.000000000000000000e+00 2.909944020211696625e-02
0.000000000000000000e+00 2.926448546350002289e-02
0.000000000000000000e+00 2.928297780454158783e-02
0.000000000000000000e+00 2.950761094689369202e-02
0.000000000000000000e+00 2.965201623737812042e-02
0.000000000000000000e+00 2.978419139981269836e-02
0.000000000000000000e+00 2.998727373778820038e-02
0.000000000000000000e+00 3.017983958125114441e-02
0.000000000000000000e+00 3.045834600925445557e-02
0.000000000000000000e+00 3.071741946041584015e-02
0.000000000000000000e+00 3.073884174227714539e-02
0.000000000000000000e+00 3.076200373470783234e-02
0.000000000000000000e+00 3.085690364241600037e-02
0.000000000000000000e+00 3.127299249172210693e-02
0.000000000000000000e+00 3.216779977083206177e-02
0.000000000000000000e+00 3.227069973945617676e-02
0.000000000000000000e+00 3.242469951510429382e-02
0.000000000000000000e+00 3.243794664740562439e-02
0.000000000000000000e+00 3.246187418699264526e-02
0.000000000000000000e+00 3.247356042265892029e-02
0.000000000000000000e+00 3.252692148089408875e-02
0.000000000000000000e+00 3.262355551123619080e-02
0.000000000000000000e+00 3.282196074724197388e-02
0.000000000000000000e+00 3.285633027553558350e-02
0.000000000000000000e+00 3.304307535290718079e-02
0.000000000000000000e+00 3.305559605360031128e-02
0.000000000000000000e+00 3.317048028111457825e-02
0.000000000000000000e+00 3.327172994613647461e-02
0.000000000000000000e+00 3.379880636930465698e-02
0.000000000000000000e+00 3.380645066499710083e-02
0.000000000000000000e+00 3.407762572169303894e-02
0.000000000000000000e+00 3.429983928799629211e-02
0.000000000000000000e+00 3.442519158124923706e-02
0.000000000000000000e+00 3.447990119457244873e-02
0.000000000000000000e+00 3.460306674242019653e-02
0.000000000000000000e+00 3.494013473391532898e-02
0.000000000000000000e+00 3.533111512660980225e-02
0.000000000000000000e+00 3.538866341114044189e-02
0.000000000000000000e+00 3.545508161187171936e-02
0.000000000000000000e+00 3.545941039919853210e-02
0.000000000000000000e+00 3.553460538387298584e-02
0.000000000000000000e+00 3.555266931653022766e-02
0.000000000000000000e+00 3.575898706912994385e-02
0.000000000000000000e+00 3.604252263903617859e-02
0.000000000000000000e+00 3.630483895540237427e-02
0.000000000000000000e+00 3.634102642536163330e-02
0.000000000000000000e+00 3.640976175665855408e-02
0.000000000000000000e+00 3.641666099429130554e-02
0.000000000000000000e+00 3.649481758475303650e-02
0.000000000000000000e+00 3.653155639767646790e-02
0.000000000000000000e+00 3.658659756183624268e-02
0.000000000000000000e+00 3.670023009181022644e-02
0.000000000000000000e+00 3.670077398419380188e-02
0.000000000000000000e+00 3.685313090682029724e-02
0.000000000000000000e+00 3.694514557719230652e-02
0.000000000000000000e+00 3.697806224226951599e-02
0.000000000000000000e+00 3.699897602200508118e-02
0.000000000000000000e+00 3.731967508792877197e-02
0.000000000000000000e+00 3.733855113387107849e-02
0.000000000000000000e+00 3.745833784341812134e-02
0.000000000000000000e+00 3.748198971152305603e-02
0.000000000000000000e+00 3.751236200332641602e-02
0.000000000000000000e+00 3.760376200079917908e-02
0.000000000000000000e+00 3.762278705835342407e-02
0.000000000000000000e+00 3.801098465919494629e-02
0.000000000000000000e+00 3.832777217030525208e-02
0.000000000000000000e+00 3.841752186417579651e-02
0.000000000000000000e+00 3.848884254693984985e-02
0.000000000000000000e+00 3.887340426445007324e-02
0.000000000000000000e+00 3.891952708363533020e-02
0.000000000000000000e+00 3.892277181148529053e-02
0.000000000000000000e+00 3.892632573843002319e-02
0.000000000000000000e+00 3.893677517771720886e-02
0.000000000000000000e+00 3.903054445981979370e-02
0.000000000000000000e+00 3.934669494628906250e-02
0.000000000000000000e+00 3.936516121029853821e-02
0.000000000000000000e+00 3.938628733158111572e-02
0.000000000000000000e+00 3.950389474630355835e-02
0.000000000000000000e+00 3.980403393507003784e-02
0.000000000000000000e+00 3.989922627806663513e-02
0.000000000000000000e+00 4.008579254150390625e-02
0.000000000000000000e+00 4.017690569162368774e-02
0.000000000000000000e+00 4.022629186511039734e-02
0.000000000000000000e+00 4.030173271894454956e-02
0.000000000000000000e+00 4.046049341559410095e-02
0.000000000000000000e+00 4.047881066799163818e-02
0.000000000000000000e+00 4.066571220755577087e-02
0.000000000000000000e+00 4.083524271845817566e-02
0.000000000000000000e+00 4.089180380105972290e-02
0.000000000000000000e+00 4.107546433806419373e-02
0.000000000000000000e+00 4.126662015914916992e-02
0.000000000000000000e+00 4.127489402890205383e-02
0.000000000000000000e+00 4.133516922593116760e-02
0.000000000000000000e+00 4.187517985701560974e-02
0.000000000000000000e+00 4.217173159122467041e-02
0.000000000000000000e+00 4.223452135920524597e-02
0.000000000000000000e+00 4.225446656346321106e-02
0.000000000000000000e+00 4.228701815009117126e-02
0.000000000000000000e+00 4.251299053430557251e-02
0.000000000000000000e+00 4.274612292647361755e-02
0.000000000000000000e+00 4.279109090566635132e-02
0.000000000000000000e+00 4.281185939908027649e-02
0.000000000000000000e+00 4.305942356586456299e-02
0.000000000000000000e+00 4.306627064943313599e-02
0.000000000000000000e+00 4.311731457710266113e-02
0.000000000000000000e+00 4.322171211242675781e-02
0.000000000000000000e+00 4.334788769483566284e-02
0.000000000000000000e+00 4.336967691779136658e-02
0.000000000000000000e+00 4.337243363261222839e-02
0.000000000000000000e+00 4.340811446309089661e-02
0.000000000000000000e+00 4.342687875032424927e-02
0.000000000000000000e+00 4.347593337297439575e-02
0.000000000000000000e+00 4.350172355771064758e-02
0.000000000000000000e+00 4.358504340052604675e-02
0.000000000000000000e+00 4.359724372625350952e-02
0.000000000000000000e+00 4.362421110272407532e-02
0.000000000000000000e+00 4.379563033580780029e-02
0.000000000000000000e+00 4.387074708938598633e-02
0.000000000000000000e+00 4.396265372633934021e-02
0.000000000000000000e+00 4.400457441806793213e-02
0.000000000000000000e+00 4.405242577195167542e-02
0.000000000000000000e+00 4.420255124568939209e-02
0.000000000000000000e+00 4.425180330872535706e-02
0.000000000000000000e+00 4.429384693503379822e-02
0.000000000000000000e+00 4.441894218325614929e-02
0.000000000000000000e+00 4.477673768997192383e-02
0.000000000000000000e+00 4.477930441498756409e-02
0.000000000000000000e+00 4.543132707476615906e-02
0.000000000000000000e+00 4.571258276700973511e-02
0.000000000000000000e+00 4.613374173641204834e-02
0.000000000000000000e+00 4.623191431164741516e-02
0.000000000000000000e+00 4.624740034341812134e-02
0.000000000000000000e+00 4.626325517892837524e-02
0.000000000000000000e+00 4.640126228332519531e-02
0.000000000000000000e+00 4.652929306030273438e-02
0.000000000000000000e+00 4.666239395737648010e-02
0.000000000000000000e+00 4.679491743445396423e-02
0.000000000000000000e+00 4.715951904654502869e-02
0.000000000000000000e+00 4.724216461181640625e-02
0.000000000000000000e+00 4.732351005077362061e-02
0.000000000000000000e+00 4.740810766816139221e-02
0.000000000000000000e+00 4.751133546233177185e-02
0.000000000000000000e+00 4.752668365836143494e-02
0.000000000000000000e+00 4.765395075082778931e-02
0.000000000000000000e+00 4.769737273454666138e-02
0.000000000000000000e+00 4.790408164262771606e-02
0.000000000000000000e+00 4.826490953564643860e-02
0.000000000000000000e+00 4.828422144055366516e-02
0.000000000000000000e+00 4.830214753746986389e-02
0.000000000000000000e+00 4.842188954353332520e-02
0.000000000000000000e+00 4.850430041551589966e-02
0.000000000000000000e+00 4.857661575078964233e-02
0.000000000000000000e+00 4.858143255114555359e-02
0.000000000000000000e+00 4.866390302777290344e-02
0.000000000000000000e+00 4.882917925715446472e-02
0.000000000000000000e+00 4.896310344338417053e-02
0.000000000000000000e+00 4.905181005597114563e-02
0.000000000000000000e+00 4.914441332221031189e-02
0.000000000000000000e+00 4.917066916823387146e-02
0.000000000000000000e+00 4.923093691468238831e-02
0.000000000000000000e+00 4.933157935738563538e-02
0.000000000000000000e+00 4.935965687036514282e-02
0.000000000000000000e+00 4.937046393752098083e-02
0.000000000000000000e+00 4.938254877924919128e-02
0.000000000000000000e+00 4.942845180630683899e-02
0.000000000000000000e+00 4.957161843776702881e-02
0.000000000000000000e+00 4.960658028721809387e-02
0.000000000000000000e+00 4.964076727628707886e-02
0.000000000000000000e+00 4.970872774720191956e-02
0.000000000000000000e+00 4.973233491182327271e-02
0.000000000000000000e+00 4.978020116686820984e-02
0.000000000000000000e+00 4.987634718418121338e-02
0.000000000000000000e+00 4.989248141646385193e-02
0.000000000000000000e+00 4.991460219025611877e-02
0.000000000000000000e+00 5.019154027104377747e-02
0.000000000000000000e+00 5.025935173034667969e-02
0.000000000000000000e+00 5.034590139985084534e-02
0.000000000000000000e+00 5.035005882382392883e-02
0.000000000000000000e+00 5.051264539361000061e-02
0.000000000000000000e+00 5.077702924609184265e-02
0.000000000000000000e+00 5.086789652705192566e-02
0.000000000000000000e+00 5.091210082173347473e-02
0.000000000000000000e+00 5.126390978693962097e-02
0.000000000000000000e+00 5.133384838700294495e-02
0.000000000000000000e+00 5.135954916477203369e-02
0.000000000000000000e+00 5.153168365359306335e-02
0.000000000000000000e+00 5.156094580888748169e-02
0.000000000000000000e+00 5.158934369683265686e-02
0.000000000000000000e+00 5.186255648732185364e-02
0.000000000000000000e+00 5.187867209315299988e-02
0.000000000000000000e+00 5.193690210580825806e-02
0.000000000000000000e+00 5.196269974112510681e-02
0.000000000000000000e+00 5.210249498486518860e-02
0.000000000000000000e+00 5.212702602148056030e-02
0.000000000000000000e+00 5.213326588273048401e-02
0.000000000000000000e+00 5.230743810534477234e-02
0.000000000000000000e+00 5.233711749315261841e-02
0.000000000000000000e+00 5.234765261411666870e-02
0.000000000000000000e+00 5.249561369419097900e-02
0.000000000000000000e+00 5.249838158488273621e-02
0.000000000000000000e+00 5.270339548587799072e-02
0.000000000000000000e+00 5.284813791513442993e-02
0.000000000000000000e+00 5.287073180079460144e-02
0.000000000000000000e+00 5.288477241992950439e-02
0.000000000000000000e+00 5.305181816220283508e-02
0.000000000000000000e+00 5.311784893274307251e-02
0.000000000000000000e+00 5.314604565501213074e-02
0.000000000000000000e+00 5.321057885885238647e-02
0.000000000000000000e+00 5.336381494998931885e-02
0.000000000000000000e+00 5.339761823415756226e-02
0.000000000000000000e+00 5.342242494225502014e-02
0.000000000000000000e+00 5.342297255992889404e-02
0.000000000000000000e+00 5.342824757099151611e-02
0.000000000000000000e+00 5.343957990407943726e-02
0.000000000000000000e+00 5.344395712018013000e-02
0.000000000000000000e+00 5.349629744887351990e-02
0.000000000000000000e+00 5.351155996322631836e-02
0.000000000000000000e+00 5.359167978167533875e-02
0.000000000000000000e+00 5.366943776607513428e-02
0.000000000000000000e+00 5.399356782436370850e-02
0.000000000000000000e+00 5.400690063834190369e-02
0.000000000000000000e+00 5.431943386793136597e-02
0.000000000000000000e+00 5.432366952300071716e-02
0.000000000000000000e+00 5.448453873395919800e-02
0.000000000000000000e+00 5.453776195645332336e-02
0.000000000000000000e+00 5.462647601962089539e-02
0.000000000000000000e+00 5.472369119524955750e-02
0.000000000000000000e+00 5.495082959532737732e-02
0.000000000000000000e+00 5.520889908075332642e-02
0.000000000000000000e+00 5.546693503856658936e-02
0.000000000000000000e+00 5.551456287503242493e-02
0.000000000000000000e+00 5.571876838803291321e-02
0.000000000000000000e+00 5.582969263195991516e-02
0.000000000000000000e+00 5.594930797815322876e-02
0.000000000000000000e+00 5.596221610903739929e-02
0.000000000000000000e+00 5.598756298422813416e-02
0.000000000000000000e+00 5.599061399698257446e-02
0.000000000000000000e+00 5.609000101685523987e-02
0.000000000000000000e+00 5.617253482341766357e-02
0.000000000000000000e+00 5.629074573516845703e-02
0.000000000000000000e+00 5.632618069648742676e-02
0.000000000000000000e+00 5.641310662031173706e-02
0.000000000000000000e+00 5.663325265049934387e-02
0.000000000000000000e+00 5.667284131050109863e-02
0.000000000000000000e+00 5.679132416844367981e-02
0.000000000000000000e+00 5.695739760994911194e-02
0.000000000000000000e+00 5.703906714916229248e-02
0.000000000000000000e+00 5.715956166386604309e-02
0.000000000000000000e+00 5.718706175684928894e-02
0.000000000000000000e+00 5.725441873073577881e-02
0.000000000000000000e+00 5.740213394165039062e-02
0.000000000000000000e+00 5.748233944177627563e-02
0.000000000000000000e+00 5.762248113751411438e-02
0.000000000000000000e+00 5.762581527233123779e-02
0.000000000000000000e+00 5.811940133571624756e-02
0.000000000000000000e+00 5.824046954512596130e-02
0.000000000000000000e+00 5.830886214971542358e-02
0.000000000000000000e+00 5.851068347692489624e-02
0.000000000000000000e+00 5.869613215327262878e-02
0.000000000000000000e+00 5.879372730851173401e-02
0.000000000000000000e+00 5.884166806936264038e-02
0.000000000000000000e+00 5.898895114660263062e-02
0.000000000000000000e+00 5.903482809662818909e-02
0.000000000000000000e+00 5.918404459953308105e-02
0.000000000000000000e+00 5.920509994029998779e-02
0.000000000000000000e+00 5.927679315209388733e-02
0.000000000000000000e+00 5.944531410932540894e-02
0.000000000000000000e+00 5.956865847110748291e-02
0.000000000000000000e+00 5.960834026336669922e-02
0.000000000000000000e+00 5.970250815153121948e-02
0.000000000000000000e+00 5.975547432899475098e-02
0.000000000000000000e+00 5.978412926197052002e-02
0.000000000000000000e+00 5.992294102907180786e-02
0.000000000000000000e+00 5.994908884167671204e-02
0.000000000000000000e+00 6.010734289884567261e-02
0.000000000000000000e+00 6.011728942394256592e-02
0.000000000000000000e+00 6.014656275510787964e-02
0.000000000000000000e+00 6.019177287817001343e-02
0.000000000000000000e+00 6.024141237139701843e-02
0.000000000000000000e+00 6.027151271700859070e-02
0.000000000000000000e+00 6.053001433610916138e-02
0.000000000000000000e+00 6.064280867576599121e-02
0.000000000000000000e+00 6.072591245174407959e-02
0.000000000000000000e+00 6.087162718176841736e-02
0.000000000000000000e+00 6.088559702038764954e-02
0.000000000000000000e+00 6.099172681570053101e-02
0.000000000000000000e+00 6.102504953742027283e-02
0.000000000000000000e+00 6.111902371048927307e-02
0.000000000000000000e+00 6.119823828339576721e-02
0.000000000000000000e+00 6.127103790640830994e-02
0.000000000000000000e+00 6.129595264792442322e-02
0.000000000000000000e+00 6.137609481811523438e-02
0.000000000000000000e+00 6.139550358057022095e-02
0.000000000000000000e+00 6.150595843791961670e-02
0.000000000000000000e+00 6.167320907115936279e-02
0.000000000000000000e+00 6.190276890993118286e-02
0.000000000000000000e+00 6.285405158996582031e-02
0.000000000000000000e+00 6.286769360303878784e-02
0.000000000000000000e+00 6.314207613468170166e-02
0.000000000000000000e+00 6.324546784162521362e-02
0.000000000000000000e+00 6.329676508903503418e-02
0.000000000000000000e+00 6.334949284791946411e-02
0.000000000000000000e+00 6.355724483728408813e-02
0.000000000000000000e+00 6.362203508615493774e-02
0.000000000000000000e+00 6.376716494560241699e-02
0.000000000000000000e+00 6.391380727291107178e-02
0.000000000000000000e+00 6.405613571405410767e-02
0.000000000000000000e+00 6.412474811077117920e-02
0.000000000000000000e+00 6.455975025892257690e-02
0.000000000000000000e+00 6.480994820594787598e-02
0.000000000000000000e+00 6.488587707281112671e-02
0.000000000000000000e+00 6.490712612867355347e-02
0.000000000000000000e+00 6.492165476083755493e-02
0.000000000000000000e+00 6.493227928876876831e-02
0.000000000000000000e+00 6.517343223094940186e-02
0.000000000000000000e+00 6.535448879003524780e-02
0.000000000000000000e+00 6.573496758937835693e-02
0.000000000000000000e+00 6.580916047096252441e-02
0.000000000000000000e+00 6.582263112068176270e-02
0.000000000000000000e+00 6.584489345550537109e-02
0.000000000000000000e+00 6.590457260608673096e-02
0.000000000000000000e+00 6.593764573335647583e-02
0.000000000000000000e+00 6.597310304641723633e-02
0.000000000000000000e+00 6.600739806890487671e-02
0.000000000000000000e+00 6.616792827844619751e-02
0.000000000000000000e+00 6.625308096408843994e-02
0.000000000000000000e+00 6.637839972972869873e-02
0.000000000000000000e+00 6.638741493225097656e-02
0.000000000000000000e+00 6.655318289995193481e-02
0.000000000000000000e+00 6.718167662620544434e-02
0.000000000000000000e+00 6.728549301624298096e-02
0.000000000000000000e+00 6.737716495990753174e-02
0.000000000000000000e+00 6.762991100549697876e-02
0.000000000000000000e+00 6.776589900255203247e-02
0.000000000000000000e+00 6.789654493331909180e-02
0.000000000000000000e+00 6.832329183816909790e-02
0.000000000000000000e+00 6.857552379369735718e-02
0.000000000000000000e+00 6.874780356884002686e-02
0.000000000000000000e+00 6.887535005807876587e-02
0.000000000000000000e+00 6.892315298318862915e-02
0.000000000000000000e+00 6.959201395511627197e-02
0.000000000000000000e+00 6.973867863416671753e-02
0.000000000000000000e+00 6.977510452270507812e-02
0.000000000000000000e+00 6.978118419647216797e-02
0.000000000000000000e+00 6.990091502666473389e-02
0.000000000000000000e+00 7.031764835119247437e-02
0.000000000000000000e+00 7.032980769872665405e-02
0.000000000000000000e+00 7.049293816089630127e-02
0.000000000000000000e+00 7.054313272237777710e-02
0.000000000000000000e+00 7.057258486747741699e-02
0.000000000000000000e+00 7.058381289243698120e-02
0.000000000000000000e+00 7.066350430250167847e-02
0.000000000000000000e+00 7.070098817348480225e-02
0.000000000000000000e+00 7.070329040288925171e-02
0.000000000000000000e+00 7.071451097726821899e-02
0.000000000000000000e+00 7.141869515180587769e-02
0.000000000000000000e+00 7.150317728519439697e-02
0.000000000000000000e+00 7.187708467245101929e-02
0.000000000000000000e+00 7.190364599227905273e-02
0.000000000000000000e+00 7.239662855863571167e-02
0.000000000000000000e+00 7.271188497543334961e-02
0.000000000000000000e+00 7.275412231683731079e-02
0.000000000000000000e+00 7.294420152902603149e-02
0.000000000000000000e+00 7.297040522098541260e-02
0.000000000000000000e+00 7.303171604871749878e-02
0.000000000000000000e+00 7.316260784864425659e-02
0.000000000000000000e+00 7.317151129245758057e-02
0.000000000000000000e+00 7.328587770462036133e-02
0.000000000000000000e+00 7.334037870168685913e-02
0.000000000000000000e+00 7.336352765560150146e-02
0.000000000000000000e+00 7.429508119821548462e-02
0.000000000000000000e+00 7.450041174888610840e-02
0.000000000000000000e+00 7.455747574567794800e-02
0.000000000000000000e+00 7.457525283098220825e-02
0.000000000000000000e+00 7.510949671268463135e-02
0.000000000000000000e+00 7.513305544853210449e-02
0.000000000000000000e+00 7.513404637575149536e-02
0.000000000000000000e+00 7.609157264232635498e-02
0.000000000000000000e+00 7.622855901718139648e-02
0.000000000000000000e+00 7.638248801231384277e-02
0.000000000000000000e+00 7.660149037837982178e-02
0.000000000000000000e+00 7.672012597322463989e-02
0.000000000000000000e+00 7.673217356204986572e-02
0.000000000000000000e+00 7.673761993646621704e-02
0.000000000000000000e+00 7.728611677885055542e-02
0.000000000000000000e+00 7.785241305828094482e-02
0.000000000000000000e+00 7.835540920495986938e-02
0.000000000000000000e+00 7.882591336965560913e-02
0.000000000000000000e+00 7.917920500040054321e-02
0.000000000000000000e+00 7.932148128747940063e-02
0.000000000000000000e+00 7.971791923046112061e-02
0.000000000000000000e+00 7.986582070589065552e-02
0.000000000000000000e+00 8.018419146537780762e-02
0.000000000000000000e+00 8.057932555675506592e-02
0.000000000000000000e+00 8.070482313632965088e-02
0.000000000000000000e+00 8.085910975933074951e-02
0.000000000000000000e+00 8.092030882835388184e-02
0.000000000000000000e+00 8.097684383392333984e-02
0.000000000000000000e+00 8.099751174449920654e-02
0.000000000000000000e+00 8.114722371101379395e-02
0.000000000000000000e+00 8.116055279970169067e-02
0.000000000000000000e+00 8.161398023366928101e-02
0.000000000000000000e+00 8.170219510793685913e-02
0.000000000000000000e+00 8.205106854438781738e-02
0.000000000000000000e+00 8.214762806892395020e-02
0.000000000000000000e+00 8.222427964210510254e-02
0.000000000000000000e+00 8.237776160240173340e-02
0.000000000000000000e+00 8.239361643791198730e-02
0.000000000000000000e+00 8.241950720548629761e-02
0.000000000000000000e+00 8.276037871837615967e-02
0.000000000000000000e+00 8.329155296087265015e-02
0.000000000000000000e+00 8.366705477237701416e-02
0.000000000000000000e+00 8.395011723041534424e-02
0.000000000000000000e+00 8.408033847808837891e-02
0.000000000000000000e+00 8.474819362163543701e-02
0.000000000000000000e+00 8.616523444652557373e-02
0.000000000000000000e+00 8.656782656908035278e-02
0.000000000000000000e+00 8.660592883825302124e-02
0.000000000000000000e+00 8.699076622724533081e-02
0.000000000000000000e+00 8.735740929841995239e-02
0.000000000000000000e+00 8.747503161430358887e-02
0.000000000000000000e+00 8.840962499380111694e-02
0.000000000000000000e+00 8.856156468391418457e-02
0.000000000000000000e+00 8.893651515245437622e-02
0.000000000000000000e+00 8.910949528217315674e-02
0.000000000000000000e+00 8.990486711263656616e-02
0.000000000000000000e+00 9.004271030426025391e-02
0.000000000000000000e+00 9.052389115095138550e-02
0.000000000000000000e+00 9.064832329750061035e-02
0.000000000000000000e+00 9.085135906934738159e-02
0.000000000000000000e+00 9.118780493736267090e-02
0.000000000000000000e+00 9.137187898159027100e-02
0.000000000000000000e+00 9.161430597305297852e-02
0.000000000000000000e+00 9.173028916120529175e-02
0.000000000000000000e+00 9.242370724678039551e-02
0.000000000000000000e+00 9.261883795261383057e-02
0.000000000000000000e+00 9.291908144950866699e-02
0.000000000000000000e+00 9.316495060920715332e-02
0.000000000000000000e+00 9.326953440904617310e-02
0.000000000000000000e+00 9.342996776103973389e-02
0.000000000000000000e+00 9.818474948406219482e-02
0.000000000000000000e+00 1.002969965338706970e-01
0.000000000000000000e+00 1.016670241951942444e-01
0.000000000000000000e+00 1.022459119558334351e-01
0.000000000000000000e+00 1.042929142713546753e-01
0.000000000000000000e+00 1.051056161522865295e-01
0.000000000000000000e+00 1.112494990229606628e-01
0.000000000000000000e+00 1.142648905515670776e-01
0.000000000000000000e+00 1.153908669948577881e-01
