1.855169087648391724e-01 1.915822625160217285e-01
1.588096022605895996e-01 2.017908692359924316e-01
1.500002294778823853e-01 1.522690355777740479e-01
1.470208466053009033e-01 1.718808710575103760e-01
1.437724083662033081e-01 1.815498173236846924e-01
1.424893289804458618e-01 1.519062072038650513e-01
1.412529349327087402e-01 1.682107746601104736e-01
1.398853957653045654e-01 1.431473195552825928e-01
1.387002617120742798e-01 1.532583832740783691e-01
1.373691856861114502e-01 1.484840661287307739e-01
1.365893781185150146e-01 1.640601009130477905e-01
1.362492591142654419e-01 1.449218243360519409e-01
1.315627694129943848e-01 1.483632475137710571e-01
1.290902346372604370e-01 1.422929763793945312e-01
1.274996250867843628e-01 1.305192857980728149e-01
1.271769106388092041e-01 1.333043724298477173e-01
1.268407553434371948e-01 1.561138778924942017e-01
1.267061829566955566e-01 1.333283334970474243e-01
1.251726150512695312e-01 1.309137493371963501e-01
1.250063776969909668e-01 1.421746909618377686e-01
1.248311027884483337e-01 1.311550438404083252e-01
1.228134855628013611e-01 1.233981177210807800e-01
1.221320629119873047e-01 1.401075720787048340e-01
1.217301040887832642e-01 1.335234940052032471e-01
1.213237717747688293e-01 1.314309537410736084e-01
1.207831799983978271e-01 1.572451293468475342e-01
1.197567209601402283e-01 1.291940659284591675e-01
1.191064640879631042e-01 1.587640494108200073e-01
1.190330013632774353e-01 1.548238098621368408e-01
1.179090514779090881e-01 1.281391382217407227e-01
1.177288368344306946e-01 1.320593804121017456e-01
1.168402731418609619e-01 1.259080618619918823e-01
1.167102381587028503e-01 1.198210939764976501e-01
1.164620816707611084e-01 1.207157969474792480e-01
1.159009784460067749e-01 1.251011788845062256e-01
1.144994348287582397e-01 1.334349066019058228e-01
1.143350601196289062e-01 1.397652029991149902e-01
1.139050498604774475e-01 1.237605437636375427e-01
1.136301979422569275e-01 1.477766782045364380e-01
1.133852675557136536e-01 1.524655818939208984e-01
1.131976768374443054e-01 1.167536154389381409e-01
1.123156771063804626e-01 1.150752305984497070e-01
1.121838763356208801e-01 1.203111559152603149e-01
1.119720190763473511e-01 1.177033707499504089e-01
1.114084273576736450e-01 1.194192543625831604e-01
1.109983772039413452e-01 1.123251616954803467e-01
1.101327165961265564e-01 1.285040527582168579e-01
1.101053059101104736e-01 1.276047378778457642e-01
1.090926826000213623e-01 1.165075302124023438e-01
1.090323105454444885e-01 1.183695495128631592e-01
1.089133992791175842e-01 1.238120049238204956e-01
1.089032590389251709e-01 1.686589866876602173e-01
1.088862940669059753e-01 1.343688368797302246e-01
1.086199805140495300e-01 1.343859881162643433e-01
1.083521470427513123e-01 1.115864440798759460e-01
1.080341413617134094e-01 1.086370497941970825e-01
1.078928038477897644e-01 1.305497884750366211e-01
1.073101907968521118e-01 1.143760383129119873e-01
1.071844473481178284e-01 1.453178524971008301e-01
1.069949343800544739e-01 1.343832761049270630e-01
1.066700071096420288e-01 1.404621452093124390e-01
1.063810735940933228e-01 1.562296897172927856e-01
1.056668460369110107e-01 1.131449863314628601e-01
1.053591966629028320e-01 1.110800057649612427e-01
1.052163168787956238e-01 1.092284619808197021e-01
1.046376228332519531e-01 1.103846132755279541e-01
1.042180582880973816e-01 1.070952937006950378e-01
1.034807637333869934e-01 1.235193163156509399e-01
1.033974736928939819e-01 1.044160574674606323e-01
1.026284471154212952e-01 1.509133428335189819e-01
1.020994186401367188e-01 1.177501454949378967e-01
1.018785014748573303e-01 1.067456901073455811e-01
1.017774790525436401e-01 1.209703907370567322e-01
1.011890172958374023e-01 1.426965892314910889e-01
1.011735498905181885e-01 1.163723543286323547e-01
1.011614277958869934e-01 1.173763498663902283e-01
1.010608077049255371e-01 1.037930697202682495e-01
1.003987044095993042e-01 1.164907068014144897e-01
1.001275032758712769e-01 1.048749163746833801e-01
1.000345572829246521e-01 1.039653494954109192e-01
9.993520379066467285e-02 1.063021793961524963e-01
9.932895749807357788e-02 1.128476411104202271e-01
9.890820831060409546e-02 1.025017499923706055e-01
9.880413115024566650e-02 2.217944264411926270e-01
9.854206442832946777e-02 1.310025900602340698e-01
9.792961180210113525e-02 1.624601781368255615e-01
9.736581146717071533e-02 1.457265764474868774e-01
9.734042733907699585e-02 1.511677354574203491e-01
9.723304957151412964e-02 1.127650439739227295e-01
9.686179459095001221e-02 1.673217415809631348e-01
9.671047329902648926e-02 1.247088238596916199e-01
9.665102511644363403e-02 9.923256188631057739e-02
9.615864604711532593e-02 9.880768507719039917e-02
9.606368094682693481e-02 1.103172451257705688e-01
9.605864435434341431e-02 1.696902513504028320e-01
9.594650566577911377e-02 9.982511401176452637e-02
9.534340351819992065e-02 1.032590121030807495e-01
9.532006084918975830e-02 1.001749411225318909e-01
9.488081187009811401e-02 1.099063009023666382e-01
9.478753805160522461e-02 1.449348479509353638e-01
9.417345374822616577e-02 1.019075587391853333e-01
9.404321759939193726e-02 1.705197542905807495e-01
9.374257922172546387e-02 9.530786424875259399e-02
9.369514882564544678e-02 1.483736038208007812e-01
9.345550835132598877e-02 2.044836878776550293e-01
9.290413558483123779e-02 1.606057137250900269e-01
9.246790409088134766e-02 9.381418675184249878e-02
9.183316677808761597e-02 1.016584411263465881e-01
9.177459776401519775e-02 1.136839389801025391e-01
9.121970832347869873e-02 9.508843719959259033e-02
9.112994372844696045e-02 9.406845271587371826e-02
9.040766954421997070e-02 1.001580730080604553e-01
9.038454294204711914e-02 1.375522017478942871e-01
8.993316441774368286e-02 1.057743355631828308e-01
8.991364389657974243e-02 9.764316678047180176e-02
8.952450752258300781e-02 1.217325255274772644e-01
8.916252106428146362e-02 1.968441903591156006e-01
8.913625776767730713e-02 1.017857417464256287e-01
8.794282376766204834e-02 8.929611742496490479e-02
8.786307275295257568e-02 9.996242076158523560e-02
8.767314255237579346e-02 9.293381124734878540e-02
8.658268302679061890e-02 8.954618126153945923e-02
8.579367399215698242e-02 1.064613088965415955e-01
8.567132800817489624e-02 9.480990469455718994e-02
8.532790094614028931e-02 8.824816346168518066e-02
8.466824144124984741e-02 1.045214086771011353e-01
8.463989943265914917e-02 1.227961927652359009e-01
8.441605418920516968e-02 1.061086431145668030e-01
8.421587944030761719e-02 9.106907993555068970e-02
8.221343904733657837e-02 9.512902051210403442e-02
8.112502098083496094e-02 1.211441084742546082e-01
8.052667230367660522e-02 1.006877943873405457e-01
8.050343394279479980e-02 1.058599799871444702e-01
8.021734654903411865e-02 8.246394246816635132e-02
7.928545027971267700e-02 1.057442277669906616e-01
7.906709611415863037e-02 8.731564879417419434e-02
7.867043465375900269e-02 8.398695290088653564e-02
7.843468338251113892e-02 1.250439882278442383e-01
7.823153585195541382e-02 8.184577524662017822e-02
7.818282395601272583e-02 9.165703505277633667e-02
7.680571079254150391e-02 9.069549292325973511e-02
7.647309452295303345e-02 8.708824217319488525e-02
7.609672099351882935e-02 1.857243180274963379e-01
7.573781907558441162e-02 7.703405618667602539e-02
7.545020431280136108e-02 9.471148252487182617e-02
7.527245581150054932e-02 8.203170448541641235e-02
7.525726407766342163e-02 7.620741426944732666e-02
7.495178282260894775e-02 7.665910571813583374e-02
7.435185462236404419e-02 7.607315480709075928e-02
7.395891845226287842e-02 7.920511066913604736e-02
7.373535633087158203e-02 8.456852287054061890e-02
7.344399392604827881e-02 7.721590995788574219e-02
7.301598042249679565e-02 8.929611742496490479e-02
7.289438694715499878e-02 7.985555380582809448e-02
7.232183218002319336e-02 7.272227853536605835e-02
7.148932665586471558e-02 8.317956328392028809e-02
7.123202085494995117e-02 7.908522337675094604e-02
7.097308337688446045e-02 9.680682420730590820e-02
6.971865147352218628e-02 7.013568282127380371e-02
6.929259002208709717e-02 1.247911453247070312e-01
6.901417672634124756e-02 6.964781880378723145e-02
6.859502941370010376e-02 6.992343813180923462e-02
6.747775524854660034e-02 7.729337364435195923e-02
6.658359616994857788e-02 8.830439299345016479e-02
6.629663705825805664e-02 6.790500134229660034e-02
6.615583598613739014e-02 6.617072224617004395e-02
6.602393835783004761e-02 7.026622444391250610e-02
6.602167338132858276e-02 6.713952869176864624e-02
6.460659950971603394e-02 8.402522653341293335e-02
6.451720744371414185e-02 6.479484587907791138e-02
6.215022504329681396e-02 6.358945369720458984e-02
6.206138059496879578e-02 8.331847935914993286e-02
5.627333000302314758e-02 5.960022285580635071e-02
5.544250085949897766e-02 5.552595108747482300e-02
5.396648496389389038e-02 6.390212476253509521e-02
4.606630653142929077e-02 5.266840010881423950e-02
4.455029964447021484e-02 4.654296860098838806e-02
4.303359985351562500e-02 5.448348447680473328e-02
3.965710476040840149e-02 4.624730721116065979e-02
