1.668235659599304199e-01 1.696300804615020752e-01
1.604733467102050781e-01 1.616503149271011353e-01
1.595412641763687134e-01 1.709822863340377808e-01
1.560531407594680786e-01 1.615727543830871582e-01
1.495657712221145630e-01 1.597617417573928833e-01
1.455866843461990356e-01 1.602105796337127686e-01
1.417046487331390381e-01 1.480317860841751099e-01
1.383918076753616333e-01 1.487719416618347168e-01
1.335300356149673462e-01 1.525947302579879761e-01
1.329917311668395996e-01 1.755493432283401489e-01
1.304029822349548340e-01 1.559773236513137817e-01
1.300433725118637085e-01 1.576627939939498901e-01
1.286873221397399902e-01 1.390995085239410400e-01
1.278894543647766113e-01 1.364153474569320679e-01
1.260560303926467896e-01 1.396883875131607056e-01
1.259905993938446045e-01 1.378548294305801392e-01
1.243811324238777161e-01 1.328554451465606689e-01
1.241984739899635315e-01 1.443930417299270630e-01
1.241982802748680115e-01 1.575314104557037354e-01
1.226086616516113281e-01 1.619106382131576538e-01
1.220745742321014404e-01 1.228014752268791199e-01
1.200656145811080933e-01 1.219448298215866089e-01
1.181820482015609741e-01 1.332187056541442871e-01
1.176690086722373962e-01 1.690901070833206177e-01
1.175315156579017639e-01 1.260783374309539795e-01
1.173408851027488708e-01 1.304746866226196289e-01
1.167391836643218994e-01 1.693776249885559082e-01
1.165228113532066345e-01 1.337633877992630005e-01
1.161419972777366638e-01 1.187326163053512573e-01
1.157549619674682617e-01 1.240035519003868103e-01
1.157266721129417419e-01 1.158743873238563538e-01
1.150317415595054626e-01 1.180228441953659058e-01
1.143777742981910706e-01 1.442764997482299805e-01
1.143585741519927979e-01 1.374380290508270264e-01
1.139981448650360107e-01 1.277936547994613647e-01
1.128707900643348694e-01 1.135464012622833252e-01
1.124125644564628601e-01 1.791006326675415039e-01
1.121340692043304443e-01 1.560913026332855225e-01
1.115010678768157959e-01 1.470022499561309814e-01
1.107469126582145691e-01 1.147394329309463501e-01
1.106305420398712158e-01 1.494741886854171753e-01
1.102854609489440918e-01 1.273526847362518311e-01
1.102367714047431946e-01 1.201413646340370178e-01
1.100629493594169617e-01 1.116217896342277527e-01
1.087471321225166321e-01 1.124522835016250610e-01
1.083265021443367004e-01 1.094777807593345642e-01
1.075391769409179688e-01 1.204849258065223694e-01
1.062117367982864380e-01 1.160649657249450684e-01
1.061116009950637817e-01 1.127032414078712463e-01
1.058771014213562012e-01 1.678063422441482544e-01
1.058570966124534607e-01 1.216512322425842285e-01
1.054198965430259705e-01 1.515166312456130981e-01
1.053937971591949463e-01 1.058155968785285950e-01
1.053847596049308777e-01 1.261689960956573486e-01
1.051305085420608521e-01 1.208787262439727783e-01
1.049701943993568420e-01 1.123968213796615601e-01
1.049446910619735718e-01 1.291226744651794434e-01
1.049436256289482117e-01 1.324991136789321899e-01
1.044299751520156860e-01 1.235527694225311279e-01
1.038402169942855835e-01 1.217670962214469910e-01
1.036655083298683167e-01 1.043079718947410583e-01
1.030597612261772156e-01 1.298717707395553589e-01
1.024516671895980835e-01 1.355306804180145264e-01
1.023403257131576538e-01 1.338194161653518677e-01
1.015487164258956909e-01 1.458192467689514160e-01
1.015341356396675110e-01 1.902500540018081665e-01
1.007554084062576294e-01 1.083731725811958313e-01
1.006961092352867126e-01 1.102282106876373291e-01
1.004031673073768616e-01 1.783591359853744507e-01
1.003076806664466858e-01 1.021316125988960266e-01
1.001120954751968384e-01 1.091511473059654236e-01
9.983538836240768433e-02 1.124157458543777466e-01
9.970664978027343750e-02 1.015281081199645996e-01
9.948746114969253540e-02 1.021533608436584473e-01
9.948386251926422119e-02 1.192616596817970276e-01
9.930979460477828979e-02 1.011036783456802368e-01
9.901491552591323853e-02 1.162451207637786865e-01
9.884713590145111084e-02 1.084272861480712891e-01
9.873967617750167847e-02 1.839335560798645020e-01
9.832661598920822144e-02 1.045913547277450562e-01
9.812960028648376465e-02 1.210170015692710876e-01
9.727170318365097046e-02 1.109657511115074158e-01
9.717848151922225952e-02 1.019053608179092407e-01
9.637811779975891113e-02 9.699818491935729980e-02
9.593078494071960449e-02 1.115242019295692444e-01
9.580327570438385010e-02 1.007348522543907166e-01
9.580189734697341919e-02 9.662036597728729248e-02
9.571950882673263550e-02 1.824798285961151123e-01
9.564793854951858521e-02 9.800460934638977051e-02
9.543708711862564087e-02 9.918462485074996948e-02
9.504879266023635864e-02 1.273319572210311890e-01
9.489213675260543823e-02 1.680319607257843018e-01
9.375479817390441895e-02 1.108089014887809753e-01
9.362049400806427002e-02 9.664216637611389160e-02
9.206703305244445801e-02 1.129534021019935608e-01
9.177322685718536377e-02 9.616662561893463135e-02
9.162788838148117065e-02 9.926900267601013184e-02
9.145375341176986694e-02 1.275198608636856079e-01
9.141216427087783813e-02 9.222496300935745239e-02
9.111263602972030640e-02 1.085491105914115906e-01
9.082757681608200073e-02 1.158775389194488525e-01
9.075898677110671997e-02 9.116917848587036133e-02
8.988915383815765381e-02 9.508568048477172852e-02
8.987123519182205200e-02 9.041132032871246338e-02
8.933820575475692749e-02 2.013817876577377319e-01
8.911760151386260986e-02 1.085899695754051208e-01
8.888948708772659302e-02 1.179683655500411987e-01
8.830346167087554932e-02 1.141912788152694702e-01
8.757292479276657104e-02 1.085239350795745850e-01
8.715145289897918701e-02 9.581572562456130981e-02
8.690102398395538330e-02 8.805841207504272461e-02
8.605243265628814697e-02 1.321867257356643677e-01
8.521866798400878906e-02 1.755330711603164673e-01
8.488897979259490967e-02 8.584061264991760254e-02
8.445460349321365356e-02 8.822169899940490723e-02
8.433329313993453979e-02 9.058326482772827148e-02
8.410573005676269531e-02 9.457616508007049561e-02
8.387496322393417358e-02 1.328848153352737427e-01
8.367698639631271362e-02 1.062117069959640503e-01
8.277751505374908447e-02 1.305263787508010864e-01
8.263739943504333496e-02 9.180134534835815430e-02
8.224166929721832275e-02 8.242962509393692017e-02
8.192063868045806885e-02 9.964809566736221313e-02
8.166246861219406128e-02 8.890610188245773315e-02
8.076904714107513428e-02 8.299010992050170898e-02
8.001492172479629517e-02 9.823912382125854492e-02
7.939511537551879883e-02 1.305012255907058716e-01
7.936567068099975586e-02 8.087833970785140991e-02
7.886828482151031494e-02 1.216325610876083374e-01
7.877414673566818237e-02 8.245123177766799927e-02
7.865750789642333984e-02 8.009727299213409424e-02
7.845570147037506104e-02 8.765067160129547119e-02
7.825704663991928101e-02 1.040702909231185913e-01
7.751308381557464600e-02 8.606571704149246216e-02
7.725851237773895264e-02 8.516095578670501709e-02
7.695806771516799927e-02 8.029475808143615723e-02
7.589787989854812622e-02 2.156316190958023071e-01
7.497052848339080811e-02 8.213499933481216431e-02
7.442709058523178101e-02 7.749556005001068115e-02
7.403022050857543945e-02 9.135799109935760498e-02
7.367099821567535400e-02 9.299631416797637939e-02
7.245657593011856079e-02 9.344756603240966797e-02
7.144030928611755371e-02 7.473552972078323364e-02
7.143097370862960815e-02 7.808852195739746094e-02
7.094351947307586670e-02 7.445157319307327271e-02
7.071650773286819458e-02 7.150185108184814453e-02
7.007644325494766235e-02 1.002829000353813171e-01
7.003776729106903076e-02 8.228003233671188354e-02
6.920906156301498413e-02 8.797445148229598999e-02
6.850281357765197754e-02 7.191411405801773071e-02
6.793991476297378540e-02 7.813892513513565063e-02
6.760621815919876099e-02 8.460139483213424683e-02
6.732931733131408691e-02 1.138762831687927246e-01
6.697782129049301147e-02 6.715206056833267212e-02
6.677258759737014771e-02 7.549455761909484863e-02
6.632357835769653320e-02 9.515828639268875122e-02
6.619813293218612671e-02 7.194672524929046631e-02
6.608963012695312500e-02 7.886050641536712646e-02
6.448104232549667358e-02 6.619647145271301270e-02
6.426309794187545776e-02 1.026674434542655945e-01
6.383560597896575928e-02 9.347607195377349854e-02
6.378311663866043091e-02 6.615278869867324829e-02
6.368090957403182983e-02 8.845566213130950928e-02
6.324778497219085693e-02 6.644824147224426270e-02
6.304873526096343994e-02 6.420302391052246094e-02
6.229536980390548706e-02 6.344096362590789795e-02
6.205304339528083801e-02 6.446535885334014893e-02
6.118788197636604309e-02 6.662796437740325928e-02
6.061637029051780701e-02 6.548463553190231323e-02
6.051772460341453552e-02 7.282333821058273315e-02
5.940887704491615295e-02 9.155456721782684326e-02
5.858005583286285400e-02 1.171271651983261108e-01
5.815111473202705383e-02 7.334490865468978882e-02
5.775225907564163208e-02 7.467570155858993530e-02
5.546560510993003845e-02 6.925240904092788696e-02
5.381726101040840149e-02 6.493256986141204834e-02
4.481571540236473083e-02 4.774003103375434875e-02
4.458775371313095093e-02 4.601209238171577454e-02
