1.652856916189193726e-01 1.665303856134414673e-01
1.609587669372558594e-01 1.654187142848968506e-01
1.557697057723999023e-01 1.673189997673034668e-01
1.498073935508728027e-01 1.533152610063552856e-01
1.443735808134078979e-01 1.542551368474960327e-01
1.378957033157348633e-01 1.512364894151687622e-01
1.374825239181518555e-01 1.522713601589202881e-01
1.309322714805603027e-01 1.601917445659637451e-01
1.308747380971908569e-01 1.829695552587509155e-01
1.303034424781799316e-01 1.407455056905746460e-01
1.285013854503631592e-01 1.319417059421539307e-01
1.277350634336471558e-01 1.411646008491516113e-01
1.250251233577728271e-01 1.440001130104064941e-01
1.241496726870536804e-01 1.524375826120376587e-01
1.232082620263099670e-01 1.354668587446212769e-01
1.223421916365623474e-01 1.345841884613037109e-01
1.219779625535011292e-01 1.338618248701095581e-01
1.198245063424110413e-01 1.551479399204254150e-01
1.193091124296188354e-01 1.267336308956146240e-01
1.177821010351181030e-01 1.326244920492172241e-01
1.166775450110435486e-01 1.361873298883438110e-01
1.158309802412986755e-01 1.381194442510604858e-01
1.157932579517364502e-01 1.637082695960998535e-01
1.135346442461013794e-01 1.699838638305664062e-01
1.121412292122840881e-01 1.151281744241714478e-01
1.109925210475921631e-01 1.161541342735290527e-01
1.093164160847663879e-01 1.574663221836090088e-01
1.086997166275978088e-01 1.291295140981674194e-01
1.075789406895637512e-01 1.329418420791625977e-01
1.069674268364906311e-01 1.074596792459487915e-01
1.064835861325263977e-01 1.065105721354484558e-01
1.062954589724540710e-01 1.621873229742050171e-01
1.061898916959762573e-01 1.470850706100463867e-01
1.056196987628936768e-01 1.074250787496566772e-01
1.054936051368713379e-01 1.741876751184463501e-01
1.054561510682106018e-01 1.066789776086807251e-01
1.052135676145553589e-01 1.108302399516105652e-01
1.048651635646820068e-01 1.184722334146499634e-01
1.048211380839347839e-01 1.687875092029571533e-01
1.045417115092277527e-01 1.104180440306663513e-01
1.024360582232475281e-01 1.459222435951232910e-01
1.024224087595939636e-01 1.092637330293655396e-01
1.021713688969612122e-01 1.082274839282035828e-01
1.011432781815528870e-01 1.821502745151519775e-01
1.002917364239692688e-01 1.173862516880035400e-01
9.989752620458602905e-02 1.751040369272232056e-01
9.965381026268005371e-02 1.617078930139541626e-01
9.894597530364990234e-02 1.920053660869598389e-01
9.857330471277236938e-02 1.039370298385620117e-01
9.828474372625350952e-02 1.162286400794982910e-01
9.722006320953369141e-02 1.172776594758033752e-01
9.717411547899246216e-02 1.157807484269142151e-01
9.677251428365707397e-02 1.130159720778465271e-01
9.665630012750625610e-02 1.861390024423599243e-01
9.473612904548645020e-02 1.426801681518554688e-01
9.431904554367065430e-02 1.420535892248153687e-01
9.415207058191299438e-02 1.216429322957992554e-01
9.336204081773757935e-02 1.064007505774497986e-01
9.274958074092864990e-02 1.107369661331176758e-01
9.200576692819595337e-02 9.573388099670410156e-02
9.103048592805862427e-02 9.893609583377838135e-02
9.086298197507858276e-02 1.556921005249023438e-01
8.973173052072525024e-02 1.008274555206298828e-01
8.927860856056213379e-02 9.343510121107101440e-02
8.868685364723205566e-02 9.987664967775344849e-02
8.824426680803298950e-02 1.171661615371704102e-01
8.724354207515716553e-02 9.594415128231048584e-02
8.689426630735397339e-02 9.079965204000473022e-02
8.676508069038391113e-02 1.178901419043540955e-01
8.673609048128128052e-02 1.018685102462768555e-01
8.658755570650100708e-02 1.155149564146995544e-01
8.547722548246383667e-02 1.167233884334564209e-01
8.543115109205245972e-02 8.731280267238616943e-02
8.231785893440246582e-02 9.939306974411010742e-02
8.122764527797698975e-02 1.002250090241432190e-01
8.108477294445037842e-02 1.289655864238739014e-01
8.107893913984298706e-02 1.022851914167404175e-01
8.064693212509155273e-02 1.131130084395408630e-01
8.060471713542938232e-02 9.030234813690185547e-02
8.050395548343658447e-02 2.394439727067947388e-01
8.035082370042800903e-02 8.338441699743270874e-02
7.987488806247711182e-02 8.295254409313201904e-02
7.965642958879470825e-02 1.235668957233428955e-01
7.900850474834442139e-02 8.456333726644515991e-02
7.864423096179962158e-02 1.109022572636604309e-01
7.856538146734237671e-02 1.432230919599533081e-01
7.842468470335006714e-02 1.026797071099281311e-01
7.813267409801483154e-02 9.718551486730575562e-02
7.812313735485076904e-02 1.021990627050399780e-01
7.682898640632629395e-02 9.192968904972076416e-02
7.671583443880081177e-02 1.212314367294311523e-01
7.666682451963424683e-02 7.684187591075897217e-02
7.629048079252243042e-02 1.017975360155105591e-01
7.582513242959976196e-02 1.182982400059700012e-01
7.566305249929428101e-02 1.219646111130714417e-01
7.565315067768096924e-02 9.651516377925872803e-02
7.501803338527679443e-02 8.735619485378265381e-02
7.469213008880615234e-02 8.550562709569931030e-02
7.456302642822265625e-02 7.477696985006332397e-02
7.397972792387008667e-02 8.272051066160202026e-02
7.388427853584289551e-02 1.045437529683113098e-01
7.295381277799606323e-02 1.062665581703186035e-01
7.294351607561111450e-02 7.735627144575119019e-02
7.275106757879257202e-02 8.906348049640655518e-02
7.270029187202453613e-02 9.811082482337951660e-02
7.259923964738845825e-02 9.355472773313522339e-02
7.177834957838058472e-02 7.472500205039978027e-02
7.125459611415863037e-02 9.786600619554519653e-02
6.969448924064636230e-02 7.855957001447677612e-02
6.947967410087585449e-02 1.255228221416473389e-01
6.927011907100677490e-02 8.229696750640869141e-02
6.922147423028945923e-02 8.178209513425827026e-02
6.905780732631683350e-02 7.350642979145050049e-02
6.895492970943450928e-02 2.511551082134246826e-01
6.880059838294982910e-02 8.493606746196746826e-02
6.687509268522262573e-02 6.801666319370269775e-02
6.593060493469238281e-02 8.296538144350051880e-02
6.582520157098770142e-02 7.197148352861404419e-02
6.520824879407882690e-02 7.399779558181762695e-02
6.474500894546508789e-02 6.768926978111267090e-02
6.464999914169311523e-02 7.700616121292114258e-02
6.342327594757080078e-02 8.425148576498031616e-02
6.238387525081634521e-02 6.505666673183441162e-02
6.154103949666023254e-02 6.440158933401107788e-02
5.973599478602409363e-02 6.305397301912307739e-02
5.959500744938850403e-02 6.754282861948013306e-02
5.936625972390174866e-02 7.975392788648605347e-02
5.904633924365043640e-02 6.957519054412841797e-02
5.858977138996124268e-02 5.968469753861427307e-02
5.831854417920112610e-02 8.264993131160736084e-02
5.793908610939979553e-02 6.720919162034988403e-02
5.786603316664695740e-02 7.988070696592330933e-02
5.595719069242477417e-02 5.867512524127960205e-02
5.409325286746025085e-02 5.478285998106002808e-02
5.375819653272628784e-02 5.537077039480209351e-02
5.337848514318466187e-02 6.120444461703300476e-02
5.265650898218154907e-02 5.671854317188262939e-02
5.132675915956497192e-02 8.685939013957977295e-02
5.025207623839378357e-02 5.631380900740623474e-02
5.004253238439559937e-02 5.355760082602500916e-02
4.923136904835700989e-02 5.962902307510375977e-02
4.852285981178283691e-02 5.998948588967323303e-02
4.572436213493347168e-02 4.963487386703491211e-02
4.108199477195739746e-02 4.251410439610481262e-02
3.676393255591392517e-02 3.975062817335128784e-02
3.305823355913162231e-02 3.524290770292282104e-02
3.090136684477329254e-02 3.674941882491111755e-02
