1.877367645502090454e-01 2.106681913137435913e-01
1.647178083658218384e-01 1.865436285734176636e-01
1.614128202199935913e-01 1.824736297130584717e-01
1.529923379421234131e-01 1.539747864007949829e-01
1.434754580259323120e-01 1.472708731889724731e-01
1.431817114353179932e-01 1.514930725097656250e-01
1.405801624059677124e-01 1.573517471551895142e-01
1.395345777273178101e-01 1.400975584983825684e-01
1.374903023242950439e-01 1.877885907888412476e-01
1.368032246828079224e-01 1.446506381034851074e-01
1.332312971353530884e-01 1.933412700891494751e-01
1.319450289011001587e-01 1.491845101118087769e-01
1.310906708240509033e-01 1.482301801443099976e-01
1.295829266309738159e-01 1.516012549400329590e-01
1.278769820928573608e-01 1.613637953996658325e-01
1.271413117647171021e-01 1.351923197507858276e-01
1.268970817327499390e-01 2.035518884658813477e-01
1.267154663801193237e-01 1.308441162109375000e-01
1.264341473579406738e-01 1.324254870414733887e-01
1.251351684331893921e-01 1.750743091106414795e-01
1.240103095769882202e-01 1.552328318357467651e-01
1.239707171916961670e-01 1.407370716333389282e-01
1.225139573216438293e-01 1.412729620933532715e-01
1.218682155013084412e-01 1.426704078912734985e-01
1.214410290122032166e-01 1.303493082523345947e-01
1.212074905633926392e-01 1.219974085688591003e-01
1.205474138259887695e-01 1.446053832769393921e-01
1.204878985881805420e-01 1.221079453825950623e-01
1.199243068695068359e-01 1.567160040140151978e-01
1.197668835520744324e-01 1.325750499963760376e-01
1.194908246397972107e-01 1.291685253381729126e-01
1.184049919247627258e-01 1.339416354894638062e-01
1.181568056344985962e-01 1.320958584547042847e-01
1.169518977403640747e-01 1.245750486850738525e-01
1.157691851258277893e-01 1.484656035900115967e-01
1.157275512814521790e-01 1.349096298217773438e-01
1.154921129345893860e-01 1.239153519272804260e-01
1.146879047155380249e-01 1.209497004747390747e-01
1.146680414676666260e-01 1.882712244987487793e-01
1.145197227597236633e-01 1.208366528153419495e-01
1.144207864999771118e-01 1.313036382198333740e-01
1.136724427342414856e-01 1.293300390243530273e-01
1.135401949286460876e-01 1.142100095748901367e-01
1.134143918752670288e-01 1.340220570564270020e-01
1.121484413743019104e-01 1.344629675149917603e-01
1.118070855736732483e-01 1.437615156173706055e-01
1.116799116134643555e-01 1.203453019261360168e-01
1.115378811955451965e-01 1.454450786113739014e-01
1.109884828329086304e-01 2.104330360889434814e-01
1.108233928680419922e-01 1.147591322660446167e-01
1.103112027049064636e-01 1.172652468085289001e-01
1.091248318552970886e-01 1.153500601649284363e-01
1.080551445484161377e-01 1.247349604964256287e-01
1.078087911009788513e-01 1.264518052339553833e-01
1.075032800436019897e-01 1.118590980768203735e-01
1.074464842677116394e-01 1.195318177342414856e-01
1.068484261631965637e-01 1.223659589886665344e-01
1.068274378776550293e-01 1.107148528099060059e-01
1.067124381661415100e-01 1.196093112230300903e-01
1.065750420093536377e-01 1.085412502288818359e-01
1.064847633242607117e-01 1.457961797714233398e-01
1.064428389072418213e-01 1.406673938035964966e-01
1.051603332161903381e-01 1.610215902328491211e-01
1.047299131751060486e-01 1.233590692281723022e-01
1.045558825135231018e-01 1.170334070920944214e-01
1.031692400574684143e-01 1.226489841938018799e-01
1.031210049986839294e-01 1.202342584729194641e-01
1.028194651007652283e-01 1.366817951202392578e-01
1.019858121871948242e-01 1.784466803073883057e-01
1.017315536737442017e-01 1.124037280678749084e-01
1.009479910135269165e-01 1.137115284800529480e-01
1.004176586866378784e-01 1.101197674870491028e-01
1.003614738583564758e-01 1.007193177938461304e-01
1.002426892518997192e-01 1.350210607051849365e-01
9.985969960689544678e-02 1.207010447978973389e-01
9.960413724184036255e-02 1.757853031158447266e-01
9.944862127304077148e-02 1.574665158987045288e-01
9.942152351140975952e-02 1.051752790808677673e-01
9.851126372814178467e-02 1.358874440193176270e-01
9.788545221090316772e-02 1.366853564977645874e-01
9.772276133298873901e-02 1.193639785051345825e-01
9.683518856763839722e-02 1.024828627705574036e-01
9.678627550601959229e-02 1.117149367928504944e-01
9.675391018390655518e-02 1.095101460814476013e-01
9.674812853336334229e-02 1.238126009702682495e-01
9.673141688108444214e-02 1.086642891168594360e-01
9.530544281005859375e-02 1.009445562958717346e-01
9.521358460187911987e-02 1.121330708265304565e-01
9.514573961496353149e-02 1.011930182576179504e-01
9.486874938011169434e-02 1.946958303451538086e-01
9.481091052293777466e-02 1.223396509885787964e-01
9.445700794458389282e-02 1.035898402333259583e-01
9.336097538471221924e-02 1.028164178133010864e-01
9.276080876588821411e-02 1.254769712686538696e-01
9.221663326025009155e-02 1.544788032770156860e-01
9.189295023679733276e-02 9.542024880647659302e-02
9.167876839637756348e-02 9.847914427518844604e-02
9.167389571666717529e-02 1.061560511589050293e-01
9.167354553937911987e-02 1.109378337860107422e-01
9.132295101881027222e-02 1.067359969019889832e-01
9.044248610734939575e-02 9.634200483560562134e-02
9.016950428485870361e-02 1.530833989381790161e-01
8.974657952785491943e-02 1.900476515293121338e-01
8.969420194625854492e-02 2.006061375141143799e-01
8.961744606494903564e-02 9.098514169454574585e-02
8.955422788858413696e-02 9.953939169645309448e-02
8.942905813455581665e-02 1.017191559076309204e-01
8.928643912076950073e-02 9.122636169195175171e-02
8.885320276021957397e-02 9.324909001588821411e-02
8.805274218320846558e-02 8.848387002944946289e-02
8.799546957015991211e-02 8.965668082237243652e-02
8.790463209152221680e-02 9.040010720491409302e-02
8.772092312574386597e-02 1.892699152231216431e-01
8.766070008277893066e-02 9.607188403606414795e-02
8.743885159492492676e-02 9.512403607368469238e-02
8.670949935913085938e-02 1.164804473519325256e-01
8.655565232038497925e-02 9.529706835746765137e-02
8.641520887613296509e-02 9.690617769956588745e-02
8.604066818952560425e-02 8.831129223108291626e-02
8.586785197257995605e-02 1.017680540680885315e-01
8.465112000703811646e-02 9.107889980077743530e-02
8.446367830038070679e-02 1.335949003696441650e-01
8.389262855052947998e-02 1.109080091118812561e-01
8.379554748535156250e-02 9.316457808017730713e-02
8.368360996246337891e-02 8.588245511054992676e-02
8.367081731557846069e-02 8.918809145689010620e-02
8.300986140966415405e-02 8.397398144006729126e-02
8.223919570446014404e-02 1.086037531495094299e-01
8.218804001808166504e-02 8.387590944766998291e-02
8.212565630674362183e-02 9.624209254980087280e-02
8.197829127311706543e-02 8.472761511802673340e-02
8.190390467643737793e-02 1.526354700326919556e-01
8.160484582185745239e-02 9.154299646615982056e-02
8.103961497545242310e-02 9.254404157400131226e-02
8.001224696636199951e-02 2.041408270597457886e-01
7.764531672000885010e-02 8.758099377155303955e-02
7.763890177011489868e-02 8.151233941316604614e-02
7.718943059444427490e-02 8.045084029436111450e-02
7.685733586549758911e-02 7.711513340473175049e-02
7.580609619617462158e-02 7.796075940132141113e-02
7.527919858694076538e-02 8.802101016044616699e-02
7.505045831203460693e-02 8.760355412960052490e-02
7.455289363861083984e-02 8.002515882253646851e-02
7.387685775756835938e-02 8.616577088832855225e-02
7.324650883674621582e-02 7.715080678462982178e-02
7.322961091995239258e-02 7.639915496110916138e-02
7.236517965793609619e-02 7.860925793647766113e-02
7.209583371877670288e-02 1.069326400756835938e-01
7.197766751050949097e-02 8.250328153371810913e-02
7.177907228469848633e-02 9.488771855831146240e-02
7.157558947801589966e-02 7.315029203891754150e-02
7.115294784307479858e-02 8.033213019371032715e-02
7.103316485881805420e-02 7.975418865680694580e-02
7.087882608175277710e-02 7.886606454849243164e-02
7.049425691366195679e-02 8.831407874822616577e-02
7.044465094804763794e-02 7.904712110757827759e-02
6.938739866018295288e-02 9.332593530416488647e-02
6.935049593448638916e-02 7.165614515542984009e-02
6.930495798587799072e-02 6.942643970251083374e-02
6.926085054874420166e-02 8.948467671871185303e-02
6.915714591741561890e-02 8.387590944766998291e-02
6.753051280975341797e-02 8.040061593055725098e-02
6.751769781112670898e-02 7.534979283809661865e-02
6.731332093477249146e-02 8.946576714515686035e-02
6.726903468370437622e-02 7.253608852624893188e-02
6.719322502613067627e-02 7.950549572706222534e-02
6.568180024623870850e-02 6.800068169832229614e-02
6.531389057636260986e-02 1.003134027123451233e-01
6.518334895372390747e-02 7.628334313631057739e-02
6.420118361711502075e-02 6.493628025054931641e-02
6.412600725889205933e-02 6.941756606101989746e-02
6.357552856206893921e-02 8.438909798860549927e-02
6.328271329402923584e-02 6.466837972402572632e-02
6.203609332442283630e-02 7.475858181715011597e-02
6.179083138704299927e-02 7.599431276321411133e-02
5.972053855657577515e-02 7.017522305250167847e-02
5.895509570837020874e-02 6.624206155538558960e-02
5.890358984470367432e-02 6.752490252256393433e-02
5.801824480295181274e-02 6.502340734004974365e-02
5.732661113142967224e-02 7.913827151060104370e-02
5.381862074136734009e-02 5.465499311685562134e-02
4.673000425100326538e-02 4.894438385963439941e-02
