4.767866306773609064e-02 5.055464678999783273e-02
5.627677640846390911e-02 6.410941961589616822e-02
5.731389067415318395e-02 5.952146658961594144e-02
6.084928802892432265e-02 6.315336208788395467e-02
6.851530645603459702e-02 6.931951898229644915e-02
7.100158401314880796e-02 8.316459075281738833e-02
7.121002247251702333e-02 7.875440482811034426e-02
7.172671992093078430e-02 1.061307498978944913e-01
7.774774007874207804e-02 1.052535536512109321e-01
8.172941515744541752e-02 9.170901904636533097e-02
8.261165912859982918e-02 8.363497919488634136e-02
8.341022429889015377e-02 8.419518164431778751e-02
8.540827629763424189e-02 1.631622100529059594e-01
8.724575658681830992e-02 1.280974766024193245e-01
8.728108312977124472e-02 8.807632815715832342e-02
8.772137379324786155e-02 1.020083392330877886e-01
8.893780513886243022e-02 9.919666392112767850e-02
8.915961317103186790e-02 9.280231231941235559e-02
8.936183374467275564e-02 9.017788740377785661e-02
8.940563668635712058e-02 9.116369957739080265e-02
9.057892593853934804e-02 1.103297507131976440e-01
9.083914657573975704e-02 1.023866077682156345e-01
9.168129037470829079e-02 1.132163142300657149e-01
9.374586112675946381e-02 9.499454154193717748e-02
9.430987993114958723e-02 1.011750828141107089e-01
9.443337098684732867e-02 9.744463353885499113e-02
9.540487573750698613e-02 1.251155230545711872e-01
9.590308363470879949e-02 1.191416801292416588e-01
9.668776296153695771e-02 1.208854024677164934e-01
9.726731958976825299e-02 1.118625211708143413e-01
9.771999486170469817e-02 1.067097212824046348e-01
9.861334844509810071e-02 2.271989113968561069e-01
9.926000737366620641e-02 1.150163092465986830e-01
9.935513292243441930e-02 1.028379969129519234e-01
9.942361134449435867e-02 1.376708582836800587e-01
9.944703149993103231e-02 1.574444968516827414e-01
9.990016462525096175e-02 1.885839421730909904e-01
1.000461165780844042e-01 1.133823005217922952e-01
1.006060502176460703e-01 1.092823509447016228e-01
1.008330329779707490e-01 1.108186046557899512e-01
1.010032478711366810e-01 1.916580946680581099e-01
1.013225915451006764e-01 1.740046223186559604e-01
1.014083562915246567e-01 1.302585600929102583e-01
1.015214604913154545e-01 1.066080229976754112e-01
1.016033067530972278e-01 1.562234185891148708e-01
1.016371450829969408e-01 1.281305077592702069e-01
1.017325954141218292e-01 1.183114284727847659e-01
1.022419368274182228e-01 1.301807958463094272e-01
1.030890481471263137e-01 1.130304491074057699e-01
1.040747524966149362e-01 1.792837910024577264e-01
1.041982922640530967e-01 1.302585600929102583e-01
1.042309565591659354e-01 1.587536955717664400e-01
1.045415678593168834e-01 1.414787005214243332e-01
1.047130387353096825e-01 1.163144790589925315e-01
1.051234808902929141e-01 1.173412388970331011e-01
1.054907223813318917e-01 1.175586674553079636e-01
1.055281208387499198e-01 1.361825451482467364e-01
1.058255480765486617e-01 1.957567764086790285e-01
1.060886357997087026e-01 1.156407005230317420e-01
1.061318424778673192e-01 2.517294270891681784e-01
1.065057167432357788e-01 1.229375820457654367e-01
1.071476875117060718e-01 1.454534798885573910e-01
1.072464500858289344e-01 1.626449324124646933e-01
1.076987637702132711e-01 1.134361490142770795e-01
1.077224016019061453e-01 1.100201552181174491e-01
1.077419522745766411e-01 1.115502695536292332e-01
1.079718045076926147e-01 1.512299539680523885e-01
1.082782409579191446e-01 1.344171551187754998e-01
1.089465302681522640e-01 1.270709086355221451e-01
1.089567518426498433e-01 1.340652440891047792e-01
1.091150929329584712e-01 1.322776751748466761e-01
1.093082689160752019e-01 1.305471045232730332e-01
1.097846910150822031e-01 1.136147912746986455e-01
1.098672129666228986e-01 1.403369605180574131e-01
1.114296106808308900e-01 2.264442044375141738e-01
1.115048840300478100e-01 1.235673899580046059e-01
1.116029481682169616e-01 1.852127010345016589e-01
1.119278488412640410e-01 1.228310722036801278e-01
1.121728650607889538e-01 1.583708353297369475e-01
1.124130491159142098e-01 1.607811913889337363e-01
1.124446289750685862e-01 1.719131784965609311e-01
1.127469920910054990e-01 1.315686548418732171e-01
1.130211699509882650e-01 1.198704177861158460e-01
1.131166936327133721e-01 2.190312742426883674e-01
1.131669739738705854e-01 1.453826253017264925e-01
1.134069472490342873e-01 1.223409960512294448e-01
1.134334897596007002e-01 1.511694010157880463e-01
1.137483249803579594e-01 1.302231786088048904e-01
1.137841253061106089e-01 1.500148426826726500e-01
1.139010269757522592e-01 1.192215799424999056e-01
1.139096779097813206e-01 1.493419963004542217e-01
1.139699078569474805e-01 1.143143777313181536e-01
1.140088909173741366e-01 1.458224420556134271e-01
1.140094722729812632e-01 1.640387801369181109e-01
1.140459214665197341e-01 1.151163150066008695e-01
1.142435133718676388e-01 1.168391708541531571e-01
1.142562577368987503e-01 1.446689633173074974e-01
1.142974569700000997e-01 1.271143600644993599e-01
1.143589167938466739e-01 1.803997962707655223e-01
1.146681487584172848e-01 1.294320639834224684e-01
1.155363490591889836e-01 1.501781610462440408e-01
1.156757422364424054e-01 1.260878406985790345e-01
1.158662559994366736e-01 1.501846592185708262e-01
1.163589521393753323e-01 1.311905717317007336e-01
1.166978075383112851e-01 1.199338078849669920e-01
1.167316994259415264e-01 1.664314164639278948e-01
1.169046698005390267e-01 1.173398527126588292e-01
1.170926568727090333e-01 1.330389681864696805e-01
1.171587477167501251e-01 1.484762555032746179e-01
1.172012463435252450e-01 1.438198871649075949e-01
1.174649111948518759e-01 1.502066213954619256e-01
1.176735712022108776e-01 1.187059968516061825e-01
1.181581273273036164e-01 1.269045074176744226e-01
1.184311601644653655e-01 1.234310307911619803e-01
1.187213464458490852e-01 1.218383331572554379e-01
1.188171263715039755e-01 1.534177128475191498e-01
1.189021921805536175e-01 1.313257526835763245e-01
1.190087548628155079e-01 1.201841945889846330e-01
1.191921258727883792e-01 1.269567062876928720e-01
1.193121641645267794e-01 1.713413665760511739e-01
1.196031357634488312e-01 1.232993727199572509e-01
1.196439323888167372e-01 1.203437237696417111e-01
1.200222155535232149e-01 1.519725693663815380e-01
1.206279174344241784e-01 1.214728293242181983e-01
1.214006556175152712e-01 2.155724991292731485e-01
1.216113954127407276e-01 1.435304090946489808e-01
1.222340993269744741e-01 1.423145860504129445e-01
1.224163699229116470e-01 1.706920000424770045e-01
1.243896987621357225e-01 1.543634763607181493e-01
1.247582568402339637e-01 1.400656074987046418e-01
1.251766884685332204e-01 1.593384092874256808e-01
1.253558744406437497e-01 1.346173761327183194e-01
1.268959883908141462e-01 2.435526396818760708e-01
1.279572297552919735e-01 1.587348918195114755e-01
1.280235006415072485e-01 1.331804755507170757e-01
1.282307416670122602e-01 1.424116257172318434e-01
1.289197061588789328e-01 1.436817481050479128e-01
1.291276227184909586e-01 2.190089714608212945e-01
1.295702147364813650e-01 1.527749233020138098e-01
1.297801611824817569e-01 1.544564558385918551e-01
1.300734784017859580e-01 1.323759012126106416e-01
1.306567492653152029e-01 1.366537479012097656e-01
1.314238068147595695e-01 1.390033243681305375e-01
1.316117025271101859e-01 1.412971778209441420e-01
1.326902152773425936e-01 1.515499150565402242e-01
1.337597779785698604e-01 1.602785141552847681e-01
1.344704438661003532e-01 1.412266592387700359e-01
1.354399745554757395e-01 1.657957097681722614e-01
1.361989250642351990e-01 1.858050366491959260e-01
1.367403576381491237e-01 1.389485821316447378e-01
1.375028656094815782e-01 1.754408019379070649e-01
1.378662159316507152e-01 1.745298010824411494e-01
1.384556762385403261e-01 1.404460164825643842e-01
1.390617310911608506e-01 1.406909557304868996e-01
1.404275037565169415e-01 1.471913564032266142e-01
1.416006371032621503e-01 1.689157413165392474e-01
1.431373638016984196e-01 1.567224728853444660e-01
1.441946602375153152e-01 1.517613918998561018e-01
1.447999900473102564e-01 1.529661837955514636e-01
1.480507898093899599e-01 1.912113226031941227e-01
1.485901134882439134e-01 1.811799039042556181e-01
1.551394627001093374e-01 1.745329927183136010e-01
1.564300294594518914e-01 1.990981051537326074e-01
1.624525819007946459e-01 1.637690555268390136e-01
1.625133086856175579e-01 1.634669865323754301e-01
1.631426666209278564e-01 1.686727715169385744e-01
1.706365584790666967e-01 1.728816795322936917e-01
1.708275412994392783e-01 2.024483440925202715e-01
1.763929351424077807e-01 1.981133060626288078e-01
