8.613603678711150013e-02 9.273342579199299329e-02
9.526337307907417618e-02 9.614899733127489634e-02
1.070623344494682355e-01 1.107630045708611344e-01
1.099008130355537544e-01 1.133095141351360274e-01
1.202976315806372209e-01 1.221533977400969112e-01
1.288727552082069294e-01 1.341481931424841623e-01
1.311220162666157374e-01 1.323237963609364687e-01
1.326121508427413886e-01 1.364458901760288168e-01
1.418524293409585413e-01 1.424394503378676458e-01
1.429775466613985302e-01 1.442152552385663755e-01
1.430901663245308930e-01 1.556939698622755996e-01
1.434335293809662071e-01 1.447038791621192422e-01
1.485742849420550460e-01 1.577453436723679769e-01
1.522581173665167875e-01 1.581608355640619357e-01
1.555898018297494079e-01 1.603005970331250196e-01
1.619025580354548910e-01 1.655335589525005757e-01
1.620466760850887422e-01 1.632288332424527977e-01
1.783192747525191579e-01 1.862442971484476739e-01
1.835377410230323025e-01 1.870367358327622853e-01
1.898847924951495847e-01 1.907102341212715269e-01
1.931186440804459059e-01 1.957863082906456387e-01
2.018559954694990333e-01 2.061597405098500035e-01
2.033743403221327795e-01 2.049825385250174381e-01
2.038402755705624458e-01 2.108356641392136188e-01
2.387831384534048196e-01 2.448022609116162207e-01
2.495709740622482631e-01 8.283540951315359058e-01
3.006755150398584542e-01 3.016561564401196716e-01
3.252227005275107330e-01 3.260450864548135597e-01
3.267788293119214260e-01 3.287470709697385418e-01
3.414632702471517844e-01 3.441699169175037598e-01
4.429307535168815479e-01 4.469539381134803868e-01
8.184908532501733447e-01 8.237502023222506020e-01
