4.330273979067091050e-02 4.916402098548420391e-02
4.590040307680696291e-02 4.683262273567655870e-02
5.044383303934008717e-02 5.058748489964139117e-02
5.302197511692593318e-02 5.834134557775671331e-02
5.731188034326126918e-02 7.694602872700892493e-02
5.851202664081622817e-02 6.339683698785868182e-02
6.327424998011396684e-02 6.601839091640158974e-02
6.567359143546667999e-02 6.872078221986557822e-02
6.984520909001749878e-02 7.250735962562294967e-02
7.166993525095904927e-02 8.019020141122845668e-02
7.237702734758516554e-02 7.732770078372856737e-02
7.636185139729971538e-02 1.004363980678830148e-01
7.913520472211979517e-02 8.499702424480377883e-02
7.924301796819251120e-02 8.242233146799170240e-02
8.095956339272271374e-02 8.204329389410598694e-02
8.219825686380108354e-02 1.110825381528249972e-01
8.285605487914746159e-02 1.353540687835551870e-01
8.294056329391218119e-02 9.375103434326004237e-02
8.305727161633398581e-02 1.072099901504388192e-01
8.421449337720852968e-02 1.016865285967686328e-01
8.428345518425015004e-02 1.023562522413638542e-01
8.500459457706693867e-02 9.053258794801025133e-02
8.502299649289978001e-02 8.884973176298723019e-02
8.521666519482164193e-02 1.153700568302882395e-01
8.545209918149299089e-02 8.897534595330537643e-02
8.709501530868102304e-02 1.284028171506230442e-01
8.778782278066683820e-02 8.957263598072999489e-02
8.870570203896194217e-02 8.885662904366871395e-02
8.896449106279284702e-02 8.964049280479974291e-02
8.898729314932266043e-02 1.089378014824139568e-01
8.934476115876478775e-02 1.158740954028562309e-01
9.076243767710877319e-02 1.225856862049170409e-01
9.095496514636959573e-02 9.322030602308178926e-02
9.154781273035295097e-02 9.191427259298168284e-02
9.224919204051294785e-02 1.223897508576490961e-01
9.243009768745305554e-02 9.686176660537811067e-02
9.303088260273180421e-02 1.149424398304404599e-01
9.328745744945862728e-02 1.145228895981499767e-01
9.407190468557065366e-02 1.219873298253438820e-01
9.414135721627067688e-02 1.348136496817372854e-01
9.551799404074931554e-02 1.129980861309707180e-01
9.608570924296544469e-02 2.325512404934459709e-01
9.658114440452925109e-02 1.116548744923441944e-01
9.804585363321270675e-02 1.292192423828151249e-01
9.875334698325387295e-02 1.006770974311950589e-01
9.940198380810777445e-02 1.182163434971952726e-01
9.943668863546295533e-02 1.678648890413140526e-01
9.957512719806112245e-02 1.033598184301596362e-01
9.985516875176210505e-02 1.209685481909741761e-01
1.008612762177606981e-01 2.162621659496144211e-01
1.017538107942490416e-01 1.251987616959989447e-01
1.020968823280418020e-01 1.099929070578995610e-01
1.022809325505165678e-01 2.003809835111385884e-01
1.026424417432203057e-01 1.651642090308885480e-01
1.028336104996333267e-01 1.612319158085397663e-01
1.031579244923016836e-01 1.126631996526460955e-01
1.035518354187991846e-01 1.077367434113161299e-01
1.036927672648680215e-01 1.156717125082774439e-01
1.039545934771733404e-01 2.120718506589190644e-01
1.045430998381962351e-01 1.087993168566290247e-01
1.047560537478121334e-01 1.294889589718017930e-01
1.048610725913393105e-01 1.888109417375751498e-01
1.049639343109587397e-01 1.052449571670604628e-01
1.051706988765116063e-01 1.151837263275910794e-01
1.053422691016712986e-01 1.374779095642615079e-01
1.055023774476376575e-01 1.256587147189257292e-01
1.057780537923416059e-01 1.453562085491898748e-01
1.058408297391789654e-01 1.574759009559285605e-01
1.058780755275257751e-01 1.250229115859679829e-01
1.060497055278556006e-01 1.199459787750246920e-01
1.063289176026634975e-01 1.606509466354309745e-01
1.063785144627179130e-01 1.968084148015284973e-01
1.065181860291580518e-01 1.244403091235552761e-01
1.066256141901170407e-01 1.520208373677215952e-01
1.071500864068393871e-01 1.434515757889588128e-01
1.077992292635159832e-01 1.185553990195130636e-01
1.083912213635055410e-01 2.070349805305187196e-01
1.085161403841588823e-01 1.323688486129783459e-01
1.085240001984083408e-01 1.319225334468564215e-01
1.085418812136927091e-01 1.085434621274192352e-01
1.092755362731540891e-01 1.382570215410079406e-01
1.093152686208813673e-01 1.947823595312718203e-01
1.095603417458635154e-01 1.692406816495170274e-01
1.096736046627681538e-01 1.616888769180132579e-01
1.098796631640452520e-01 1.121268793392184021e-01
1.099230230946454528e-01 1.306795343298899348e-01
1.108821910461931654e-01 1.158967532780495191e-01
1.111769044812125351e-01 2.267023700066055913e-01
1.111842576706476154e-01 1.436996305409903030e-01
1.121459247198188652e-01 1.746047575728650325e-01
1.122992279824350098e-01 1.124005165818530438e-01
1.124069766217752619e-01 1.694472876508483494e-01
1.131924366953640099e-01 1.678924112007591507e-01
1.147009577196864000e-01 1.637541788096437967e-01
1.157273170882341384e-01 1.485770339373171101e-01
1.157665106461719801e-01 1.755363845297447378e-01
1.162821149269949866e-01 1.603787624345863194e-01
1.164546903853882487e-01 1.909924775484548032e-01
1.172650751614859738e-01 1.351969488329038682e-01
1.176802130035594640e-01 1.679948300385953053e-01
1.179771266248484801e-01 1.390905888760889664e-01
1.180681618501617930e-01 1.196554887924505262e-01
1.185582643402245950e-01 1.368833116982370868e-01
1.185810271302216307e-01 1.613978780627738641e-01
1.193189822293949376e-01 1.354083650505359671e-01
1.198693775170589920e-01 1.221093842259488305e-01
1.205194275693393657e-01 1.320547851136403272e-01
1.208421734037746498e-01 1.897654920647263710e-01
1.208888394385758125e-01 1.618441994410929341e-01
1.218966723704208721e-01 1.228548154117460184e-01
1.245015757281880547e-01 1.548227350946422554e-01
1.259924881134574237e-01 1.668479500337079480e-01
1.262618372669613853e-01 1.482238948462466233e-01
1.270550623939844803e-01 1.470637333643285971e-01
1.270777979866584695e-01 1.402945373332555590e-01
1.274477142262280260e-01 1.905704877824266341e-01
1.279024845143036659e-01 1.398234766533884288e-01
1.286561855097211327e-01 1.524502260903730366e-01
1.287817023101698877e-01 1.508121647937155363e-01
1.290133887352207520e-01 1.472518364548418834e-01
1.291082587505298918e-01 1.505731748028385497e-01
1.293204220117093739e-01 1.330044813837301387e-01
1.300687748229155949e-01 1.734437229970786087e-01
1.302487515725425371e-01 1.347939704425872576e-01
1.308145288684397500e-01 1.381004467663662083e-01
1.316242222001288431e-01 1.441712957733657929e-01
1.320677383745703648e-01 1.572556836825575455e-01
1.326165137895997936e-01 1.417170363538271527e-01
1.337244373901589900e-01 1.405113905965412469e-01
1.350817884821805259e-01 1.533374140338314984e-01
1.371523530487060161e-01 1.435220256307679076e-01
1.375417721850544783e-01 1.890509582115398601e-01
1.400559530526928609e-01 1.745071545327401552e-01
1.433458396236265975e-01 1.502246227676764800e-01
1.448949164882774310e-01 1.682655887558179297e-01
1.474577151297861710e-01 1.763117226702127227e-01
1.492370140506379395e-01 1.602076095825209490e-01
1.506992700422364884e-01 1.626439658785266418e-01
1.620598127281309420e-01 1.640292222333467886e-01
1.644219852978546781e-01 1.660013131201380221e-01
1.746109951978335462e-01 1.779679019186643785e-01
1.774569631975047856e-01 1.792940317014795892e-01
1.859903245555566409e-01 1.919716697448068943e-01
2.200943284214018081e-01 2.291011099627997261e-01
