0.000000000000000000e+00 9.718538232669769739e-02
0.000000000000000000e+00 9.652154981626621943e-02
0.000000000000000000e+00 1.001142204318016954e-01
0.000000000000000000e+00 9.072899494802008635e-02
0.000000000000000000e+00 1.039062257063052969e-01
0.000000000000000000e+00 1.152901170899729016e-01
0.000000000000000000e+00 1.204256246926669882e-01
0.000000000000000000e+00 9.338110616064879133e-02
0.000000000000000000e+00 9.577266534391210007e-02
0.000000000000000000e+00 7.840532093049040752e-02
0.000000000000000000e+00 8.625681844703345091e-02
0.000000000000000000e+00 8.083224931954453851e-02
0.000000000000000000e+00 1.094072872629137938e-01
0.000000000000000000e+00 9.188557492581767017e-02
0.000000000000000000e+00 1.064120335822726499e-01
0.000000000000000000e+00 9.705310336520713010e-02
0.000000000000000000e+00 7.916159165593081304e-02
0.000000000000000000e+00 9.278854513663555015e-02
0.000000000000000000e+00 8.918624923160560491e-02
0.000000000000000000e+00 9.246976704553805382e-02
0.000000000000000000e+00 8.770268173920810206e-02
0.000000000000000000e+00 8.521828883595813919e-02
0.000000000000000000e+00 9.192416305983018565e-02
0.000000000000000000e+00 9.421524876032411067e-02
0.000000000000000000e+00 9.250352703888364836e-02
0.000000000000000000e+00 8.719363876495607457e-02
0.000000000000000000e+00 7.675633837133498394e-02
0.000000000000000000e+00 7.500556561866851546e-02
0.000000000000000000e+00 1.049498116030138650e-01
0.000000000000000000e+00 9.239160558665066025e-02
0.000000000000000000e+00 7.905964137331333852e-02
0.000000000000000000e+00 9.090970742237983182e-02
0.000000000000000000e+00 7.612494528224998669e-02
0.000000000000000000e+00 7.432400813167225340e-02
0.000000000000000000e+00 7.369904086789572095e-02
0.000000000000000000e+00 1.066942439848311969e-01
0.000000000000000000e+00 1.066406890960475834e-01
0.000000000000000000e+00 9.336028426496013888e-02
0.000000000000000000e+00 7.894217532904417023e-02
0.000000000000000000e+00 8.309331698801321331e-02
0.000000000000000000e+00 8.466695645587854480e-02
0.000000000000000000e+00 1.243228013159246997e-01
0.000000000000000000e+00 8.799166189749534073e-02
0.000000000000000000e+00 5.868699924031325205e-02
0.000000000000000000e+00 8.739789797280216044e-02
0.000000000000000000e+00 6.573371313275121197e-02
0.000000000000000000e+00 5.610372540085035997e-02
0.000000000000000000e+00 4.344197631896819928e-02
0.000000000000000000e+00 7.602623162569614734e-02
0.000000000000000000e+00 7.297029354328044004e-02
0.000000000000000000e+00 8.209130617772741889e-02
0.000000000000000000e+00 5.713319746316625897e-02
0.000000000000000000e+00 6.674833307884821265e-02
0.000000000000000000e+00 8.586477639509297599e-02
0.000000000000000000e+00 6.670938049532935954e-02
0.000000000000000000e+00 7.788246465347944958e-02
0.000000000000000000e+00 7.931724357394810687e-02
0.000000000000000000e+00 7.489295865662254359e-02
0.000000000000000000e+00 9.608652819077520557e-02
0.000000000000000000e+00 8.354513733089521943e-02
0.000000000000000000e+00 6.903017383805909457e-02
0.000000000000000000e+00 6.313523609352864052e-02
0.000000000000000000e+00 6.504023034002744119e-02
0.000000000000000000e+00 5.207618107570975013e-02
0.000000000000000000e+00 6.631648097678488618e-02
0.000000000000000000e+00 5.391141425145926092e-02
0.000000000000000000e+00 8.767891452923541606e-02
0.000000000000000000e+00 5.351388897222168761e-02
0.000000000000000000e+00 4.201502384973410803e-02
0.000000000000000000e+00 7.034305286776983135e-02
0.000000000000000000e+00 7.389790453401262615e-02
0.000000000000000000e+00 5.664889285367658012e-02
0.000000000000000000e+00 9.311564653578849327e-02
0.000000000000000000e+00 7.965475495662893701e-02
0.000000000000000000e+00 9.410916434600512248e-02
0.000000000000000000e+00 8.633140441275027888e-02
0.000000000000000000e+00 3.888961426162692442e-02
0.000000000000000000e+00 6.578818970450013570e-02
0.000000000000000000e+00 8.333775035186689883e-02
0.000000000000000000e+00 7.690663937046018916e-02
0.000000000000000000e+00 5.412914227025654446e-02
0.000000000000000000e+00 8.323939392515718183e-02
0.000000000000000000e+00 7.905565600590468145e-02
0.000000000000000000e+00 7.537145486229730740e-02
0.000000000000000000e+00 7.826381293122902649e-02
0.000000000000000000e+00 1.012094169584154546e-01
0.000000000000000000e+00 1.085800329707517220e-01
0.000000000000000000e+00 4.618339996294362065e-02
0.000000000000000000e+00 7.723079809734589851e-02
0.000000000000000000e+00 8.432780216249229077e-02
0.000000000000000000e+00 9.785961937980937331e-02
0.000000000000000000e+00 5.146496544138959989e-02
0.000000000000000000e+00 7.507634066930711503e-02
0.000000000000000000e+00 7.744751165529607795e-02
0.000000000000000000e+00 6.866372383348604003e-02
0.000000000000000000e+00 8.546985538567504481e-02
0.000000000000000000e+00 5.605750125351214447e-02
0.000000000000000000e+00 9.308892398543183733e-02
0.000000000000000000e+00 4.985140341159104843e-02
0.000000000000000000e+00 8.535498361030914583e-02
0.000000000000000000e+00 8.114953026010152115e-02
0.000000000000000000e+00 5.065777273814104503e-02
0.000000000000000000e+00 5.690751941293592520e-02
0.000000000000000000e+00 8.821683724047184316e-02
0.000000000000000000e+00 9.984286814375584185e-02
0.000000000000000000e+00 6.331569422738692055e-02
0.000000000000000000e+00 5.965730431108837162e-02
0.000000000000000000e+00 1.954835478632627882e-02
0.000000000000000000e+00 5.408525697759371947e-02
0.000000000000000000e+00 8.971363524335559947e-02
0.000000000000000000e+00 8.004701259110383327e-02
0.000000000000000000e+00 5.738212064900469894e-02
0.000000000000000000e+00 1.051937898426598128e-01
0.000000000000000000e+00 4.597419448283907029e-02
0.000000000000000000e+00 6.918805640852140892e-02
0.000000000000000000e+00 7.453364203123818976e-02
0.000000000000000000e+00 6.238224065807389945e-02
0.000000000000000000e+00 7.886134396626282017e-02
0.000000000000000000e+00 4.560139535074166084e-02
0.000000000000000000e+00 8.333188167010106839e-02
0.000000000000000000e+00 1.034694375012173290e-01
0.000000000000000000e+00 8.250388241204677231e-02
0.000000000000000000e+00 5.614305853159645004e-02
0.000000000000000000e+00 4.891918073233798153e-02
0.000000000000000000e+00 3.999098092887175965e-02
0.000000000000000000e+00 5.351414402241210649e-02
0.000000000000000000e+00 8.046982855837746251e-02
0.000000000000000000e+00 8.002997123868112184e-02
0.000000000000000000e+00 8.186780369316896955e-02
0.000000000000000000e+00 6.350616995807997767e-02
0.000000000000000000e+00 9.419723005031090113e-02
0.000000000000000000e+00 2.847458863933842801e-02
0.000000000000000000e+00 6.657476144477719737e-02
0.000000000000000000e+00 7.004051930347106325e-02
0.000000000000000000e+00 8.488526562640570650e-02
0.000000000000000000e+00 9.006052459917802955e-02
0.000000000000000000e+00 6.277761235133667850e-02
0.000000000000000000e+00 4.382108904521844761e-02
0.000000000000000000e+00 5.147036230493337583e-02
0.000000000000000000e+00 2.817665530500926274e-02
0.000000000000000000e+00 4.619564744136635259e-02
0.000000000000000000e+00 9.980887103275930261e-02
0.000000000000000000e+00 9.041482601153807974e-02
0.000000000000000000e+00 7.208624199612052863e-02
0.000000000000000000e+00 6.958329438442233117e-02
0.000000000000000000e+00 7.658631836201973409e-02
0.000000000000000000e+00 8.816254676614321273e-02
0.000000000000000000e+00 3.542465757896474943e-02
0.000000000000000000e+00 6.000447535263352117e-02
0.000000000000000000e+00 7.263252691433086383e-02
0.000000000000000000e+00 8.741280298703762996e-02
0.000000000000000000e+00 7.651556384641566844e-02
0.000000000000000000e+00 5.247798046029822361e-02
0.000000000000000000e+00 3.653312119431705030e-02
0.000000000000000000e+00 8.280818265687896196e-02
0.000000000000000000e+00 1.051045037632351020e-01
0.000000000000000000e+00 1.042218858018999078e-01
0.000000000000000000e+00 7.249466939896309636e-02
0.000000000000000000e+00 6.291349493274348004e-02
0.000000000000000000e+00 8.313188602548980677e-02
0.000000000000000000e+00 1.032136350794234658e-01
0.000000000000000000e+00 4.283568634327077768e-02
0.000000000000000000e+00 5.840895252570557639e-02
0.000000000000000000e+00 8.539999480996338099e-02
0.000000000000000000e+00 6.598805506871048554e-02
0.000000000000000000e+00 4.135553905229316651e-02
0.000000000000000000e+00 3.375025239214150818e-02
0.000000000000000000e+00 5.485217138550508437e-02
0.000000000000000000e+00 5.939587394718782304e-02
0.000000000000000000e+00 8.038272684089686759e-02
0.000000000000000000e+00 1.094424236658516347e-01
0.000000000000000000e+00 7.580367852800769246e-02
0.000000000000000000e+00 3.913854516206130563e-02
0.000000000000000000e+00 7.316050453913724994e-02
0.000000000000000000e+00 2.431224403269753587e-02
0.000000000000000000e+00 9.730266086610703247e-02
0.000000000000000000e+00 7.021891455473479315e-02
0.000000000000000000e+00 6.852930249395572382e-02
0.000000000000000000e+00 6.472012659461498507e-02
0.000000000000000000e+00 5.670768043318204915e-02
0.000000000000000000e+00 5.672429129274618453e-02
0.000000000000000000e+00 4.162308352481427359e-02
0.000000000000000000e+00 4.588727269155599281e-02
0.000000000000000000e+00 5.795298393276088200e-02
0.000000000000000000e+00 7.814733751679629747e-02
0.000000000000000000e+00 7.416737790215024995e-02
0.000000000000000000e+00 3.383270923557430560e-02
0.000000000000000000e+00 5.031678209756183101e-02
0.000000000000000000e+00 9.240751336915734027e-02
0.000000000000000000e+00 6.475480323818474937e-02
0.000000000000000000e+00 6.138235885484340237e-02
0.000000000000000000e+00 8.915498075524870558e-02
0.000000000000000000e+00 3.254719792105650877e-02
0.000000000000000000e+00 8.163373953716568376e-02
0.000000000000000000e+00 3.958603738553518464e-02
0.000000000000000000e+00 5.995011859748511363e-02
0.000000000000000000e+00 7.272591498345785943e-02
0.000000000000000000e+00 9.081121836501210298e-02
0.000000000000000000e+00 6.051216748147945912e-02
0.000000000000000000e+00 7.581630682353676653e-02
0.000000000000000000e+00 5.262522793865750947e-02
0.000000000000000000e+00 8.573455067256052775e-02
0.000000000000000000e+00 6.864735195527807421e-02
0.000000000000000000e+00 4.392429031142544571e-02
0.000000000000000000e+00 5.715869096355240264e-02
0.000000000000000000e+00 7.896782448058499437e-02
0.000000000000000000e+00 5.440935497589368536e-02
0.000000000000000000e+00 7.830778516526716582e-02
0.000000000000000000e+00 7.806650631819125885e-02
0.000000000000000000e+00 8.540067850637605984e-02
0.000000000000000000e+00 7.140850413400834373e-02
0.000000000000000000e+00 7.322353237600850995e-02
0.000000000000000000e+00 5.117330268091632717e-02
0.000000000000000000e+00 5.363254301427235193e-02
0.000000000000000000e+00 2.412165935152067037e-02
0.000000000000000000e+00 5.084621970522622963e-02
0.000000000000000000e+00 9.380418977131597946e-02
0.000000000000000000e+00 5.929866000659687886e-02
0.000000000000000000e+00 7.397533082365642665e-02
0.000000000000000000e+00 4.809624239487882147e-02
0.000000000000000000e+00 6.140850707433209710e-02
0.000000000000000000e+00 3.700812361987420446e-02
0.000000000000000000e+00 8.215093770760988068e-02
0.000000000000000000e+00 5.003834329658806562e-02
0.000000000000000000e+00 9.192851070923249712e-02
0.000000000000000000e+00 5.409765154163702350e-02
0.000000000000000000e+00 6.002498823091968055e-02
0.000000000000000000e+00 9.962650719804259924e-02
0.000000000000000000e+00 5.993149189886121109e-02
0.000000000000000000e+00 6.860339919844966883e-02
0.000000000000000000e+00 6.518139725105361049e-02
0.000000000000000000e+00 7.194519859563619502e-02
0.000000000000000000e+00 6.922180362325437708e-02
0.000000000000000000e+00 7.682398749433415330e-02
0.000000000000000000e+00 6.520844003742398698e-02
0.000000000000000000e+00 1.074172639283681313e-01
0.000000000000000000e+00 2.525677178130313755e-02
0.000000000000000000e+00 5.378719183638440426e-02
0.000000000000000000e+00 7.362736934638286490e-02
0.000000000000000000e+00 8.939939902752616629e-03
0.000000000000000000e+00 6.259554928601118728e-02
0.000000000000000000e+00 2.970947912678532227e-02
0.000000000000000000e+00 5.140882040606090803e-02
0.000000000000000000e+00 6.899536408803833010e-02
0.000000000000000000e+00 5.079379432839462721e-02
0.000000000000000000e+00 5.858243606659391950e-02
0.000000000000000000e+00 6.275135559684209829e-02
0.000000000000000000e+00 5.998157390767103192e-02
0.000000000000000000e+00 3.757392354528600598e-02
0.000000000000000000e+00 8.550029781733971268e-02
0.000000000000000000e+00 5.164997504034551934e-02
0.000000000000000000e+00 1.102764424080711486e-01
0.000000000000000000e+00 4.816064677119461651e-02
0.000000000000000000e+00 8.180376160465004098e-02
0.000000000000000000e+00 6.680702427284777867e-02
0.000000000000000000e+00 7.515155012276616975e-02
0.000000000000000000e+00 7.358861695000611103e-02
0.000000000000000000e+00 4.999845792188674365e-02
0.000000000000000000e+00 7.919927098826072542e-02
0.000000000000000000e+00 4.574285907538312018e-02
0.000000000000000000e+00 1.007759496441416047e-01
0.000000000000000000e+00 5.216314815217962253e-02
0.000000000000000000e+00 5.662533307076603878e-02
0.000000000000000000e+00 3.212480344795374393e-02
0.000000000000000000e+00 7.282181913466968803e-02
0.000000000000000000e+00 8.060212349803759502e-02
0.000000000000000000e+00 3.983081015326418728e-02
0.000000000000000000e+00 7.628934365528827755e-02
0.000000000000000000e+00 7.550290860165081996e-02
0.000000000000000000e+00 5.809612232388722958e-02
0.000000000000000000e+00 1.002596502087371305e-01
0.000000000000000000e+00 3.423086646244433151e-02
0.000000000000000000e+00 6.125326162203044433e-02
0.000000000000000000e+00 3.172031449631417671e-02
0.000000000000000000e+00 6.839382725215545356e-02
0.000000000000000000e+00 3.154419492559781824e-02
0.000000000000000000e+00 4.855008524420438565e-02
0.000000000000000000e+00 6.099733669667056074e-02
0.000000000000000000e+00 3.022940345978081256e-02
0.000000000000000000e+00 2.934615653625052140e-02
0.000000000000000000e+00 6.546677643772925992e-02
0.000000000000000000e+00 6.617650147377512893e-02
0.000000000000000000e+00 6.540172357480149301e-02
0.000000000000000000e+00 1.320157642518137060e-02
0.000000000000000000e+00 9.884475357897676284e-02
0.000000000000000000e+00 6.180633636233560935e-02
0.000000000000000000e+00 7.520175298065026603e-02
0.000000000000000000e+00 1.060394511987860500e-01
0.000000000000000000e+00 8.005527333350180574e-02
0.000000000000000000e+00 2.009001863698454959e-02
0.000000000000000000e+00 1.050416408875828184e-01
0.000000000000000000e+00 5.888012744238439039e-02
0.000000000000000000e+00 7.697007203146195853e-02
0.000000000000000000e+00 3.268872248350515597e-02
0.000000000000000000e+00 7.824140396425970090e-02
0.000000000000000000e+00 9.515285693762355612e-02
0.000000000000000000e+00 9.765528369314972756e-02
0.000000000000000000e+00 5.315445423650869833e-02
0.000000000000000000e+00 6.868633639954373205e-02
0.000000000000000000e+00 9.797177004381198151e-02
0.000000000000000000e+00 6.272449782761897741e-02
0.000000000000000000e+00 1.006276741664731758e-02
0.000000000000000000e+00 4.837383715202302897e-02
0.000000000000000000e+00 6.884166635700680881e-02
0.000000000000000000e+00 6.154498405816267309e-02
0.000000000000000000e+00 3.142628134738957579e-02
0.000000000000000000e+00 5.188434084441730793e-02
0.000000000000000000e+00 6.841475848454919850e-02
0.000000000000000000e+00 7.883809859553210508e-02
0.000000000000000000e+00 4.206229100075391247e-02
0.000000000000000000e+00 6.627823814341136932e-02
0.000000000000000000e+00 4.973956123360438741e-02
0.000000000000000000e+00 1.231186395248163624e-02
0.000000000000000000e+00 5.182606180631353643e-02
0.000000000000000000e+00 6.893254124291194052e-02
0.000000000000000000e+00 5.611909131667238565e-02
0.000000000000000000e+00 6.245254066332421583e-02
0.000000000000000000e+00 5.771653473843636750e-02
0.000000000000000000e+00 7.003930383745116117e-02
0.000000000000000000e+00 5.692074079088865757e-02
0.000000000000000000e+00 4.375478036452376540e-02
0.000000000000000000e+00 7.387123065761029561e-02
0.000000000000000000e+00 3.943303752585921446e-02
0.000000000000000000e+00 2.826332809652185377e-02
0.000000000000000000e+00 6.706694713263396113e-02
0.000000000000000000e+00 9.205937324433506597e-02
0.000000000000000000e+00 2.063659380219745945e-02
0.000000000000000000e+00 5.954943717026486838e-02
0.000000000000000000e+00 1.893425577207390881e-02
0.000000000000000000e+00 6.584381195933382280e-02
0.000000000000000000e+00 6.315322018030272710e-02
0.000000000000000000e+00 7.149333104708470443e-02
0.000000000000000000e+00 4.914791097533399017e-02
0.000000000000000000e+00 8.534369474219659357e-02
0.000000000000000000e+00 5.846531201042683146e-02
0.000000000000000000e+00 8.603205924662131465e-02
0.000000000000000000e+00 5.054535776688728194e-02
0.000000000000000000e+00 4.688726029451810440e-02
0.000000000000000000e+00 4.707749465770458275e-02
0.000000000000000000e+00 4.009517384608991125e-02
0.000000000000000000e+00 8.531612133768362582e-02
0.000000000000000000e+00 7.043667223090586960e-02
0.000000000000000000e+00 1.066640395222833021e-01
0.000000000000000000e+00 2.557633982306134479e-02
0.000000000000000000e+00 5.431320999051704457e-02
0.000000000000000000e+00 1.243195284261825323e-01
0.000000000000000000e+00 5.746379071893918666e-02
0.000000000000000000e+00 8.284299550209418828e-02
0.000000000000000000e+00 7.535084732551726450e-02
0.000000000000000000e+00 6.909415547214332876e-02
0.000000000000000000e+00 6.259682786662404408e-02
0.000000000000000000e+00 5.230366377255724064e-02
0.000000000000000000e+00 8.401982624717904691e-02
0.000000000000000000e+00 8.658391045540332620e-02
0.000000000000000000e+00 4.059842269619865635e-02
0.000000000000000000e+00 5.230513962235956021e-02
0.000000000000000000e+00 4.577755320103687325e-02
0.000000000000000000e+00 4.017884547178764143e-02
0.000000000000000000e+00 6.755432623706314477e-02
0.000000000000000000e+00 7.960012494455476206e-02
0.000000000000000000e+00 5.761518988573943040e-02
0.000000000000000000e+00 5.081558996210029655e-02
0.000000000000000000e+00 7.172284045528239116e-02
0.000000000000000000e+00 7.312576611506740876e-02
0.000000000000000000e+00 3.457223578289769089e-02
0.000000000000000000e+00 3.922748874826711279e-02
0.000000000000000000e+00 5.838421094889501006e-02
0.000000000000000000e+00 2.658174128865547353e-02
0.000000000000000000e+00 3.066939906071667124e-02
0.000000000000000000e+00 7.689596145671463712e-02
0.000000000000000000e+00 3.988212744310078856e-02
0.000000000000000000e+00 6.883302267792164308e-02
0.000000000000000000e+00 6.019821856823227846e-02
0.000000000000000000e+00 7.831301527534174911e-02
0.000000000000000000e+00 3.527508536763366426e-02
0.000000000000000000e+00 5.547731550901128378e-02
0.000000000000000000e+00 2.808333278297176286e-02
0.000000000000000000e+00 6.968078754536573272e-02
0.000000000000000000e+00 1.257381194095948396e-01
0.000000000000000000e+00 3.514497382735831676e-02
0.000000000000000000e+00 5.642635217558865379e-02
0.000000000000000000e+00 7.028472489842577109e-02
0.000000000000000000e+00 3.960598331564429281e-02
0.000000000000000000e+00 7.036791539773203097e-02
0.000000000000000000e+00 2.893304809053421495e-02
0.000000000000000000e+00 4.799605206577976790e-02
0.000000000000000000e+00 7.139633494911348799e-02
0.000000000000000000e+00 5.623241234494608110e-02
0.000000000000000000e+00 6.430844621679406015e-02
0.000000000000000000e+00 7.881596981950056424e-02
0.000000000000000000e+00 7.002453723801740915e-02
0.000000000000000000e+00 9.714221085680657675e-02
0.000000000000000000e+00 7.736131368209833714e-02
0.000000000000000000e+00 9.815321242442916205e-02
0.000000000000000000e+00 2.010570431700117386e-02
0.000000000000000000e+00 2.847616688858048417e-02
0.000000000000000000e+00 3.439922470687123424e-02
0.000000000000000000e+00 6.004380612622493146e-02
0.000000000000000000e+00 9.176816918246345767e-02
0.000000000000000000e+00 3.090380758589201041e-02
0.000000000000000000e+00 7.009762929300158985e-02
0.000000000000000000e+00 2.571984729310439546e-02
0.000000000000000000e+00 7.668191141325571281e-02
0.000000000000000000e+00 5.512089363747096904e-02
0.000000000000000000e+00 8.369214010368274115e-02
0.000000000000000000e+00 5.358421899071302841e-02
0.000000000000000000e+00 7.485595286510131341e-02
0.000000000000000000e+00 4.337781988616346701e-02
0.000000000000000000e+00 7.756748778390414045e-02
0.000000000000000000e+00 6.399864360949771014e-02
0.000000000000000000e+00 7.369812629806128668e-02
0.000000000000000000e+00 3.954931291146773081e-02
0.000000000000000000e+00 5.333799625779184206e-02
0.000000000000000000e+00 4.589662280998901833e-02
0.000000000000000000e+00 5.901718157910054025e-02
0.000000000000000000e+00 4.169677851532527235e-02
0.000000000000000000e+00 7.995844136845625671e-02
0.000000000000000000e+00 6.533023491776923652e-02
0.000000000000000000e+00 1.313320645496743148e-02
0.000000000000000000e+00 6.911788398538956657e-02
0.000000000000000000e+00 7.869418635162818421e-02
0.000000000000000000e+00 4.562047797121467074e-02
0.000000000000000000e+00 6.916473719945365195e-02
0.000000000000000000e+00 3.975580291546115114e-02
0.000000000000000000e+00 7.661445026870890296e-02
0.000000000000000000e+00 4.519978478382059156e-02
0.000000000000000000e+00 5.445706567574729734e-02
0.000000000000000000e+00 5.905970887611670939e-02
0.000000000000000000e+00 2.570224603494581858e-02
0.000000000000000000e+00 3.203466415925669553e-02
0.000000000000000000e+00 5.495950803222061226e-02
0.000000000000000000e+00 6.973048262262362962e-02
0.000000000000000000e+00 2.957607232481830259e-02
0.000000000000000000e+00 9.169606933293492079e-02
0.000000000000000000e+00 5.278186869749415533e-02
0.000000000000000000e+00 4.038891283164140061e-02
0.000000000000000000e+00 4.610523994272353737e-02
0.000000000000000000e+00 9.437489989143374447e-02
0.000000000000000000e+00 1.016636499784649011e-02
0.000000000000000000e+00 5.869614042055780467e-02
0.000000000000000000e+00 7.925523447039903302e-02
0.000000000000000000e+00 6.308804297162225183e-02
0.000000000000000000e+00 4.726600369210123137e-02
0.000000000000000000e+00 6.456808772586637712e-02
0.000000000000000000e+00 6.865467157100715867e-02
0.000000000000000000e+00 5.157230579831278278e-02
0.000000000000000000e+00 6.720802609507925407e-02
0.000000000000000000e+00 3.856286626233365600e-02
0.000000000000000000e+00 5.720424869452717109e-02
0.000000000000000000e+00 5.070878990144301462e-02
0.000000000000000000e+00 7.103866147789575369e-02
0.000000000000000000e+00 4.648503502806355936e-02
0.000000000000000000e+00 2.848529859679033160e-02
0.000000000000000000e+00 8.010082259969204810e-02
0.000000000000000000e+00 4.128757068202074110e-02
0.000000000000000000e+00 6.307285153703356961e-02
0.000000000000000000e+00 7.577333297392960243e-02
0.000000000000000000e+00 5.448214482624250815e-02
0.000000000000000000e+00 6.336978632886997032e-02
0.000000000000000000e+00 9.224798579576898305e-02
0.000000000000000000e+00 7.146275495648730935e-02
0.000000000000000000e+00 5.291167206866214529e-02
0.000000000000000000e+00 7.267671719523956242e-02
0.000000000000000000e+00 3.176018961691213366e-02
0.000000000000000000e+00 2.283943735814719656e-02
0.000000000000000000e+00 5.167151215318002005e-02
0.000000000000000000e+00 2.810211698653392390e-02
0.000000000000000000e+00 4.210312462618298612e-02
0.000000000000000000e+00 1.733935177836474703e-02
0.000000000000000000e+00 5.400953909451576551e-02
0.000000000000000000e+00 5.288546148849883333e-02
0.000000000000000000e+00 3.343670782463308705e-02
0.000000000000000000e+00 8.639332198247419436e-02
0.000000000000000000e+00 4.183534762382720706e-02
0.000000000000000000e+00 6.966292453581113264e-02
0.000000000000000000e+00 3.625391234507089472e-02
0.000000000000000000e+00 6.775546099970815306e-02
0.000000000000000000e+00 3.838530476754215687e-02
0.000000000000000000e+00 7.490482490641470203e-02
0.000000000000000000e+00 5.639071797026306426e-02
0.000000000000000000e+00 6.587351115361562981e-02
0.000000000000000000e+00 5.122219861983671324e-02
0.000000000000000000e+00 4.152431716447366888e-02
0.000000000000000000e+00 5.361642252088458932e-02
0.000000000000000000e+00 2.920401774495053407e-02
0.000000000000000000e+00 4.443178629032076138e-02
0.000000000000000000e+00 6.540265190046808119e-02
0.000000000000000000e+00 4.587242452762364808e-02
0.000000000000000000e+00 4.505937316564936901e-02
0.000000000000000000e+00 2.721416893356447264e-02
0.000000000000000000e+00 7.250145390554003921e-02
0.000000000000000000e+00 8.580243179038550549e-02
0.000000000000000000e+00 5.447095096064375613e-02
0.000000000000000000e+00 6.402491627374598537e-02
0.000000000000000000e+00 9.506839159522913196e-02
0.000000000000000000e+00 3.266443581489690551e-02
0.000000000000000000e+00 2.421649824142551796e-02
0.000000000000000000e+00 5.669178179256784827e-02
0.000000000000000000e+00 8.786996186627525629e-02
