1.064338966569603195e-01 1.126656740312185073e-01
1.174290284632314996e-01 1.187010968438868552e-01
1.247831977619187349e-01 1.269572084755446750e-01
1.350754853142026313e-01 1.372856262742430666e-01
1.414581069510208455e-01 1.505317110407001224e-01
1.456638300246894946e-01 1.509458327195223326e-01
1.529130800853560068e-01 1.643486865174025313e-01
1.751187288112037999e-01 1.864851238903628416e-01
1.756598372402315977e-01 1.941880675925244104e-01
1.773570620314906809e-01 1.887553790785692909e-01
2.015943724263838388e-01 2.033769437018653203e-01
2.020826142391614066e-01 2.028758833840000331e-01
2.057021535260749323e-01 2.082774152075189400e-01
2.155642570451064000e-01 2.176476088189101543e-01
2.300822390297202480e-01 2.354602282590252671e-01
2.317393035707344395e-01 2.341650444524964458e-01
2.482622570870295364e-01 8.249331540760979076e-01
2.792266916077155714e-01 2.969351636591057719e-01
4.052333285169545385e-01 4.196250743261584204e-01
