6.254624961402768801e-02 6.319865323404837143e-02
6.588901296029098242e-02 6.822490444154788447e-02
7.306142644863469759e-02 8.071400604074542573e-02
7.539093451993345019e-02 8.899411974730869757e-02
7.601402834780641993e-02 8.973792197292816686e-02
7.705713746751310933e-02 8.018847320080754737e-02
7.948347874766559240e-02 1.016499123677585270e-01
7.961682978531033072e-02 8.060352752500725415e-02
7.973111220702303048e-02 8.507476691340715158e-02
8.049541853879711717e-02 8.159410404565373143e-02
8.067165061010052318e-02 9.362347424447227395e-02
8.121567693381438746e-02 8.629265869709404346e-02
8.190982003703496661e-02 8.255467362502280637e-02
8.295067978095074790e-02 1.108074845643502171e-01
8.318487350555325843e-02 8.863965553444760892e-02
8.320621023616416034e-02 8.958442355208232066e-02
8.381976931554725729e-02 9.431565743346667641e-02
8.601823501004059180e-02 8.648923646416413480e-02
8.663889057444133790e-02 1.067411269054248935e-01
8.678422776105627900e-02 1.040728189175573887e-01
8.684801597944626084e-02 9.783219094479718436e-02
8.710221208145736693e-02 9.638966806107185370e-02
8.845812155281568279e-02 1.084531471331056235e-01
8.870870172376731089e-02 9.776062690474054961e-02
9.034273285646877982e-02 9.085323313098464526e-02
9.051598467784548185e-02 9.683060307345592310e-02
9.129246639097117477e-02 9.445634132759796187e-02
9.279699241576422342e-02 9.977382367628512272e-02
9.329381790351709558e-02 1.023529455963551188e-01
9.344876819280439895e-02 1.041846603460985371e-01
9.401916725833435462e-02 1.031281091512282894e-01
9.587501783139248945e-02 1.028334754230531556e-01
9.640619258168711680e-02 9.935158441733341061e-02
9.752079529735355190e-02 1.203731082081876541e-01
9.781465391390369024e-02 1.289746464496384637e-01
9.874799253541541311e-02 9.999645643569107789e-02
9.940169241754738538e-02 1.522673327785444564e-01
9.961196835888863621e-02 1.035192521886752204e-01
1.004230470347503290e-01 1.058287954175778783e-01
1.004857364314413748e-01 1.436584768062306727e-01
1.010883664731615644e-01 1.735264739998395034e-01
1.012859465800514669e-01 1.528986371089234297e-01
1.012917064892375901e-01 1.128071845858984873e-01
1.017596491250213619e-01 1.401185907659028285e-01
1.017732105828459688e-01 2.470237547446414439e-01
1.021136801089466278e-01 1.185639868419929993e-01
1.021346007010870693e-01 1.805058966932333864e-01
1.028387681857046848e-01 1.114785566508728759e-01
1.031482758418543616e-01 1.044555459984791435e-01
1.033105954647452057e-01 1.040496400709443187e-01
1.035897673781061151e-01 1.084041054073870275e-01
1.039347836598710773e-01 1.619297204215220110e-01
1.042875965919278225e-01 1.424617988419580317e-01
1.051693477550702666e-01 1.167904136354964983e-01
1.054080183679730054e-01 1.163697898891669635e-01
1.054413014612594485e-01 1.976908155685544732e-01
1.062340049288047067e-01 1.180455076493209937e-01
1.065880508312740671e-01 1.521131845088193324e-01
1.070255171130554683e-01 1.147255619705138535e-01
1.071052835474312626e-01 1.478710202978592014e-01
1.074730680164746738e-01 1.263268977797225023e-01
1.085071596064117322e-01 1.266420894272666797e-01
1.085563959000598738e-01 1.149357972054922822e-01
1.088188244212756478e-01 1.608952645158550909e-01
1.091145485682229466e-01 1.253237351229730123e-01
1.103422246058352596e-01 1.198399517035917544e-01
1.105072816584881518e-01 1.169399188953655633e-01
1.112493630222901875e-01 1.431317466070487487e-01
1.115688395987591980e-01 1.280641405589758586e-01
1.116143032757642289e-01 2.187421217546505203e-01
1.131853808252757665e-01 1.250718947842789086e-01
1.140153042492796642e-01 1.165333813482631459e-01
1.147002532997644236e-01 1.982917083644920864e-01
1.148358114130075269e-01 1.341678244490251415e-01
1.151722961525492861e-01 1.217376736196549847e-01
1.153054987996846442e-01 1.334173832287518513e-01
1.154509483992920693e-01 1.261142579142143505e-01
1.158222481386491087e-01 2.278153761673634148e-01
1.165490280258938416e-01 1.333867228835406149e-01
1.168402426147151091e-01 1.665305614810793089e-01
1.171038745246657797e-01 1.396766048917447156e-01
1.175661804847126929e-01 1.341655322040322951e-01
1.177377587448554253e-01 1.217019478622518441e-01
1.184059303790036960e-01 1.828978343501065917e-01
1.186332435179472955e-01 1.490177241700565980e-01
1.187796683054674896e-01 1.939029905910971407e-01
1.189125525003923711e-01 1.254572825234978317e-01
1.192571047905433557e-01 1.693927056918257124e-01
1.194163493116988800e-01 1.237966861295220350e-01
1.194850511951626587e-01 1.245656033220476078e-01
1.196875428298618399e-01 1.673584368757871643e-01
1.196890275322482211e-01 1.220252233936326564e-01
1.197465101965971279e-01 1.309728019356550810e-01
1.201347737211523742e-01 1.843624438260878518e-01
1.202796798986551507e-01 1.315474850581616617e-01
1.208388650123354002e-01 1.490099636210340528e-01
1.212209957391502668e-01 1.433794283921105972e-01
1.215075491503084110e-01 1.317758281071974846e-01
1.218529977873803599e-01 1.680108619508016710e-01
1.222434851343971868e-01 2.204829878870762927e-01
1.226708156912694747e-01 1.280770066109783445e-01
1.235815797669574528e-01 1.302422044673393897e-01
1.237363177819327115e-01 1.420046710456912276e-01
1.237912546879490761e-01 1.329291334459109242e-01
1.238024148317468653e-01 1.261083425322815643e-01
1.246141324386999677e-01 1.423036023334888489e-01
1.248300289853771922e-01 1.659831037938476195e-01
1.250449234389018616e-01 1.483491578125575305e-01
1.255884398958024561e-01 1.381044522537861197e-01
1.258968558337183186e-01 1.372161601688967336e-01
1.261027028410185991e-01 1.272631196400537956e-01
1.262605029249605215e-01 1.576041500774123527e-01
1.267370423591092921e-01 1.803281726333267054e-01
1.276769462681689726e-01 1.613720223590819347e-01
1.277120507516664449e-01 1.355005177883256418e-01
1.282826061219417280e-01 1.860800551328315733e-01
1.284518389637264446e-01 1.350169074157332727e-01
1.288739095331268569e-01 1.813473673519250540e-01
1.290357191323535935e-01 1.438513595674690282e-01
1.290628110952809215e-01 1.385617602300752149e-01
1.291645557422729518e-01 1.926685329113499989e-01
1.294329558010010872e-01 1.676665218625606746e-01
1.295483096549078783e-01 1.431085288827284863e-01
1.300650253514906152e-01 1.574346376374618772e-01
1.303480231242768461e-01 1.364133446863421695e-01
1.309940798629361247e-01 1.478676594755991558e-01
1.317132134928041265e-01 1.586219844861971040e-01
1.324501102326687274e-01 1.817842118003887009e-01
1.334151820246115283e-01 1.412164743923048082e-01
1.334217052070083565e-01 1.540335600620598988e-01
1.367521243339845094e-01 2.057548960288796691e-01
1.379087024029086728e-01 2.024644152717562651e-01
1.381087611936967496e-01 1.476075047989033884e-01
1.391512999751859936e-01 1.607593824873834731e-01
1.392018307294117796e-01 1.411970329422574943e-01
1.411780771078070817e-01 1.473040286915317798e-01
1.439694164733720805e-01 1.486522200065657773e-01
1.442214776869049087e-01 1.591887319447398697e-01
1.447937426294898244e-01 1.529116866617912240e-01
1.481840837523497878e-01 1.724283076900597345e-01
1.488864777521469451e-01 1.488941951335678582e-01
1.490437347130719181e-01 1.679499207175433051e-01
1.493189262149945684e-01 1.806338891047550854e-01
1.496980856967647655e-01 2.022607231581088905e-01
1.501084498895267072e-01 1.704903527290267673e-01
1.528027156623565364e-01 1.643261722225130284e-01
1.528045874683104099e-01 1.803144066641768906e-01
1.556917199568068622e-01 1.997570743533622906e-01
1.563750585415288052e-01 1.601795109233770942e-01
1.584690694777585729e-01 1.913302185884664108e-01
1.592524056012300515e-01 1.653223010635802015e-01
1.599292509411897323e-01 1.677705729720493366e-01
1.630694438846831407e-01 1.756338689943658382e-01
1.684124800443296543e-01 1.710783494653831394e-01
1.711665372025974186e-01 1.871598651660596468e-01
1.733801207070095607e-01 1.752038892538674286e-01
1.765156524535236582e-01 1.837792069873268319e-01
1.779480705905966131e-01 1.894381102012162865e-01
1.780486239588759678e-01 1.802496141275864994e-01
1.842236718374048732e-01 1.926278730907806935e-01
1.846684644870466852e-01 1.945430891899152803e-01
1.853731451653591045e-01 1.877449585540358901e-01
1.865508769742633133e-01 2.069459421846871483e-01
1.867177332006954571e-01 2.171116318211972207e-01
1.867978142288007071e-01 2.009495280396501604e-01
2.047306949083393945e-01 2.054065039132921267e-01
