5.464342918176433306e-02 6.980863057202403577e-02
5.988684842683206916e-02 6.886735028827935257e-02
6.385279549222766526e-02 7.745721705645816635e-02
6.462586923024801755e-02 6.915991938821229590e-02
6.973800362920204443e-02 7.401836002093430122e-02
7.439256529208948532e-02 1.203327465934227319e-01
7.594581111505833981e-02 9.172607185102076011e-02
7.757252931440183907e-02 9.824447500750728424e-02
7.840124493034508757e-02 8.070835210288221373e-02
7.938643425803160181e-02 1.072334989229572766e-01
8.131421999087923291e-02 9.090076182831215157e-02
8.210043707900763210e-02 8.925517318817900725e-02
8.289545033292507192e-02 8.519153758493640261e-02
8.313291042502223005e-02 1.030347401521590905e-01
8.442970532606543232e-02 1.029229455569012769e-01
8.446222636866644595e-02 9.918686990572403439e-02
8.470623164448430609e-02 9.544919688035578831e-02
8.561901185712941786e-02 9.716748873609619419e-02
8.602275793171854090e-02 9.300947109221217868e-02
8.807002536612694443e-02 1.000178017121897411e-01
8.972236374599815156e-02 9.942840506233692477e-02
9.035352341741013926e-02 1.044317151950858308e-01
9.095200729997054978e-02 9.321340551167692223e-02
9.115108955930043000e-02 1.067429910169576390e-01
9.195297878245507761e-02 1.255563695265760338e-01
9.208508661897270298e-02 1.051584011224383358e-01
9.247161061546754768e-02 1.011666891570071058e-01
9.267435633918730264e-02 1.062193053548484700e-01
9.325796068056289856e-02 9.851942752478033694e-02
9.398792976746429828e-02 1.015665224977887054e-01
9.442646047251057606e-02 9.909041609390129013e-02
9.488251459050056624e-02 9.825402431878339782e-02
9.500031356794612358e-02 1.061158704098780214e-01
9.510013209419625191e-02 1.076031913941492973e-01
9.581386598701303881e-02 1.049984676899828051e-01
9.656833737679813845e-02 1.172115250315233920e-01
9.765237459216948024e-02 1.347430108145037386e-01
9.791479998677482532e-02 1.244211760848030340e-01
9.826184134723990604e-02 1.093953761100848604e-01
9.855961939292542939e-02 1.043499807071985169e-01
9.962120424509532390e-02 1.270057704004144417e-01
9.983631690576243167e-02 1.086165584975847670e-01
1.004312172042873541e-01 1.132704926253342015e-01
1.004502867578812020e-01 1.071249781062717926e-01
1.005449602350123733e-01 1.013546203439790183e-01
1.019937957366924275e-01 1.410740661538099072e-01
1.028909600138541852e-01 1.278763329944969385e-01
1.030479736876463576e-01 1.129787991522071405e-01
1.034889105252767422e-01 2.398308182398558586e-01
1.035472487780842860e-01 1.329008219744725605e-01
1.047556970643711283e-01 1.161654775211898166e-01
1.050355340875568783e-01 1.157086254049613655e-01
1.050972533893522742e-01 1.855156480931679785e-01
1.053763789320822930e-01 1.509514456790116144e-01
1.053996638527387036e-01 1.098841853328267754e-01
1.064186649993978245e-01 1.619243768026343566e-01
1.069520778339272671e-01 1.228280847919788754e-01
1.071148079233751327e-01 1.559019972839398582e-01
1.079454856596967355e-01 1.130036039519746877e-01
1.082151014361192459e-01 1.325093818479922969e-01
1.084452509119393088e-01 1.139046742768319992e-01
1.090431434667917254e-01 1.521850609929644438e-01
1.095465996379328122e-01 1.096877722307303682e-01
1.101706443258701068e-01 1.605142890780634768e-01
1.104319097479750794e-01 1.122543307272747259e-01
1.105046446372074109e-01 1.568581923959023461e-01
1.107126086996304271e-01 1.966136661231858707e-01
1.115072336001907555e-01 1.129561636535765939e-01
1.118240211034024351e-01 1.336508820092891792e-01
1.119181473203509775e-01 2.067535892172461254e-01
1.122185094328626009e-01 1.662914390105297568e-01
1.124232054829401029e-01 1.213547645856416640e-01
1.129925550552198649e-01 1.202971356755201671e-01
1.135183065648803225e-01 1.234762346388317139e-01
1.144939600494278148e-01 1.322301870123450962e-01
1.147561714870102140e-01 2.215394833608256564e-01
1.149397250658965169e-01 2.215537372599574728e-01
1.150351745074161963e-01 1.987173128949131506e-01
1.150481610669552707e-01 2.256772064660968469e-01
1.153388242724649460e-01 1.213387143897015352e-01
1.155310941564941379e-01 1.952704765195756031e-01
1.166793662746867105e-01 1.212381749836714262e-01
1.171884834571511186e-01 1.612743276280546312e-01
1.177990971964334721e-01 1.178695803658531271e-01
1.181669353827651120e-01 1.253588726390016395e-01
1.185121931073049306e-01 1.260045205713371530e-01
1.185126995930434607e-01 2.159284592266169922e-01
1.207301042192764490e-01 1.271578815243964433e-01
1.207819246922698098e-01 2.138371898050050179e-01
1.212022057693547122e-01 1.615973022179814367e-01
1.221633588867133552e-01 1.565293370344315316e-01
1.224215017347551199e-01 1.613095588732763042e-01
1.228012874092706125e-01 1.449686515447429491e-01
1.234944202821198905e-01 1.866138438315442516e-01
1.242390716281902285e-01 1.371534710914557309e-01
1.251328431362074001e-01 1.345069558218886518e-01
1.254352913365663624e-01 1.466282359739685681e-01
1.256582552117847806e-01 1.603133828428157381e-01
1.262719480506382386e-01 1.265335096974782025e-01
1.269310766481058783e-01 1.555465696583614998e-01
1.271610674927327045e-01 1.548972375892528064e-01
1.275289721017177080e-01 1.439356256902324660e-01
1.279611582969545636e-01 1.306523169451488942e-01
1.287417387377486344e-01 1.349578898287049911e-01
1.288530831192913062e-01 1.713658971085551264e-01
1.289017449800997916e-01 2.166973997134083729e-01
1.291714380795823403e-01 1.363644464445638305e-01
1.299431892400220445e-01 1.349940794390307175e-01
1.301083789633350196e-01 1.502157663769638496e-01
1.301188343309485629e-01 1.415233948735980518e-01
1.310519498122160176e-01 1.466312285153753836e-01
1.318169887904043214e-01 1.485914308935011585e-01
1.319678708076171825e-01 1.320782054434655739e-01
1.350858971619677829e-01 1.452479407877773354e-01
1.351654967436340393e-01 1.472218007972194154e-01
1.353652878184043173e-01 1.417989062272037581e-01
1.353679905323905142e-01 1.738814253148491529e-01
1.360042517696038178e-01 1.368061482606789392e-01
1.362335351661360383e-01 2.143239613142622069e-01
1.368370392663733059e-01 1.651816861861513386e-01
1.379575595973960844e-01 1.815986132627193106e-01
1.409267834821101295e-01 1.780360940081272270e-01
1.411586484183469103e-01 2.085473136467138333e-01
1.416636347122152140e-01 1.631873151663588983e-01
1.420878166243901841e-01 1.603281474488598979e-01
1.427731534605569397e-01 1.841513894442176891e-01
1.431174331590568949e-01 1.564280972143567150e-01
1.433444141325977417e-01 1.494323683946037484e-01
1.434131435464706672e-01 1.706881230439493968e-01
1.441258176012701064e-01 1.482192035920419093e-01
1.449902018955275540e-01 1.712008760120476147e-01
1.484629769860082438e-01 1.548655830427910496e-01
1.487457893343355209e-01 1.544493082407135398e-01
1.492881504470636722e-01 1.761929823196868861e-01
1.501828520138409895e-01 1.577802860827156595e-01
1.503797293460752416e-01 1.551313721891343922e-01
1.518925627198168260e-01 1.878213887170950835e-01
1.529601722311993983e-01 1.618691785127510385e-01
1.566293102100433376e-01 1.669501101683761868e-01
1.578672183288457875e-01 1.725824571881521552e-01
1.584437617969978729e-01 1.593196327070301455e-01
1.586233199170771491e-01 1.737230928108302042e-01
1.613029850295482626e-01 1.669523909613671586e-01
1.614708105756360035e-01 1.618648152592266909e-01
1.634574996881830722e-01 1.662720619242012976e-01
1.706320202715081447e-01 1.725743018829421771e-01
1.722965874368478922e-01 1.760629852674385765e-01
1.755091776344966104e-01 2.030001001779340453e-01
1.756232934468872353e-01 1.994379354957765971e-01
1.768800797530566127e-01 1.769178859621200750e-01
1.787644607808198116e-01 1.825855222512463849e-01
1.889529979522143466e-01 1.894980989578030073e-01
