0.000000000000000000e+00 1.022803658399055737e-01
0.000000000000000000e+00 9.832626381640194313e-02
0.000000000000000000e+00 1.067454688415169634e-01
0.000000000000000000e+00 9.559228239603589916e-02
0.000000000000000000e+00 9.711366853921107878e-02
0.000000000000000000e+00 1.056635283389684293e-01
0.000000000000000000e+00 7.187269526221742866e-02
0.000000000000000000e+00 6.481818503894436201e-02
0.000000000000000000e+00 1.031702497179083633e-01
0.000000000000000000e+00 1.019322930288327350e-01
0.000000000000000000e+00 9.695857233864550728e-02
0.000000000000000000e+00 9.457151375855814279e-02
0.000000000000000000e+00 5.896446217568555165e-02
0.000000000000000000e+00 1.003121882405455939e-01
0.000000000000000000e+00 8.249307384545130628e-02
0.000000000000000000e+00 9.581921077846705659e-02
0.000000000000000000e+00 1.097859477957574409e-01
0.000000000000000000e+00 9.898458862300231476e-02
0.000000000000000000e+00 1.067264620548836890e-01
0.000000000000000000e+00 8.573717871832740867e-02
0.000000000000000000e+00 9.725621853239467540e-02
0.000000000000000000e+00 1.056444495853003235e-01
0.000000000000000000e+00 8.001224714362852042e-02
0.000000000000000000e+00 7.158374720760564414e-02
0.000000000000000000e+00 9.848731919520803402e-02
0.000000000000000000e+00 6.162700451490606135e-02
0.000000000000000000e+00 7.822684447616175263e-02
0.000000000000000000e+00 8.696104087635242452e-02
0.000000000000000000e+00 1.066623198498514863e-01
0.000000000000000000e+00 7.762998340462369529e-02
0.000000000000000000e+00 1.050387585126683065e-01
0.000000000000000000e+00 8.486282932835702286e-02
0.000000000000000000e+00 8.818609194217996716e-02
0.000000000000000000e+00 8.490379027708712389e-02
0.000000000000000000e+00 9.727811560563152937e-02
0.000000000000000000e+00 9.418606140207293198e-02
0.000000000000000000e+00 3.989574033317069834e-02
0.000000000000000000e+00 8.891082442101064243e-02
0.000000000000000000e+00 1.007524211775386314e-01
0.000000000000000000e+00 6.149508666773976368e-02
0.000000000000000000e+00 9.949683274232609675e-02
0.000000000000000000e+00 6.841147654131539413e-02
0.000000000000000000e+00 8.425292082872253008e-02
0.000000000000000000e+00 8.909130412975969915e-02
0.000000000000000000e+00 8.469727980535432521e-02
0.000000000000000000e+00 6.635881765615672667e-02
0.000000000000000000e+00 7.527053221425505924e-02
0.000000000000000000e+00 7.559761548512212992e-02
0.000000000000000000e+00 8.386836786287206469e-02
0.000000000000000000e+00 9.956736921753776837e-02
0.000000000000000000e+00 5.155308917469608038e-02
0.000000000000000000e+00 8.147367252297818552e-02
0.000000000000000000e+00 4.677950981527145141e-02
0.000000000000000000e+00 1.051184908514213728e-01
0.000000000000000000e+00 5.841635193663307496e-02
0.000000000000000000e+00 6.744558194501085180e-02
0.000000000000000000e+00 8.987653168435784379e-02
0.000000000000000000e+00 8.542116065154650717e-02
0.000000000000000000e+00 5.245160890187494651e-02
0.000000000000000000e+00 8.630612984183617942e-02
0.000000000000000000e+00 9.357714905638445102e-02
0.000000000000000000e+00 4.107229212034321786e-02
0.000000000000000000e+00 9.695298890794172564e-02
0.000000000000000000e+00 2.938427145439135788e-02
0.000000000000000000e+00 8.709420062383177452e-02
0.000000000000000000e+00 1.200837499205968939e-01
0.000000000000000000e+00 5.718386735457963582e-02
0.000000000000000000e+00 9.168122611523900345e-02
0.000000000000000000e+00 6.314008096001154369e-02
0.000000000000000000e+00 8.369078970225436731e-02
0.000000000000000000e+00 8.132896018144601669e-02
0.000000000000000000e+00 6.776010753889080696e-02
0.000000000000000000e+00 9.941860828077016266e-02
0.000000000000000000e+00 3.794478854132285472e-02
0.000000000000000000e+00 3.727027672179040324e-02
0.000000000000000000e+00 8.022759441686345971e-02
0.000000000000000000e+00 6.536941636304823000e-02
0.000000000000000000e+00 8.063590953670106420e-02
0.000000000000000000e+00 6.792479320944848353e-02
0.000000000000000000e+00 9.513080623624842191e-02
0.000000000000000000e+00 4.137881845725618207e-02
0.000000000000000000e+00 5.407927574835684481e-02
0.000000000000000000e+00 5.797304735704310319e-02
0.000000000000000000e+00 8.600265379032552560e-02
0.000000000000000000e+00 7.581017672467436908e-02
0.000000000000000000e+00 9.582588179007300866e-02
0.000000000000000000e+00 8.368525984628955028e-02
0.000000000000000000e+00 6.189817259436657115e-02
0.000000000000000000e+00 6.207704581926778292e-02
0.000000000000000000e+00 6.099345091502904326e-02
0.000000000000000000e+00 9.179226436180482063e-02
0.000000000000000000e+00 7.655017546951854712e-02
0.000000000000000000e+00 6.887507398855459428e-02
0.000000000000000000e+00 9.757678399337273156e-02
0.000000000000000000e+00 6.911622996766547677e-02
0.000000000000000000e+00 6.660330697016382528e-02
0.000000000000000000e+00 6.060590744859842283e-02
0.000000000000000000e+00 8.936654143531454209e-02
0.000000000000000000e+00 4.415139483899143541e-02
0.000000000000000000e+00 3.229792563726179705e-02
0.000000000000000000e+00 1.033040177478536797e-01
0.000000000000000000e+00 4.563329060753432143e-02
0.000000000000000000e+00 5.190865418991792019e-02
0.000000000000000000e+00 2.940592347107992555e-02
0.000000000000000000e+00 1.732202193336053117e-02
0.000000000000000000e+00 6.070365608546745423e-02
0.000000000000000000e+00 7.882172943561817358e-02
0.000000000000000000e+00 4.617862850589563722e-02
0.000000000000000000e+00 6.997393430116320701e-02
0.000000000000000000e+00 3.875695624604429818e-02
0.000000000000000000e+00 1.009386715092020631e-01
0.000000000000000000e+00 7.387456338734267602e-02
0.000000000000000000e+00 5.637376263682631478e-02
0.000000000000000000e+00 6.981820676065536579e-02
0.000000000000000000e+00 2.244699623368646285e-02
0.000000000000000000e+00 7.780737619637860536e-02
0.000000000000000000e+00 6.620667864016309412e-02
0.000000000000000000e+00 7.208800762729179745e-02
0.000000000000000000e+00 6.970722987637024970e-02
0.000000000000000000e+00 8.473997452425272026e-02
0.000000000000000000e+00 8.892741287180411236e-02
0.000000000000000000e+00 8.372578099043853639e-02
0.000000000000000000e+00 4.971644549190778334e-02
0.000000000000000000e+00 6.900019193035206166e-02
0.000000000000000000e+00 6.792910664117772501e-02
0.000000000000000000e+00 6.865157416244407895e-02
0.000000000000000000e+00 9.021653935140466762e-02
0.000000000000000000e+00 7.747508227039649753e-02
0.000000000000000000e+00 4.405585986488947531e-02
0.000000000000000000e+00 7.836944913150747927e-02
0.000000000000000000e+00 1.186261440502710124e-01
0.000000000000000000e+00 9.377849375933726417e-02
0.000000000000000000e+00 4.414906020744393395e-02
0.000000000000000000e+00 6.637140785120104747e-02
0.000000000000000000e+00 4.613220161055924667e-02
0.000000000000000000e+00 8.279283563017898750e-02
0.000000000000000000e+00 9.158012288257645628e-02
0.000000000000000000e+00 3.017715256879555802e-02
0.000000000000000000e+00 8.773472857980035844e-02
0.000000000000000000e+00 8.104928392513159607e-02
0.000000000000000000e+00 7.712580017465150983e-02
0.000000000000000000e+00 7.847752014797948483e-02
0.000000000000000000e+00 6.224519708652171551e-02
0.000000000000000000e+00 6.803116079265818239e-02
0.000000000000000000e+00 4.183383236394124655e-02
0.000000000000000000e+00 1.198087285912808331e-01
0.000000000000000000e+00 4.576731609911820209e-02
0.000000000000000000e+00 5.138791670594548139e-02
0.000000000000000000e+00 8.002278525197446812e-02
0.000000000000000000e+00 4.610429398130796996e-02
0.000000000000000000e+00 6.156809610838927249e-02
0.000000000000000000e+00 9.252350731613809276e-02
0.000000000000000000e+00 8.932204881098589067e-02
0.000000000000000000e+00 6.904915733806481215e-02
0.000000000000000000e+00 5.859719710865320813e-02
0.000000000000000000e+00 9.262208098152824309e-02
0.000000000000000000e+00 7.606792292898570396e-02
0.000000000000000000e+00 8.193886488325070883e-02
0.000000000000000000e+00 7.432426896546805162e-02
0.000000000000000000e+00 9.430069459256563980e-02
0.000000000000000000e+00 9.051412501165419233e-02
0.000000000000000000e+00 4.646462047829581082e-02
0.000000000000000000e+00 5.702469922488375559e-02
0.000000000000000000e+00 2.965449141933446456e-02
0.000000000000000000e+00 5.727945982299122163e-02
0.000000000000000000e+00 9.198659454468169350e-02
0.000000000000000000e+00 7.937108481556334749e-02
0.000000000000000000e+00 6.936940009012544650e-02
0.000000000000000000e+00 9.329187560491940256e-02
0.000000000000000000e+00 4.543126363661868783e-02
0.000000000000000000e+00 5.684257397469671957e-02
0.000000000000000000e+00 8.915352114638297465e-02
0.000000000000000000e+00 5.260396098755052569e-02
0.000000000000000000e+00 4.910312207531986745e-02
0.000000000000000000e+00 6.505302035676306660e-02
0.000000000000000000e+00 6.713902344312640269e-02
0.000000000000000000e+00 3.738598227308116695e-02
0.000000000000000000e+00 5.577346593360960753e-02
0.000000000000000000e+00 6.364466115321497364e-02
0.000000000000000000e+00 4.801683974859271425e-02
0.000000000000000000e+00 5.682921688835077673e-02
0.000000000000000000e+00 9.037191808221098355e-02
0.000000000000000000e+00 6.490170832767291897e-02
0.000000000000000000e+00 5.639188355484750503e-02
0.000000000000000000e+00 8.136386171682653823e-02
0.000000000000000000e+00 4.436846756080169152e-02
0.000000000000000000e+00 2.684355118692046197e-02
0.000000000000000000e+00 7.304076648603527455e-02
0.000000000000000000e+00 2.765321905767667912e-02
0.000000000000000000e+00 8.291759413551223756e-02
0.000000000000000000e+00 8.043041405437686975e-02
0.000000000000000000e+00 5.688912368891407834e-02
0.000000000000000000e+00 7.007980340535151231e-02
0.000000000000000000e+00 8.258076117192576782e-02
0.000000000000000000e+00 9.661623306101696507e-02
0.000000000000000000e+00 2.837985075018521763e-02
0.000000000000000000e+00 8.593001231884926649e-02
0.000000000000000000e+00 4.007650129069469103e-02
0.000000000000000000e+00 5.552202289494534426e-02
0.000000000000000000e+00 4.752500061801092496e-02
0.000000000000000000e+00 4.172591574035360712e-02
0.000000000000000000e+00 4.888668292790947223e-02
0.000000000000000000e+00 6.792281995006399509e-02
0.000000000000000000e+00 6.929520726852579637e-02
0.000000000000000000e+00 6.313395583463067562e-02
0.000000000000000000e+00 8.810926569507224193e-02
0.000000000000000000e+00 5.567303840098996454e-02
0.000000000000000000e+00 7.002589534394895732e-02
0.000000000000000000e+00 4.811916776170539756e-02
0.000000000000000000e+00 7.334624033021357181e-02
0.000000000000000000e+00 7.137702243520291367e-02
0.000000000000000000e+00 7.916826372045382421e-02
0.000000000000000000e+00 9.756358125786064595e-02
0.000000000000000000e+00 3.217434157232808289e-02
0.000000000000000000e+00 3.957093340542103266e-02
0.000000000000000000e+00 9.928082511020189238e-02
0.000000000000000000e+00 7.758991667804848724e-02
0.000000000000000000e+00 2.233139814909542581e-02
0.000000000000000000e+00 5.341097968433890231e-02
0.000000000000000000e+00 9.610241529952144590e-02
0.000000000000000000e+00 7.709330780975147401e-02
0.000000000000000000e+00 8.100576307136612975e-02
0.000000000000000000e+00 8.139338175074425918e-02
0.000000000000000000e+00 3.435047833570439857e-02
0.000000000000000000e+00 6.637404868499147126e-02
0.000000000000000000e+00 3.750015849549188235e-02
0.000000000000000000e+00 7.729631373893046387e-02
0.000000000000000000e+00 7.459831159732872863e-02
0.000000000000000000e+00 9.560980208397065749e-02
0.000000000000000000e+00 5.973448774979425724e-02
0.000000000000000000e+00 1.128256258371136689e-01
0.000000000000000000e+00 5.021043723809141823e-02
0.000000000000000000e+00 4.661660999354678286e-02
0.000000000000000000e+00 1.063354862691368863e-01
0.000000000000000000e+00 5.177906624978657890e-02
0.000000000000000000e+00 5.227689959345579312e-02
0.000000000000000000e+00 8.021748887395331595e-02
0.000000000000000000e+00 1.690123395920394359e-02
0.000000000000000000e+00 6.874535491912057983e-02
0.000000000000000000e+00 7.049108434316117555e-02
0.000000000000000000e+00 4.801674161265346436e-02
0.000000000000000000e+00 6.038283645791853865e-02
0.000000000000000000e+00 2.711097155160839892e-02
0.000000000000000000e+00 6.559768800864496097e-02
0.000000000000000000e+00 5.200970355133287953e-02
0.000000000000000000e+00 2.983683478891345844e-02
0.000000000000000000e+00 6.674968983420120905e-02
0.000000000000000000e+00 7.106207085894100661e-02
0.000000000000000000e+00 2.767860491643287998e-02
0.000000000000000000e+00 6.930238451106121578e-02
0.000000000000000000e+00 4.845606188808770226e-02
0.000000000000000000e+00 2.619788264426559446e-02
0.000000000000000000e+00 5.846472473055423086e-02
0.000000000000000000e+00 1.042939362522369157e-01
0.000000000000000000e+00 4.641251580565400325e-02
0.000000000000000000e+00 5.562393886069773308e-02
0.000000000000000000e+00 5.210896710656501285e-02
0.000000000000000000e+00 3.357194795599989512e-02
0.000000000000000000e+00 3.080426913476681100e-02
0.000000000000000000e+00 5.968674568969482841e-02
0.000000000000000000e+00 8.397656399368438884e-02
0.000000000000000000e+00 5.998170124615682247e-02
0.000000000000000000e+00 6.400886747272509225e-02
0.000000000000000000e+00 3.556840737325150936e-02
0.000000000000000000e+00 8.461688932520236572e-02
0.000000000000000000e+00 5.440393862601335812e-02
0.000000000000000000e+00 6.920336408714936050e-02
0.000000000000000000e+00 1.095927107338134088e-01
0.000000000000000000e+00 3.784153356655906020e-02
0.000000000000000000e+00 2.078704228684421021e-02
0.000000000000000000e+00 6.042059428093261159e-02
0.000000000000000000e+00 7.521971116164385962e-02
0.000000000000000000e+00 5.050843312191643369e-02
0.000000000000000000e+00 7.236017391815043054e-02
0.000000000000000000e+00 7.433222825393336064e-02
0.000000000000000000e+00 7.813006493837384991e-02
0.000000000000000000e+00 4.778299238907855739e-02
0.000000000000000000e+00 8.872846536292516850e-02
0.000000000000000000e+00 4.497966603459559870e-02
0.000000000000000000e+00 7.493368079173626239e-02
0.000000000000000000e+00 9.708943268980954611e-02
0.000000000000000000e+00 1.034243993198628864e-01
0.000000000000000000e+00 7.840110603406710843e-02
0.000000000000000000e+00 5.516025175616099535e-02
0.000000000000000000e+00 9.860579607513179912e-02
0.000000000000000000e+00 3.332947534541541579e-02
0.000000000000000000e+00 2.816605213562637169e-02
0.000000000000000000e+00 5.882942443390817844e-02
0.000000000000000000e+00 2.645551845951935738e-02
0.000000000000000000e+00 6.063389474353769043e-02
0.000000000000000000e+00 4.200170658097514970e-02
0.000000000000000000e+00 2.986046134883485817e-02
0.000000000000000000e+00 4.959380014266149411e-02
0.000000000000000000e+00 9.597807138671728133e-02
0.000000000000000000e+00 5.044317385313250995e-02
0.000000000000000000e+00 6.371302333440682919e-02
0.000000000000000000e+00 3.500353360180746137e-02
0.000000000000000000e+00 5.972307504908531961e-02
0.000000000000000000e+00 4.942460022997052088e-02
0.000000000000000000e+00 6.751208061294880491e-02
0.000000000000000000e+00 3.604160536566077683e-02
0.000000000000000000e+00 2.199283784977622974e-02
0.000000000000000000e+00 5.806000428154828308e-02
0.000000000000000000e+00 5.390954901059355486e-02
0.000000000000000000e+00 4.213583221260318312e-02
0.000000000000000000e+00 7.362460788745797680e-02
0.000000000000000000e+00 9.122572771389592106e-02
0.000000000000000000e+00 1.102717805071666973e-01
0.000000000000000000e+00 1.418415361666689085e-02
0.000000000000000000e+00 7.696174330070464087e-02
0.000000000000000000e+00 5.254034696320671743e-02
0.000000000000000000e+00 1.109344689096170844e-01
0.000000000000000000e+00 2.117053319272960490e-02
0.000000000000000000e+00 6.399767524709186473e-02
0.000000000000000000e+00 3.616771445167756699e-02
0.000000000000000000e+00 4.383462280041697245e-02
0.000000000000000000e+00 1.513906627875414961e-02
0.000000000000000000e+00 9.893998735820448698e-02
0.000000000000000000e+00 8.394562922630473267e-02
0.000000000000000000e+00 6.037883918778726849e-02
0.000000000000000000e+00 6.086929700357336659e-02
0.000000000000000000e+00 2.973342921425653484e-02
0.000000000000000000e+00 6.633639105727297258e-02
0.000000000000000000e+00 2.061280882047165919e-02
0.000000000000000000e+00 1.224565772928053048e-01
0.000000000000000000e+00 3.311889448010453540e-02
0.000000000000000000e+00 3.585149139342231478e-02
0.000000000000000000e+00 3.990048567682370068e-02
0.000000000000000000e+00 7.180156546722392397e-02
0.000000000000000000e+00 6.754149000217528342e-02
0.000000000000000000e+00 7.144826588008135193e-02
0.000000000000000000e+00 6.112514223841196415e-02
0.000000000000000000e+00 3.219880662129170207e-02
0.000000000000000000e+00 5.967411130533461366e-03
0.000000000000000000e+00 4.386500312442356136e-02
0.000000000000000000e+00 3.394822324689258930e-02
0.000000000000000000e+00 4.528703623270354667e-02
0.000000000000000000e+00 9.202116213493773123e-02
0.000000000000000000e+00 4.320607477763244164e-02
0.000000000000000000e+00 3.345058525791574228e-02
0.000000000000000000e+00 7.420305928082379654e-02
0.000000000000000000e+00 4.387931311545805596e-02
0.000000000000000000e+00 6.879143533891100837e-02
0.000000000000000000e+00 6.592942097676261770e-02
0.000000000000000000e+00 6.962123866405940664e-02
0.000000000000000000e+00 6.826909628452865197e-02
0.000000000000000000e+00 4.901422567507192352e-02
0.000000000000000000e+00 3.804015304597324620e-02
0.000000000000000000e+00 7.431524263837664679e-02
0.000000000000000000e+00 1.033438187660077473e-01
0.000000000000000000e+00 9.539255606171249957e-02
0.000000000000000000e+00 4.000018839667707909e-02
0.000000000000000000e+00 3.555741208214459326e-02
0.000000000000000000e+00 1.029150057624478726e-01
0.000000000000000000e+00 8.291003009045820604e-02
0.000000000000000000e+00 2.697741441014664399e-02
0.000000000000000000e+00 8.641104728513138156e-02
0.000000000000000000e+00 7.577344755914330876e-02
0.000000000000000000e+00 5.571131158591222793e-02
0.000000000000000000e+00 4.814761080445668917e-02
0.000000000000000000e+00 6.077307016671721490e-02
0.000000000000000000e+00 4.762414226019309749e-02
0.000000000000000000e+00 7.681072565879354386e-02
0.000000000000000000e+00 4.005259464797100710e-02
0.000000000000000000e+00 4.957338821596788542e-02
0.000000000000000000e+00 6.446580098645963985e-02
0.000000000000000000e+00 4.810396847011123161e-02
0.000000000000000000e+00 5.794359183933440322e-02
0.000000000000000000e+00 4.832783568860477171e-03
0.000000000000000000e+00 4.289041107200641800e-02
0.000000000000000000e+00 7.661719635633842951e-02
0.000000000000000000e+00 8.673730915761806992e-02
0.000000000000000000e+00 8.213608955670476108e-02
0.000000000000000000e+00 6.089931091075970887e-02
0.000000000000000000e+00 7.247441541827341627e-02
0.000000000000000000e+00 4.347240974547753045e-02
0.000000000000000000e+00 6.664988948077871234e-02
0.000000000000000000e+00 1.517953751268964584e-02
0.000000000000000000e+00 5.936300909353359190e-02
0.000000000000000000e+00 3.427485400291174766e-02
0.000000000000000000e+00 4.205299266198424951e-02
0.000000000000000000e+00 7.014076641677106927e-02
0.000000000000000000e+00 4.971909680459139086e-02
0.000000000000000000e+00 3.541390710756711635e-02
0.000000000000000000e+00 3.737607757857710350e-02
0.000000000000000000e+00 5.002957686065148679e-02
0.000000000000000000e+00 5.701943782114680948e-02
0.000000000000000000e+00 6.461474199650046879e-02
0.000000000000000000e+00 6.285199316173464834e-02
0.000000000000000000e+00 4.835447541142664368e-02
0.000000000000000000e+00 6.665692061991608519e-02
0.000000000000000000e+00 6.852479350294674032e-02
0.000000000000000000e+00 4.178540731907676165e-02
0.000000000000000000e+00 6.310837185519513337e-02
0.000000000000000000e+00 9.574382560425144517e-02
0.000000000000000000e+00 9.280007979780804939e-02
0.000000000000000000e+00 2.308688785349497993e-02
0.000000000000000000e+00 6.567544111437968735e-02
0.000000000000000000e+00 7.252461928325390494e-02
0.000000000000000000e+00 4.315590951921084717e-02
0.000000000000000000e+00 9.062437037637524617e-02
0.000000000000000000e+00 5.195036726074231392e-02
0.000000000000000000e+00 4.250416310420363636e-02
0.000000000000000000e+00 6.359577308933880846e-02
0.000000000000000000e+00 3.948547325378957279e-02
0.000000000000000000e+00 5.213542526624476842e-02
0.000000000000000000e+00 1.031980773246247013e-01
0.000000000000000000e+00 4.582653201234407336e-02
0.000000000000000000e+00 6.109193612269289003e-02
0.000000000000000000e+00 6.435896586561998256e-02
0.000000000000000000e+00 3.468729209983607148e-02
0.000000000000000000e+00 2.474486231721059748e-02
0.000000000000000000e+00 5.558297387527431910e-02
0.000000000000000000e+00 5.136660576667235328e-02
0.000000000000000000e+00 6.475428861362880761e-02
0.000000000000000000e+00 5.233461001388751282e-02
0.000000000000000000e+00 7.448319619450571860e-02
0.000000000000000000e+00 4.927823345441907643e-02
0.000000000000000000e+00 9.005333918361248247e-02
0.000000000000000000e+00 4.710277500566297654e-02
0.000000000000000000e+00 3.713360873874591711e-02
0.000000000000000000e+00 5.980302360973996367e-02
0.000000000000000000e+00 5.117033472591468735e-02
0.000000000000000000e+00 5.956341574517498572e-02
0.000000000000000000e+00 6.564457151784948430e-02
0.000000000000000000e+00 5.982351278198492356e-02
0.000000000000000000e+00 4.881906060956600624e-02
0.000000000000000000e+00 2.524779458069143986e-02
0.000000000000000000e+00 2.765671111308088889e-02
0.000000000000000000e+00 5.227832458687237116e-02
0.000000000000000000e+00 5.178593370452749117e-02
0.000000000000000000e+00 6.256818335908392870e-02
0.000000000000000000e+00 8.298340221622317603e-02
0.000000000000000000e+00 6.608951589312708763e-02
0.000000000000000000e+00 1.081851556253421581e-01
0.000000000000000000e+00 6.344269176055129800e-02
0.000000000000000000e+00 5.629272497791400903e-02
0.000000000000000000e+00 9.316825315551612030e-02
0.000000000000000000e+00 4.928101786979541266e-02
0.000000000000000000e+00 7.586425238869574927e-02
0.000000000000000000e+00 5.939242468069030889e-02
0.000000000000000000e+00 2.649068919829248442e-02
0.000000000000000000e+00 8.163425466520121687e-02
0.000000000000000000e+00 2.326306700894500631e-02
0.000000000000000000e+00 9.043572907064360844e-02
0.000000000000000000e+00 5.597700701241383608e-02
0.000000000000000000e+00 8.661388535794987964e-02
0.000000000000000000e+00 4.318095522550634280e-02
0.000000000000000000e+00 6.741422440303979080e-02
0.000000000000000000e+00 4.670631412049969927e-02
0.000000000000000000e+00 1.460369717599868146e-02
0.000000000000000000e+00 5.345132272844807519e-02
0.000000000000000000e+00 6.623648781817412234e-02
0.000000000000000000e+00 6.790336762036844331e-02
0.000000000000000000e+00 4.644176176046224680e-02
0.000000000000000000e+00 4.093836891213546020e-02
0.000000000000000000e+00 3.960638449295370012e-02
0.000000000000000000e+00 3.835092330282489914e-02
0.000000000000000000e+00 5.815881296076446522e-02
0.000000000000000000e+00 7.620198212756428002e-02
0.000000000000000000e+00 8.356476597263966244e-02
0.000000000000000000e+00 2.322709124896930183e-02
0.000000000000000000e+00 8.729982173362295372e-02
0.000000000000000000e+00 6.485271360325101271e-03
0.000000000000000000e+00 2.939454474651585769e-02
0.000000000000000000e+00 4.481790481990782088e-02
0.000000000000000000e+00 4.624465273741030363e-02
0.000000000000000000e+00 3.295298067233755346e-02
0.000000000000000000e+00 6.081769063067747616e-02
0.000000000000000000e+00 8.520966889159403701e-02
0.000000000000000000e+00 4.730875829467864196e-02
0.000000000000000000e+00 4.542661345432087022e-02
0.000000000000000000e+00 6.281068318521924876e-02
0.000000000000000000e+00 7.020986493756473101e-02
0.000000000000000000e+00 4.392745946853176403e-02
0.000000000000000000e+00 7.585502842250907429e-02
0.000000000000000000e+00 5.318297904018521455e-02
0.000000000000000000e+00 6.985978045358258448e-02
0.000000000000000000e+00 9.926407639208584266e-02
0.000000000000000000e+00 5.146142799777524146e-02
0.000000000000000000e+00 4.614096649674262474e-02
0.000000000000000000e+00 5.994112783549257473e-02
0.000000000000000000e+00 7.770742153771277583e-02
0.000000000000000000e+00 7.169168932597656807e-02
0.000000000000000000e+00 6.621205194943705075e-02
0.000000000000000000e+00 8.500987816144740805e-02
0.000000000000000000e+00 5.127352503020132790e-02
0.000000000000000000e+00 7.342872341377050527e-02
0.000000000000000000e+00 8.264840122881728091e-02
0.000000000000000000e+00 8.901009951003133192e-02
0.000000000000000000e+00 5.490854978003876369e-02
0.000000000000000000e+00 5.422194189344314158e-02
0.000000000000000000e+00 6.364284782707142762e-02
0.000000000000000000e+00 9.435497807299454698e-02
0.000000000000000000e+00 4.053015923019138989e-02
0.000000000000000000e+00 5.872282787521055508e-02
0.000000000000000000e+00 5.077770430759676046e-02
0.000000000000000000e+00 3.030008138015008110e-02
0.000000000000000000e+00 5.648014641043706818e-02
