0.000000000000000000e+00 1.041988594752485953e-01
0.000000000000000000e+00 9.751725732639916766e-02
0.000000000000000000e+00 8.581967372571577823e-02
0.000000000000000000e+00 9.264779837853233391e-02
0.000000000000000000e+00 9.381571252676855488e-02
0.000000000000000000e+00 8.031757504361602962e-02
0.000000000000000000e+00 1.011797944362753804e-01
0.000000000000000000e+00 8.626444872334226854e-02
0.000000000000000000e+00 9.117630285002328860e-02
0.000000000000000000e+00 4.016546664685568396e-02
0.000000000000000000e+00 9.264074881844808207e-02
0.000000000000000000e+00 9.485295986777660115e-02
0.000000000000000000e+00 9.074875301614679368e-02
0.000000000000000000e+00 7.500726053570892782e-02
0.000000000000000000e+00 9.448290189752407697e-02
0.000000000000000000e+00 8.299217711786320562e-02
0.000000000000000000e+00 1.897905154054066457e-02
0.000000000000000000e+00 7.379437660157492362e-02
0.000000000000000000e+00 8.865446323890290026e-02
0.000000000000000000e+00 9.586649473599698212e-02
0.000000000000000000e+00 1.050327620769449938e-01
0.000000000000000000e+00 8.857634921434719144e-02
0.000000000000000000e+00 7.680413312355083288e-02
0.000000000000000000e+00 9.250079341463042504e-02
0.000000000000000000e+00 4.003195748466496090e-02
0.000000000000000000e+00 8.915178222347636128e-02
0.000000000000000000e+00 8.078325130152429201e-02
0.000000000000000000e+00 5.991971875473933729e-02
0.000000000000000000e+00 9.426381291310317878e-02
0.000000000000000000e+00 7.507143237522025114e-02
0.000000000000000000e+00 9.230326633400652570e-02
0.000000000000000000e+00 1.023539730245100754e-01
0.000000000000000000e+00 9.238448387302179710e-02
0.000000000000000000e+00 7.723428077322405660e-02
0.000000000000000000e+00 1.048939559966358265e-01
0.000000000000000000e+00 5.908238000434927473e-02
0.000000000000000000e+00 7.550353544575560960e-02
0.000000000000000000e+00 9.545390039867415743e-02
0.000000000000000000e+00 7.353963548671968442e-02
0.000000000000000000e+00 1.006603025895391051e-01
0.000000000000000000e+00 9.981692845962732152e-02
0.000000000000000000e+00 7.774798304161857632e-02
0.000000000000000000e+00 8.333255293899738403e-02
0.000000000000000000e+00 6.929524740012579787e-02
0.000000000000000000e+00 7.679077918828930427e-02
0.000000000000000000e+00 7.361339439057075495e-02
0.000000000000000000e+00 7.206990013936565020e-02
0.000000000000000000e+00 6.943588032906615470e-02
0.000000000000000000e+00 2.337180847722149582e-02
0.000000000000000000e+00 9.434302408265746176e-02
0.000000000000000000e+00 7.220476633736543082e-02
0.000000000000000000e+00 1.135591239943585240e-01
0.000000000000000000e+00 7.376230942786368705e-02
0.000000000000000000e+00 9.294826435530481601e-02
0.000000000000000000e+00 6.256557730694344011e-02
0.000000000000000000e+00 9.493025634722988826e-02
0.000000000000000000e+00 1.019091355378688724e-01
0.000000000000000000e+00 9.001171571588746645e-02
0.000000000000000000e+00 9.450379820811559417e-02
0.000000000000000000e+00 6.619770266737853848e-02
0.000000000000000000e+00 1.003691940891460604e-01
0.000000000000000000e+00 9.143252857946890244e-02
0.000000000000000000e+00 7.637850060812106934e-02
0.000000000000000000e+00 6.299467919539611382e-02
0.000000000000000000e+00 3.175000517588521393e-02
0.000000000000000000e+00 6.977577840388093922e-02
0.000000000000000000e+00 8.397020404836411100e-02
0.000000000000000000e+00 7.106006070156140053e-02
0.000000000000000000e+00 6.245938739085679647e-02
0.000000000000000000e+00 6.030558843595535540e-02
0.000000000000000000e+00 8.209786112402545077e-02
0.000000000000000000e+00 8.812326237126297257e-02
0.000000000000000000e+00 8.156018786303596835e-02
0.000000000000000000e+00 6.079762589096026487e-02
0.000000000000000000e+00 6.619884836624992386e-02
0.000000000000000000e+00 8.559354664122693912e-02
0.000000000000000000e+00 4.655308799662722513e-02
0.000000000000000000e+00 1.028902627609657033e-01
0.000000000000000000e+00 5.771456429990223791e-02
0.000000000000000000e+00 3.470903803950346755e-02
0.000000000000000000e+00 5.786414451562078842e-02
0.000000000000000000e+00 8.779500374330176382e-02
0.000000000000000000e+00 8.721760862685421639e-03
0.000000000000000000e+00 7.190200330281230900e-02
0.000000000000000000e+00 9.477508012142288329e-02
0.000000000000000000e+00 5.050591989785346847e-02
0.000000000000000000e+00 4.792650874672691602e-02
0.000000000000000000e+00 5.974585747914456374e-02
0.000000000000000000e+00 8.731283366048553374e-02
0.000000000000000000e+00 1.807819277237067770e-02
0.000000000000000000e+00 2.892566492659077657e-02
0.000000000000000000e+00 1.058767772410138114e-01
0.000000000000000000e+00 9.443503780890559474e-02
0.000000000000000000e+00 6.032874692929426907e-02
0.000000000000000000e+00 7.189247675784975200e-02
0.000000000000000000e+00 5.580042386155956852e-02
0.000000000000000000e+00 3.704384827620140624e-02
0.000000000000000000e+00 4.215614071051018708e-02
0.000000000000000000e+00 8.186619081526592956e-02
0.000000000000000000e+00 1.043396600460591850e-01
0.000000000000000000e+00 4.697667636540373698e-02
0.000000000000000000e+00 5.033373744802096400e-02
0.000000000000000000e+00 6.965652839748411040e-02
0.000000000000000000e+00 9.273849442595930026e-02
0.000000000000000000e+00 5.161616968679934303e-02
0.000000000000000000e+00 8.487188587133712159e-02
0.000000000000000000e+00 4.294609160901340789e-02
0.000000000000000000e+00 4.830482219969203794e-02
0.000000000000000000e+00 4.512109133967874552e-02
0.000000000000000000e+00 8.805653379108191459e-02
0.000000000000000000e+00 7.527091635067373332e-02
0.000000000000000000e+00 1.115172846820089020e-01
0.000000000000000000e+00 8.437445609018096038e-02
0.000000000000000000e+00 7.471573816231857901e-02
0.000000000000000000e+00 4.643578645483871503e-02
0.000000000000000000e+00 6.421101976482310181e-02
0.000000000000000000e+00 4.960458414100381991e-02
0.000000000000000000e+00 4.619814474674448918e-02
0.000000000000000000e+00 7.760054069888258632e-02
0.000000000000000000e+00 9.476700904550662552e-02
0.000000000000000000e+00 6.841174429001445345e-02
0.000000000000000000e+00 4.765260387737856734e-02
0.000000000000000000e+00 4.774992572729640922e-02
0.000000000000000000e+00 5.371381219200079687e-02
0.000000000000000000e+00 8.702184451584946134e-02
0.000000000000000000e+00 6.894851804059881628e-02
0.000000000000000000e+00 8.412948528160112127e-02
0.000000000000000000e+00 8.351439709448736648e-02
0.000000000000000000e+00 5.957766822765035719e-02
0.000000000000000000e+00 6.561706362907530898e-02
0.000000000000000000e+00 6.151428992473206153e-02
0.000000000000000000e+00 7.346406977400023186e-02
0.000000000000000000e+00 1.066236503839190358e-01
0.000000000000000000e+00 7.941104255135605916e-02
0.000000000000000000e+00 6.827393823249869320e-02
0.000000000000000000e+00 4.756792273438324031e-02
0.000000000000000000e+00 8.495632582153311851e-02
0.000000000000000000e+00 4.886959105125616987e-02
0.000000000000000000e+00 2.931635213119141922e-02
0.000000000000000000e+00 7.368791070025551559e-02
0.000000000000000000e+00 1.064603214232752865e-01
0.000000000000000000e+00 6.709382676547828717e-02
0.000000000000000000e+00 9.142573559182463894e-02
0.000000000000000000e+00 7.151520925903628867e-02
0.000000000000000000e+00 4.173701881455234991e-02
0.000000000000000000e+00 6.999876804419014054e-02
0.000000000000000000e+00 9.660107307057806680e-02
0.000000000000000000e+00 4.413357124801389753e-02
0.000000000000000000e+00 3.677669824898513462e-02
0.000000000000000000e+00 5.622028379808698823e-02
0.000000000000000000e+00 4.127951188859373816e-02
0.000000000000000000e+00 6.756602446731370393e-02
0.000000000000000000e+00 7.480299743790884415e-02
0.000000000000000000e+00 5.715444133253163445e-02
0.000000000000000000e+00 4.287718551668173728e-02
0.000000000000000000e+00 2.858547014877436607e-02
0.000000000000000000e+00 9.327230639658828926e-02
0.000000000000000000e+00 2.944945435971512912e-02
0.000000000000000000e+00 3.304141505327855277e-02
0.000000000000000000e+00 7.786124201833732883e-02
0.000000000000000000e+00 3.138716609233590388e-02
0.000000000000000000e+00 9.696867407770144720e-02
0.000000000000000000e+00 7.336056837763009486e-02
0.000000000000000000e+00 5.745327066039763314e-02
0.000000000000000000e+00 6.062019166996208963e-02
0.000000000000000000e+00 6.740739782710904182e-02
0.000000000000000000e+00 7.231023728090790748e-02
0.000000000000000000e+00 7.180595318130597593e-02
0.000000000000000000e+00 4.894697862651928993e-02
0.000000000000000000e+00 8.026375509350716642e-02
0.000000000000000000e+00 6.149216629805253492e-02
0.000000000000000000e+00 6.087049924407820362e-02
0.000000000000000000e+00 4.260972276333172687e-02
0.000000000000000000e+00 8.355091997642606627e-02
0.000000000000000000e+00 1.193992259713073378e-01
0.000000000000000000e+00 3.626239427109309577e-02
0.000000000000000000e+00 5.394709319241419027e-02
0.000000000000000000e+00 6.897548058563607309e-02
0.000000000000000000e+00 7.881951095848482858e-02
0.000000000000000000e+00 8.933602225165214461e-02
0.000000000000000000e+00 6.592382154374204495e-02
0.000000000000000000e+00 5.659340846055277430e-02
0.000000000000000000e+00 1.058516705955549336e-01
0.000000000000000000e+00 5.891151850046145999e-02
0.000000000000000000e+00 3.026969770874350998e-02
0.000000000000000000e+00 9.930630344484281391e-02
0.000000000000000000e+00 4.734884339195005037e-02
0.000000000000000000e+00 9.281461811197631862e-02
0.000000000000000000e+00 7.471084856882703740e-02
0.000000000000000000e+00 6.500004529641657813e-02
0.000000000000000000e+00 7.878609824830917763e-02
0.000000000000000000e+00 8.584018605638613075e-02
0.000000000000000000e+00 8.108855227576065861e-02
0.000000000000000000e+00 7.768777978393193173e-02
0.000000000000000000e+00 4.396512333547532986e-02
0.000000000000000000e+00 1.070200421885202646e-01
0.000000000000000000e+00 8.072865583767815933e-02
0.000000000000000000e+00 8.341746280732048602e-02
0.000000000000000000e+00 1.130001743131956032e-01
0.000000000000000000e+00 8.414284274617471471e-02
0.000000000000000000e+00 7.474062611629360420e-02
0.000000000000000000e+00 2.485224231267853245e-02
0.000000000000000000e+00 7.811989659767097638e-02
0.000000000000000000e+00 4.478555562849800137e-02
0.000000000000000000e+00 8.365143258777482660e-02
0.000000000000000000e+00 8.661500429998447714e-02
0.000000000000000000e+00 1.160647097212770193e-02
0.000000000000000000e+00 6.827335200952577843e-02
0.000000000000000000e+00 6.069860128294517904e-02
0.000000000000000000e+00 5.877888731713450110e-02
0.000000000000000000e+00 4.985033783787710254e-02
0.000000000000000000e+00 7.055020722739244188e-02
0.000000000000000000e+00 5.791953295535778867e-02
0.000000000000000000e+00 8.138965405446570156e-02
0.000000000000000000e+00 5.468479776707858842e-02
0.000000000000000000e+00 5.557540628880290601e-02
0.000000000000000000e+00 4.839783032717887012e-02
0.000000000000000000e+00 7.805338111444773408e-02
0.000000000000000000e+00 6.910600054330326425e-02
0.000000000000000000e+00 3.799608818901133861e-02
0.000000000000000000e+00 5.696569371767114948e-02
0.000000000000000000e+00 8.954403405979968755e-02
0.000000000000000000e+00 6.001804768971976539e-02
0.000000000000000000e+00 4.948515228165868002e-02
0.000000000000000000e+00 8.336558177011522963e-02
0.000000000000000000e+00 5.767492583405297440e-02
0.000000000000000000e+00 5.044861067021036427e-02
0.000000000000000000e+00 5.933008940300171785e-02
0.000000000000000000e+00 3.635621931672530088e-02
0.000000000000000000e+00 3.439512826428622883e-02
0.000000000000000000e+00 4.908130503736109901e-02
0.000000000000000000e+00 7.793210736073617750e-02
0.000000000000000000e+00 9.803754798279719351e-02
0.000000000000000000e+00 5.894611237361842282e-02
0.000000000000000000e+00 8.765373243482080245e-02
0.000000000000000000e+00 8.125544289745419146e-02
0.000000000000000000e+00 9.485111856296558897e-02
0.000000000000000000e+00 3.036710995836415170e-02
0.000000000000000000e+00 5.360375328435322551e-02
0.000000000000000000e+00 2.116703868685622728e-02
0.000000000000000000e+00 9.207347385270656104e-02
0.000000000000000000e+00 7.049467278734483644e-02
0.000000000000000000e+00 4.923573963347244870e-02
0.000000000000000000e+00 4.574886854506100137e-02
0.000000000000000000e+00 4.912225818751531081e-02
0.000000000000000000e+00 6.449315421280102378e-02
0.000000000000000000e+00 3.950153104056893655e-02
0.000000000000000000e+00 9.842301697489400092e-02
0.000000000000000000e+00 6.976435920112515621e-02
0.000000000000000000e+00 3.766528100152037595e-02
0.000000000000000000e+00 1.032046789830544375e-01
0.000000000000000000e+00 3.781398840566838060e-02
0.000000000000000000e+00 2.972489276883550843e-02
0.000000000000000000e+00 7.628232278615558470e-02
0.000000000000000000e+00 9.214887477091152079e-02
0.000000000000000000e+00 9.630224760798064554e-02
0.000000000000000000e+00 6.639296345941217425e-02
0.000000000000000000e+00 5.226501190048662981e-02
0.000000000000000000e+00 2.923206783757470104e-02
0.000000000000000000e+00 2.932377851942261776e-02
0.000000000000000000e+00 3.271160637308278413e-02
0.000000000000000000e+00 2.850988373705802201e-02
0.000000000000000000e+00 7.507357234931542889e-02
0.000000000000000000e+00 7.403679659368261889e-02
0.000000000000000000e+00 9.790217458666794492e-02
0.000000000000000000e+00 6.683457876780436735e-02
0.000000000000000000e+00 5.726629209895572198e-02
0.000000000000000000e+00 6.556188055805928228e-02
0.000000000000000000e+00 6.952373371896172771e-02
0.000000000000000000e+00 7.669154564376999550e-02
0.000000000000000000e+00 1.780532735946037740e-02
0.000000000000000000e+00 4.312477873190512234e-02
0.000000000000000000e+00 4.606807086892019537e-02
0.000000000000000000e+00 6.911455869147310749e-02
0.000000000000000000e+00 4.611361731788073126e-02
0.000000000000000000e+00 3.261561585323983353e-02
0.000000000000000000e+00 9.011923396361701255e-02
0.000000000000000000e+00 1.952247682506150911e-02
0.000000000000000000e+00 9.044450171243660630e-02
0.000000000000000000e+00 9.936101120855889146e-02
0.000000000000000000e+00 7.634729939386246389e-02
0.000000000000000000e+00 3.330010770647857249e-02
0.000000000000000000e+00 7.007757827435036335e-02
0.000000000000000000e+00 6.299757333671369974e-02
0.000000000000000000e+00 4.926548958622604946e-02
0.000000000000000000e+00 1.006677963308020840e-01
0.000000000000000000e+00 6.157872180534455092e-02
0.000000000000000000e+00 9.889152973533713031e-02
0.000000000000000000e+00 5.842322596761109071e-02
0.000000000000000000e+00 5.371081000772051639e-02
0.000000000000000000e+00 6.998926760316336038e-02
0.000000000000000000e+00 5.942087474762078325e-02
0.000000000000000000e+00 5.106756403724596605e-02
0.000000000000000000e+00 3.843095955527931623e-02
0.000000000000000000e+00 7.893242582569112709e-02
0.000000000000000000e+00 4.531880265555375542e-02
0.000000000000000000e+00 8.250225660063591204e-02
0.000000000000000000e+00 1.866665183377562431e-02
0.000000000000000000e+00 4.778577974816002050e-02
0.000000000000000000e+00 7.093469248542118299e-02
0.000000000000000000e+00 4.109131000383964283e-02
0.000000000000000000e+00 1.839553937922025137e-02
0.000000000000000000e+00 1.583060867176507361e-02
0.000000000000000000e+00 7.420595361132117929e-02
0.000000000000000000e+00 4.105447039590319480e-02
0.000000000000000000e+00 1.238731889325238728e-01
0.000000000000000000e+00 7.138397260122734955e-02
0.000000000000000000e+00 3.347108164490068816e-02
0.000000000000000000e+00 1.251684759878755604e-01
0.000000000000000000e+00 7.022243754448385944e-02
0.000000000000000000e+00 3.532463553138446427e-02
0.000000000000000000e+00 5.117382033216155701e-02
0.000000000000000000e+00 4.783517751193013673e-02
0.000000000000000000e+00 3.108069760732689799e-02
0.000000000000000000e+00 7.777222218780371898e-02
0.000000000000000000e+00 8.012159326752775479e-02
0.000000000000000000e+00 4.207548476542419258e-02
0.000000000000000000e+00 7.616177539721687151e-02
0.000000000000000000e+00 7.769736779648517278e-02
0.000000000000000000e+00 5.508476863907924709e-02
0.000000000000000000e+00 8.480814759384831814e-02
0.000000000000000000e+00 3.078363723676669217e-02
0.000000000000000000e+00 5.159599883513641544e-02
0.000000000000000000e+00 1.845987734085816068e-02
0.000000000000000000e+00 5.835800412514369900e-02
0.000000000000000000e+00 7.643250271639596971e-02
0.000000000000000000e+00 4.409934548818279787e-02
0.000000000000000000e+00 6.662064422655142315e-02
0.000000000000000000e+00 4.638297605263123208e-02
0.000000000000000000e+00 4.948700629743833790e-02
0.000000000000000000e+00 3.055807230680848696e-02
0.000000000000000000e+00 2.304877029796192217e-02
0.000000000000000000e+00 4.783962682685582307e-02
0.000000000000000000e+00 5.185125012791345217e-02
0.000000000000000000e+00 6.961756005393662794e-02
0.000000000000000000e+00 6.966730027103179568e-02
0.000000000000000000e+00 7.026286553594725259e-02
0.000000000000000000e+00 3.278058439944901703e-02
0.000000000000000000e+00 7.222698221390363993e-02
0.000000000000000000e+00 3.509329327299412493e-02
0.000000000000000000e+00 3.202925451617808644e-02
0.000000000000000000e+00 1.022065435129102529e-01
0.000000000000000000e+00 3.691139966649609888e-02
0.000000000000000000e+00 4.751362980262729269e-02
0.000000000000000000e+00 5.089446733402728379e-02
0.000000000000000000e+00 3.091740095233449018e-02
0.000000000000000000e+00 5.834992714301266703e-02
0.000000000000000000e+00 2.284860520603321926e-02
0.000000000000000000e+00 6.819312273911981581e-02
0.000000000000000000e+00 5.575465571414486843e-02
0.000000000000000000e+00 6.533418794517455164e-02
0.000000000000000000e+00 5.650326633000181398e-02
0.000000000000000000e+00 3.960505418097293867e-02
0.000000000000000000e+00 5.715906457542692387e-02
0.000000000000000000e+00 9.882915306396294550e-03
0.000000000000000000e+00 9.623731265286761261e-02
0.000000000000000000e+00 4.351015358950884038e-02
0.000000000000000000e+00 5.016026784427021767e-02
0.000000000000000000e+00 5.203043866020325842e-02
0.000000000000000000e+00 5.362476923965050352e-02
0.000000000000000000e+00 5.407086591754758920e-02
0.000000000000000000e+00 5.318050023956728128e-02
0.000000000000000000e+00 3.331863716073255044e-02
0.000000000000000000e+00 5.307479298970639581e-02
0.000000000000000000e+00 6.699721214734884189e-02
0.000000000000000000e+00 2.579854295676266285e-02
0.000000000000000000e+00 3.829978505644680842e-02
0.000000000000000000e+00 1.084637489897353202e-01
0.000000000000000000e+00 8.860297305483352814e-02
0.000000000000000000e+00 3.577632603216544804e-02
0.000000000000000000e+00 4.296490422847903251e-02
0.000000000000000000e+00 4.287702674886262333e-02
0.000000000000000000e+00 3.828612473041617670e-02
0.000000000000000000e+00 5.509380857936570924e-02
0.000000000000000000e+00 5.907020398904147540e-02
0.000000000000000000e+00 7.361814161571392234e-02
0.000000000000000000e+00 8.945240812086453774e-02
0.000000000000000000e+00 3.657658316647960373e-02
0.000000000000000000e+00 6.091956020301241004e-02
0.000000000000000000e+00 7.768695795134493431e-02
0.000000000000000000e+00 5.421726039882531628e-02
0.000000000000000000e+00 7.205154217509612824e-02
0.000000000000000000e+00 7.275928274554109565e-02
0.000000000000000000e+00 4.518815376896751640e-02
0.000000000000000000e+00 4.598892127339290758e-02
0.000000000000000000e+00 7.945692951270025284e-02
0.000000000000000000e+00 5.983816829938651966e-02
0.000000000000000000e+00 2.687283560641973504e-02
0.000000000000000000e+00 3.826488427886324400e-02
0.000000000000000000e+00 6.211523669680207166e-02
0.000000000000000000e+00 7.841358238244218459e-02
0.000000000000000000e+00 6.529031653718861405e-02
0.000000000000000000e+00 2.180754327670323192e-02
0.000000000000000000e+00 1.501796672527868498e-02
0.000000000000000000e+00 6.057015490350321774e-02
0.000000000000000000e+00 4.328100473255188513e-02
0.000000000000000000e+00 4.340046485990018549e-02
0.000000000000000000e+00 9.053553621663501527e-02
0.000000000000000000e+00 2.612729330579640491e-02
0.000000000000000000e+00 7.734461347413960908e-02
0.000000000000000000e+00 6.442598728690233922e-02
0.000000000000000000e+00 9.653159715484388448e-02
0.000000000000000000e+00 8.424203386396825199e-02
0.000000000000000000e+00 9.981343636204229042e-02
0.000000000000000000e+00 5.311522254612423277e-02
0.000000000000000000e+00 9.726827028918905160e-02
0.000000000000000000e+00 3.414319642018513040e-02
0.000000000000000000e+00 2.549281485624943500e-02
0.000000000000000000e+00 3.877040615098305970e-02
0.000000000000000000e+00 3.300304388061763017e-02
0.000000000000000000e+00 1.105226926352087108e-01
0.000000000000000000e+00 3.290029574288518693e-02
0.000000000000000000e+00 1.995519025062964663e-02
0.000000000000000000e+00 7.792348962256254175e-02
0.000000000000000000e+00 8.474700174835272937e-02
0.000000000000000000e+00 6.572144116439625205e-02
0.000000000000000000e+00 4.152876822143604374e-02
0.000000000000000000e+00 2.308296856373028699e-02
0.000000000000000000e+00 3.750267630645074540e-02
0.000000000000000000e+00 4.837647384583412813e-02
0.000000000000000000e+00 3.797558989543894231e-02
0.000000000000000000e+00 5.230372427568518584e-02
0.000000000000000000e+00 5.477890064971638329e-02
0.000000000000000000e+00 4.783965120233838603e-02
0.000000000000000000e+00 4.544419065330487784e-02
0.000000000000000000e+00 5.684733726315889524e-02
0.000000000000000000e+00 8.292168299763899575e-02
0.000000000000000000e+00 6.116458819345895609e-02
0.000000000000000000e+00 7.336317473926261268e-02
0.000000000000000000e+00 5.331118832935330398e-02
0.000000000000000000e+00 2.550258814174991007e-02
0.000000000000000000e+00 5.209011701265815059e-02
0.000000000000000000e+00 6.293246001810050283e-02
0.000000000000000000e+00 3.506802803117901185e-02
0.000000000000000000e+00 4.533962818807135003e-02
0.000000000000000000e+00 6.521091164023713749e-02
0.000000000000000000e+00 5.196856690869475215e-02
0.000000000000000000e+00 1.785756884162678637e-02
0.000000000000000000e+00 6.347579023551179478e-02
0.000000000000000000e+00 8.401343665672157679e-02
0.000000000000000000e+00 9.804690899012148686e-02
0.000000000000000000e+00 5.037910020604705053e-02
0.000000000000000000e+00 5.104773059290396153e-02
0.000000000000000000e+00 7.190250917697878219e-02
0.000000000000000000e+00 2.846049677503565550e-02
0.000000000000000000e+00 4.426423812567335803e-02
0.000000000000000000e+00 3.887270207997042121e-02
0.000000000000000000e+00 5.103577904301832835e-02
0.000000000000000000e+00 8.018507280735241716e-02
0.000000000000000000e+00 6.947275984534218018e-02
0.000000000000000000e+00 5.207430155636071784e-02
0.000000000000000000e+00 7.629662893284729075e-02
0.000000000000000000e+00 1.316241677810678357e-02
0.000000000000000000e+00 7.074159599879650817e-02
0.000000000000000000e+00 1.080425651516733060e-01
0.000000000000000000e+00 6.844494667473295657e-02
0.000000000000000000e+00 3.050472612537617756e-02
0.000000000000000000e+00 5.725276815311904077e-02
0.000000000000000000e+00 2.387360805909687425e-02
0.000000000000000000e+00 3.128874632975549297e-02
0.000000000000000000e+00 3.642264112665238862e-02
0.000000000000000000e+00 5.082870158010942968e-02
0.000000000000000000e+00 7.386306386344018704e-02
0.000000000000000000e+00 3.128839972851229362e-02
0.000000000000000000e+00 3.034425342311941262e-02
0.000000000000000000e+00 2.825611785384010005e-02
0.000000000000000000e+00 2.898277264023181587e-02
0.000000000000000000e+00 6.858554814683050227e-02
0.000000000000000000e+00 6.834870839713680368e-02
0.000000000000000000e+00 5.473996226567180018e-02
0.000000000000000000e+00 7.436446723346774867e-02
0.000000000000000000e+00 2.153658573158682282e-02
0.000000000000000000e+00 7.439623753762117375e-02
0.000000000000000000e+00 2.903786680346966825e-02
0.000000000000000000e+00 7.091238876509857458e-02
0.000000000000000000e+00 2.460943388182952954e-02
0.000000000000000000e+00 6.507361757387074286e-02
0.000000000000000000e+00 6.531670097103461914e-02
0.000000000000000000e+00 8.316057174376223493e-02
0.000000000000000000e+00 3.139411427998037990e-02
0.000000000000000000e+00 6.289690020236783641e-02
0.000000000000000000e+00 4.628625705504941373e-02
0.000000000000000000e+00 8.549052822261013485e-02
0.000000000000000000e+00 5.087781600762793233e-02
0.000000000000000000e+00 6.351091820443822977e-02
0.000000000000000000e+00 6.162187060519546539e-02
0.000000000000000000e+00 3.764846558964682344e-02
0.000000000000000000e+00 4.916663798874688907e-02
0.000000000000000000e+00 9.692425684192261526e-02
0.000000000000000000e+00 1.090441837794409868e-02
0.000000000000000000e+00 4.784870100333289689e-02
0.000000000000000000e+00 3.094777459398975056e-02
0.000000000000000000e+00 4.507302885645872448e-02
0.000000000000000000e+00 5.928989989314622372e-02
0.000000000000000000e+00 5.949444415777588313e-02
0.000000000000000000e+00 9.017034776377569338e-02
0.000000000000000000e+00 8.267895345637193971e-02
0.000000000000000000e+00 4.968359155663001903e-02
0.000000000000000000e+00 9.440259787150546977e-02
