5.307154293590601174e-02 5.436351519115068670e-02
5.698956858738322279e-02 5.861809233392514806e-02
5.984129877014719712e-02 6.430208439817820809e-02
6.035854869484080093e-02 6.120592574370995603e-02
6.098435479427022354e-02 7.351747086698977307e-02
6.185552395667121006e-02 6.198965921028627007e-02
6.259669094213547724e-02 6.976073031680087022e-02
6.325370145665032418e-02 6.353213569676860462e-02
6.376867138057770723e-02 7.888042600500777546e-02
6.727843383665399468e-02 6.757691629845459513e-02
6.754222461308274916e-02 6.858109873674414492e-02
7.110229320721091206e-02 8.315434798660634175e-02
7.133227109208976902e-02 7.725703562989513773e-02
7.482873381216743891e-02 9.385860153485374446e-02
7.562356704708889099e-02 7.659565341666989269e-02
7.777465767827791698e-02 1.060909437031614388e-01
7.962482973963722066e-02 8.147685315848279819e-02
8.027510528189134298e-02 1.000551218707381729e-01
8.089942194441548939e-02 9.867624686396313238e-02
8.279237311884085626e-02 1.012560334896428632e-01
8.330744526571301489e-02 8.772006578624241824e-02
8.347493185111273806e-02 8.893051446550967465e-02
8.364004252663109762e-02 9.440348492825519078e-02
8.427777270116412756e-02 9.847311434111992445e-02
8.545796963638478683e-02 8.763729258263329436e-02
8.570928078410709750e-02 9.429935416831362882e-02
8.697047272709619581e-02 9.749722749347153328e-02
8.730866933603330382e-02 1.073951566018700871e-01
8.744646014205638418e-02 9.666727905094214812e-02
8.781783175818706766e-02 1.199650158816436690e-01
8.796241544847739624e-02 8.911001067604833181e-02
8.877504981479596158e-02 1.057587553166760286e-01
8.890683982166179555e-02 1.631648433682018617e-01
8.955624359304388549e-02 1.203917509821562370e-01
8.965040757310857589e-02 9.439459701145357096e-02
9.121465676593133731e-02 1.188140406893169049e-01
9.248671983360087778e-02 9.414300744224256279e-02
9.268114099730981326e-02 1.110920257310458736e-01
9.317535467714693764e-02 1.221435640075741735e-01
9.401048078649228146e-02 9.557992904774641196e-02
9.543442470007504341e-02 1.194172978772209820e-01
9.608033889898671964e-02 1.060857473645697713e-01
9.696777963794089850e-02 1.074886219341783383e-01
9.811625508206334167e-02 1.313408537350300165e-01
9.851090080801012949e-02 1.080732253795940179e-01
9.974930688945901625e-02 9.985634939031888535e-02
9.989578837393499333e-02 1.354622427924763728e-01
9.992731908276628050e-02 1.064294959710663513e-01
1.005401422263771244e-01 1.540456831800124660e-01
1.009879372335886621e-01 1.059646924576123916e-01
1.018666804507265961e-01 1.023330563236653917e-01
1.020094514965511068e-01 1.666049627050004422e-01
1.031393594061089797e-01 1.236512047047803459e-01
1.032397810065523308e-01 1.677980640377572663e-01
1.048667033094036749e-01 1.056317952809634475e-01
1.049455502757542374e-01 1.169932617559269195e-01
1.056526482992819899e-01 1.411123206822133547e-01
1.058157278375193716e-01 1.770294968208724895e-01
1.059154788669314090e-01 1.766854325715247476e-01
1.059235255375554491e-01 1.229802077929750409e-01
1.059951486650395763e-01 1.307107868088504821e-01
1.060937837727981836e-01 1.073710922906532111e-01
1.064013148262029779e-01 1.384268656779394646e-01
1.073594444110000656e-01 1.279375124951466214e-01
1.074844468484155713e-01 1.099475124510709417e-01
1.077038824917766063e-01 2.452190529559286070e-01
1.082219550081364723e-01 1.961468021457070388e-01
1.086631268373803721e-01 2.305336320088058610e-01
1.090664738023649355e-01 1.390771585312016723e-01
1.090864009580159305e-01 2.123110112486982781e-01
1.096797361395265846e-01 2.203234511395228412e-01
1.096832653022339482e-01 1.508096315358226358e-01
1.099513936698851141e-01 1.878748434830902481e-01
1.099624517345110103e-01 1.112918923121651305e-01
1.106650871635774941e-01 1.509101549034511658e-01
1.108291380509372342e-01 1.310843118988539724e-01
1.117177539815751436e-01 1.156059340619193243e-01
1.125832917094060776e-01 1.210602242521367500e-01
1.125880969971621570e-01 1.261568654666417322e-01
1.130199581156940830e-01 1.232263208581674263e-01
1.140019622728255522e-01 1.447048092735633562e-01
1.141146789854493443e-01 1.544671640216243313e-01
1.141665022689174469e-01 1.534229934625463976e-01
1.142004713286350615e-01 1.182058605426742626e-01
1.147655226243974730e-01 1.471775673459404243e-01
1.149262855159566971e-01 2.299461666553010153e-01
1.151061646484190792e-01 1.360671412385842105e-01
1.151709494935174855e-01 1.999898083722987663e-01
1.151870751299764045e-01 1.894440313290408351e-01
1.153835178350332696e-01 1.929583021262653575e-01
1.157471397770843957e-01 1.382953110553850617e-01
1.157978558259525476e-01 1.181500178045967187e-01
1.158897122628594067e-01 1.758011137528174284e-01
1.159849090555050560e-01 1.226847979471948485e-01
1.163365919425125988e-01 1.166356677330733782e-01
1.168059639498440494e-01 1.554117387453274046e-01
1.171480629403706814e-01 1.267960719656406887e-01
1.176813477281106607e-01 1.241027632730659636e-01
1.183308520975405453e-01 1.483220923510036593e-01
1.186988504624037905e-01 1.224486498116674066e-01
1.193758503072140237e-01 1.659007040591551352e-01
1.194050861828709620e-01 1.441815490779234932e-01
1.195597749137776167e-01 1.562279040171990485e-01
1.209340944977547461e-01 1.301791462831682622e-01
1.215331956366555027e-01 1.620577128969812597e-01
1.222295163887251457e-01 1.610591272910323613e-01
1.224816822923035092e-01 1.391934006813609903e-01
1.224870041086508349e-01 1.384150410324943292e-01
1.232461166968277649e-01 1.529428254192143066e-01
1.240268765535471884e-01 1.823136974242796637e-01
1.243357421788157668e-01 1.549837001394330782e-01
1.244932393087592459e-01 1.811433404598462305e-01
1.246355047304429642e-01 1.303571355804298004e-01
1.249286357151407345e-01 1.385188554553097029e-01
1.249643196953353907e-01 1.502909821231642185e-01
1.259583070860237075e-01 1.680812824321399335e-01
1.262244049527605216e-01 1.290653177330802204e-01
1.265621243850841293e-01 1.502125983049260594e-01
1.267187195812640721e-01 1.802209298863584885e-01
1.270093714515382333e-01 1.392098605218362317e-01
1.272348700184368353e-01 1.424838515364001967e-01
1.278713660918890105e-01 1.296170538401680838e-01
1.279270221688883213e-01 1.390921007726340364e-01
1.283633275610815416e-01 1.314501554527376936e-01
1.290825600641551663e-01 1.669221296793021170e-01
1.305250204047016804e-01 1.359239836633030496e-01
1.310004846127973965e-01 1.327540418580851478e-01
1.319634005101658625e-01 1.369188437662449964e-01
1.319941679096292564e-01 1.532432646475022087e-01
1.321171422635423476e-01 1.440237832252147798e-01
1.324055154316796101e-01 1.470509636315732727e-01
1.342568136124672462e-01 1.705217835239540014e-01
1.342680883427804228e-01 1.434733600819784738e-01
1.343699005903658261e-01 1.353252780021338697e-01
1.348190643254838228e-01 1.523829959047875715e-01
1.349292884215695376e-01 1.374887973045734180e-01
1.362474473902283989e-01 1.898560706329738001e-01
1.363977529232741348e-01 1.506812929578645044e-01
1.374312472415666619e-01 1.374415113949300493e-01
1.376536598450746607e-01 1.669831483972216424e-01
1.378328650611683470e-01 1.518577111726510387e-01
1.389506289614602097e-01 1.905422949648482855e-01
1.424595004374968055e-01 1.703438900554485602e-01
1.428096406897608195e-01 1.592454063968523903e-01
1.429571814344287595e-01 1.495880572610051307e-01
1.445435557992248987e-01 1.464283610851024875e-01
1.452503263190759453e-01 1.555936690703431380e-01
1.453553116045800397e-01 1.980067507260877546e-01
1.455489563880192905e-01 1.531749872997379969e-01
1.460997325314062345e-01 1.827384731338277668e-01
1.472870630442022488e-01 1.605704690226797127e-01
1.494325524465545951e-01 2.199465775723376537e-01
1.533320658582034979e-01 1.820878992301111499e-01
1.540358572330950693e-01 1.676217641751525100e-01
1.596830761173673174e-01 1.795540417115344678e-01
1.608636835077583704e-01 1.650093764386464656e-01
1.645569497684690741e-01 1.648679206796058172e-01
1.730080932370329228e-01 1.733212705649997687e-01
1.745666219293716959e-01 2.015784339656646051e-01
1.765613837904543570e-01 1.847392575357113542e-01
1.888443633139137712e-01 2.033454451606382662e-01
2.007186221361701162e-01 2.195652363411962071e-01
