0.000000000000000000e+00 9.693282604854185081e-02
0.000000000000000000e+00 1.063993283933852008e-01
0.000000000000000000e+00 1.012697756469776722e-01
0.000000000000000000e+00 8.656770417777734372e-02
0.000000000000000000e+00 8.972588672983095037e-02
0.000000000000000000e+00 8.114466754472428323e-02
0.000000000000000000e+00 9.594534252052920598e-02
0.000000000000000000e+00 5.178214601826992142e-02
0.000000000000000000e+00 8.718544465398400667e-02
0.000000000000000000e+00 7.340125773758970906e-02
0.000000000000000000e+00 1.045438138053628868e-01
0.000000000000000000e+00 5.415045519910711286e-02
0.000000000000000000e+00 3.707495593832153130e-02
0.000000000000000000e+00 8.770815810466564555e-02
0.000000000000000000e+00 9.152643372407698319e-02
0.000000000000000000e+00 7.609305470421906525e-02
0.000000000000000000e+00 6.607031737350600731e-02
0.000000000000000000e+00 1.045267222934807144e-01
0.000000000000000000e+00 7.172628684984108660e-02
0.000000000000000000e+00 9.277770095318609023e-02
0.000000000000000000e+00 9.494633221278211965e-02
0.000000000000000000e+00 8.593148213833752547e-02
0.000000000000000000e+00 8.452050979633482508e-02
0.000000000000000000e+00 6.616947481108106932e-02
0.000000000000000000e+00 4.898124666185240533e-02
0.000000000000000000e+00 5.387718458747599998e-02
0.000000000000000000e+00 4.998208981682551733e-02
0.000000000000000000e+00 8.069907456510251598e-02
0.000000000000000000e+00 7.056410411934242732e-02
0.000000000000000000e+00 4.337147706716630580e-02
0.000000000000000000e+00 7.626556576903564810e-02
0.000000000000000000e+00 4.190762767790427723e-02
0.000000000000000000e+00 3.922013175341905467e-02
0.000000000000000000e+00 8.847654838448010262e-02
0.000000000000000000e+00 1.012986261670859867e-01
0.000000000000000000e+00 5.490193359781779525e-02
0.000000000000000000e+00 9.263784248552091316e-02
0.000000000000000000e+00 6.330062040551052982e-02
0.000000000000000000e+00 6.672394117152920245e-02
0.000000000000000000e+00 8.350020361550032633e-02
0.000000000000000000e+00 3.319589018380232626e-02
0.000000000000000000e+00 3.355855820849219101e-02
0.000000000000000000e+00 8.366783895206166000e-02
0.000000000000000000e+00 4.811303146623262944e-02
0.000000000000000000e+00 6.766564781238428028e-02
0.000000000000000000e+00 6.900649158966636054e-02
0.000000000000000000e+00 9.194186368955287181e-02
0.000000000000000000e+00 5.209849012141166968e-02
0.000000000000000000e+00 8.659587289880336936e-02
0.000000000000000000e+00 8.030214908676806818e-02
0.000000000000000000e+00 8.339562801081865095e-02
0.000000000000000000e+00 7.899735891059454784e-02
0.000000000000000000e+00 4.471650438539834932e-02
0.000000000000000000e+00 1.059757302370841064e-01
0.000000000000000000e+00 4.251601062194176883e-02
0.000000000000000000e+00 5.037068243651545568e-02
0.000000000000000000e+00 7.702680056292611488e-02
0.000000000000000000e+00 9.347816973083382386e-02
0.000000000000000000e+00 7.002334350076470926e-02
0.000000000000000000e+00 8.212645899856335641e-02
0.000000000000000000e+00 6.105299388635523905e-02
0.000000000000000000e+00 6.606758606603202466e-02
0.000000000000000000e+00 7.051310638299168598e-02
0.000000000000000000e+00 2.764302611334451196e-02
0.000000000000000000e+00 6.241847867029994695e-02
0.000000000000000000e+00 6.478255233681397274e-02
0.000000000000000000e+00 8.451098388779468285e-02
0.000000000000000000e+00 1.175397434035504729e-01
0.000000000000000000e+00 7.144043538626314305e-02
0.000000000000000000e+00 5.260846856788205239e-02
0.000000000000000000e+00 8.730751190198297873e-02
0.000000000000000000e+00 9.158412077640847027e-02
0.000000000000000000e+00 8.180948484062190718e-02
0.000000000000000000e+00 8.104861804878296661e-02
0.000000000000000000e+00 8.133775187205867507e-02
0.000000000000000000e+00 6.872601982610244964e-02
0.000000000000000000e+00 8.821500021835906868e-02
0.000000000000000000e+00 1.073252583313930170e-01
0.000000000000000000e+00 8.499130100159572876e-02
0.000000000000000000e+00 1.058429081647321718e-01
0.000000000000000000e+00 8.054793621395565928e-02
0.000000000000000000e+00 3.398001821849279402e-02
0.000000000000000000e+00 1.105587717225036543e-01
0.000000000000000000e+00 4.908277025302010266e-02
0.000000000000000000e+00 2.476517310122258037e-02
0.000000000000000000e+00 7.329447410446994493e-02
0.000000000000000000e+00 4.674776327816619614e-02
0.000000000000000000e+00 6.918745165852466239e-02
0.000000000000000000e+00 1.105892203576800403e-01
0.000000000000000000e+00 6.381168542181696324e-02
0.000000000000000000e+00 9.536085682042545753e-02
0.000000000000000000e+00 1.064025750449351937e-01
0.000000000000000000e+00 5.903054988703882594e-02
0.000000000000000000e+00 8.335433205899679676e-02
0.000000000000000000e+00 6.311463612675077828e-02
0.000000000000000000e+00 6.589302651256942478e-02
0.000000000000000000e+00 5.547788236327746286e-02
0.000000000000000000e+00 7.593959135866648613e-02
0.000000000000000000e+00 8.362679150566815212e-02
0.000000000000000000e+00 7.100129614713598936e-02
0.000000000000000000e+00 5.534845994087667087e-02
0.000000000000000000e+00 4.563674872658115417e-02
0.000000000000000000e+00 7.947681225578891173e-02
0.000000000000000000e+00 6.471839936618251077e-02
0.000000000000000000e+00 4.226088043095338476e-02
0.000000000000000000e+00 5.241807178281061158e-02
0.000000000000000000e+00 5.947061479147948415e-02
0.000000000000000000e+00 7.364487829329999236e-02
0.000000000000000000e+00 4.345031176465975753e-02
0.000000000000000000e+00 4.696955121404120664e-02
0.000000000000000000e+00 8.891381384007823740e-02
0.000000000000000000e+00 6.160444275744166726e-02
0.000000000000000000e+00 5.625948233971717061e-02
0.000000000000000000e+00 6.336778061890986635e-02
0.000000000000000000e+00 8.018396330954125073e-02
0.000000000000000000e+00 6.199057918249261528e-02
0.000000000000000000e+00 2.839306870177965222e-02
0.000000000000000000e+00 4.993717256951049621e-02
0.000000000000000000e+00 6.774189060752626446e-02
0.000000000000000000e+00 6.300603583670887076e-02
0.000000000000000000e+00 4.582725843745238253e-02
0.000000000000000000e+00 4.241468838284399856e-02
0.000000000000000000e+00 3.773693973768930260e-02
0.000000000000000000e+00 8.314714639252936135e-02
0.000000000000000000e+00 6.236322090514490740e-02
0.000000000000000000e+00 3.820028657882040130e-02
0.000000000000000000e+00 6.150694767273406915e-02
0.000000000000000000e+00 7.846541036827807403e-02
0.000000000000000000e+00 6.245251163117220700e-02
0.000000000000000000e+00 8.183428222613702008e-02
0.000000000000000000e+00 6.558092087862943398e-02
0.000000000000000000e+00 4.627085057509901928e-02
0.000000000000000000e+00 9.637234071339029207e-02
0.000000000000000000e+00 5.727035383617478520e-02
0.000000000000000000e+00 4.687549666147879102e-02
0.000000000000000000e+00 8.296940350483328341e-02
0.000000000000000000e+00 5.520441520994816970e-02
0.000000000000000000e+00 6.162016734702777804e-02
0.000000000000000000e+00 8.549156214215246352e-02
0.000000000000000000e+00 7.700870761901837391e-02
0.000000000000000000e+00 7.310587136686935716e-02
0.000000000000000000e+00 1.294173447442651184e-02
0.000000000000000000e+00 4.060849016800985312e-02
0.000000000000000000e+00 5.670609838499167388e-02
0.000000000000000000e+00 6.231007540564850039e-02
0.000000000000000000e+00 5.840261093448127078e-02
0.000000000000000000e+00 7.480318966942642311e-02
0.000000000000000000e+00 5.870780622583832847e-02
0.000000000000000000e+00 4.971847235679857646e-02
0.000000000000000000e+00 2.822386376945670156e-02
0.000000000000000000e+00 9.896137117777620285e-02
0.000000000000000000e+00 7.646016331484567496e-02
0.000000000000000000e+00 7.294537866813864679e-02
0.000000000000000000e+00 6.266403136545542485e-02
0.000000000000000000e+00 7.256155852442801313e-02
0.000000000000000000e+00 6.271816056083213964e-02
0.000000000000000000e+00 6.098556192570976642e-02
0.000000000000000000e+00 5.349481930754115128e-02
0.000000000000000000e+00 8.348088905338930943e-02
0.000000000000000000e+00 4.617312475333573696e-02
0.000000000000000000e+00 6.170335672415219047e-02
0.000000000000000000e+00 6.055946147042208516e-02
0.000000000000000000e+00 9.415937956194350700e-02
0.000000000000000000e+00 1.086550806584353317e-02
0.000000000000000000e+00 4.021465622244944221e-02
0.000000000000000000e+00 3.904384373612310860e-02
0.000000000000000000e+00 9.347488336752213245e-02
0.000000000000000000e+00 8.886716655373426421e-02
0.000000000000000000e+00 4.236556384497845024e-02
0.000000000000000000e+00 5.865623593865215007e-02
0.000000000000000000e+00 4.985990687724830422e-02
0.000000000000000000e+00 4.368299596541776880e-02
0.000000000000000000e+00 6.322831665252537370e-02
0.000000000000000000e+00 7.917411601176720104e-02
0.000000000000000000e+00 3.865710351626894942e-02
0.000000000000000000e+00 3.310815877797588375e-02
0.000000000000000000e+00 5.536948013415416564e-02
0.000000000000000000e+00 7.496203673335248563e-02
0.000000000000000000e+00 6.082354666816786048e-02
0.000000000000000000e+00 7.166714228344336912e-02
0.000000000000000000e+00 4.269251917661647661e-02
0.000000000000000000e+00 7.569114749814265242e-02
0.000000000000000000e+00 7.655949130697065064e-02
0.000000000000000000e+00 4.130691130346995227e-02
0.000000000000000000e+00 7.912446216176191593e-02
0.000000000000000000e+00 1.007204799179353821e-01
0.000000000000000000e+00 5.408401198794026560e-02
0.000000000000000000e+00 3.581927597985959388e-02
0.000000000000000000e+00 2.436535691003899676e-02
0.000000000000000000e+00 2.459637008017654183e-02
0.000000000000000000e+00 5.100385829147232458e-02
0.000000000000000000e+00 4.993342825784179845e-02
0.000000000000000000e+00 4.252143400836281423e-02
0.000000000000000000e+00 2.848367739789775879e-02
0.000000000000000000e+00 1.292329370586056854e-02
0.000000000000000000e+00 6.768382372518555457e-02
0.000000000000000000e+00 2.262677323865939019e-02
0.000000000000000000e+00 3.182526801112656872e-02
0.000000000000000000e+00 4.222643290769396290e-02
0.000000000000000000e+00 5.605349281520210364e-02
0.000000000000000000e+00 3.954834603895009126e-02
0.000000000000000000e+00 1.803172091484770215e-02
0.000000000000000000e+00 5.317737495254027530e-02
0.000000000000000000e+00 2.284392487213505671e-02
0.000000000000000000e+00 7.895212344308619179e-02
0.000000000000000000e+00 3.902312165361115914e-02
0.000000000000000000e+00 5.619522845834500069e-02
0.000000000000000000e+00 7.351276984939693337e-02
0.000000000000000000e+00 7.728160585669663352e-03
0.000000000000000000e+00 2.495283716677916194e-02
0.000000000000000000e+00 6.067640506128391814e-02
0.000000000000000000e+00 6.397251588701523273e-02
0.000000000000000000e+00 3.484887595880246242e-02
0.000000000000000000e+00 3.252352777893350450e-02
0.000000000000000000e+00 4.842407222822010110e-02
0.000000000000000000e+00 1.396968137981121488e-02
0.000000000000000000e+00 4.071865472325669755e-02
0.000000000000000000e+00 4.320536390920059339e-02
0.000000000000000000e+00 5.505155828624537506e-02
0.000000000000000000e+00 7.998698174704928221e-02
0.000000000000000000e+00 6.129173637164628957e-02
0.000000000000000000e+00 3.652811708847687744e-02
0.000000000000000000e+00 1.972223201684070518e-02
0.000000000000000000e+00 6.717186686258067030e-02
0.000000000000000000e+00 3.240667356040263097e-02
0.000000000000000000e+00 6.932395847759080521e-02
0.000000000000000000e+00 1.904426368753261295e-02
0.000000000000000000e+00 4.617670566200744731e-02
0.000000000000000000e+00 8.530810828835459769e-02
0.000000000000000000e+00 5.880414706435817263e-02
0.000000000000000000e+00 3.970536297287427518e-02
0.000000000000000000e+00 5.998650920674687692e-02
0.000000000000000000e+00 8.064838362808671168e-02
0.000000000000000000e+00 3.768393831507475117e-02
0.000000000000000000e+00 4.062402928808533931e-02
0.000000000000000000e+00 1.084056245379917266e-01
0.000000000000000000e+00 3.407368770290949284e-02
0.000000000000000000e+00 4.455533247808093900e-02
0.000000000000000000e+00 5.714231971820134259e-02
0.000000000000000000e+00 3.880922646738303727e-02
0.000000000000000000e+00 5.644079574764970797e-02
0.000000000000000000e+00 4.892095247453246559e-02
0.000000000000000000e+00 3.180164090092245377e-02
0.000000000000000000e+00 6.121324856036203937e-02
0.000000000000000000e+00 5.857440554331874022e-02
0.000000000000000000e+00 2.790731217632940950e-02
0.000000000000000000e+00 8.378273124238280745e-02
0.000000000000000000e+00 3.836572772738161552e-02
0.000000000000000000e+00 4.045916710770455088e-02
0.000000000000000000e+00 6.005225561358374514e-02
0.000000000000000000e+00 3.721843788598250269e-02
0.000000000000000000e+00 3.527235732638114851e-02
0.000000000000000000e+00 7.771112806701276077e-02
0.000000000000000000e+00 6.251511065278315959e-02
0.000000000000000000e+00 2.166761097978017053e-02
0.000000000000000000e+00 5.090652142647356798e-02
0.000000000000000000e+00 5.824682381692876387e-02
0.000000000000000000e+00 7.183243168671341050e-02
0.000000000000000000e+00 2.921012027571972050e-02
0.000000000000000000e+00 1.286671306834864630e-02
0.000000000000000000e+00 3.518992845668441477e-02
0.000000000000000000e+00 3.904775500262175347e-02
0.000000000000000000e+00 5.692694558399246513e-02
0.000000000000000000e+00 5.283167280340274330e-02
0.000000000000000000e+00 4.613521327853029735e-02
0.000000000000000000e+00 5.604272098819792353e-02
0.000000000000000000e+00 6.000803473646437042e-02
0.000000000000000000e+00 5.593947503766619200e-02
0.000000000000000000e+00 7.252090025148846819e-02
0.000000000000000000e+00 5.816181344267802589e-02
0.000000000000000000e+00 6.124617764718821855e-02
0.000000000000000000e+00 2.579452888192228927e-02
0.000000000000000000e+00 2.054986639078400928e-02
0.000000000000000000e+00 3.584364248792214214e-02
0.000000000000000000e+00 5.552321006330004222e-02
0.000000000000000000e+00 7.450003966554272217e-02
0.000000000000000000e+00 4.556795271038945744e-02
0.000000000000000000e+00 5.829602024396134119e-02
0.000000000000000000e+00 6.917825254082066166e-02
0.000000000000000000e+00 3.851438215345965449e-02
0.000000000000000000e+00 4.953171677887981822e-02
0.000000000000000000e+00 2.907467940857352828e-02
0.000000000000000000e+00 4.131457616765578378e-02
0.000000000000000000e+00 3.887875230566158885e-02
0.000000000000000000e+00 3.570776005217206339e-02
0.000000000000000000e+00 4.841132622837782812e-02
0.000000000000000000e+00 4.244941506721428698e-02
0.000000000000000000e+00 4.628056073912602958e-02
0.000000000000000000e+00 3.458375864659542914e-02
0.000000000000000000e+00 4.090911534688932566e-02
0.000000000000000000e+00 4.273119135930637802e-02
0.000000000000000000e+00 3.670939482054590142e-02
0.000000000000000000e+00 4.927916211829108661e-02
0.000000000000000000e+00 3.401203837639701910e-02
0.000000000000000000e+00 2.189759664228974750e-02
0.000000000000000000e+00 4.235147187184653411e-02
0.000000000000000000e+00 6.385262114598810879e-02
0.000000000000000000e+00 3.546361880528310639e-02
0.000000000000000000e+00 4.247644247364880388e-02
0.000000000000000000e+00 6.127434476583036582e-02
0.000000000000000000e+00 4.892115858207583823e-02
0.000000000000000000e+00 5.090252162277402598e-02
0.000000000000000000e+00 4.320174686528213681e-02
0.000000000000000000e+00 6.351398835356117378e-02
0.000000000000000000e+00 6.205032966082683898e-02
0.000000000000000000e+00 4.335964146468550967e-02
0.000000000000000000e+00 6.295628126588732887e-02
0.000000000000000000e+00 4.697585823094194840e-02
0.000000000000000000e+00 1.241775912339220314e-02
0.000000000000000000e+00 5.154426948264682201e-02
0.000000000000000000e+00 8.200181310666752876e-02
0.000000000000000000e+00 3.576093526838306641e-02
0.000000000000000000e+00 5.116772390793657838e-02
0.000000000000000000e+00 5.089489607637777413e-02
0.000000000000000000e+00 1.218784882821626059e-02
0.000000000000000000e+00 5.815521721867013966e-02
0.000000000000000000e+00 5.028765833354102710e-02
0.000000000000000000e+00 6.663344594189062053e-02
0.000000000000000000e+00 2.343597742616819468e-02
0.000000000000000000e+00 2.106524124065089695e-02
0.000000000000000000e+00 3.182246022403066588e-02
0.000000000000000000e+00 7.023037936009803028e-02
0.000000000000000000e+00 3.812632282828366109e-02
0.000000000000000000e+00 9.424733046810673809e-02
0.000000000000000000e+00 6.234370640117617435e-02
0.000000000000000000e+00 7.816086049604441255e-02
0.000000000000000000e+00 5.913804322292107868e-02
0.000000000000000000e+00 5.816969898947613876e-02
0.000000000000000000e+00 8.976219947333322069e-02
0.000000000000000000e+00 5.354948756825244488e-02
0.000000000000000000e+00 3.829942150753459090e-02
0.000000000000000000e+00 4.415351665641392004e-02
0.000000000000000000e+00 5.030807222587399541e-02
0.000000000000000000e+00 4.412961122436423467e-02
0.000000000000000000e+00 3.495055082109158745e-02
0.000000000000000000e+00 3.696087071014846070e-02
0.000000000000000000e+00 4.067335879760185929e-02
0.000000000000000000e+00 6.647582046697582403e-02
0.000000000000000000e+00 6.314397310413853714e-02
0.000000000000000000e+00 3.092005223683319190e-02
0.000000000000000000e+00 3.625372191618093931e-02
0.000000000000000000e+00 7.018166621535182337e-02
0.000000000000000000e+00 4.373149037551923857e-02
0.000000000000000000e+00 6.300224735468422377e-02
0.000000000000000000e+00 3.771560399307295752e-02
0.000000000000000000e+00 1.008180033492512701e-01
0.000000000000000000e+00 1.592945001955906395e-02
0.000000000000000000e+00 2.669988873616184477e-02
0.000000000000000000e+00 4.192507344883824455e-02
0.000000000000000000e+00 5.143479930222728119e-02
0.000000000000000000e+00 5.718623973099629804e-02
0.000000000000000000e+00 4.586977732068030916e-02
0.000000000000000000e+00 3.836319900494526008e-02
0.000000000000000000e+00 7.785464573031275481e-02
0.000000000000000000e+00 5.653195396016455487e-02
0.000000000000000000e+00 3.128533173869390421e-02
0.000000000000000000e+00 7.135730029037365418e-02
0.000000000000000000e+00 7.141940450629676029e-02
0.000000000000000000e+00 8.480168540790070097e-02
0.000000000000000000e+00 3.031407726633216296e-02
0.000000000000000000e+00 9.211398200292718330e-02
0.000000000000000000e+00 2.870987741231071852e-02
0.000000000000000000e+00 4.253969689180207153e-02
0.000000000000000000e+00 4.114516653597545537e-02
0.000000000000000000e+00 4.254696177280494623e-02
0.000000000000000000e+00 6.937211146626925951e-02
0.000000000000000000e+00 4.837751751750239693e-02
0.000000000000000000e+00 6.981320219888494105e-02
0.000000000000000000e+00 4.496377549879775753e-02
0.000000000000000000e+00 5.229410044731284263e-02
0.000000000000000000e+00 4.615475695438905207e-02
0.000000000000000000e+00 4.502372767777220591e-02
0.000000000000000000e+00 3.875937963555009524e-02
0.000000000000000000e+00 5.234508816555921706e-02
0.000000000000000000e+00 4.658712110938860451e-02
0.000000000000000000e+00 4.808563512410548441e-02
0.000000000000000000e+00 1.049113377259661660e-02
0.000000000000000000e+00 2.705894769410545353e-02
0.000000000000000000e+00 4.448850323165740722e-02
0.000000000000000000e+00 4.764190002416707898e-02
0.000000000000000000e+00 4.491593199440846451e-02
0.000000000000000000e+00 2.405147143923629799e-02
0.000000000000000000e+00 2.588138532417070398e-02
0.000000000000000000e+00 3.893479517367424980e-02
0.000000000000000000e+00 3.771150946883797261e-02
0.000000000000000000e+00 7.224655670716911837e-02
0.000000000000000000e+00 2.874587484462435769e-02
0.000000000000000000e+00 4.730414643304869243e-02
0.000000000000000000e+00 1.974692628027602953e-02
0.000000000000000000e+00 1.878422121315585086e-02
0.000000000000000000e+00 4.948770154997760018e-02
0.000000000000000000e+00 4.791118236535765740e-02
0.000000000000000000e+00 5.577080876736380949e-02
0.000000000000000000e+00 5.767814605098788017e-02
0.000000000000000000e+00 8.412308986915681408e-02
0.000000000000000000e+00 3.110809008229209471e-02
0.000000000000000000e+00 3.787741697267079516e-02
0.000000000000000000e+00 3.486493867681397102e-02
0.000000000000000000e+00 6.532201538751579439e-02
0.000000000000000000e+00 7.464247493092274199e-02
0.000000000000000000e+00 6.843913064160209170e-02
0.000000000000000000e+00 3.943847021630254857e-02
0.000000000000000000e+00 5.661017223807614240e-02
0.000000000000000000e+00 4.956356138673111839e-02
0.000000000000000000e+00 4.068977951002310939e-02
0.000000000000000000e+00 4.435661398126392041e-02
0.000000000000000000e+00 3.934980848515010066e-02
0.000000000000000000e+00 4.159149198113961526e-02
0.000000000000000000e+00 3.938564162259716034e-02
0.000000000000000000e+00 9.892576521782908694e-02
0.000000000000000000e+00 5.476615784953658278e-02
0.000000000000000000e+00 3.453452655877541772e-02
0.000000000000000000e+00 2.139945551950595687e-02
0.000000000000000000e+00 5.772205071579710606e-02
0.000000000000000000e+00 7.189730751293738065e-02
0.000000000000000000e+00 2.526275163027003404e-02
0.000000000000000000e+00 2.401436900678827896e-02
0.000000000000000000e+00 4.268184270688613058e-02
0.000000000000000000e+00 3.930516028325656969e-02
0.000000000000000000e+00 4.269168734661810127e-02
0.000000000000000000e+00 4.371521861607158277e-02
0.000000000000000000e+00 6.563772852122402857e-02
0.000000000000000000e+00 3.314839223207577401e-02
0.000000000000000000e+00 4.026357778402676890e-02
0.000000000000000000e+00 1.345784086855680503e-02
0.000000000000000000e+00 4.700552511422795288e-02
0.000000000000000000e+00 1.589451226056842748e-02
0.000000000000000000e+00 3.618835403398738132e-02
0.000000000000000000e+00 3.207339338128488426e-02
0.000000000000000000e+00 3.769687380477210886e-02
0.000000000000000000e+00 4.767727697972862222e-02
0.000000000000000000e+00 6.115111605911269926e-02
0.000000000000000000e+00 4.212075420738171927e-02
0.000000000000000000e+00 1.620372151447223297e-02
0.000000000000000000e+00 5.119168606603406030e-02
0.000000000000000000e+00 5.201144493945485808e-02
0.000000000000000000e+00 4.479982307952910803e-02
0.000000000000000000e+00 3.224270773391637451e-02
0.000000000000000000e+00 4.058179080183626358e-02
0.000000000000000000e+00 6.050165040959599311e-02
0.000000000000000000e+00 3.548722716158631690e-02
0.000000000000000000e+00 4.810256948801547999e-02
0.000000000000000000e+00 3.908042906436943326e-02
0.000000000000000000e+00 2.064671494118759665e-02
0.000000000000000000e+00 1.314239558356179172e-01
0.000000000000000000e+00 5.471283778525988517e-02
0.000000000000000000e+00 2.524992059779946479e-02
0.000000000000000000e+00 5.178553680631897693e-02
0.000000000000000000e+00 2.329549122945001605e-02
0.000000000000000000e+00 3.321519233939076998e-02
0.000000000000000000e+00 4.901782766674875336e-02
0.000000000000000000e+00 2.400113445788664909e-02
0.000000000000000000e+00 3.703004116762601688e-02
0.000000000000000000e+00 2.882364790570495286e-02
0.000000000000000000e+00 6.027019822486853751e-02
0.000000000000000000e+00 6.558376584580682955e-02
0.000000000000000000e+00 2.945682453792444408e-02
0.000000000000000000e+00 2.888551307802572632e-02
0.000000000000000000e+00 6.677719056127907893e-02
0.000000000000000000e+00 5.771201880930342670e-02
0.000000000000000000e+00 2.031642278810914110e-02
0.000000000000000000e+00 5.870694894354920590e-02
0.000000000000000000e+00 7.630359516837961764e-02
0.000000000000000000e+00 6.089263268182010247e-02
0.000000000000000000e+00 1.558933085286554575e-02
0.000000000000000000e+00 5.111881197843708841e-02
0.000000000000000000e+00 5.982799135116616263e-02
0.000000000000000000e+00 2.212827309088536212e-02
0.000000000000000000e+00 3.440731963154793072e-02
0.000000000000000000e+00 2.417805887537483045e-02
0.000000000000000000e+00 7.076261738034361759e-02
0.000000000000000000e+00 1.956989860546376123e-02
0.000000000000000000e+00 2.496725032724314911e-02
0.000000000000000000e+00 4.724069791971578780e-02
0.000000000000000000e+00 3.727105097244458320e-02
0.000000000000000000e+00 3.983240022105006412e-02
0.000000000000000000e+00 3.972618699045846191e-02
0.000000000000000000e+00 4.402959985148167249e-02
0.000000000000000000e+00 3.305604399418510947e-02
0.000000000000000000e+00 5.740154663452382011e-02
0.000000000000000000e+00 5.491159584836197149e-02
0.000000000000000000e+00 5.609118213749699627e-02
0.000000000000000000e+00 3.080619859539077479e-02
0.000000000000000000e+00 2.009083064848860359e-02
0.000000000000000000e+00 5.954708160341654760e-02
0.000000000000000000e+00 1.745815998131524174e-02
0.000000000000000000e+00 2.822894443486257884e-02
0.000000000000000000e+00 5.658946620353728918e-02
0.000000000000000000e+00 3.701075410724941755e-02
0.000000000000000000e+00 4.685363270640555827e-02
0.000000000000000000e+00 6.514212203462156625e-02
0.000000000000000000e+00 5.959107896668600773e-02
0.000000000000000000e+00 3.780179023313887110e-02
0.000000000000000000e+00 4.933094030761268900e-02
0.000000000000000000e+00 2.787222533699297913e-02
0.000000000000000000e+00 4.813658093595221676e-02
0.000000000000000000e+00 4.610437425879779227e-02
0.000000000000000000e+00 6.785151161690361477e-02
0.000000000000000000e+00 5.986843648085157094e-02
