4.835789951083076937e-02 6.806491385783550174e-02
6.675104349398137960e-02 8.678811997804124212e-02
6.733220113593831047e-02 6.838941041452180347e-02
6.786490485095021674e-02 6.876557829585010218e-02
6.801653689560643867e-02 7.979378473495959967e-02
6.957666006721054119e-02 7.182516500171466645e-02
7.024310411722965719e-02 8.198172307837232886e-02
7.148574482262881613e-02 7.226347896672831450e-02
7.495294918177998478e-02 8.222559731685238904e-02
7.789245311877487921e-02 8.712405903762406034e-02
7.808066742702678142e-02 7.941576999672139703e-02
8.081127820476793899e-02 1.177700098240300614e-01
8.095687511733248853e-02 9.655220244430566534e-02
8.174458601887914233e-02 1.072464525955994369e-01
8.223334907270526961e-02 1.106443692952143315e-01
8.299368006792406938e-02 9.513441139183177742e-02
8.340360240574694328e-02 1.047137940074062135e-01
8.343702383603253392e-02 1.147469936718507888e-01
8.749777175165329712e-02 9.254949425471233060e-02
8.789264128882637306e-02 9.595457801477468018e-02
8.946601558058252246e-02 9.235118512791042067e-02
8.998273436237322342e-02 9.041820788425822264e-02
9.114891270175695670e-02 1.054745469228213356e-01
9.138994635116245990e-02 9.378837301513176516e-02
9.161823558541010160e-02 1.077933231482704340e-01
9.188102082376990720e-02 9.915953801830296177e-02
9.192379589026294928e-02 1.005170222504071925e-01
9.221899567678475129e-02 1.788787383297525679e-01
9.355321782962275345e-02 1.147263173889328802e-01
9.392075725410420350e-02 1.068036764630203306e-01
9.467525271416808719e-02 1.216713876559730040e-01
9.475858281454010990e-02 1.321598591124437949e-01
9.590864050712419320e-02 1.788094545203118557e-01
9.600048856400242303e-02 9.656590469411222011e-02
9.608259393532238291e-02 1.011782500096384124e-01
9.740091248930264622e-02 1.082053486020404659e-01
9.772643858509695580e-02 9.959509615922239323e-02
9.880447996804449240e-02 1.426421363964261724e-01
9.910743354136009042e-02 1.386156470863830203e-01
1.006981927551337253e-01 1.500100388949489327e-01
1.008898974789902564e-01 1.403571290508067726e-01
1.011343499309431126e-01 1.030828026896539601e-01
1.012937455745622495e-01 1.111080091310515799e-01
1.025532021549321604e-01 1.082053486020404659e-01
1.035040899167514739e-01 1.268196996501742835e-01
1.035478738509583163e-01 2.151136254834979666e-01
1.036370555572178748e-01 1.378577463042687246e-01
1.047597616545155041e-01 2.314590926147805927e-01
1.051297094002403149e-01 2.203403811180602856e-01
1.051900881628496931e-01 1.536093464857771484e-01
1.054093195722388826e-01 1.661088895162299850e-01
1.061006880382448225e-01 1.375014513546056194e-01
1.069082054579715418e-01 1.296187957059234119e-01
1.070101997592305954e-01 1.478500826816607494e-01
1.072880652559160403e-01 1.722275823818746887e-01
1.073831556947748150e-01 1.417592649175948571e-01
1.075264421880276766e-01 1.552928783576610072e-01
1.076305777560255805e-01 1.191369273095643916e-01
1.081413694991849861e-01 1.384961336554736966e-01
1.087105608246081989e-01 2.229041052919487897e-01
1.095730174632279091e-01 1.194276600674532007e-01
1.097752042400548661e-01 1.236931845048826750e-01
1.102735691784028083e-01 2.118911520872182597e-01
1.109283368948809217e-01 1.786728604271191900e-01
1.113611044287376728e-01 1.519342009697565998e-01
1.119697156839681296e-01 1.197543198210992560e-01
1.122900759797761799e-01 1.280667247411617360e-01
1.123857755283568516e-01 1.833497485494269552e-01
1.126486837988958378e-01 1.175517697509035203e-01
1.135661499875830205e-01 1.655897827491432661e-01
1.137123552745384625e-01 1.194774861265922306e-01
1.139802547885682416e-01 2.119076082691389862e-01
1.140361757470276238e-01 1.182855994861552879e-01
1.144473572338043227e-01 1.186383500550957232e-01
1.146915395279311661e-01 1.165105324021784711e-01
1.147546218532134177e-01 1.235638208669193050e-01
1.148211088940453289e-01 1.552651536569100155e-01
1.149524946052071783e-01 1.311584636605372112e-01
1.152332608532424946e-01 1.388873465303922528e-01
1.156420854571997281e-01 1.166810711593509742e-01
1.163355874781882571e-01 1.177559241629215631e-01
1.165697492166583860e-01 1.194468739061679829e-01
1.166399880028478886e-01 1.535026552610810890e-01
1.168298880786212968e-01 1.684349152410575257e-01
1.169985060409862304e-01 1.779218366867524326e-01
1.177669091280286601e-01 1.655769820035405127e-01
1.179372479201688112e-01 1.506466547158894775e-01
1.185111564788865757e-01 1.792922390743071637e-01
1.188515229790572808e-01 1.349447929971433202e-01
1.191128836045793615e-01 1.474427868074977555e-01
1.191493903550490813e-01 1.448802331825553291e-01
1.196875437570262962e-01 1.453020861814497411e-01
1.197762237685038589e-01 1.393564578499559004e-01
1.198866660944650220e-01 1.233729995317643241e-01
1.201031992497930967e-01 1.762324531751002787e-01
1.201387461734751139e-01 1.286563609929309016e-01
1.204738173739659662e-01 1.584775015382712260e-01
1.205592930612515712e-01 1.769178804114045767e-01
1.209743032321832223e-01 1.730279655775858738e-01
1.212290683053793700e-01 1.302665412421328550e-01
1.212343069687379926e-01 1.602929104796756155e-01
1.216736915971489003e-01 1.267236949544913449e-01
1.221832175022591199e-01 1.392563988982573886e-01
1.224790352019966694e-01 1.310380182867314502e-01
1.228802272425733311e-01 1.310360754920616155e-01
1.237768954468208005e-01 1.468754454103405604e-01
1.245240503622082467e-01 1.313279714062396686e-01
1.247530326103048065e-01 1.672979474124680344e-01
1.247608409366795512e-01 1.256668747218531446e-01
1.255267812846891928e-01 1.487659621610677163e-01
1.260232172808710971e-01 1.650432030359479940e-01
1.260368222145156203e-01 1.645352763009698405e-01
1.264563489898178628e-01 1.642687316773653039e-01
1.321659835516574288e-01 1.344955778180733363e-01
1.323645332456966917e-01 1.537042882565050894e-01
1.324639234012638112e-01 1.365066831817597637e-01
1.328300357273438925e-01 1.479120765186666409e-01
1.328500147571090861e-01 1.435837684080547294e-01
1.333291157319556330e-01 2.078097685419802165e-01
1.334464216729786268e-01 1.375594954069240539e-01
1.334600084721986879e-01 1.364103705515431475e-01
1.342761985451690621e-01 1.489595297758589121e-01
1.344655711918042174e-01 1.517267080440156124e-01
1.346438047194457033e-01 1.610959968019549104e-01
1.347270977455527763e-01 1.400079898349288476e-01
1.347491955629628035e-01 2.386098192403392493e-01
1.358826201578675619e-01 1.438162066159026087e-01
1.362537891346460861e-01 1.502727627597988391e-01
1.365232326624896131e-01 1.777222790571406918e-01
1.387803766513404924e-01 1.625739479888350103e-01
1.391818132051625134e-01 1.702865316788631234e-01
1.394412868463811295e-01 1.743058032941181001e-01
1.396348075084154483e-01 1.493382965466346080e-01
1.398627916978622543e-01 1.938100528580892212e-01
1.402035286626105437e-01 1.923589404613589016e-01
1.402820107117518367e-01 1.673360364794330701e-01
1.414114934053275208e-01 1.452600572939207191e-01
1.420498145409371804e-01 1.431502453581133261e-01
1.421971676968572518e-01 1.458579457227228982e-01
1.431131977207981965e-01 1.511924791875109975e-01
1.437129834982164012e-01 1.579816776823847746e-01
1.454958679332740423e-01 1.468754454103405604e-01
1.455882655519158131e-01 1.668066647543242353e-01
1.458343516384896232e-01 1.612887282971925962e-01
1.460523702121237222e-01 1.853161632681482596e-01
1.475455393035188800e-01 1.491622183094658827e-01
1.508094756366208378e-01 1.544715137161938867e-01
1.514705622416298580e-01 1.547105052317825635e-01
1.535637057877994316e-01 1.561959224946319336e-01
1.551592384295985561e-01 1.553718707703759805e-01
1.585671006242999059e-01 1.637467462561904286e-01
1.604438294632960782e-01 1.640788900899968761e-01
1.618719506069376257e-01 1.838690294754403987e-01
1.643201136078595026e-01 2.160303596015263894e-01
1.643550437769114025e-01 2.024843046389633860e-01
1.670463646538706826e-01 1.758565597953973270e-01
1.689788153725345077e-01 1.885803938203546026e-01
1.720266116050780669e-01 1.778239842883238553e-01
1.720562406375887310e-01 1.723678837813217846e-01
1.896217865289838433e-01 1.997168539320429148e-01
1.963273507622256553e-01 1.993877346829880104e-01
