0.000000000000000000e+00 1.028787732936537053e-01
0.000000000000000000e+00 7.966916778543749189e-02
0.000000000000000000e+00 9.381689984063334986e-02
0.000000000000000000e+00 9.201750557138707598e-02
0.000000000000000000e+00 1.052704512458556146e-01
0.000000000000000000e+00 9.876647426056836543e-02
0.000000000000000000e+00 8.574451780019806679e-02
0.000000000000000000e+00 1.008684745797752552e-01
0.000000000000000000e+00 7.940151723828298147e-02
0.000000000000000000e+00 9.991269919206587080e-02
0.000000000000000000e+00 9.776327346867501322e-02
0.000000000000000000e+00 7.829778776288970343e-02
0.000000000000000000e+00 6.059097779861042504e-02
0.000000000000000000e+00 2.854388232135391529e-02
0.000000000000000000e+00 7.594643749154819656e-02
0.000000000000000000e+00 1.026592990831797086e-01
0.000000000000000000e+00 1.332896919184556883e-01
0.000000000000000000e+00 7.813472338429888753e-02
0.000000000000000000e+00 9.532173306295645132e-02
0.000000000000000000e+00 8.619468359978324501e-02
0.000000000000000000e+00 5.880922642460653660e-02
0.000000000000000000e+00 6.711670010642599438e-02
0.000000000000000000e+00 7.487952100472913819e-02
0.000000000000000000e+00 5.654600591663264814e-02
0.000000000000000000e+00 9.331951654291803511e-02
0.000000000000000000e+00 3.722641119527686504e-02
0.000000000000000000e+00 1.047441703435884192e-01
0.000000000000000000e+00 4.538519207593461752e-02
0.000000000000000000e+00 9.445130486697697614e-02
0.000000000000000000e+00 7.823690983922750031e-02
0.000000000000000000e+00 9.594162901981886926e-02
0.000000000000000000e+00 9.541750796100309517e-02
0.000000000000000000e+00 1.067940008900893356e-01
0.000000000000000000e+00 1.037736387098985857e-01
0.000000000000000000e+00 6.546844767308479529e-02
0.000000000000000000e+00 8.216224465882453198e-02
0.000000000000000000e+00 7.000878462068138575e-02
0.000000000000000000e+00 1.009851287056511282e-01
0.000000000000000000e+00 1.023460624159962806e-01
0.000000000000000000e+00 9.747628519518725110e-02
0.000000000000000000e+00 8.967731841049461639e-02
0.000000000000000000e+00 7.858658466507639773e-02
0.000000000000000000e+00 8.270182662987600464e-02
0.000000000000000000e+00 5.986544751336894676e-02
0.000000000000000000e+00 6.708088694016163533e-02
0.000000000000000000e+00 6.248451058208037701e-02
0.000000000000000000e+00 1.028350565122272686e-01
0.000000000000000000e+00 8.348732696512409235e-02
0.000000000000000000e+00 1.059274970018538597e-01
0.000000000000000000e+00 8.434516721354180790e-02
0.000000000000000000e+00 9.092620631935306730e-02
0.000000000000000000e+00 8.068251329965168972e-02
0.000000000000000000e+00 7.335464864258557649e-02
0.000000000000000000e+00 8.070401640781314778e-02
0.000000000000000000e+00 9.572239394320794514e-02
0.000000000000000000e+00 9.112469205738789324e-02
0.000000000000000000e+00 8.673464580341810892e-02
0.000000000000000000e+00 6.644503531468856639e-02
0.000000000000000000e+00 1.001759211041213377e-01
0.000000000000000000e+00 6.983669726802052558e-02
0.000000000000000000e+00 7.798888527227906819e-02
0.000000000000000000e+00 7.114333033973729847e-02
0.000000000000000000e+00 1.022601351389053337e-01
0.000000000000000000e+00 7.931129811089707160e-02
0.000000000000000000e+00 9.104742699426032759e-02
0.000000000000000000e+00 7.586853216361862107e-02
0.000000000000000000e+00 8.189372564290406387e-02
0.000000000000000000e+00 7.103513362006835807e-02
0.000000000000000000e+00 4.395795421777227291e-02
0.000000000000000000e+00 8.599980655289884979e-02
0.000000000000000000e+00 9.504622250562018426e-02
0.000000000000000000e+00 6.672562614848068230e-02
0.000000000000000000e+00 7.996555168199762087e-02
0.000000000000000000e+00 8.674944566220034459e-02
0.000000000000000000e+00 6.615961696954154869e-02
0.000000000000000000e+00 7.464416443604748874e-02
0.000000000000000000e+00 5.199324679513089853e-02
0.000000000000000000e+00 3.742478753052166235e-02
0.000000000000000000e+00 7.918105909606239223e-02
0.000000000000000000e+00 8.405900449357971149e-02
0.000000000000000000e+00 8.125358120352567382e-02
0.000000000000000000e+00 7.839128775307244168e-02
0.000000000000000000e+00 1.004897261702720479e-01
0.000000000000000000e+00 6.916452148812159140e-02
0.000000000000000000e+00 3.308005266656828536e-02
0.000000000000000000e+00 9.825857126377923745e-02
0.000000000000000000e+00 7.021762867784957229e-02
0.000000000000000000e+00 8.084117921140863972e-02
0.000000000000000000e+00 7.367309872518539027e-02
0.000000000000000000e+00 5.437928788372514005e-02
0.000000000000000000e+00 9.970725864915097603e-02
0.000000000000000000e+00 8.917965384590785527e-02
0.000000000000000000e+00 7.985650026892116005e-02
0.000000000000000000e+00 9.297229228891221164e-02
0.000000000000000000e+00 7.314593803832082630e-02
0.000000000000000000e+00 6.939955970012090525e-02
0.000000000000000000e+00 1.061520058372402847e-01
0.000000000000000000e+00 1.423256749725788917e-01
0.000000000000000000e+00 5.032251961445338706e-02
0.000000000000000000e+00 4.513149934045169315e-02
0.000000000000000000e+00 7.649976427652210864e-02
0.000000000000000000e+00 2.486010475757368179e-02
0.000000000000000000e+00 9.029531607013137340e-02
0.000000000000000000e+00 9.972339554812306717e-02
0.000000000000000000e+00 7.661555015150472991e-02
0.000000000000000000e+00 8.375244658194007374e-02
0.000000000000000000e+00 4.524649191441954682e-02
0.000000000000000000e+00 4.513278888617974077e-02
0.000000000000000000e+00 7.724579954578832119e-02
0.000000000000000000e+00 7.985089452543907285e-02
0.000000000000000000e+00 1.128970304088409010e-01
0.000000000000000000e+00 3.082087151879756015e-02
0.000000000000000000e+00 5.540290723052946481e-02
0.000000000000000000e+00 3.742368436080376753e-02
0.000000000000000000e+00 1.007978934570096241e-01
0.000000000000000000e+00 7.313383741475573685e-02
0.000000000000000000e+00 9.238737416981153416e-02
0.000000000000000000e+00 4.063904596155384907e-02
0.000000000000000000e+00 6.264375654539798555e-02
0.000000000000000000e+00 7.628397634819242268e-02
0.000000000000000000e+00 8.080751008700859384e-02
0.000000000000000000e+00 5.679951263200010841e-02
0.000000000000000000e+00 5.890472747776359652e-02
0.000000000000000000e+00 3.242786780649871414e-02
0.000000000000000000e+00 5.305537874681379856e-02
0.000000000000000000e+00 9.661782639650665083e-02
0.000000000000000000e+00 7.827192773080617061e-02
0.000000000000000000e+00 4.540456728752149951e-02
0.000000000000000000e+00 1.012538529291529404e-01
0.000000000000000000e+00 2.952484357983605964e-02
0.000000000000000000e+00 5.799064373702024489e-02
0.000000000000000000e+00 7.175118715675977976e-02
0.000000000000000000e+00 7.424940136000182656e-02
0.000000000000000000e+00 5.026475626606200647e-02
0.000000000000000000e+00 5.679247075355150359e-02
0.000000000000000000e+00 4.444948405312859618e-02
0.000000000000000000e+00 2.386920156890370848e-02
0.000000000000000000e+00 8.045625426352198684e-02
0.000000000000000000e+00 4.935352833172355208e-02
0.000000000000000000e+00 8.446902249469902257e-02
0.000000000000000000e+00 7.460175127576379461e-02
0.000000000000000000e+00 1.003174225650219631e-01
0.000000000000000000e+00 8.518770709603142033e-02
0.000000000000000000e+00 1.320292446117301288e-01
0.000000000000000000e+00 5.977105505644654537e-02
0.000000000000000000e+00 5.599671111167221077e-02
0.000000000000000000e+00 6.656882612515857556e-02
0.000000000000000000e+00 8.649607417267377030e-02
0.000000000000000000e+00 8.360968847589640707e-02
0.000000000000000000e+00 7.475850219355290038e-02
0.000000000000000000e+00 5.159316858682191920e-02
0.000000000000000000e+00 3.387034847278445199e-02
0.000000000000000000e+00 6.538453772254529395e-02
0.000000000000000000e+00 8.593908265097073562e-02
0.000000000000000000e+00 5.406383425322938002e-02
0.000000000000000000e+00 8.915311300808183292e-02
0.000000000000000000e+00 6.652287275877502570e-02
0.000000000000000000e+00 7.180759971413665232e-02
0.000000000000000000e+00 7.929477041064243725e-02
0.000000000000000000e+00 5.203752522980165107e-02
0.000000000000000000e+00 1.304944163738400997e-01
0.000000000000000000e+00 4.684727708380597572e-02
0.000000000000000000e+00 7.671004055462765647e-02
0.000000000000000000e+00 5.976829265384566575e-02
0.000000000000000000e+00 8.556725672938288174e-02
0.000000000000000000e+00 7.171852505944691092e-02
0.000000000000000000e+00 6.239511466311576521e-02
0.000000000000000000e+00 9.306948619058243166e-02
0.000000000000000000e+00 5.224618145172436889e-02
0.000000000000000000e+00 7.583948090913397722e-02
0.000000000000000000e+00 5.144053358663798481e-02
0.000000000000000000e+00 6.981260808806288853e-02
0.000000000000000000e+00 7.186415777357023360e-02
0.000000000000000000e+00 6.593449014099664329e-02
0.000000000000000000e+00 4.362683574619665577e-02
0.000000000000000000e+00 2.550228652983190999e-02
0.000000000000000000e+00 6.781086751456853745e-02
0.000000000000000000e+00 3.354934908913857067e-02
0.000000000000000000e+00 7.411225081999860131e-02
0.000000000000000000e+00 5.311169996213535582e-02
0.000000000000000000e+00 7.235282900792035232e-02
0.000000000000000000e+00 1.010823082141957263e-01
0.000000000000000000e+00 5.626305554216717852e-02
0.000000000000000000e+00 7.642389927794046578e-02
0.000000000000000000e+00 5.484522137704275768e-02
0.000000000000000000e+00 6.868946111397124243e-02
0.000000000000000000e+00 5.197178897350235999e-02
0.000000000000000000e+00 9.582283941603356170e-02
0.000000000000000000e+00 6.725884942319818038e-02
0.000000000000000000e+00 8.045321094981587595e-02
0.000000000000000000e+00 7.417261535055978683e-02
0.000000000000000000e+00 8.551541576390678245e-02
0.000000000000000000e+00 9.106537664198291471e-02
0.000000000000000000e+00 2.969157123725853220e-02
0.000000000000000000e+00 6.627769203198587145e-02
0.000000000000000000e+00 5.872988722069610174e-02
0.000000000000000000e+00 6.701961635756832625e-02
0.000000000000000000e+00 6.809320688149524126e-02
0.000000000000000000e+00 5.991873494191909955e-02
0.000000000000000000e+00 3.212122030113220839e-02
0.000000000000000000e+00 5.485085968044890736e-02
0.000000000000000000e+00 6.586042686097562382e-02
0.000000000000000000e+00 6.456265563232113647e-02
0.000000000000000000e+00 7.972779526336455647e-02
0.000000000000000000e+00 3.224777415051049284e-02
0.000000000000000000e+00 8.516289211977756679e-02
0.000000000000000000e+00 7.330670218919933812e-02
0.000000000000000000e+00 9.194037299703329558e-02
0.000000000000000000e+00 8.833396582188013380e-02
0.000000000000000000e+00 2.363415587067493190e-02
0.000000000000000000e+00 8.297400303274216071e-02
0.000000000000000000e+00 1.423944702069305894e-02
0.000000000000000000e+00 3.910892333253455228e-02
0.000000000000000000e+00 5.478899489255571742e-02
0.000000000000000000e+00 2.948509130228814737e-02
0.000000000000000000e+00 6.431373035753581990e-02
0.000000000000000000e+00 4.796651648539086016e-02
0.000000000000000000e+00 5.410881008155415256e-02
0.000000000000000000e+00 1.084223375590845917e-01
0.000000000000000000e+00 5.499438011183589714e-02
0.000000000000000000e+00 7.614178888902177478e-02
0.000000000000000000e+00 7.057614092013532459e-02
0.000000000000000000e+00 4.536574501591282560e-02
0.000000000000000000e+00 3.308215312326196617e-02
0.000000000000000000e+00 7.003328674818282140e-02
0.000000000000000000e+00 8.099383950392380349e-02
0.000000000000000000e+00 7.703785819820530012e-02
0.000000000000000000e+00 9.294019765521482901e-02
0.000000000000000000e+00 8.337933003321144898e-02
0.000000000000000000e+00 6.541207993743868021e-02
0.000000000000000000e+00 3.344118348916846201e-02
0.000000000000000000e+00 2.398138817101625256e-02
0.000000000000000000e+00 6.012616747916333521e-02
0.000000000000000000e+00 9.510341360600002569e-02
0.000000000000000000e+00 1.094355343845479916e-01
0.000000000000000000e+00 9.043758922612137041e-02
0.000000000000000000e+00 4.157001399729248065e-02
0.000000000000000000e+00 4.331152043128943391e-02
0.000000000000000000e+00 5.401010276574758767e-02
0.000000000000000000e+00 4.717676992794629653e-02
0.000000000000000000e+00 6.574802439036647739e-02
0.000000000000000000e+00 8.741519174947064152e-02
0.000000000000000000e+00 4.723521256993342549e-02
0.000000000000000000e+00 9.022444263832699041e-02
0.000000000000000000e+00 5.200664884982651726e-02
0.000000000000000000e+00 6.567473896247036369e-02
0.000000000000000000e+00 8.347621624721844602e-02
0.000000000000000000e+00 8.885159785046348180e-02
0.000000000000000000e+00 7.703517807702404963e-02
0.000000000000000000e+00 9.387611452234150000e-02
0.000000000000000000e+00 3.106269993135059651e-02
0.000000000000000000e+00 4.400511799356100068e-02
0.000000000000000000e+00 6.637402794426325303e-02
0.000000000000000000e+00 4.543378872920283279e-02
0.000000000000000000e+00 7.304719797242578694e-02
0.000000000000000000e+00 4.341488578400401477e-02
0.000000000000000000e+00 4.463837904607063922e-02
0.000000000000000000e+00 8.009621115052738272e-02
0.000000000000000000e+00 5.609922770546371673e-02
0.000000000000000000e+00 2.903152174821680906e-02
0.000000000000000000e+00 9.322155784586542981e-02
0.000000000000000000e+00 8.281429939708416510e-02
0.000000000000000000e+00 8.493908378412730331e-02
0.000000000000000000e+00 7.413109922562893805e-02
0.000000000000000000e+00 4.645970487483110783e-02
0.000000000000000000e+00 6.634314507805433303e-02
0.000000000000000000e+00 6.862665789152941342e-02
0.000000000000000000e+00 5.143821940841684232e-02
0.000000000000000000e+00 1.150789524704853850e-01
0.000000000000000000e+00 7.007868916533939452e-02
0.000000000000000000e+00 1.904749024597459511e-02
0.000000000000000000e+00 2.930326255141331090e-02
0.000000000000000000e+00 5.030522775008040848e-02
0.000000000000000000e+00 6.675267012202522332e-02
0.000000000000000000e+00 4.739079387355769196e-02
0.000000000000000000e+00 7.340597570934503935e-02
0.000000000000000000e+00 4.971053358363070052e-02
0.000000000000000000e+00 8.021333704078437155e-02
0.000000000000000000e+00 6.719081576034111047e-02
0.000000000000000000e+00 8.458705509449350457e-02
0.000000000000000000e+00 3.235963612726871358e-02
0.000000000000000000e+00 7.607681805657047491e-02
0.000000000000000000e+00 7.417400674029860086e-02
0.000000000000000000e+00 1.136339153272591766e-02
0.000000000000000000e+00 2.749314231168376380e-02
0.000000000000000000e+00 5.523150836375321365e-02
0.000000000000000000e+00 8.381603387958673490e-02
0.000000000000000000e+00 9.970385778570561852e-02
0.000000000000000000e+00 1.074339828677212672e-01
0.000000000000000000e+00 3.868845128729757332e-02
0.000000000000000000e+00 5.334422454552127657e-02
0.000000000000000000e+00 6.417289546676883949e-02
0.000000000000000000e+00 5.175506439785107493e-02
0.000000000000000000e+00 8.299982816404276320e-02
0.000000000000000000e+00 6.917127426081227937e-02
0.000000000000000000e+00 6.611073859323855773e-02
0.000000000000000000e+00 6.391163618756277864e-02
0.000000000000000000e+00 5.576230604728760892e-02
0.000000000000000000e+00 6.651812883499896856e-02
0.000000000000000000e+00 6.557523859061374638e-02
0.000000000000000000e+00 4.448829725512187111e-02
0.000000000000000000e+00 3.452536748562865659e-02
0.000000000000000000e+00 2.085811586263830800e-02
0.000000000000000000e+00 9.116086383366274470e-02
0.000000000000000000e+00 7.136616708580288682e-02
0.000000000000000000e+00 5.369669248019411090e-02
0.000000000000000000e+00 3.608246612901380712e-02
0.000000000000000000e+00 6.736279210690930552e-02
0.000000000000000000e+00 3.711363747312566158e-02
0.000000000000000000e+00 6.889200271837794820e-02
0.000000000000000000e+00 5.252652983646334539e-02
0.000000000000000000e+00 6.475599200322690319e-02
0.000000000000000000e+00 6.532908705811142636e-02
0.000000000000000000e+00 5.867052572284143369e-02
0.000000000000000000e+00 6.416944391707908590e-02
0.000000000000000000e+00 7.921123046600554718e-02
0.000000000000000000e+00 7.975322645859028725e-02
0.000000000000000000e+00 5.026922772044175453e-02
0.000000000000000000e+00 6.959449012275044366e-02
0.000000000000000000e+00 4.157147120238045834e-02
0.000000000000000000e+00 4.186246921918568981e-02
0.000000000000000000e+00 5.813790199574006556e-02
0.000000000000000000e+00 4.821013245794236041e-02
0.000000000000000000e+00 4.291153581680636625e-02
0.000000000000000000e+00 1.261593140444530747e-01
0.000000000000000000e+00 5.155105687180631946e-02
0.000000000000000000e+00 9.462224293727905522e-02
0.000000000000000000e+00 9.900747623402551822e-02
0.000000000000000000e+00 5.567355543467032014e-02
0.000000000000000000e+00 4.534289284875241827e-02
0.000000000000000000e+00 6.542476690974215192e-02
0.000000000000000000e+00 5.784794999874708771e-02
0.000000000000000000e+00 5.083725642831321556e-02
0.000000000000000000e+00 6.697337190571363286e-02
0.000000000000000000e+00 2.165239012069961749e-02
0.000000000000000000e+00 4.165691954495181343e-02
0.000000000000000000e+00 3.705211684499768593e-02
0.000000000000000000e+00 2.356977130553246369e-02
0.000000000000000000e+00 9.655477595902811627e-02
0.000000000000000000e+00 6.156734324214175463e-02
0.000000000000000000e+00 7.109190314146711376e-02
0.000000000000000000e+00 3.409569063264124983e-02
0.000000000000000000e+00 4.000349473097555841e-02
0.000000000000000000e+00 4.785161862148847728e-02
0.000000000000000000e+00 2.886863560732926687e-02
0.000000000000000000e+00 9.849057915018198661e-02
0.000000000000000000e+00 4.995645182151818575e-02
0.000000000000000000e+00 6.947602491341783870e-02
0.000000000000000000e+00 6.243582103279926576e-02
0.000000000000000000e+00 7.019311771957291446e-02
0.000000000000000000e+00 6.605535638191598058e-02
0.000000000000000000e+00 5.009717383307991934e-02
0.000000000000000000e+00 9.742183636252103873e-02
0.000000000000000000e+00 8.583719577314638527e-02
0.000000000000000000e+00 7.643830428698265844e-02
0.000000000000000000e+00 5.770629446579154942e-02
0.000000000000000000e+00 5.148010993622901404e-02
0.000000000000000000e+00 4.198600609593370475e-02
0.000000000000000000e+00 9.814735782395433983e-02
0.000000000000000000e+00 3.638046121642520003e-02
0.000000000000000000e+00 4.247119042367297065e-02
0.000000000000000000e+00 5.412236938474151299e-02
0.000000000000000000e+00 6.123613445470691558e-02
0.000000000000000000e+00 5.180143868513026328e-02
0.000000000000000000e+00 7.884318154326215577e-02
0.000000000000000000e+00 7.806057802856523897e-02
0.000000000000000000e+00 5.856667748081743896e-02
0.000000000000000000e+00 7.256293793735653364e-02
0.000000000000000000e+00 2.787134903392447099e-02
0.000000000000000000e+00 5.275362637819561856e-02
0.000000000000000000e+00 6.238738665334506855e-02
0.000000000000000000e+00 3.378307321428091620e-02
0.000000000000000000e+00 1.049672582975981761e-01
0.000000000000000000e+00 5.216141937700128489e-02
0.000000000000000000e+00 2.837369218721979072e-02
0.000000000000000000e+00 9.483810110238724556e-02
0.000000000000000000e+00 1.022179412937154058e-01
0.000000000000000000e+00 6.963617604908921288e-02
0.000000000000000000e+00 4.996360857686727580e-02
0.000000000000000000e+00 9.667767183789419128e-02
0.000000000000000000e+00 4.915825212091562424e-02
0.000000000000000000e+00 5.226921363234519891e-02
0.000000000000000000e+00 8.310110122759724327e-02
0.000000000000000000e+00 7.926011285967499154e-02
0.000000000000000000e+00 4.191906712362758469e-02
0.000000000000000000e+00 6.439329088310841165e-02
0.000000000000000000e+00 8.885782136638241402e-02
0.000000000000000000e+00 4.681864276698868149e-02
0.000000000000000000e+00 6.643424528120199513e-02
0.000000000000000000e+00 4.306893358728879767e-02
0.000000000000000000e+00 6.046868445209205301e-02
0.000000000000000000e+00 2.767093053183040940e-02
0.000000000000000000e+00 6.313381317841282314e-02
0.000000000000000000e+00 6.302653428609787667e-02
0.000000000000000000e+00 3.853413326566373920e-02
0.000000000000000000e+00 1.013837011499470891e-01
0.000000000000000000e+00 7.818099336765006735e-02
0.000000000000000000e+00 5.090949523830822637e-02
0.000000000000000000e+00 4.453486877114123249e-02
0.000000000000000000e+00 2.702877972879722326e-02
0.000000000000000000e+00 3.014416450239935930e-02
0.000000000000000000e+00 9.539675160270269516e-02
0.000000000000000000e+00 5.267747226884175044e-02
0.000000000000000000e+00 1.182550206694134853e-01
0.000000000000000000e+00 5.310609065800173112e-02
0.000000000000000000e+00 5.375421910505391587e-02
0.000000000000000000e+00 7.114282987503713074e-02
0.000000000000000000e+00 8.018290893404039776e-02
0.000000000000000000e+00 2.075555009924853408e-02
0.000000000000000000e+00 2.739778265556889678e-02
0.000000000000000000e+00 5.817772399286969681e-02
0.000000000000000000e+00 5.344944696866060080e-02
0.000000000000000000e+00 3.633757155060209076e-02
0.000000000000000000e+00 2.952018435359098428e-02
0.000000000000000000e+00 4.951311722634376550e-02
0.000000000000000000e+00 6.877867493791009479e-02
0.000000000000000000e+00 3.855837309987024397e-02
0.000000000000000000e+00 4.997300114117660813e-02
0.000000000000000000e+00 6.028487869182742875e-02
0.000000000000000000e+00 4.648512845212979944e-02
0.000000000000000000e+00 6.744181944828883668e-02
0.000000000000000000e+00 1.004943842247612296e-01
0.000000000000000000e+00 6.838760608479192704e-02
0.000000000000000000e+00 5.162079785682022193e-02
0.000000000000000000e+00 6.798930955723074543e-02
0.000000000000000000e+00 3.355481087313558208e-02
0.000000000000000000e+00 6.861066194636344928e-02
0.000000000000000000e+00 7.514508317486084943e-02
0.000000000000000000e+00 5.607105331131198578e-02
0.000000000000000000e+00 4.167182700332672241e-02
0.000000000000000000e+00 5.733601571807114827e-02
0.000000000000000000e+00 3.326183590310195781e-02
0.000000000000000000e+00 3.279114444915839921e-02
0.000000000000000000e+00 5.551231191496466821e-02
0.000000000000000000e+00 2.793455078568139738e-02
0.000000000000000000e+00 1.182660154281081483e-01
0.000000000000000000e+00 4.404700863366800556e-02
0.000000000000000000e+00 7.427408009810747280e-02
0.000000000000000000e+00 3.035151927734313845e-02
0.000000000000000000e+00 3.060388512294432220e-02
0.000000000000000000e+00 3.904457252406671325e-02
0.000000000000000000e+00 4.011315946074606870e-02
0.000000000000000000e+00 2.915803064775050746e-02
0.000000000000000000e+00 4.734845569340254134e-02
0.000000000000000000e+00 7.624053998189808667e-02
0.000000000000000000e+00 1.575767739888952676e-02
0.000000000000000000e+00 4.628337990999379509e-02
0.000000000000000000e+00 2.752227302096703354e-02
0.000000000000000000e+00 1.253344516310120164e-02
0.000000000000000000e+00 6.325814246158968646e-02
0.000000000000000000e+00 6.110322899218564169e-02
0.000000000000000000e+00 7.940425181226713758e-02
0.000000000000000000e+00 6.676401524486247352e-02
0.000000000000000000e+00 3.705280280221302097e-02
0.000000000000000000e+00 6.424709496567683475e-02
0.000000000000000000e+00 4.473427911503882054e-02
0.000000000000000000e+00 5.162339734463706337e-02
0.000000000000000000e+00 1.745636341771965999e-02
0.000000000000000000e+00 1.091039817593913303e-01
0.000000000000000000e+00 4.524813649284845085e-02
0.000000000000000000e+00 3.767723614048592434e-02
0.000000000000000000e+00 8.922745744159449321e-02
0.000000000000000000e+00 4.906230170431510884e-02
0.000000000000000000e+00 6.135029611492193863e-02
0.000000000000000000e+00 4.142590854822208318e-02
0.000000000000000000e+00 3.019601967364178921e-02
0.000000000000000000e+00 5.965591484386179033e-02
0.000000000000000000e+00 4.114078719655170358e-02
0.000000000000000000e+00 6.306894807631334421e-02
0.000000000000000000e+00 5.389193670724746338e-02
0.000000000000000000e+00 5.376289622408587932e-02
0.000000000000000000e+00 3.250434930888993629e-02
0.000000000000000000e+00 3.425350646024780121e-02
0.000000000000000000e+00 5.673220978898754069e-02
0.000000000000000000e+00 5.249161617869477908e-02
0.000000000000000000e+00 4.472706263879938637e-02
0.000000000000000000e+00 7.655345948990040228e-02
0.000000000000000000e+00 5.361174475876327727e-02
0.000000000000000000e+00 5.365347020752207763e-02
0.000000000000000000e+00 2.060582554414757545e-02
0.000000000000000000e+00 9.022718416896727267e-02
0.000000000000000000e+00 2.588829003962867664e-02
0.000000000000000000e+00 5.979910883940450783e-02
0.000000000000000000e+00 7.074373993679368422e-02
0.000000000000000000e+00 2.220132027242997103e-02
0.000000000000000000e+00 2.900724328067348645e-02
0.000000000000000000e+00 1.156991132399613487e-01
0.000000000000000000e+00 2.036229141153105340e-02
0.000000000000000000e+00 4.456317125734517159e-02
0.000000000000000000e+00 9.769998900820475729e-02
0.000000000000000000e+00 2.455229889949420846e-02
0.000000000000000000e+00 4.264145378261238739e-02
0.000000000000000000e+00 2.702390662936925148e-02
0.000000000000000000e+00 5.271281697300329860e-02
0.000000000000000000e+00 9.280040041997063283e-02
0.000000000000000000e+00 5.442551868930184389e-02
0.000000000000000000e+00 5.774607457198441957e-02
0.000000000000000000e+00 2.785791686950533919e-02
0.000000000000000000e+00 6.815454475307154703e-02
