5.603359901048884928e-02 5.612814112110722092e-02
5.730607264426505754e-02 5.763755368662753370e-02
6.339471878291355611e-02 6.340636138035082858e-02
6.679433596767941905e-02 6.682491196810981526e-02
7.545853566191644546e-02 7.554331792908394738e-02
7.628345688185357576e-02 7.628614792424037727e-02
7.954531684814906967e-02 7.957405693845234773e-02
8.009846764227253335e-02 8.036973021270200912e-02
8.017914809625506511e-02 8.018187498658166379e-02
8.090613668438262351e-02 8.107312537615087022e-02
8.479960403152170256e-02 8.517185069849257661e-02
8.508155494178470946e-02 8.510201249804126566e-02
8.581439718161704144e-02 8.584362196755140895e-02
8.754471305399032233e-02 8.774241533324875220e-02
8.833812604339402741e-02 8.834756891493839026e-02
8.869832912112078638e-02 9.148861163201950364e-02
9.198063270908314604e-02 9.198063500993151898e-02
9.416089791474334392e-02 9.447653592934822375e-02
9.531952736187207509e-02 9.543027060180812871e-02
9.696631602340743949e-02 9.797690093882925610e-02
9.964957230259856302e-02 9.974195894004969642e-02
1.016206008277434486e-01 1.018267727118416371e-01
1.017359988442923940e-01 1.025998086979170026e-01
1.042610820091745688e-01 1.052469199124441285e-01
1.046446071255151961e-01 1.060444497902592736e-01
1.048130117223416147e-01 1.048309327289591864e-01
1.054774165847100903e-01 1.056955233142396755e-01
1.062672642107499732e-01 1.069743836233716106e-01
1.072471618253011405e-01 1.087089593009956112e-01
1.082549069203205122e-01 1.082763014555301467e-01
1.087727991310782211e-01 1.089507110789273703e-01
1.094545473545513042e-01 1.094575789521269465e-01
1.098313418432703414e-01 1.098400533900966147e-01
1.107506782062445266e-01 1.107591668188610962e-01
1.107692491130761875e-01 1.148003060619812998e-01
1.113440985790772192e-01 1.115127459892810979e-01
1.115277284585003276e-01 1.115278461454565218e-01
1.120270521823792664e-01 1.125197582257095319e-01
1.121739038201583077e-01 1.123503395748251116e-01
1.124878309641686031e-01 1.125043510278331688e-01
1.126016198895620074e-01 1.127262073789662700e-01
1.126228217074081439e-01 1.158313725451975140e-01
1.137632846621271648e-01 1.143514146456853370e-01
1.162161747218450614e-01 1.172995136468379801e-01
1.198305646461958196e-01 1.199742960107549605e-01
1.199459892103806463e-01 1.200171605896379196e-01
1.201374594242548693e-01 1.201821124349388564e-01
1.203117822230874712e-01 1.203149726519661261e-01
1.223562702195306467e-01 1.223589012197186660e-01
1.226171252256257893e-01 1.226491190838962658e-01
1.232915882282475672e-01 1.238302551882833336e-01
1.255281409909376755e-01 1.255665787361228691e-01
1.264412810222221295e-01 1.305103975529031402e-01
1.269629669837361863e-01 1.273970549782066641e-01
1.339867654679469389e-01 1.341642555013516647e-01
1.341450206163432579e-01 1.348522989765722213e-01
1.343727625482024624e-01 1.344209897991868741e-01
1.347310980507457068e-01 1.347413432469609651e-01
1.353886894731183566e-01 1.354813885241666349e-01
1.367792349243737438e-01 1.372205890526796701e-01
1.369817327295957399e-01 1.370655575734252563e-01
1.377607623923231273e-01 1.431934649902760759e-01
1.379655264504368040e-01 1.389436136891505358e-01
1.383755355725109770e-01 1.385258777922401818e-01
1.387905679841008877e-01 1.391955782640031947e-01
1.390935728933889726e-01 1.392836417203769384e-01
1.392529261421659448e-01 1.393218831840937755e-01
1.394002919056540890e-01 1.463408831896931828e-01
1.395901082533354265e-01 1.404854704337950844e-01
1.402742505759547176e-01 1.413734164554296402e-01
1.408526342908258400e-01 1.415730916006927020e-01
1.418131862982703884e-01 1.427780215109895057e-01
1.424914845106229899e-01 1.425056181092689278e-01
1.433675574527781271e-01 1.438320990554931289e-01
1.435022720473052571e-01 1.442210447067232004e-01
1.441244018864272503e-01 1.443825807096913161e-01
1.443901179765053611e-01 1.446802752058562458e-01
1.449220477479256641e-01 1.449238669515249545e-01
1.451851106741508246e-01 1.451912914736206150e-01
1.461006108460558006e-01 1.465548581288393937e-01
1.463220230047946047e-01 1.464312078596484712e-01
1.467312610630642222e-01 1.560144378442714364e-01
1.474392260914240416e-01 1.475382232790889703e-01
1.486358453506010924e-01 1.486417823023349905e-01
1.486684801752036766e-01 1.487609359903049044e-01
1.507399934102240380e-01 1.507899225044807834e-01
1.512693624095354239e-01 1.514709601595204125e-01
1.524964973356515985e-01 1.529025417179437629e-01
1.529432952425424375e-01 1.532122542558202460e-01
1.531238760231069806e-01 1.554125431326119910e-01
1.542392613768933662e-01 1.543338462287177359e-01
1.543337756077673428e-01 1.544979708877456670e-01
1.550139778857549666e-01 1.550417567280423514e-01
1.574117975965394767e-01 1.574585421550563635e-01
1.576909426315100393e-01 1.576922579967668658e-01
1.585217794899386190e-01 1.589731032173890279e-01
1.597439932295093012e-01 1.607553237644198108e-01
1.608486759899856733e-01 1.609132586475023330e-01
1.618375224252076305e-01 1.626002124840513485e-01
1.628537706013349906e-01 1.636288408062959998e-01
1.631772154720415036e-01 1.632106581577676963e-01
1.634097184691779281e-01 1.646246911268607338e-01
1.639533105950412850e-01 1.649547605583564502e-01
1.640536147447018978e-01 1.681048354064894335e-01
1.652859393320942338e-01 1.664746808494430297e-01
1.653341422094330992e-01 1.657526023089154477e-01
1.662822107359773482e-01 1.665441148136179439e-01
1.670442721974193523e-01 1.674266605242245298e-01
1.672829784131938113e-01 1.680524129422835133e-01
1.673280975581066254e-01 1.709173880735546103e-01
1.692860979544779654e-01 1.703989808943173201e-01
1.692887119005466179e-01 1.693829575336526783e-01
1.695494014997039611e-01 1.695620215038875778e-01
1.695582139086838358e-01 1.720514231120875148e-01
1.696318136547506628e-01 1.698422968221146023e-01
1.698266719434008420e-01 1.724534194737592785e-01
1.703649920054247646e-01 1.710565183356449193e-01
1.709620232654287253e-01 1.709727054765828314e-01
1.712675453073062293e-01 1.715090322499061848e-01
1.730547910345036910e-01 1.730599044715805390e-01
1.750160137490790746e-01 1.752568889348461723e-01
1.781684675709820087e-01 1.797064523233950495e-01
1.794430512002360978e-01 1.811309732330725619e-01
1.796855202924965700e-01 1.797132168435467692e-01
1.807622828266864101e-01 1.807625625137151970e-01
1.809609473763149901e-01 1.810594908972470163e-01
1.815614329148276807e-01 1.816842711269038013e-01
1.822188163510864989e-01 1.826530419367749514e-01
1.833438597520503643e-01 1.847441161320124148e-01
1.837042928968997402e-01 1.846413214091854327e-01
1.837801150337104727e-01 1.837801175878373550e-01
1.839231707790077996e-01 1.874211143176556793e-01
1.842089642445373932e-01 1.842342212274829250e-01
1.870361072355099241e-01 1.882771013388166992e-01
1.876977623293231423e-01 1.877349296117773458e-01
1.878217849171556486e-01 1.881761961752408396e-01
1.880126652935777964e-01 1.880140960077156254e-01
1.888655328218671881e-01 1.888899057179878604e-01
1.934653709408817313e-01 1.983192512577696132e-01
1.941367221352140460e-01 1.947008476903934193e-01
1.944883546362425053e-01 1.946177855594153905e-01
1.960140197767713255e-01 1.981693320648277024e-01
1.980728214350481742e-01 1.981424268886827211e-01
1.990823093091379781e-01 1.990825605483453886e-01
2.008649042027116083e-01 2.010584004717440865e-01
2.109202880320843743e-01 2.109211037512192799e-01
2.113861010993076939e-01 2.115236620971750192e-01
2.119582492824796105e-01 2.119583417097888889e-01
2.140737459548315846e-01 2.140826121114803859e-01
2.152353972190268472e-01 2.152376622973443954e-01
2.153500968176496055e-01 2.153531650624419536e-01
2.154308796107728685e-01 2.154983790191412618e-01
2.212773115865355744e-01 2.266116468058348432e-01
2.215543395806669758e-01 2.219118193254016880e-01
2.228757207672229512e-01 2.231367189534441409e-01
2.380596002884077522e-01 2.389679897815543408e-01
2.734937746631049826e-01 8.244074597616357636e-01
