1.944003933530982081e-02 2.049363881671427412e-02
3.248829654235284303e-02 3.286880382398636724e-02
3.619429211622762765e-02 3.847497983289301787e-02
3.646967572608984798e-02 3.656246811474381936e-02
3.750174534527123127e-02 3.841640283611929413e-02
3.844559501344617380e-02 3.845264337782295511e-02
3.888498951527916830e-02 4.076631599990056254e-02
3.935378989579083053e-02 3.937304766340218171e-02
4.064221212898179447e-02 4.156665123655053223e-02
4.253224763700549221e-02 4.303040307870212300e-02
4.309684214385138545e-02 4.558045941099900245e-02
4.400700089189171771e-02 4.446195608074349215e-02
4.417272315369660113e-02 5.017719676582829691e-02
4.470760272726232581e-02 4.633090474894979716e-02
4.525188843037841746e-02 4.718804689127485685e-02
4.567765176213987172e-02 4.664243283894145553e-02
4.640346496449344188e-02 5.003304331742276095e-02
4.802610866991122163e-02 4.878964148456706867e-02
4.835705305589501485e-02 4.840086144097589110e-02
4.865378020113224344e-02 4.888174103498905965e-02
5.106324573773458192e-02 5.224411596231166854e-02
5.113036852984876451e-02 5.154872936598261374e-02
5.124392283586194641e-02 5.899378807836339750e-02
5.264333795326409798e-02 6.855395714818894592e-02
5.272269713412886666e-02 5.688680502084387386e-02
5.309362872030119751e-02 6.220122137659207101e-02
5.396758839054929119e-02 6.054273875919390785e-02
5.484312932536875712e-02 5.761838821646388109e-02
5.501118296991779066e-02 6.091676939944890706e-02
5.520922412287859737e-02 5.739474274370700430e-02
5.539188796061866177e-02 5.690696198849149595e-02
5.540810449799168924e-02 5.834359249453501678e-02
5.563971395390717584e-02 5.607468949949253462e-02
5.569975491902749709e-02 5.800208855110772221e-02
5.580557175815518967e-02 5.872216550608307800e-02
5.609345036925764832e-02 5.781781870456055572e-02
5.635934840316952216e-02 5.933214524901262582e-02
5.700534659125307962e-02 5.805911121075654074e-02
5.765037746946760633e-02 5.909494550607754387e-02
5.790976734800249576e-02 6.015768752588676604e-02
5.808214759895392182e-02 5.841950061185080534e-02
5.831763594408902879e-02 6.235651316931322546e-02
5.898275445848644161e-02 5.898840935130614943e-02
5.900812918049318928e-02 5.926520389167039965e-02
5.904906377819340441e-02 5.916035393785962215e-02
5.962393226827741866e-02 6.086278856733817050e-02
5.970707447259013256e-02 5.985267853498044133e-02
5.974988603771554108e-02 6.168830068762279351e-02
5.991322550426923799e-02 6.458419936108951431e-02
6.056364526243415702e-02 6.194296027410389066e-02
6.072194186628301904e-02 6.909991981159645247e-02
6.113172839177612866e-02 6.115008832236652758e-02
6.125464270764378882e-02 6.195440070085418693e-02
6.131581754578690341e-02 6.167937037274489470e-02
6.145867758076686838e-02 6.238845138201960794e-02
6.182540205091386493e-02 7.380269148318945038e-02
6.202320057292026040e-02 6.202333965150692158e-02
6.337993149236893775e-02 7.130063478957489320e-02
6.352985259682027153e-02 6.421338283598174157e-02
6.370375187556649721e-02 7.089278231272212738e-02
6.420895884916544283e-02 6.574675743036473285e-02
6.425965419069742945e-02 6.573129495414876955e-02
6.437935894248503210e-02 6.487658645452709649e-02
6.439057283988458558e-02 7.984200761047587080e-02
6.464793308791318138e-02 6.892885914986222884e-02
6.487915933493849929e-02 7.139372297539803291e-02
6.496592529957677387e-02 6.618375600637270428e-02
6.497218974909420297e-02 6.621190585824210384e-02
6.603259307967325464e-02 6.662792592552617410e-02
6.616922083249593411e-02 8.849918864724140577e-02
6.623238474862937208e-02 6.624815783084159193e-02
6.636942356974523394e-02 7.520388310400244469e-02
6.639608582273115456e-02 6.978632479171248404e-02
6.649911884512231530e-02 8.954359601309928862e-02
6.679476091337321897e-02 6.734474827777749140e-02
6.689935958270104566e-02 6.886373606844499451e-02
6.728561505811279930e-02 6.965348316548355956e-02
6.731571960206771121e-02 6.970786889253653695e-02
6.761593758592672476e-02 6.880512851209144576e-02
6.762208386667614701e-02 6.773389749434551022e-02
6.766038866768164795e-02 6.845732812823655811e-02
6.771855577896956913e-02 6.779044374350527702e-02
6.781960619288732173e-02 6.880140329108848374e-02
6.794954572206562959e-02 6.910707558105473602e-02
6.807843696048966609e-02 7.234957302318138772e-02
6.834106897301203687e-02 7.874870168293328365e-02
6.837830641040051893e-02 6.838486319570499794e-02
6.840863652649814552e-02 7.009013808447236982e-02
6.867907981413845508e-02 7.035887031517783219e-02
6.872223087858932156e-02 7.599771968390577059e-02
6.915489456822879188e-02 6.951808467837755634e-02
6.963239697100372105e-02 7.346621941779282738e-02
6.966146679450600787e-02 7.082213122487673873e-02
6.972039253061146358e-02 7.280783113769861981e-02
6.973980048473024662e-02 7.522906581645719126e-02
6.992360338183438440e-02 7.045501715772682638e-02
7.015941677845327629e-02 7.566502407776155847e-02
7.026429033827702453e-02 7.134412617934376977e-02
7.055584389384926547e-02 7.491613415591659442e-02
7.080736284648950218e-02 7.120830622086336825e-02
7.090286300362341754e-02 7.168275754570735403e-02
7.106570300920307670e-02 7.121147735129013112e-02
7.156349045897991701e-02 7.394184986710373997e-02
7.167552658820737499e-02 8.315261871639952063e-02
7.187535009648331197e-02 8.042466102130731154e-02
7.191319628005221620e-02 7.215531212865511357e-02
7.195528769033635030e-02 8.065580450793413680e-02
7.197223342373720856e-02 7.494673289109120284e-02
7.222752040076339808e-02 9.144507387443005786e-02
7.223211955141296825e-02 7.228420477231535524e-02
7.244253190261080999e-02 7.349623597100057859e-02
7.280122031280714112e-02 7.345750192395279765e-02
7.286736071363832112e-02 7.560010827032870306e-02
7.354628564815698932e-02 8.824345033087019341e-02
7.396405488456804511e-02 7.414530911889503917e-02
7.403969789646015764e-02 8.118477939013812872e-02
7.414407008676883459e-02 7.443033116198463639e-02
7.425751054771476123e-02 7.567407003808662713e-02
7.431504845341142806e-02 9.401402938842307044e-02
7.433956563549212748e-02 7.883470732128211589e-02
7.438796533051542093e-02 7.608579887894578730e-02
7.456848711055814871e-02 7.964338564432373035e-02
7.472038296123645340e-02 7.889529197865220722e-02
7.473733813401177428e-02 8.148747093188334067e-02
7.535096033031295215e-02 7.591083460983841236e-02
7.553952274826222779e-02 7.717828591315256670e-02
7.591997698223397484e-02 7.592746366115252221e-02
7.619209072657306958e-02 7.857829196972097863e-02
7.646319716239190212e-02 7.714968683234667279e-02
7.659015898528202804e-02 7.706503679582857314e-02
7.682988520922647002e-02 7.793842085565062805e-02
7.685160738305026051e-02 7.711204424990809880e-02
7.685466745849038606e-02 8.637240721953820533e-02
7.698424381191956711e-02 8.272944779676029425e-02
7.734739907824583760e-02 1.001038639402247465e-01
7.754559814853412281e-02 8.366844525411323841e-02
7.789079275119992207e-02 7.907989734356088429e-02
7.804554170032856897e-02 7.811585231238772631e-02
7.806580530484145963e-02 1.101698347277790396e-01
7.847606799306079683e-02 8.585252322774233891e-02
7.848452685011013397e-02 8.803304724533748959e-02
7.865603222400890937e-02 7.890800418352603152e-02
7.867163786448717888e-02 1.125114786249922089e-01
7.874670667318055262e-02 7.880283147133494703e-02
7.881650276600651872e-02 9.416862442007661871e-02
7.898754109235876786e-02 8.309308666826063783e-02
7.905185987542909243e-02 8.061802955269858906e-02
7.916728483665083638e-02 8.028492467855007086e-02
7.921821960628362691e-02 7.925587377620361973e-02
7.959582078557177198e-02 8.433425035420195892e-02
7.961629250173044015e-02 7.962869409791849262e-02
7.987787821829134272e-02 8.193120594826962255e-02
7.994585713986980535e-02 8.112153523246239117e-02
8.001687848656646729e-02 8.010713984226654205e-02
8.018428017510870198e-02 8.136956493838395921e-02
8.044816476362680324e-02 8.247432631332947406e-02
8.061734299675048232e-02 8.609710521611693701e-02
8.076077632463596334e-02 8.076577705612887625e-02
8.095044959356360870e-02 8.095197007601249994e-02
8.121446078753913334e-02 9.105492431998994662e-02
8.129384914737175505e-02 8.619408691198940375e-02
8.133063261442040337e-02 8.140673522340802215e-02
8.134196459316482553e-02 8.929943148226301974e-02
8.162292230256260051e-02 8.277826108311338305e-02
8.163237700557308962e-02 1.221585467368514477e-01
8.192692689264320649e-02 8.488184124708236800e-02
8.193796885126980456e-02 8.195361348855748074e-02
8.211452856512628518e-02 8.865099069557584588e-02
8.219683410962674852e-02 9.280911440339248419e-02
8.243587427077232743e-02 1.017551709709028362e-01
8.247402483754159852e-02 8.248623997016946152e-02
8.281331102308303604e-02 8.317030761357853408e-02
8.316627331887775643e-02 8.691084368204601840e-02
8.351423450471756604e-02 8.627090122232780600e-02
8.353382001400587453e-02 8.449638944606378821e-02
8.355684775416975796e-02 8.916108568575803472e-02
8.363057589301821360e-02 8.387738969892279128e-02
8.369358902039501780e-02 9.294875657206283504e-02
8.378924414593734438e-02 8.379454155570650875e-02
8.389365104490160985e-02 8.633322098558544877e-02
8.399494696931193716e-02 1.340062088176631749e-01
8.401374122770516317e-02 8.853014260653301049e-02
8.442558874500068200e-02 9.042331952908010118e-02
8.449211236012540982e-02 8.450176958200363020e-02
8.468034930685042205e-02 8.788141816976791088e-02
8.503572402108273975e-02 8.907631266760342170e-02
8.504121283746507443e-02 9.343370797601598110e-02
8.527533194840827835e-02 8.677801621590992831e-02
8.580342384056384442e-02 9.648741647639087760e-02
8.582662066833807168e-02 8.812118301814526877e-02
8.613049442631892649e-02 1.124388556201869893e-01
8.619280352384699195e-02 8.748239967695903285e-02
8.631495427964347433e-02 9.240268994796055346e-02
8.635221596085577989e-02 8.863127075305964053e-02
8.652366224733093469e-02 1.352121392240693831e-01
8.654359599641914258e-02 9.546514131253662494e-02
8.655581808482323836e-02 9.308677659595790410e-02
8.673657788888276821e-02 8.937007848860942238e-02
8.684839570395466724e-02 1.159484698329703578e-01
8.687366970055797333e-02 8.841255782816968833e-02
8.702126427847370338e-02 9.405116325830503721e-02
8.708605434779659316e-02 9.227796568330562388e-02
8.708769081098620413e-02 9.972422774801788237e-02
8.720156092841287176e-02 8.740844017082985418e-02
8.734189785838639142e-02 8.789935380043092938e-02
8.749673041825684061e-02 8.771145348941446207e-02
8.757577128195705163e-02 8.841864607246850694e-02
8.788194762337962762e-02 9.145550139506943010e-02
8.790174171366069156e-02 8.811180375590127456e-02
8.793342159921628542e-02 8.793382564452882633e-02
8.803213441318234744e-02 9.182795491980397240e-02
8.843509849705624704e-02 9.799417015191488889e-02
8.853209611891341146e-02 9.199469497119441841e-02
8.854306359301553075e-02 8.883218484422675254e-02
8.861517378963110203e-02 8.869659973768403982e-02
8.896470492683468401e-02 1.027171585057763681e-01
8.916916627739038259e-02 9.117119306473163431e-02
8.950180266680798913e-02 8.950385184877332478e-02
8.996242062632622827e-02 9.067654210159381556e-02
9.013050785342931193e-02 1.116214532467400544e-01
9.040715777375980811e-02 9.204313321961594963e-02
9.057626823589136345e-02 9.106500297794452303e-02
9.086247405772707175e-02 1.062254530073021286e-01
9.092143273733341302e-02 9.160140833434467222e-02
9.094183708374128927e-02 1.583475531701331318e-01
9.103484778583159631e-02 1.026678102996210207e-01
9.104195911023731103e-02 9.113141596836216163e-02
9.169984116228219184e-02 1.037828930856285053e-01
9.187582667123106450e-02 1.250517143447675283e-01
9.202096653119390401e-02 9.401094773249937808e-02
9.206269063545156894e-02 9.206785736921926921e-02
9.243986384338623297e-02 9.661159402587705947e-02
9.245204938467697919e-02 1.012093809852195742e-01
9.251353393472987185e-02 1.433828036948334161e-01
9.264290276695706650e-02 9.267865022312958556e-02
9.280465939162069189e-02 9.442023979271196854e-02
9.280777374478443864e-02 9.990893287858859662e-02
9.281929450969758633e-02 1.528035184976339333e-01
9.283480741227563560e-02 1.104126204597007527e-01
9.286698170707453903e-02 9.328869706924888816e-02
9.299435620279333792e-02 9.579931563308637099e-02
9.308279515242563751e-02 9.713371432336702360e-02
9.323578227382003925e-02 9.326222397960576282e-02
9.327040690285075264e-02 9.372973243301366275e-02
9.335850597727507472e-02 9.368960642554546858e-02
9.374549188875183625e-02 1.205914761586531214e-01
9.395149089696668010e-02 9.445801973927733797e-02
9.398027206276229895e-02 9.742316938756540035e-02
9.411701859887371124e-02 9.418167009735169126e-02
9.430635836664814919e-02 9.455836081334621779e-02
9.436084841508876608e-02 9.930703183336588025e-02
9.440948138704782777e-02 9.460429260000562113e-02
9.452865816287656098e-02 1.391511750817704396e-01
9.456667181421728186e-02 9.601827162075346478e-02
9.471317577065260784e-02 9.634922627301631404e-02
9.479898590838560513e-02 1.009539413125461471e-01
9.510489282069167771e-02 1.143850974161623457e-01
9.516891715350821179e-02 2.153575093647543126e-01
9.522900946469040062e-02 9.572865077654367505e-02
9.569172899879699323e-02 1.191104644008124935e-01
9.572997335140824571e-02 1.015252154233863557e-01
9.599601703588653279e-02 9.672186476693374335e-02
9.599984411335366064e-02 1.441330916324177203e-01
9.608616173416620332e-02 9.762504309236050282e-02
9.614869398533872069e-02 1.001752650982311588e-01
9.658072819324066416e-02 1.035959795462079724e-01
9.661862518279824841e-02 1.024747377431663720e-01
9.698110748745679410e-02 9.885728226456669265e-02
9.728644179285325655e-02 9.729105826836074999e-02
9.754816973353833132e-02 1.493513607336152960e-01
9.759771363118087406e-02 9.848646891188649055e-02
9.764664370911156632e-02 9.764671928512312638e-02
9.765223988403558264e-02 9.787117801081722523e-02
9.767960344533757611e-02 1.049965902327684580e-01
9.773277062865798337e-02 1.111245706574226083e-01
9.785163972390688303e-02 9.855332534735561367e-02
9.786840548389989791e-02 1.006760195528752372e-01
9.799620724627233770e-02 1.075248523519017202e-01
9.802938894199833553e-02 1.450371329936263054e-01
9.888360193193403147e-02 1.019546235735836748e-01
9.895422421108440725e-02 1.195785812965016182e-01
9.905050409850023330e-02 9.974187011808291481e-02
9.957399613692786977e-02 1.128640658095896726e-01
9.969271445052423075e-02 1.004927698392393681e-01
9.983390899544836161e-02 1.025181550060437485e-01
9.990430207442205224e-02 1.002792453103800302e-01
9.999390234728378068e-02 1.002660331240671221e-01
1.000197123428233359e-01 1.086672224933109415e-01
1.004121933219615515e-01 1.143018006535425346e-01
1.005000887293473477e-01 1.024827299060932229e-01
1.005763322321153314e-01 1.071055341023811613e-01
1.008125703193122058e-01 1.008847407033968274e-01
1.008284381171530714e-01 1.037566962303832219e-01
1.008398168036606507e-01 1.030331598741027060e-01
1.009410511655668419e-01 1.175937003590957625e-01
1.009681850763991806e-01 1.011065355897325102e-01
1.009805981229487531e-01 1.138380057947153967e-01
1.011415032184099089e-01 1.060385015485783150e-01
1.013890320544247048e-01 1.397676581910314575e-01
1.017449747796881909e-01 1.026640556364434576e-01
1.018663294887410808e-01 1.020410234553998235e-01
1.018816506598194810e-01 1.039544169361391185e-01
1.019084461568950523e-01 1.469931477633457939e-01
1.020577352665165416e-01 1.032840612457589097e-01
1.020638297694631685e-01 1.729121014071550444e-01
1.021547463519407589e-01 1.040054501628675104e-01
1.021609642085980207e-01 1.028047891419480997e-01
1.021897133012297926e-01 1.114506034003246854e-01
1.022372365103923764e-01 1.041068919384305624e-01
1.024625761118550110e-01 1.024668623626940750e-01
1.025117142433775302e-01 1.035005458416249496e-01
1.027016968590576951e-01 1.043093491276242263e-01
1.028599999058374820e-01 1.071465000992514599e-01
1.028687691360793272e-01 1.082915660698102189e-01
1.030184194054339364e-01 1.631282584744973008e-01
1.030618521506972696e-01 1.118778603549191453e-01
1.031742700059645468e-01 1.057024704890577177e-01
1.031829567769134981e-01 1.056018285287015912e-01
1.032936652336080424e-01 1.036316443684570654e-01
1.033589199330457037e-01 1.202489571536074636e-01
1.037241733475499778e-01 1.474726142006294871e-01
1.037353609237375157e-01 1.401253498451503765e-01
1.037760824704296037e-01 1.135780291072709947e-01
1.039389579492615012e-01 1.058395600967968059e-01
1.039671252350521796e-01 1.052112396218330415e-01
1.040448646477391687e-01 1.098373580337340533e-01
1.041126727632849663e-01 1.243409834178753059e-01
1.042376016634244951e-01 1.058315014499975198e-01
1.043391171805415074e-01 1.067211539996230640e-01
1.047862019912262493e-01 1.833669239582572386e-01
1.049721274776154595e-01 1.056398048937358253e-01
1.050592185939859813e-01 1.250381476779100776e-01
1.050629551149704910e-01 1.051768037100620917e-01
1.050743218719246003e-01 1.050998465576220425e-01
1.051918534433761571e-01 1.057390539739402335e-01
1.053100615032214610e-01 1.219132603571231321e-01
1.054482690045075444e-01 1.067504686975294659e-01
1.055399594966096588e-01 1.080440590005879026e-01
1.057892610085307827e-01 1.099044904329820882e-01
1.061641874712543204e-01 1.185313683208370633e-01
1.062087921160693033e-01 1.204033237811278217e-01
1.064496073500246914e-01 1.064511458021339257e-01
1.065059343731889346e-01 1.065529643689524797e-01
1.067329085158228719e-01 1.083633115854712864e-01
1.069066793454293701e-01 1.371637587232375222e-01
1.069478038298216360e-01 1.145351226453979049e-01
1.071860265049952438e-01 1.184521200934434693e-01
1.071860893392919539e-01 1.074229120947179511e-01
1.072477747494657574e-01 1.072771692622807305e-01
1.072523464604361598e-01 1.122765999071441145e-01
1.073082029410800525e-01 1.778702815979300023e-01
1.073584454057442406e-01 1.078606453620139100e-01
1.073738328673053966e-01 1.082894155215677057e-01
1.074478488931276815e-01 1.212356743914449753e-01
1.075355371537773108e-01 1.076291529495487648e-01
1.078035817485101244e-01 1.145372657726497906e-01
1.079382205309921405e-01 1.115757503849890836e-01
1.079522483025852353e-01 1.081417203203253741e-01
1.080655304528716637e-01 1.094526172456831425e-01
1.081160888039281870e-01 1.851137762041495938e-01
1.082296519728358775e-01 1.082299369511902642e-01
1.084823472558957280e-01 1.319730941600074925e-01
1.085445454221952433e-01 1.830078107367615892e-01
1.086048724718494535e-01 1.133057334352778611e-01
1.086598155069263133e-01 1.124334436571253065e-01
1.087163647127976501e-01 1.126378759769359056e-01
1.088033486784918263e-01 1.150839246415951145e-01
1.090085484584608910e-01 1.101900642104463868e-01
1.092784032244079606e-01 1.140357000303620083e-01
1.092868767944027708e-01 1.337501477797376770e-01
1.093271246240416356e-01 1.093916068196846419e-01
1.095080479300500342e-01 1.191037347294580245e-01
1.095668640260512722e-01 1.118188715944681000e-01
1.098700390054951070e-01 1.120471285518080534e-01
1.101842563522388574e-01 2.088762552068859357e-01
1.102523993141240610e-01 1.165709242127088985e-01
1.104631414039580900e-01 1.260841163338241866e-01
1.104826531645508314e-01 1.821343382986243820e-01
1.107273944900623863e-01 1.139565697831033536e-01
1.109067264629487182e-01 1.200401190527229794e-01
1.113839558546884934e-01 1.115571990306297029e-01
1.115116429976959894e-01 1.124818495691721071e-01
1.116296213983203750e-01 1.647181721132474908e-01
1.116877846975073557e-01 1.198732670583267657e-01
1.119573155462401104e-01 1.119718718550789249e-01
1.120111235860691140e-01 1.675679150065366718e-01
1.122350511170050885e-01 1.655940085374147386e-01
1.123355442323641928e-01 1.240532565673713866e-01
1.124919424642894378e-01 1.962884499954343498e-01
1.126791374585461442e-01 1.127421912462544529e-01
1.127904147299729209e-01 1.135314106444025584e-01
1.128589505315864966e-01 1.128827845745499076e-01
1.129906567791027772e-01 1.179030238641238654e-01
1.130648214756988790e-01 1.164129918953900750e-01
1.135723188044249626e-01 1.135725283198866786e-01
1.138525528996418290e-01 1.251450558903643984e-01
1.138761989399698915e-01 1.138780142117599287e-01
1.140591303660711819e-01 1.350880837346348506e-01
1.141410827634943698e-01 1.242295553393017726e-01
1.144690885081357107e-01 1.413339659855132879e-01
1.145340567374595608e-01 1.145787539381066256e-01
1.145355831074113401e-01 1.171954789292262156e-01
1.148050430550790618e-01 1.186342063318855805e-01
1.148564116584068623e-01 1.256594320134943876e-01
1.149448341020295056e-01 1.150893836610809573e-01
1.151338473944472640e-01 1.561808360640367099e-01
1.151624588276174976e-01 1.215574737452438936e-01
1.153512265858302743e-01 2.136969838206867200e-01
1.153739823241896612e-01 1.229341767716644329e-01
1.156529577411309767e-01 1.334802871840557459e-01
1.160172465657895030e-01 1.381482952712084489e-01
1.161471115061522702e-01 1.165190144991467419e-01
1.161642259431615587e-01 1.199504849776051596e-01
1.162257782342736162e-01 2.203047566150458658e-01
1.163710637134028475e-01 1.294565325665868183e-01
1.163871760036337827e-01 1.164184424150049302e-01
1.172216538955743875e-01 1.178389294970222240e-01
1.173288401053517588e-01 1.751533830472293274e-01
1.173869102556813343e-01 1.245197221821758016e-01
1.173916342013965886e-01 1.230880299487253915e-01
1.175201017286405802e-01 1.532647925866502114e-01
1.175449803009112754e-01 1.236508189301058214e-01
1.176172188036422456e-01 1.213051795769425345e-01
1.177438741470931277e-01 1.795630260540544698e-01
1.177517140191435968e-01 1.181139735654210821e-01
1.177787573957962547e-01 1.231705266592078990e-01
1.184744321729305910e-01 1.192034553300499455e-01
1.186070206477606859e-01 1.213605438928883895e-01
1.188023539128489903e-01 1.408519873598184369e-01
1.188388870537607361e-01 1.640968438484400604e-01
1.189511521533158783e-01 1.854499463354906119e-01
1.192397346045488554e-01 1.192404303912702052e-01
1.194319385335994993e-01 1.194480668200342127e-01
1.198049892631077862e-01 1.198146671014799908e-01
1.198905249981060128e-01 1.205820986087005053e-01
1.199592129441130889e-01 1.199620397403101391e-01
1.203051927149882683e-01 1.573352851520097850e-01
1.206746245815477486e-01 1.206756005323190439e-01
1.207702506951841698e-01 1.272414252852236694e-01
1.208392163253884100e-01 1.318770718904585804e-01
1.208873660472715300e-01 1.278364715690998576e-01
1.210088657564657028e-01 1.211180513897115868e-01
1.210994140793859725e-01 1.211209983468534007e-01
1.220977592132594380e-01 1.297940110995317864e-01
1.221703222434621372e-01 1.232536985456696155e-01
1.222540407291911602e-01 1.228468857283510351e-01
1.225899267190122821e-01 1.227500141810612261e-01
1.226015110053330359e-01 1.590868129140732556e-01
1.229373713014198649e-01 1.524530137009889597e-01
1.233894814335608769e-01 1.322509398560912375e-01
1.237423377285523790e-01 1.521426710726432041e-01
1.237496409191948532e-01 1.434174774560233734e-01
1.240764663053193911e-01 1.506230716312352003e-01
1.241913693812970731e-01 1.264254215265739889e-01
1.243074764014356348e-01 1.251991028685391083e-01
1.244414890637503684e-01 1.372986103357032028e-01
1.247253837898241041e-01 1.288143840187857825e-01
1.247870392610270079e-01 1.255180357240344158e-01
1.249504036087926290e-01 1.321697876842153341e-01
1.249810814527890501e-01 1.336836066387803723e-01
1.250244397452607292e-01 1.291606478087345966e-01
1.255513929271317441e-01 1.258753093848196114e-01
1.255545775141586329e-01 1.332693360864964649e-01
1.257466225455293185e-01 1.274134241789087740e-01
1.260814629009237575e-01 1.393556032822396429e-01
1.261711971020906542e-01 1.387335110953365758e-01
1.263342917043666358e-01 1.265568574294683724e-01
1.263406861371230427e-01 1.307773750437435656e-01
1.265350685649015705e-01 1.287034195320431729e-01
1.265714940846036640e-01 1.484442369947743257e-01
1.268859500093920956e-01 1.271810361401025935e-01
1.271296283866178156e-01 1.279373113314122012e-01
1.271963451254400357e-01 1.316034294996753784e-01
1.272330862748665969e-01 1.737412764779689700e-01
1.274674227438342966e-01 1.289577599815327213e-01
1.274883208059848227e-01 1.334804144631158429e-01
1.276868070061396576e-01 1.460924906825783465e-01
1.278348184855354341e-01 1.810534456953203641e-01
1.282469812017383581e-01 1.282485933696356772e-01
1.282861194338837385e-01 1.440492033792486748e-01
1.283057464992190533e-01 1.283125633816079025e-01
1.287021031688100614e-01 1.350589599019691167e-01
1.287811539067228728e-01 1.290353446344509880e-01
1.294442126969381213e-01 1.294831412934171755e-01
1.294914738855611203e-01 1.480935696780702193e-01
1.302822276700664472e-01 1.304276111654248671e-01
1.304868171246389985e-01 1.305801699746227673e-01
1.307271474312864945e-01 1.363309517152028194e-01
1.312246109533037053e-01 1.315226174162747175e-01
1.314305094883612968e-01 1.314368329223477572e-01
1.314701730982818229e-01 2.117693691602314243e-01
1.314895097736021867e-01 1.320631248480427788e-01
1.317940393273974997e-01 1.655129566591916623e-01
1.319545376255036040e-01 1.331664832723296610e-01
1.328677112694170437e-01 1.760611887720486823e-01
1.330115079198568306e-01 1.358036114946660489e-01
1.335599098102920324e-01 1.350012687046944215e-01
1.336080665570999193e-01 1.359192172502788620e-01
1.336605217667840295e-01 1.665171992598391548e-01
1.337421626825250343e-01 1.359414065956664197e-01
1.341012959208578992e-01 2.016429021023498080e-01
1.343824558416385206e-01 1.344449924876923996e-01
1.345139638136419735e-01 1.346234793447620703e-01
1.345432897660843730e-01 1.382119218262819194e-01
1.345498526077550105e-01 1.770804743736247300e-01
1.346606006022367519e-01 1.371726804495292940e-01
1.352151713019558443e-01 1.390724829921532457e-01
1.353147764287921939e-01 1.688865380026656760e-01
1.356875858244529498e-01 2.420301635248647276e-01
1.357278281222415450e-01 1.391167616391608686e-01
1.358075443943635163e-01 1.372790473756604068e-01
1.360653823729760792e-01 1.362115545493868540e-01
1.361273292526185008e-01 1.361403393739046286e-01
1.363046874967668576e-01 1.502327376264666892e-01
1.363319501466201955e-01 1.535851375090274418e-01
1.363359219922539167e-01 1.823971931145877412e-01
1.363943775200819331e-01 1.373412143987695344e-01
1.364179902102057307e-01 1.415695037586421345e-01
1.365097615823054611e-01 1.383532003346695238e-01
1.367454685723696051e-01 1.374826083604866744e-01
1.370645785505267833e-01 1.464038602314095272e-01
1.370695625825069652e-01 1.371147810557555302e-01
1.372363490987607848e-01 1.503213378265078615e-01
1.372520486326794242e-01 1.473038511779861115e-01
1.373182322157990298e-01 1.378723486623588956e-01
1.374499297641833540e-01 1.378486602586929954e-01
1.377171631462806578e-01 1.760663945054982693e-01
1.377440255588119611e-01 1.377510887884509094e-01
1.377740844406822873e-01 2.087529711419629508e-01
1.377962350201446251e-01 1.392385470581432583e-01
1.379884035833316147e-01 1.628347053439147263e-01
1.390044039879931304e-01 1.409450027209951384e-01
1.390590591946676557e-01 1.398694032436568480e-01
1.398014154120242047e-01 1.776183196148725940e-01
1.398199991319617197e-01 1.472587990325611440e-01
1.398949788078177603e-01 1.400007987501396822e-01
1.402396492096002478e-01 1.584138479370155728e-01
1.408138145861202173e-01 1.412317174559784838e-01
1.412031557536873316e-01 1.418205587347239338e-01
1.412162658431768414e-01 1.417896051969827209e-01
1.414142091522589684e-01 1.430003025133957384e-01
1.415553346253260181e-01 1.416286669670543674e-01
1.415747013036902091e-01 1.433047831504421776e-01
1.420332773790684844e-01 1.613796306037657280e-01
1.422770993213192670e-01 1.422849448124806071e-01
1.425209788742201056e-01 1.425970619781249393e-01
1.427541745887108693e-01 1.518138199030143187e-01
1.427632415478742312e-01 1.453292578389909218e-01
1.428688339492464598e-01 1.466699868162254505e-01
1.429292677593782535e-01 1.501964958875852962e-01
1.433541452698049445e-01 1.433966520817103740e-01
1.434804812750222480e-01 1.439233477136729611e-01
1.449529562823811679e-01 1.449529768564251364e-01
1.451749116902510128e-01 1.452508629102642612e-01
1.453751616644245737e-01 1.526474086006795183e-01
1.454211316603066517e-01 1.604555851245994258e-01
1.456977756519093337e-01 1.570525712969845777e-01
1.458169378506458391e-01 1.489437494772682669e-01
1.459484011563521311e-01 1.461696881951731475e-01
1.467186055900291664e-01 1.471986616647432689e-01
1.468374224912293302e-01 1.469793817322204987e-01
1.469486459787422705e-01 1.470029439926674730e-01
1.472592219020080473e-01 1.475474090165253827e-01
1.482012761283152402e-01 1.669500922532459186e-01
1.483521186238039025e-01 1.697722729192358282e-01
1.485012676903548490e-01 1.643674928197392526e-01
1.485259443219774378e-01 1.499348598640700414e-01
1.492454310328737155e-01 2.003196148183168379e-01
1.493004615730439966e-01 1.498201917685266504e-01
1.499643888071788000e-01 1.501200609806174480e-01
1.501095286641277449e-01 1.624399273912423003e-01
1.501619984863638568e-01 1.993833854664741057e-01
1.510390142395057755e-01 1.538375071509095748e-01
1.511476250493289097e-01 1.512587639003397932e-01
1.515633940802080526e-01 1.541853369602965151e-01
1.517114349081354063e-01 1.517370973401579171e-01
1.517493760609920639e-01 1.526967038851799463e-01
1.525202455141025648e-01 1.688000032132346007e-01
1.525343890428345617e-01 1.883197058033214966e-01
1.530880617398287791e-01 1.531087170113355211e-01
1.534622297349382825e-01 1.546048064191428706e-01
1.535703155393098041e-01 1.942948044829757859e-01
1.537402088261371480e-01 1.590435532258676343e-01
1.538858957151881812e-01 1.632647060628363844e-01
1.539541249816588075e-01 1.882516155692114668e-01
1.541327007209168654e-01 1.541555509864290796e-01
1.542492611221669141e-01 1.556312504230435989e-01
1.546899248977685604e-01 1.572373675516624547e-01
1.547995716120989240e-01 1.632932145851645478e-01
1.555470009366670958e-01 1.560470244355373071e-01
1.559361201678380326e-01 1.599524331778469088e-01
1.561594342840307015e-01 1.569123879359991813e-01
1.567536614114097560e-01 1.614813067018100456e-01
1.572712015921858830e-01 1.576108273095403467e-01
1.572726117170408777e-01 1.637385640885129778e-01
1.582996981946284409e-01 1.640883343082412127e-01
1.583609419656982209e-01 1.628811652333606586e-01
1.584964022876085288e-01 1.587807820313678897e-01
1.594095553839243173e-01 1.620092992622322869e-01
1.595634496944773328e-01 1.612645417173757811e-01
1.596520539827431251e-01 1.597127120841303205e-01
1.597710203464042800e-01 1.600343365893402425e-01
1.607476382324082020e-01 1.616866608317159282e-01
1.614993570370732989e-01 1.632705716419561026e-01
1.631799933249165058e-01 1.638709418755077973e-01
1.634826968819549364e-01 1.645992533228107790e-01
1.637777546712557986e-01 1.685054053651762196e-01
1.639101463541961234e-01 1.691442697662529082e-01
1.650094386733698959e-01 1.652222612598100993e-01
1.656826674940042599e-01 1.661561964917263323e-01
1.659717841842774100e-01 1.901097501369582443e-01
1.659857395205388830e-01 1.664347482327551420e-01
1.666622991892433570e-01 1.684255234908526577e-01
1.669809863263903293e-01 1.676574869221283681e-01
1.678769462353870145e-01 1.727614014988654578e-01
1.695769216601698270e-01 1.697675905548061137e-01
1.700328956879267606e-01 1.734069408720152750e-01
1.700745041751899334e-01 1.736126234292550696e-01
1.700978141825598700e-01 1.801224678451055494e-01
1.704528961341614801e-01 1.705190591950982992e-01
1.706854563143166137e-01 1.736734189361539837e-01
1.710086407844004786e-01 1.713057496862377960e-01
1.722856515379113385e-01 1.736441997395145875e-01
1.745657385568768205e-01 1.759892811636272203e-01
1.748517497859882752e-01 1.752966581548277281e-01
1.761491658955884054e-01 1.775902016312195242e-01
1.773594364049998207e-01 1.886399563242791289e-01
1.777617145933195197e-01 1.847391747974155563e-01
1.777961415054241934e-01 1.871923396605866263e-01
1.791823800591130500e-01 1.797491413241457670e-01
1.803705225560428560e-01 1.805810787879176815e-01
1.804004099081084334e-01 1.835078546609193173e-01
1.809874557006917184e-01 1.826338557455045863e-01
1.813359443793836900e-01 1.848307060723984596e-01
1.822135646015950461e-01 1.823822063124996840e-01
1.822746551335510390e-01 1.822931251252457308e-01
1.824045370164953384e-01 1.824332031347683514e-01
1.825834747275393022e-01 2.020117938892939946e-01
1.829061266008513154e-01 1.879354658082666996e-01
1.831146114985416351e-01 1.839335353474445545e-01
1.855756471558493437e-01 1.855817599070935242e-01
1.901338581543121908e-01 1.901605185294031886e-01
1.908004667356299477e-01 1.961926214022655934e-01
1.937317867760608436e-01 2.007663938074210619e-01
1.956497362112743221e-01 1.956498283426953422e-01
1.962666136911589421e-01 1.962679741681437051e-01
2.016758516872182161e-01 2.093214191136567870e-01
2.017594271853406507e-01 2.181618968024522376e-01
2.037656901219914996e-01 2.124215813127759700e-01
2.045570768689891628e-01 2.049861301712742612e-01
2.062120319115093026e-01 2.070381925080435059e-01
2.095630960750242411e-01 2.096033122567695361e-01
2.120737239061509793e-01 2.123851102764707788e-01
2.193206048084291870e-01 2.194927871091444105e-01
