2.973883803621886479e-02 3.056263145418919649e-02
3.306540715793730018e-02 3.519175080074639361e-02
3.388165856025866784e-02 3.762838298013715388e-02
3.893252217544104776e-02 3.976606693586336866e-02
3.977347743508730105e-02 4.082271951205815319e-02
4.176728874754757209e-02 4.245500164687247141e-02
4.417476412353618653e-02 4.488345641632874444e-02
4.778108531550632337e-02 4.779989071390070010e-02
4.875363381867744289e-02 5.004908572698906627e-02
4.912903801493026523e-02 5.068853063264054659e-02
4.964372341796313010e-02 5.519096690215954948e-02
4.979744579938776700e-02 5.013751683633051875e-02
5.070324996140482959e-02 5.338326525783075593e-02
5.114672440108503082e-02 5.151755759997771189e-02
5.157145909255266003e-02 5.186601677813116457e-02
5.250020799036839159e-02 5.336888134278237883e-02
5.310894433492940880e-02 5.470696749756798205e-02
5.331333580662949573e-02 5.898475056585642667e-02
5.388785138808324660e-02 5.512307763739051486e-02
5.437281830676888444e-02 5.684202622221509738e-02
5.448209460578599256e-02 5.586448798306706265e-02
5.509835958248935489e-02 5.600651410365129618e-02
5.533920659497381517e-02 5.538515433360161055e-02
5.566260612668726820e-02 5.592234747354623420e-02
5.574805140977454748e-02 5.928877327793774521e-02
5.583175540267509146e-02 5.962118121376100421e-02
5.638115562999508612e-02 6.518201525019609588e-02
5.719652770306316025e-02 6.231015041365596530e-02
5.737239642014156649e-02 5.834472610389303260e-02
5.893075487940065832e-02 6.102551902254313432e-02
5.938237271218543140e-02 6.306893698840346230e-02
5.939460686002377005e-02 6.285916438052557842e-02
5.994190410393974294e-02 6.579510146212172450e-02
6.015683072124754921e-02 6.435306599413662121e-02
6.020878559164468541e-02 6.240221495119024214e-02
6.095701923252322407e-02 6.231760652309237258e-02
6.124497026504411440e-02 6.147925247424838174e-02
6.265225077929843789e-02 6.629095698038184326e-02
6.268501704448756207e-02 6.276633345059121072e-02
6.272908484609945878e-02 7.538356003547094786e-02
6.282462666692070763e-02 6.426559849686221126e-02
6.288200888333592142e-02 6.611282906583038077e-02
6.349876788889595447e-02 6.694759166515769355e-02
6.354567615027689742e-02 6.389164909419338401e-02
6.380619359724924722e-02 7.340813330846951423e-02
6.395394798053619101e-02 6.614160597372630013e-02
6.439169670083044750e-02 6.439618335676969285e-02
6.533333226145802974e-02 7.096160611530141771e-02
6.552520070720850576e-02 6.687247135282921306e-02
6.556120239599987076e-02 6.753000139842517402e-02
6.572294367329448161e-02 7.021037595211770954e-02
6.635873038948060521e-02 6.799144851390714894e-02
6.657470851545876922e-02 6.850409701470412671e-02
6.666057139085125594e-02 6.669430426336285522e-02
6.682461634947622908e-02 6.688254581471185511e-02
6.693538340661031594e-02 6.777670203893162992e-02
6.695066515065641044e-02 6.806793358075181877e-02
6.709873558379536584e-02 7.071192879467950998e-02
6.802828719059968166e-02 6.897427236451750265e-02
6.848150658570238691e-02 7.088003909627564603e-02
6.866122020618088684e-02 6.879039953083171399e-02
6.872593470638423130e-02 7.115837922971945950e-02
6.887011719744778881e-02 7.588203652689266832e-02
6.900194702446779682e-02 6.984967013081866405e-02
6.917065770544625347e-02 7.093699833753351613e-02
6.946539115245015106e-02 7.086901550126180338e-02
6.980260067673466073e-02 7.204295692402831741e-02
6.986005818423259017e-02 7.396153152463458280e-02
6.986939960450576359e-02 7.177062066021361320e-02
7.000205314479332475e-02 7.609920115907578553e-02
7.035128112769872821e-02 7.233940901523515377e-02
7.039177456820829015e-02 7.164765522464486280e-02
7.106852077046034444e-02 7.416804761709502869e-02
7.150905685100340803e-02 7.193492392361645893e-02
7.151714740975963214e-02 7.297109820546666958e-02
7.155024653875256824e-02 7.598179038520541662e-02
7.168009972905879656e-02 7.296458449144101188e-02
7.222210591327171691e-02 7.726614371391134217e-02
7.236497572820022040e-02 7.681207682969350137e-02
7.246671264466100770e-02 8.327625457473768200e-02
7.255612667152434858e-02 7.495138568575564209e-02
7.262224487933732764e-02 9.122674570680944228e-02
7.278228593030948435e-02 7.356612555336863868e-02
7.315731407285984422e-02 8.635488713567578134e-02
7.325060947885651819e-02 7.594678500362492257e-02
7.336443510481970021e-02 8.278864053832751813e-02
7.357149275358237928e-02 8.014846297967199995e-02
7.366522286658017116e-02 7.368144528736890464e-02
7.380604578531217708e-02 7.735938374343728774e-02
7.434203504172288979e-02 7.534839061089942946e-02
7.464872400665817365e-02 7.695353863243663273e-02
7.482663528533767261e-02 7.499164037333634625e-02
7.494308844751550180e-02 8.095104442480870188e-02
7.511385715344584546e-02 7.532776790954084922e-02
7.523818568996472333e-02 7.848399888612757336e-02
7.547023238586900162e-02 7.738896913721088344e-02
7.609085213502236877e-02 7.619985994675114449e-02
7.617442707853072648e-02 7.628530338503808350e-02
7.625880715303497148e-02 8.455844327890013612e-02
7.630857179664933543e-02 7.741792080689519073e-02
7.632589251795944552e-02 7.845985826812189312e-02
7.639011918663202172e-02 7.642791297195226929e-02
7.680263992936250950e-02 8.075203033137173803e-02
7.685165635715812682e-02 7.947658432600607226e-02
7.692233999764032382e-02 7.832337495022761997e-02
7.738276529111060009e-02 9.162735455070875057e-02
7.740894063578813988e-02 7.742130693632094662e-02
7.751335651385325709e-02 7.759967676932170988e-02
7.752841106964392104e-02 7.908912311969609754e-02
7.756696059515154340e-02 7.954190605765994182e-02
7.773563484041902394e-02 8.021154764625806899e-02
7.806054071972597097e-02 8.220203886814096694e-02
7.827705136029518285e-02 8.497801210820506157e-02
7.847928717930637010e-02 7.938414388503234331e-02
7.866563486798508475e-02 8.132025899219227916e-02
7.879729593437581614e-02 7.904459608651870361e-02
7.887962076848380188e-02 8.000934976571262569e-02
7.900570967833531189e-02 9.399899723082370817e-02
7.909040061644383168e-02 8.003807990940593753e-02
7.959408435487642930e-02 8.239999257926142184e-02
7.984153780313678339e-02 8.035500733249086036e-02
7.993301141364970996e-02 8.000695764976578639e-02
8.003776046618171769e-02 1.051681287416986188e-01
8.017574890984456581e-02 8.218271938805736532e-02
8.018871118557004130e-02 8.034814733203736459e-02
8.073613852975128347e-02 8.210739412574639962e-02
8.074132534334689526e-02 8.293668354362114525e-02
8.106430630321244390e-02 8.207852900579602762e-02
8.109467010416704369e-02 8.111942624350576558e-02
8.192391878787499970e-02 8.385830010708826554e-02
8.201811248475565641e-02 8.316359472518174145e-02
8.233735216125942502e-02 8.338641206728256150e-02
8.241771701360726954e-02 8.241930691372961748e-02
8.264337594354592698e-02 8.279369870128816533e-02
8.268974958660613161e-02 8.529946324410685177e-02
8.404441688931327259e-02 1.262861392059007881e-01
8.431923472225091865e-02 9.661213278743989441e-02
8.439238805533189058e-02 8.813507731966993552e-02
8.455764603140163149e-02 8.521060249563068567e-02
8.458923350878481962e-02 9.686675182576209853e-02
8.490602452012989410e-02 8.836509140497639248e-02
8.496385851793573918e-02 8.544760977150724079e-02
8.506367041977444532e-02 8.507444127738801598e-02
8.513128962341236228e-02 1.055841903164924239e-01
8.521503296966853602e-02 8.681054693162380820e-02
8.521672834481552883e-02 8.528175288996192593e-02
8.522653577359258492e-02 8.588630461335321209e-02
8.537073296407721168e-02 9.421147589563488856e-02
8.550174183781514281e-02 8.782590380919695627e-02
8.553979891697184590e-02 8.655811948931342592e-02
8.589656881394588939e-02 9.157203009892346535e-02
8.610539211944416571e-02 8.654238357198186515e-02
8.623210657895835629e-02 9.052558140124578046e-02
8.623907080431951477e-02 8.712650039392480505e-02
8.636499058404105422e-02 9.014673029072409194e-02
8.640482971933732825e-02 8.640544345187564645e-02
8.663793005898230704e-02 9.398952673205122899e-02
8.664467949535963054e-02 1.059083859744972128e-01
8.668356116360469155e-02 1.062891414242216753e-01
8.669840360713590433e-02 8.691509857461418576e-02
8.676780549280482813e-02 9.812224307968855919e-02
8.677790075708231854e-02 9.275203468572618126e-02
8.726468533648265580e-02 8.841279453895711793e-02
8.768994593320365849e-02 1.007365046662279107e-01
8.814386655620562450e-02 9.701577713379545831e-02
8.814476978965767040e-02 9.269782508100181395e-02
8.838665064009595951e-02 8.953566393794833156e-02
8.874516749645597335e-02 9.116932153413691287e-02
8.890057547351358502e-02 9.432016884733332440e-02
8.929435626606460619e-02 8.935723203606145415e-02
8.936788296321747371e-02 9.076356135558125149e-02
8.938926033613485422e-02 1.122006928162281730e-01
9.006546006304715080e-02 9.497223728933983089e-02
9.018437560922215601e-02 1.033182433095280323e-01
9.025396696039865441e-02 9.866282439774742841e-02
9.030872937250929156e-02 1.118651612638460469e-01
9.034930629108516020e-02 1.049533728798078824e-01
9.048026521877687578e-02 1.006649288702206324e-01
9.086825029829856404e-02 9.742132619360312218e-02
9.113462177569121858e-02 9.159998063445096150e-02
9.140970304318304929e-02 9.771358504715310644e-02
9.150775543563002823e-02 9.154689833848221603e-02
9.154743415030698606e-02 9.522206018283631279e-02
9.166020855743484130e-02 9.229619712888040284e-02
9.167982486479536730e-02 9.276417622558180698e-02
9.169411015226647255e-02 9.360394667443668049e-02
9.175410992682801747e-02 9.182327145473087593e-02
9.200065289296008308e-02 1.209928201229110850e-01
9.209081219877179869e-02 9.512332482518967569e-02
9.220617407383488451e-02 9.689206818427177625e-02
9.226960400351444380e-02 9.382093569455686455e-02
9.257763524850763648e-02 1.094526578481915952e-01
9.258950930449899586e-02 1.034794724030010937e-01
9.261595066915996599e-02 9.820455479736044102e-02
9.269417971071793050e-02 9.307877825868828003e-02
9.292344642300524871e-02 1.125953693685716600e-01
9.308893040052619583e-02 9.350458816448560528e-02
9.312466987665464491e-02 1.014833405866665123e-01
9.341963786162388317e-02 9.629766675957342204e-02
9.342865968761482343e-02 9.393647779080076254e-02
9.343421876260979420e-02 9.502568879920307576e-02
9.343627970076777423e-02 1.013555629658141055e-01
9.361824068896808237e-02 9.361857872067848307e-02
9.380925817796864630e-02 1.578234061194191684e-01
9.397205772784740507e-02 1.035748515617310322e-01
9.403796811108315612e-02 9.801800674595613494e-02
9.424746330173883191e-02 9.706369376392112724e-02
9.441109147956031067e-02 9.869032002226642286e-02
9.451005043722246479e-02 9.469318275888546910e-02
9.453772902859876315e-02 1.017286533475803278e-01
9.455979273514705796e-02 9.455997005137499467e-02
9.469230845843909505e-02 1.041444554401011469e-01
9.472052803298153245e-02 1.057000869696310824e-01
9.516545956362881808e-02 1.239700315883262294e-01
9.542445413288459799e-02 9.694736217557592406e-02
9.546472582411516528e-02 9.810711865467887371e-02
9.555722844352318446e-02 1.053927806621601793e-01
9.557526414165304351e-02 1.014629626391189282e-01
9.558192127051848286e-02 9.829860271123118387e-02
9.589186983237230066e-02 9.649808475647106421e-02
9.596599908613537289e-02 1.540823395190231149e-01
9.602242491947284020e-02 9.796034120284674573e-02
9.603517555793258942e-02 1.024045837601763459e-01
9.613175632966233786e-02 1.030584468952510241e-01
9.619958024522691498e-02 9.983755514466220726e-02
9.647499267697254299e-02 9.784222280349873235e-02
9.648594350248970719e-02 9.657838266567821128e-02
9.663338023654695352e-02 1.050592023838832351e-01
9.669823462436975825e-02 1.013610551192850873e-01
9.676263287313370542e-02 1.089927158297156751e-01
9.679506537392651433e-02 1.006914798856489573e-01
9.680867048319649615e-02 9.884765659911078084e-02
9.696115577976752165e-02 9.885985234726535342e-02
9.703881722779296448e-02 1.227864144875188690e-01
9.714458933187340717e-02 9.816738266002282554e-02
9.720493303660218687e-02 9.811566370630131484e-02
9.729974843367239501e-02 9.898490326876697998e-02
9.730267250436400173e-02 1.611428519431357675e-01
9.740859282833491672e-02 9.758693943045385066e-02
9.748984888315036235e-02 1.000619753618473551e-01
9.767835168802033174e-02 9.774648122133022810e-02
9.770407515411509702e-02 1.034592474879197782e-01
9.796656084789351349e-02 9.866119483481776420e-02
9.813686079258304717e-02 1.030637316749832000e-01
9.814260423924001109e-02 1.014351858444131615e-01
9.850994982051722304e-02 1.066095122832659281e-01
9.852099172599716737e-02 1.129001530707252204e-01
9.857714218842152099e-02 1.001491530769478555e-01
9.867743252240432361e-02 9.953076360814894219e-02
9.900309638515644717e-02 9.900402595965686336e-02
9.901512402008919023e-02 1.080287673535085952e-01
9.906774128632199472e-02 9.909330552180913021e-02
9.928133505948541493e-02 9.981902060766893736e-02
9.942797417536562710e-02 9.947020742028044038e-02
9.954437106271452063e-02 1.397826850382035413e-01
9.966334735358844954e-02 1.612084270434719913e-01
9.969640763504646064e-02 1.232542465398561854e-01
9.976502997592513744e-02 9.987296559106959015e-02
9.979909412266076141e-02 9.982839808228549661e-02
9.985154584754908635e-02 1.104855876451805857e-01
9.985517828287771014e-02 1.022893153606047323e-01
9.990935436218954802e-02 1.017232521645114740e-01
9.992216306528063641e-02 1.030457697393372118e-01
9.993750078464000430e-02 1.042082780955633503e-01
1.000775428715683091e-01 2.136327405140137636e-01
1.004562205760730631e-01 1.006241729531249796e-01
1.004899831252097919e-01 1.007473956149317340e-01
1.005720650135293326e-01 1.253912954051772388e-01
1.007091191406897651e-01 1.077556995829790504e-01
1.007177448265217101e-01 1.098211034541391740e-01
1.008354795805609105e-01 1.177974986842254823e-01
1.011489099627545796e-01 1.011492366162960038e-01
1.012119663112500262e-01 1.082079185422085699e-01
1.012721932850986911e-01 1.050070528164089440e-01
1.013519984760002518e-01 1.014808526200979832e-01
1.016823292190917744e-01 1.037481861049189824e-01
1.018628306721067467e-01 1.027377037052260855e-01
1.022631047978881380e-01 1.065235439818212615e-01
1.022881958712935219e-01 1.130974154523931990e-01
1.023677890265540236e-01 1.265371302973447576e-01
1.026841803841063577e-01 1.028462710697067295e-01
1.028093806218015188e-01 1.128550796746625312e-01
1.028532202073011159e-01 1.035362283082642276e-01
1.030872528138666172e-01 1.048999849310053994e-01
1.031498733516207911e-01 1.162667464408641826e-01
1.031955553849605023e-01 2.207305711597800923e-01
1.032530195429792741e-01 1.081829110741979599e-01
1.032552770468506270e-01 1.035920988942133775e-01
1.033486882323884498e-01 1.041156683241711428e-01
1.033843303133372415e-01 1.053304210411870612e-01
1.034193964063839927e-01 1.040722787749757683e-01
1.034648863427085619e-01 1.043903395659742384e-01
1.035599118285172732e-01 1.036484841128678808e-01
1.036006595462414109e-01 1.092918656671807848e-01
1.037571815521652202e-01 1.063698277583121909e-01
1.039533162437399072e-01 1.439024085110622020e-01
1.040205314225133709e-01 1.073884903918517209e-01
1.042568112440181161e-01 1.084722344450833736e-01
1.045348357675691814e-01 2.295538526742745555e-01
1.045721759972665921e-01 1.082981138986125885e-01
1.045942121384124540e-01 1.068239726962911806e-01
1.046526750307428533e-01 1.067101224093211370e-01
1.047783399594270359e-01 1.059742591009972673e-01
1.049650221241292675e-01 1.081328697487312640e-01
1.050801997344160826e-01 1.780367676743672412e-01
1.050846340487298775e-01 1.122303949021468128e-01
1.051019684514009483e-01 1.073216291598200617e-01
1.051237206472829533e-01 1.170581067463907221e-01
1.052192179848292219e-01 1.207492691067326568e-01
1.053102765508515948e-01 1.073364281580796997e-01
1.053334331818308323e-01 1.131764674068056892e-01
1.053445999539657368e-01 1.222989514150240042e-01
1.053741769488595326e-01 1.452839435760036879e-01
1.055323319084873340e-01 1.099690751680701961e-01
1.055874320939759609e-01 1.075273782002229978e-01
1.056708144973861480e-01 1.115652712964598503e-01
1.056731364147335123e-01 1.120005530749401124e-01
1.058168788978031127e-01 1.070826871398996155e-01
1.059226573086758244e-01 1.061747277280447321e-01
1.060378975838833643e-01 1.064368589012707617e-01
1.062983944627204774e-01 1.064982990474271918e-01
1.063090097679536411e-01 1.067652420113900796e-01
1.063203849986034399e-01 1.904188827817059892e-01
1.064415251600482337e-01 1.106034622569520703e-01
1.065147214140345633e-01 1.066170662276915287e-01
1.065273259508669884e-01 1.097903447486606315e-01
1.065481010645253079e-01 1.075023194674068483e-01
1.066218491326066109e-01 1.080878769632954983e-01
1.066278120279210567e-01 1.112697067810401036e-01
1.066416552437750020e-01 1.070524671792633664e-01
1.066504262129864544e-01 1.069849210108019116e-01
1.066670496473944990e-01 1.116616479392124189e-01
1.066885357513965155e-01 1.438000993930566018e-01
1.067646284648245819e-01 1.078819712141253218e-01
1.067789788092854408e-01 1.080355738157102591e-01
1.068795444204802686e-01 1.116987815826993580e-01
1.069025601065562991e-01 1.800031977688791862e-01
1.069142959696390699e-01 1.072952794047087460e-01
1.069214030294460965e-01 1.070076553148904819e-01
1.072323003292907917e-01 1.074730029134211562e-01
1.074155801957265288e-01 1.146672005473874240e-01
1.074577123258564082e-01 1.075631025156109227e-01
1.077770384957704580e-01 1.570413164326118216e-01
1.077998882453662099e-01 1.090181033566533508e-01
1.078204749172181759e-01 1.254109257871751371e-01
1.078744715750738908e-01 1.098556974316953899e-01
1.079250934854538158e-01 1.340874428909007154e-01
1.080398712140196726e-01 1.099087395462966937e-01
1.085824874036762644e-01 1.333322754058580417e-01
1.086601682922205131e-01 1.133511746204439868e-01
1.086627763835245203e-01 1.090560677001479184e-01
1.086694646522452651e-01 1.103792916504098692e-01
1.087331643516748492e-01 1.096909696136707524e-01
1.087621760179437597e-01 1.243423923105771295e-01
1.088072726381540539e-01 1.172769223329174632e-01
1.088503689407771535e-01 1.157458370412788595e-01
1.089046572585763983e-01 1.089050063047739964e-01
1.090501509780336525e-01 2.071039803241755128e-01
1.090514364207854220e-01 1.091948544359411244e-01
1.092407680881565674e-01 1.092912524050167061e-01
1.096401656690256382e-01 1.507544050747893216e-01
1.099449630126508454e-01 1.099461322575303324e-01
1.099471653799977272e-01 1.144414446174002870e-01
1.099766298560428818e-01 1.101102090642962911e-01
1.099925164527784660e-01 1.251930203439501899e-01
1.100147418333711768e-01 1.130238235260175444e-01
1.101352689111643607e-01 1.185683520743017333e-01
1.105304290360686337e-01 1.138110401394878263e-01
1.105595419899290388e-01 1.116069756073086033e-01
1.105709276072071451e-01 1.153672420415120109e-01
1.106002056844968412e-01 1.114545493888666888e-01
1.106448642996673976e-01 1.997647909484391304e-01
1.107694655778193177e-01 1.107848334855222189e-01
1.108587052348878610e-01 1.137999455529606768e-01
1.109235506908273078e-01 1.191323856281870652e-01
1.110371833958106180e-01 1.739379937241957164e-01
1.110820660161207646e-01 1.502728637680506296e-01
1.115999402474542601e-01 1.116041088874582254e-01
1.120018745188123555e-01 1.437678655994485688e-01
1.121562868636163945e-01 1.133249304322792167e-01
1.121974898859707664e-01 1.467351832788398036e-01
1.122160564383620496e-01 1.148360596416418272e-01
1.123847658118198867e-01 1.210435150980673363e-01
1.125252720020378239e-01 1.151538705972046939e-01
1.126417946839713968e-01 1.203626983344115164e-01
1.126704544582875500e-01 1.128495017526642968e-01
1.126916906147086422e-01 1.250905264749934409e-01
1.127162786971849240e-01 1.494965957892625541e-01
1.127517484237483963e-01 1.130126886846133522e-01
1.129850685845085329e-01 1.129850871159210624e-01
1.130143396273596695e-01 1.131395116527615236e-01
1.130324752924890402e-01 1.146772243304796657e-01
1.130962894455559420e-01 1.131441943798642269e-01
1.131107963181626486e-01 1.139516215827298812e-01
1.135143892237996249e-01 1.135985990800558038e-01
1.135332216840545944e-01 1.139308686635406020e-01
1.136128751745195536e-01 1.172735999148680069e-01
1.137565132581264543e-01 1.242868057024465733e-01
1.138180087370708610e-01 1.158958664104362268e-01
1.138218526819128190e-01 1.485012059961483277e-01
1.138335635119543110e-01 1.213199415079957155e-01
1.138907773665189110e-01 1.140843222974453064e-01
1.140064743084117926e-01 1.206082649995825901e-01
1.140567255590483470e-01 1.175651073326993840e-01
1.140822425818555502e-01 1.193041680586718889e-01
1.141232803214878161e-01 1.145819199624666940e-01
1.141265779735478603e-01 1.370004608907453569e-01
1.141906489692293969e-01 1.183332539334440436e-01
1.142116966115343940e-01 1.144364822046781971e-01
1.143572914109719785e-01 1.170833472558500399e-01
1.144114087505250371e-01 1.166706712804471413e-01
1.146666664377960498e-01 1.156284894979886513e-01
1.147013635870391540e-01 1.193514361055605516e-01
1.148868895639206938e-01 2.265302032047020742e-01
1.150366523596315360e-01 1.182418201077201220e-01
1.150967187140872899e-01 1.150982268495726740e-01
1.151182017092991783e-01 1.153340037664887657e-01
1.151708435059214802e-01 1.154125566717472268e-01
1.152694876810421848e-01 1.383405421477449104e-01
1.153678282118939386e-01 1.638449721495507660e-01
1.153723800624217727e-01 1.154857753739515075e-01
1.153735868030746348e-01 1.220743201704796860e-01
1.155510714822006596e-01 1.175481676631612155e-01
1.156651232961912468e-01 1.201780416846964933e-01
1.156912012030999332e-01 1.165055166716901375e-01
1.157449529691657458e-01 1.161598178408751458e-01
1.159642571639159375e-01 1.522189711421985114e-01
1.160110288952536234e-01 1.190371184427567175e-01
1.161033991976914564e-01 1.163651344481639038e-01
1.161163126655427036e-01 1.179309109628724345e-01
1.161974280423765937e-01 1.492417755821817127e-01
1.163674648058089234e-01 1.208156022824339731e-01
1.164687338454630239e-01 1.244646101723421022e-01
1.165616798393136755e-01 1.961560120344819358e-01
1.166923714855399585e-01 1.299449921361731652e-01
1.167820480856570087e-01 1.491264604689852558e-01
1.168267154825064075e-01 1.185130040815852576e-01
1.168408415961016550e-01 1.194952760610695081e-01
1.168559644269018816e-01 1.212682924038936683e-01
1.168561825388068631e-01 1.176913934976940024e-01
1.168576186079321177e-01 1.249826159361504679e-01
1.173889331862164043e-01 1.375179420799469698e-01
1.174869003385144578e-01 1.180754492160406705e-01
1.179220714571048989e-01 1.562250005465210811e-01
1.180186458432756630e-01 1.283155745885894428e-01
1.180258061312028650e-01 1.647840100504185945e-01
1.182352559600922948e-01 1.233192349610826438e-01
1.183123474573932465e-01 1.189379835166126248e-01
1.184666073158080896e-01 1.186642894224116673e-01
1.185291540655859510e-01 1.186219189443496747e-01
1.185709795728682042e-01 1.191667204961171511e-01
1.187083132528594792e-01 1.484797353153451405e-01
1.188340746046418622e-01 1.188521617769673772e-01
1.188874507113271140e-01 1.190688971939537766e-01
1.190613472083975888e-01 1.463411441600000473e-01
1.190903788319647855e-01 1.307576926357555680e-01
1.193053853980816786e-01 1.590729544040440646e-01
1.193255945755386377e-01 1.366349855657028323e-01
1.193525881175061115e-01 1.195338612479991541e-01
1.196686093391940153e-01 1.279897057182648179e-01
1.200737218429277636e-01 2.191726292636462514e-01
1.200743113778765248e-01 1.205407463290109199e-01
1.201238564962585492e-01 1.201613881125289524e-01
1.201336331250267148e-01 1.207018465521335765e-01
1.201624178574791091e-01 1.293226553566995674e-01
1.202633605812770679e-01 1.860952943956146188e-01
1.203383454327914548e-01 1.445254900706493539e-01
1.203832384055790461e-01 1.357115381122735442e-01
1.203832760671123409e-01 1.367179232385242749e-01
1.203958052108794197e-01 1.218893157216733303e-01
1.204181119952782986e-01 1.247056579393353848e-01
1.206565882002476747e-01 1.232993851638974486e-01
1.209814829163625982e-01 1.238527900119380382e-01
1.211005654717207253e-01 1.211162356096017190e-01
1.211740303025128779e-01 1.951227490794248676e-01
1.213427704841346655e-01 1.215010010972156496e-01
1.215785038166171533e-01 1.404303960926055472e-01
1.218009354571389508e-01 1.370748217346591524e-01
1.218931950161600414e-01 1.226363688469963298e-01
1.220109031050297804e-01 1.287213587180889296e-01
1.221572754432042607e-01 1.348373997194640683e-01
1.223341035573827090e-01 1.827728929616358189e-01
1.223389507494780509e-01 1.226596736127352760e-01
1.223873033369616281e-01 1.242503565691641804e-01
1.224684023402154293e-01 1.283399131419969141e-01
1.225737252767864632e-01 1.232827362045852415e-01
1.230103474512135864e-01 1.231761018373177391e-01
1.231072142550619225e-01 1.328670596965050577e-01
1.231994362418522837e-01 1.236601302587977125e-01
1.232183265277275730e-01 1.232219601517045154e-01
1.232249175464434215e-01 1.289508165457228517e-01
1.233212902982270542e-01 1.383803719291059331e-01
1.233799558206346292e-01 1.353932178663427577e-01
1.234359679200785209e-01 1.841740927333405387e-01
1.235634235919129131e-01 1.757799740849587677e-01
1.237294551244782770e-01 1.252858228792172735e-01
1.237546149664605633e-01 1.243692400096318013e-01
1.240032150260739069e-01 1.277517871834933649e-01
1.240501828856072908e-01 1.240501829088607871e-01
1.241722321199265761e-01 1.258444354447904034e-01
1.242165381834721138e-01 1.261958436533717198e-01
1.242279613485903489e-01 1.257034213825986568e-01
1.244771528055217541e-01 1.277836722345703224e-01
1.245099119959956618e-01 1.282597961702505729e-01
1.245629678523366146e-01 1.256646546765293471e-01
1.246845353338119355e-01 1.263533327585985855e-01
1.247810296986791301e-01 1.247816080401089600e-01
1.247866928414800153e-01 1.299928107402064381e-01
1.248206339581450081e-01 1.614318316439204426e-01
1.248325132430559703e-01 1.249799072094011088e-01
1.248724528323104654e-01 1.278025873477366958e-01
1.249340521113875835e-01 1.612942382385265383e-01
1.251472083937794355e-01 1.361259983825610365e-01
1.251671342581035795e-01 1.253323626144489944e-01
1.252190625508933786e-01 1.252332708228429403e-01
1.252900266940707441e-01 1.253447845318062803e-01
1.254793333989240312e-01 1.278417940042707035e-01
1.255053412093928566e-01 1.255098112561765789e-01
1.257158171241960221e-01 1.332104542000085712e-01
1.258178648861328075e-01 1.259322078455678839e-01
1.258553509266545078e-01 1.853952717009891560e-01
1.259856371035524558e-01 1.272471739554547066e-01
1.262262261489396908e-01 1.263558353396780076e-01
1.262322724831307086e-01 1.917761628528957818e-01
1.262529000420046787e-01 1.562748209242205422e-01
1.267244372441083400e-01 1.352115522929268066e-01
1.267884164856580564e-01 1.637912501006378030e-01
1.268220995017784181e-01 1.379099579923313834e-01
1.268283818601673996e-01 1.282960505403753226e-01
1.271251074421706484e-01 1.274126636221632469e-01
1.272688587422404760e-01 1.334557522954643027e-01
1.273923424049046016e-01 1.416858163745203514e-01
1.276693110177234414e-01 1.290881010044055976e-01
1.276982458309104673e-01 1.464299399773448251e-01
1.277422117187905215e-01 1.314407775434877912e-01
1.278495862505013292e-01 1.306462105055904432e-01
1.279137318118489797e-01 1.358668720743246849e-01
1.280499309830274712e-01 1.285860178332338122e-01
1.281572177380265187e-01 1.355491158713242328e-01
1.281619388507541923e-01 1.281989162463658682e-01
1.282951685568104738e-01 1.418605967092691489e-01
1.283001748562185851e-01 1.291642895990640361e-01
1.283064881509902166e-01 1.433093233706811964e-01
1.284717152217925706e-01 1.349872798485714231e-01
1.284903719328419347e-01 2.075833547135667034e-01
1.285641085092528446e-01 1.293683097047008124e-01
1.286037194122844340e-01 1.306919635481995356e-01
1.286070018449194385e-01 1.376431638136852986e-01
1.286493752659960410e-01 1.401456176564220002e-01
1.286570597284543982e-01 1.303909234330676570e-01
1.287370310908482196e-01 1.304586209195883473e-01
1.287638924214465630e-01 1.288232594410022580e-01
1.288548005288802922e-01 1.530590465849026027e-01
1.288939742306635383e-01 1.308352738055945930e-01
1.289978596327424065e-01 1.474135933680436050e-01
1.293326247984363520e-01 1.365719876061599058e-01
1.293805677734622406e-01 1.531339632513903648e-01
1.294401884425582794e-01 1.298207961064141713e-01
1.297052365688225739e-01 1.421786696725575172e-01
1.298451723587245588e-01 1.335766819331564437e-01
1.301013578557282668e-01 1.384246387019253954e-01
1.301593359780586490e-01 1.301635799237019220e-01
1.301991344593970146e-01 1.302043241996085066e-01
1.302611952928790229e-01 1.327961455291143678e-01
1.304080208290738785e-01 1.346027975422779410e-01
1.304937506647779188e-01 1.306700803045494352e-01
1.305135715386536444e-01 1.310242975548560895e-01
1.306055063597951760e-01 1.322275744189008728e-01
1.306121941835568234e-01 1.308039987072787680e-01
1.308744635650491706e-01 1.311607792241848147e-01
1.310838981862844088e-01 1.718930729692606241e-01
1.315397703035815768e-01 1.619441766321185749e-01
1.315658421346502793e-01 1.322790121388460194e-01
1.316148808193260966e-01 1.585133634339854491e-01
1.316735282824594289e-01 1.338222152619663041e-01
1.318555871582643424e-01 1.429986303401886982e-01
1.321104127748390367e-01 1.349123532748220111e-01
1.322021902017289918e-01 1.352011055193317879e-01
1.322657512191550422e-01 1.445504530369974838e-01
1.323238849419897112e-01 1.359193028823842964e-01
1.324284047622340255e-01 1.377826924315146417e-01
1.324334958907200932e-01 1.332365454860221787e-01
1.325770957679606454e-01 1.353594084113988461e-01
1.326464149053306341e-01 1.339636535335959611e-01
1.326502827382045058e-01 1.501892183055109076e-01
1.329739110102206578e-01 1.329899897970239497e-01
1.330592751499619919e-01 1.740631386227537714e-01
1.330629871882251791e-01 1.411467507136382193e-01
1.331396350376725657e-01 1.377119826483938492e-01
1.332340298161579784e-01 1.335229416164547267e-01
1.333819292723121830e-01 1.349273542617438204e-01
1.336288982356332311e-01 1.393998598293380298e-01
1.339190910372551613e-01 1.339950152933439276e-01
1.340298071030780469e-01 1.349915934754390701e-01
1.340602287515064994e-01 1.340836337529873190e-01
1.341950663345293504e-01 1.387453368974570500e-01
1.344148890181466882e-01 1.377887419675792313e-01
1.344936098899703336e-01 1.345432402160875451e-01
1.346411970131336511e-01 1.346412207431879893e-01
1.355486937591067753e-01 1.355803752667412432e-01
1.356258956508961111e-01 1.615581317841491282e-01
1.356587464224970341e-01 1.395964819142728464e-01
1.356661406169258899e-01 1.483776164996699620e-01
1.358079612483550913e-01 1.377854377214324522e-01
1.358369462608240985e-01 1.506698853253255477e-01
1.360210385252234588e-01 1.361298157675108755e-01
1.360216546863119158e-01 1.368188691583390182e-01
1.360433222514030871e-01 1.383922153404864852e-01
1.360537815977842513e-01 1.361003087980073301e-01
1.361381434780115640e-01 1.383102440488354068e-01
1.363291423366859989e-01 1.447554099798327165e-01
1.364876860987493667e-01 1.370266610973760180e-01
1.366606581437398438e-01 1.566204696868172541e-01
1.370256457276783912e-01 1.373092016507549140e-01
1.372931347347318976e-01 1.419846098253229050e-01
1.373889005655660744e-01 1.408017101851763431e-01
1.376344625408106037e-01 1.419385624577632621e-01
1.376525574846451661e-01 1.882129488984627952e-01
1.381546196833603468e-01 1.381669755570736347e-01
1.382833158260805551e-01 1.435790598579318733e-01
1.383189139056158201e-01 1.391011313748624634e-01
1.384404533456253805e-01 1.385255847633578286e-01
1.384752113356474135e-01 1.551613378696147794e-01
1.386284384595886099e-01 1.398020183714220877e-01
1.387068196055488978e-01 1.584852204013187105e-01
1.387605576247708805e-01 1.388996885678428772e-01
1.388279531150824753e-01 1.397261876126183744e-01
1.388544645759012819e-01 1.461063898304758579e-01
1.389610265080762352e-01 1.455864296354879017e-01
1.390381461800543339e-01 1.427838023028047965e-01
1.390965316026284149e-01 1.431456382463415500e-01
1.391460976383606107e-01 1.398830662040564943e-01
1.391564733009306720e-01 1.395023257578571763e-01
1.400938765612267656e-01 1.453717021664001352e-01
1.402429295719611613e-01 1.415009448877757869e-01
1.402516230617228410e-01 1.421656660990706922e-01
1.405880286467933726e-01 1.457456689916472314e-01
1.407098877733408970e-01 1.411426804702992921e-01
1.410105860905369046e-01 1.410316390133645736e-01
1.413774712896135322e-01 1.551270821837477942e-01
1.414613792871178277e-01 1.415466449376365787e-01
1.415851061104164144e-01 1.484416558193195346e-01
1.416854062340112685e-01 1.416984584811862014e-01
1.417174280755482407e-01 1.563588482752290287e-01
1.417178774738826474e-01 1.418355044410597732e-01
1.417594900987410866e-01 1.460012347518485631e-01
1.417859793124748302e-01 1.426435698692499199e-01
1.419678995832474033e-01 1.429840978523161388e-01
1.420754530035984453e-01 1.445746519496095839e-01
1.424469772658755462e-01 1.443324372936333477e-01
1.428162556597208088e-01 1.625703605573667609e-01
1.428577367626478190e-01 1.768290819806845049e-01
1.431786691932927791e-01 1.485988338538670184e-01
1.432414499560523136e-01 1.435800250839954773e-01
1.433621312151296678e-01 1.442777889911277811e-01
1.435720068911007230e-01 1.441903147597503043e-01
1.442397267783979142e-01 1.478812774177540867e-01
1.443233531879593579e-01 1.443240113746403208e-01
1.444108468549946400e-01 1.510017853331302451e-01
1.444510551182820735e-01 1.463896130790794115e-01
1.445978142897152707e-01 1.451612629453166436e-01
1.446174842318197762e-01 1.780388713483523899e-01
1.446315000671847262e-01 1.467790721733572556e-01
1.446756487366511190e-01 1.450195483538481156e-01
1.446860456189880406e-01 1.452392638590277729e-01
1.452604493019636900e-01 1.565849506568977589e-01
1.454313795633467299e-01 1.500706893866293745e-01
1.455454371705507122e-01 2.023736340908424136e-01
1.462086082522431052e-01 1.462086082593160585e-01
1.467629068239741097e-01 1.497024703021962444e-01
1.469296590969311755e-01 1.741928498875626175e-01
1.471385654022193679e-01 1.917497948981853328e-01
1.472213242674030031e-01 1.485769150484120837e-01
1.474042022272316899e-01 1.516548155769266992e-01
1.480028039797891826e-01 1.589507918309576717e-01
1.480353538457802598e-01 1.483519530744941139e-01
1.481912438834560308e-01 1.595509158251376958e-01
1.482056796292785528e-01 1.667914113704741796e-01
1.483892138843269926e-01 1.533712442672868770e-01
1.487450920881980554e-01 1.489164319037051265e-01
1.488066617127882518e-01 1.502917367114194880e-01
1.490082260386807744e-01 1.490168396118785876e-01
1.491137559838762172e-01 1.698273759902861890e-01
1.491410891609517841e-01 1.542422638551579628e-01
1.499829030108050798e-01 1.546114881051965650e-01
1.501191992883789128e-01 1.511920451113230035e-01
1.502144667724002736e-01 1.557054962527650299e-01
1.504357680793494134e-01 1.660408689585813058e-01
1.505951882010092835e-01 1.535949483348439393e-01
1.506389895250137001e-01 1.541017882555086316e-01
1.509533236885351182e-01 1.595582045212156630e-01
1.511455101460022488e-01 1.518660336103151987e-01
1.513069812573744899e-01 1.517409511445454162e-01
1.515166795681165413e-01 1.604094529689447102e-01
1.517860621763265361e-01 1.613410111361997523e-01
1.519817417370847301e-01 1.534208263788882642e-01
1.525400101677200360e-01 1.766289543762917802e-01
1.526981079493354432e-01 1.529649763310714505e-01
1.527629096250810725e-01 1.528580748235251474e-01
1.527792058092688476e-01 1.545077708652091708e-01
1.527971755305263524e-01 1.536616723205395385e-01
1.532586985875794838e-01 1.573458000332918771e-01
1.534699144050077901e-01 1.642799424080093884e-01
1.535970065833794362e-01 1.741258465793643073e-01
1.536633950844937535e-01 1.646584865221943084e-01
1.536891972717491228e-01 1.553548988816758347e-01
1.537336179931209912e-01 1.554636384488983780e-01
1.538338269569212435e-01 1.540802174988920026e-01
1.543275719157295722e-01 1.585516314984495301e-01
1.547245571149232224e-01 1.594197886494252425e-01
1.547831356649122247e-01 1.552861777532754950e-01
1.549720914591107834e-01 1.550294049467369484e-01
1.553628188822245293e-01 1.554810338789640312e-01
1.553907354769849258e-01 1.572988220586419572e-01
1.554916007983432047e-01 1.567170809585422264e-01
1.557920181216374822e-01 1.714216437345355559e-01
1.565175382879336052e-01 1.647710650988332137e-01
1.567305306613999138e-01 1.573337677265366497e-01
1.571238799810694142e-01 1.654699431212758309e-01
1.574282507252905139e-01 1.660427297394677648e-01
1.575207438591761377e-01 1.588144207421118836e-01
1.575700480884653365e-01 1.581632313086786812e-01
1.578528570203737158e-01 1.578539887949161891e-01
1.581061924543662178e-01 1.708687675751069390e-01
1.582723881163652369e-01 1.583720697026591295e-01
1.583253238600158819e-01 1.611875775070182593e-01
1.591095081354796936e-01 1.601488512841238998e-01
1.595052968764445189e-01 1.770714034808782422e-01
1.597214767535473923e-01 1.598704303243872471e-01
1.599589875011411810e-01 1.599831699645762051e-01
1.601043362409781123e-01 1.601942712819067194e-01
1.601216000109898785e-01 1.601340668687429303e-01
1.602287196791530866e-01 1.614442997744615083e-01
1.605234603955440209e-01 1.620665351489917194e-01
1.605907925263791447e-01 1.606410684544693213e-01
1.612533123301282956e-01 2.196717004369018733e-01
1.614698442720556015e-01 2.152462555915931053e-01
1.622839786491334368e-01 1.631346824206327539e-01
1.625646240184746294e-01 1.638557565808536065e-01
1.628700812600314407e-01 1.632212065250560062e-01
1.631193550982606155e-01 1.677425213651094482e-01
1.638436608166279895e-01 1.643148867899550114e-01
1.640050240273317750e-01 1.718399415399365082e-01
1.640535440833976732e-01 1.654466425455955736e-01
1.643632413729300967e-01 1.643790771887780888e-01
1.646869882323928058e-01 1.893077399452756937e-01
1.651779371034106936e-01 1.652136830581591442e-01
1.656933880212839716e-01 1.690221656617505452e-01
1.668846418915407304e-01 1.709470332122938474e-01
1.671084992704274519e-01 1.959278223905022154e-01
1.672646714012488156e-01 1.673272404438950201e-01
1.675279237088424245e-01 2.083069535738482081e-01
1.676064093857601578e-01 1.711176741078760943e-01
1.677570604641951957e-01 1.688111281928843521e-01
1.678042453127676359e-01 1.699753232252307344e-01
1.679884586008991709e-01 1.722022202723491047e-01
1.683655337389364237e-01 1.688320133916335342e-01
1.683988820413229170e-01 1.731617054906668951e-01
1.688338109856987179e-01 1.719568813077751723e-01
1.690280710962501765e-01 1.704460740446654687e-01
1.693730930807144652e-01 1.696017819861047604e-01
1.694920023027133293e-01 1.699689920524156683e-01
1.698839579295896851e-01 1.706903366265110633e-01
1.700311340201308419e-01 1.701945169977407968e-01
1.700470482534205963e-01 1.869928015592063342e-01
1.701391741299912719e-01 1.701718720939675855e-01
1.714341797898396580e-01 2.091819927974024884e-01
1.718194082599402150e-01 1.736812052673270546e-01
1.719881093296742047e-01 1.778838836336639195e-01
1.726807611967677569e-01 1.726904304103490384e-01
1.730614903777764613e-01 1.746003335450374561e-01
1.730693029848451303e-01 1.730789673014122565e-01
1.738947606995180917e-01 1.741842174591010095e-01
1.739246352574320698e-01 1.762711045351149641e-01
1.740000301267311811e-01 2.444018743695022255e-01
1.740669270902990839e-01 1.997786475938144735e-01
1.750929432101233918e-01 1.759712655962927252e-01
1.765263143627413822e-01 1.776811417535844595e-01
1.765678815875732222e-01 1.930234786724990825e-01
1.774231650562833329e-01 1.828111273516936919e-01
1.780810357400618438e-01 1.794844436429385848e-01
1.782651643222413207e-01 1.787551654753723740e-01
1.785163849905683220e-01 1.871835904609623347e-01
1.796579603414190929e-01 1.805188300784927868e-01
1.797024889799992420e-01 1.822750311289466352e-01
1.799481477280773511e-01 1.941784099300072064e-01
1.800591858782012167e-01 2.008941219109972032e-01
1.807143544445524164e-01 1.855204224193807150e-01
1.818355782933129827e-01 1.835424303107666133e-01
1.818451211930966205e-01 1.821706497383335788e-01
1.826557411769263173e-01 1.862753139353454379e-01
1.826679068626638203e-01 1.827807816291360798e-01
1.830116644195975417e-01 2.061346293433570231e-01
1.833117529212999475e-01 1.839485543754473817e-01
1.836910738905892237e-01 1.852616108336873069e-01
1.840017342233990771e-01 1.853361900325539713e-01
1.844470264643611468e-01 1.845282662160086240e-01
1.845107583606071799e-01 1.846111469492602020e-01
1.850218358988839906e-01 1.900439000678502410e-01
1.856181392335406188e-01 1.878746085890710404e-01
1.856748961906117545e-01 1.882924031946649202e-01
1.861958494461135871e-01 1.871126962865094778e-01
1.863770083670714117e-01 1.949154985540549057e-01
1.866023639450346550e-01 1.894524933811732870e-01
1.881194339541805427e-01 1.882022072195322915e-01
1.890280362447247231e-01 1.894370200283563566e-01
1.896144765541548927e-01 1.976755358552606257e-01
1.911055068982329963e-01 1.950979538351371723e-01
1.914400143866199777e-01 1.922558676748817585e-01
1.921019091615746299e-01 1.926216176323598261e-01
1.931727239734550572e-01 1.948378226310433226e-01
1.939566316709442628e-01 1.954137978144397381e-01
1.940285941793287450e-01 1.966528464754173644e-01
1.948695515014125246e-01 1.955567559015950474e-01
1.951060808994369011e-01 2.065949725348653343e-01
1.961433684333044880e-01 1.970494955466642051e-01
1.965828266472429975e-01 1.966093684978436618e-01
1.965855263450645984e-01 2.022906806198309371e-01
1.973900259163549886e-01 1.979396975843484285e-01
1.979953302464159404e-01 1.987882371640239121e-01
1.991585342101684919e-01 1.992010112794128651e-01
2.004361046435680083e-01 2.029805021814512500e-01
2.016739754988380040e-01 2.056540931719110787e-01
2.022788951940793500e-01 2.022794643243031876e-01
2.024198325807644860e-01 2.024957490053765352e-01
2.056256303486602988e-01 2.068364958223977979e-01
2.078610880964648355e-01 2.079268280268151414e-01
2.081284848086238093e-01 2.081917616770884993e-01
2.093658090395038862e-01 2.094249751143331395e-01
2.097778541472968827e-01 2.132102439877395783e-01
2.104833795808559727e-01 2.114778937472944487e-01
2.169973940059056194e-01 2.177332385377393487e-01
2.204006137683103550e-01 2.204387050873820031e-01
2.221727090175213137e-01 2.232839720307558951e-01
2.228552950853071868e-01 2.232971949959443592e-01
2.271305834575217952e-01 2.283641239047660421e-01
2.309416530455045691e-01 2.310959640385479297e-01
2.365018825965349014e-01 2.377228612069790803e-01
2.393021647689029807e-01 2.405271471854408816e-01
2.411002174436691625e-01 2.414561628662618420e-01
2.489727216592965975e-01 2.524942413540502972e-01
2.506708205966797776e-01 2.507930972775782585e-01
2.636281755233326196e-01 2.663884842693655663e-01
2.868253646560738335e-01 2.868254900004079677e-01
