1.224121188487191196e-02 1.226905782044558288e-02
1.986852595381196490e-02 2.046336289762753363e-02
2.006360145976130577e-02 2.096979857348200971e-02
2.442366830985803067e-02 2.498210378972898910e-02
2.655179525944904514e-02 2.747681133058574657e-02
3.656058873077128873e-02 4.081111731924232100e-02
3.744043901827905085e-02 3.842280271894810140e-02
4.147532456313289539e-02 4.149862970481935087e-02
4.194948029703433889e-02 4.234493366116829499e-02
4.397530902155957766e-02 4.490032538069355095e-02
4.644831324996397809e-02 5.187371796739999319e-02
4.647445051145168704e-02 4.919551407426964174e-02
4.650416056314098795e-02 4.687106258552874855e-02
4.747646311787078605e-02 4.829279620484318997e-02
4.930541047890660278e-02 5.169837358288414259e-02
4.931676965207410640e-02 4.980297252703461131e-02
4.936859955961356988e-02 4.956061085244420350e-02
4.953623897774569323e-02 5.160404953179908299e-02
5.025083986088114962e-02 5.101806513600469495e-02
5.159538984296921371e-02 5.160715641737764758e-02
5.180807396589222347e-02 5.768141428971020751e-02
5.230587146332926762e-02 5.458777987935066467e-02
5.239809185167654954e-02 5.485226666521900163e-02
5.437779541941875627e-02 5.728963281669046531e-02
5.756750217191466262e-02 7.589009961603840337e-02
5.793749628443894267e-02 5.928516753367460423e-02
5.820347828628649745e-02 5.934416032704389193e-02
5.846743518135994605e-02 6.259572931531755258e-02
5.848423487126745701e-02 6.649545271893356202e-02
5.853738728722907014e-02 6.003499931060891914e-02
5.898853231928711388e-02 5.983918806914463595e-02
5.917463827869298698e-02 6.174890922925831832e-02
5.922322862772633201e-02 5.969225005829500996e-02
5.974454086645264450e-02 6.992862738409848233e-02
6.072860058306826792e-02 6.316037508187079264e-02
6.146544336759497684e-02 6.172284800767170038e-02
6.223439502164838238e-02 6.759016414580225340e-02
6.231850671297807509e-02 6.827041821261702059e-02
6.232533420699802595e-02 6.255584858773473311e-02
6.241504863396610259e-02 6.447567157835155938e-02
6.309640187408920020e-02 6.407015313947432567e-02
6.356114933443206272e-02 6.877906471215632089e-02
6.429383973318919532e-02 6.872421736346866206e-02
6.442152041778670402e-02 7.083690291146697848e-02
6.458684198749659044e-02 6.775007962869379619e-02
6.470649559477972823e-02 6.599361575482659559e-02
6.488575976543531354e-02 6.756751298066593359e-02
6.506354636652189605e-02 7.067897189671000502e-02
6.552182091430097666e-02 6.585517897926447539e-02
6.617914164194409199e-02 6.624600299919980451e-02
6.652480349736818177e-02 7.179289221876052063e-02
6.680970363875934903e-02 6.722007748183179976e-02
6.697865648096755498e-02 6.896051631572237828e-02
6.734848584179672915e-02 7.129784249965931409e-02
6.756382864244288300e-02 6.875830106250609142e-02
6.798274805438427049e-02 7.382683770374351417e-02
6.812326303512826475e-02 7.222687419008610998e-02
6.844981704240836462e-02 6.958851054625812826e-02
6.861194097272589609e-02 7.027927042793531698e-02
6.961556463195610334e-02 7.099300664550887985e-02
6.984365432787056904e-02 6.984369563417931748e-02
6.986472553268292807e-02 7.166546439659270129e-02
7.103931643877814395e-02 7.497903483276897874e-02
7.105201077916115104e-02 7.363894536995298223e-02
7.213504787234241433e-02 7.397373956223531055e-02
7.221393799105059463e-02 7.847784036270744057e-02
7.223854138140964332e-02 7.915880370711896041e-02
7.275758606129295591e-02 7.877809274666711103e-02
7.337118941192199983e-02 7.361831642393895647e-02
7.395834778229906648e-02 7.524244232519208819e-02
7.398924516859550771e-02 8.839607526141074478e-02
7.408075422058871262e-02 7.668164490771967046e-02
7.412232546058755700e-02 7.471352336895933921e-02
7.427764781861043164e-02 8.395732451981989530e-02
7.434660423041505872e-02 7.790327638698174573e-02
7.447329595199413121e-02 7.748603545629889622e-02
7.451987336490260849e-02 7.542223708676283611e-02
7.516977175880522333e-02 7.638885313143492506e-02
7.566414188340571390e-02 8.393261857863272557e-02
7.571555185916153952e-02 7.912731063719075086e-02
7.580742712273688677e-02 7.613162036262849375e-02
7.661597835272315749e-02 7.804367849143209468e-02
7.715231534165097049e-02 8.197126441447441514e-02
7.723800283970785885e-02 7.788923673649957025e-02
7.745837472641264876e-02 8.415888950936471768e-02
7.753795906579917518e-02 8.297764028469269137e-02
7.761146374702167228e-02 8.524921858893493021e-02
7.774167414201216264e-02 8.068147791232044286e-02
7.804491570020667679e-02 8.140218883386220183e-02
7.806631768566262009e-02 8.066557930755610673e-02
7.826876054749275224e-02 7.853139744186694859e-02
7.882133977209482278e-02 8.674021402352770360e-02
7.883713339329136149e-02 7.929724301210146209e-02
7.894209651322181553e-02 8.150621221632017854e-02
7.901062412757584030e-02 8.220377661092481691e-02
7.961927339662393244e-02 7.995264230859808197e-02
7.976221351306861385e-02 8.074945577214699688e-02
7.984561481364889357e-02 8.990042376743927199e-02
7.992206820346411944e-02 8.325214110741695206e-02
7.994318262918619078e-02 7.994335186407650062e-02
8.016586457326291271e-02 8.021043834258259619e-02
8.040180149336394189e-02 8.108689445578909361e-02
8.093205098166346423e-02 8.112540633773805687e-02
8.105147417621712258e-02 8.810547734384524543e-02
8.124316375621455644e-02 8.985823580881201200e-02
8.218597271196095844e-02 8.234910657146594926e-02
8.225128310451962355e-02 8.291631826154938212e-02
8.230285132021734895e-02 8.900987368725025994e-02
8.258901168590485065e-02 9.332629424267212259e-02
8.270366056773709174e-02 8.474361594543644571e-02
8.283511884454360097e-02 8.773322896165135221e-02
8.304202561212649381e-02 9.844699255531413895e-02
8.309369027462887303e-02 9.749139937418126178e-02
8.312518123429574191e-02 8.489056980428250077e-02
8.318962558272297025e-02 8.322625145577243477e-02
8.321951132811090945e-02 8.434766202148401282e-02
8.327562782462340218e-02 8.373928820221418490e-02
8.330682469210402841e-02 8.356880530252377981e-02
8.349033186894838643e-02 8.578072714270591759e-02
8.358679175402569661e-02 9.115343414462051541e-02
8.384189938522745855e-02 8.411652114592294005e-02
8.389877982173658821e-02 8.399933474638229813e-02
8.441497188598594270e-02 8.672732582931734491e-02
8.470045105806342511e-02 8.470047403647172624e-02
8.471368984067928487e-02 8.494901348097563809e-02
8.477730259873009211e-02 8.683396875894115741e-02
8.497208271076982233e-02 8.502811307789105710e-02
8.527646998417821866e-02 8.697854210088178106e-02
8.586848876609172454e-02 8.627284258178080645e-02
8.593013652798943414e-02 8.910421036240936954e-02
8.596901884019199358e-02 9.742141082423678988e-02
8.614719431341970324e-02 8.675661786632282713e-02
8.616004196145779503e-02 8.781326427001251433e-02
8.629289352945485048e-02 9.941007408661918510e-02
8.638346677685281028e-02 8.791586373476238669e-02
8.639673666198212365e-02 8.691030927827850250e-02
8.658456251424685723e-02 9.034577653099921946e-02
8.669417082464127289e-02 8.776767580649325051e-02
8.691037899475431705e-02 9.168845903749353599e-02
8.701802342344888697e-02 8.870806131181276089e-02
8.713946374318427834e-02 8.717231651607121323e-02
8.715737347748019059e-02 8.725273259262109060e-02
8.715928873488262840e-02 9.002080383290265997e-02
8.753583720825838799e-02 8.830251423165594304e-02
8.776209383594933688e-02 1.042520364875920702e-01
8.783016635728119192e-02 9.315119125652218668e-02
8.819177412063636257e-02 8.822728115853951947e-02
8.862879745752379190e-02 9.423706759974913305e-02
8.867772746512893323e-02 9.144983705483659964e-02
8.871164128016607864e-02 8.999546676080585894e-02
8.873736731266311517e-02 9.042678125879860529e-02
8.901853564819138531e-02 9.119945489350789192e-02
8.919751519930657624e-02 9.985152268137320597e-02
8.928495286446726242e-02 8.937768698742969142e-02
8.951722089287950102e-02 8.974267449047143574e-02
8.959537037169697238e-02 9.543584479372672902e-02
8.973982656703786975e-02 1.028854132288554435e-01
8.977157384448183897e-02 9.621927640828163708e-02
8.978405512877052352e-02 9.032915721006917753e-02
9.005387716665423647e-02 1.525743999183514776e-01
9.039518749080090176e-02 9.039758140076212256e-02
9.042853401475688113e-02 9.489404994237349289e-02
9.074264768678715065e-02 1.069211496134733902e-01
9.079861188932522587e-02 1.049985257055171539e-01
9.079890934919541967e-02 9.881431352171939075e-02
9.080146059688821991e-02 9.094844398642507044e-02
9.096356806302685616e-02 9.443270518568848415e-02
9.115028793031353105e-02 9.854597072993387386e-02
9.117242550633716802e-02 9.528043152565458807e-02
9.119071597328144707e-02 9.977479643330081083e-02
9.126804372056591952e-02 1.040906337030783751e-01
9.147065350756206081e-02 1.765200381345538860e-01
9.149154075381205065e-02 1.000359031429707002e-01
9.183241026606671353e-02 1.217950135673343121e-01
9.189232250484327680e-02 9.205774193957502738e-02
9.210775098533365013e-02 1.140330830582715893e-01
9.219557398454344965e-02 9.227858734893550074e-02
9.234503706423324854e-02 1.048724786353125715e-01
9.240807782947822735e-02 9.327613186183299210e-02
9.253248469607525117e-02 1.326726596131153901e-01
9.258969296353028455e-02 9.477548836481722305e-02
9.263838052429342051e-02 9.534306482353895051e-02
9.291855407241707276e-02 1.002932257959494450e-01
9.294063589611212262e-02 1.039637950464782218e-01
9.309576081796745728e-02 1.101733933625941297e-01
9.311707310130029613e-02 9.765865885119801026e-02
9.325291511628334973e-02 9.817800993286222855e-02
9.334182270847597718e-02 1.091555568075138483e-01
9.338684111602643667e-02 9.842639723151806741e-02
9.348143198654436381e-02 1.365066130576276793e-01
9.365940232424967149e-02 9.894962331040571546e-02
9.376912358441236162e-02 9.458780087561181882e-02
9.392482705758974093e-02 9.403275473506080007e-02
9.399266260590574684e-02 9.710834682899543990e-02
9.405871495301237895e-02 9.440397168792091787e-02
9.417694579085000850e-02 9.432274473299331885e-02
9.421720920182966030e-02 9.569637205958381188e-02
9.428163021188236403e-02 9.537204186751981061e-02
9.450482406100164934e-02 1.153633376103920805e-01
9.454776541912887633e-02 9.459465029544468495e-02
9.461070733310142367e-02 9.465153565518227841e-02
9.463157312896978979e-02 9.538441792353724580e-02
9.468843029766006725e-02 1.109274456927474284e-01
9.500600850325177649e-02 1.018450349873343541e-01
9.505520952728323258e-02 1.202223720170310789e-01
9.514767243534856533e-02 9.821870815349180439e-02
9.516218427626318976e-02 9.518435591897531078e-02
9.525591767092687900e-02 1.182511728780371030e-01
9.531449601966149321e-02 1.067111063441809754e-01
9.532937559017190532e-02 1.013517141470222094e-01
9.535159480031789314e-02 1.064196815838637789e-01
9.538071412081994271e-02 9.918218944824865047e-02
9.544951336935195152e-02 1.140173373528255291e-01
9.547383905293736761e-02 9.547528875643483681e-02
9.549415273737923981e-02 9.778126598405878500e-02
9.558753102383071854e-02 1.322948886052514317e-01
9.581389708123623505e-02 1.133230024026352090e-01
9.605237800383019386e-02 9.611699099380219269e-02
9.615003769098676156e-02 1.113450251835567673e-01
9.624027088401672370e-02 1.044310193606337173e-01
9.626314240141060907e-02 9.679647483391662366e-02
9.642007738387063653e-02 1.012275313662215626e-01
9.656034925100907829e-02 9.749408219223940075e-02
9.668153855925218365e-02 2.041792765866784765e-01
9.673695775403150232e-02 9.776518378738457971e-02
9.695746206046026994e-02 9.806570871606097584e-02
9.710399048793180721e-02 9.711392546512361001e-02
9.717580673764424082e-02 1.769024774843246939e-01
9.723388587551760887e-02 9.812325063289528693e-02
9.728318223058105008e-02 1.020594857716009135e-01
9.741163632322473453e-02 9.864027730498488300e-02
9.742329833622923041e-02 9.847345292787326732e-02
9.750950870449204277e-02 9.751726105999532213e-02
9.770247371301579720e-02 9.973895224526287129e-02
9.771018226711820909e-02 1.180427772994367269e-01
9.778014794861543402e-02 1.489380237457071654e-01
9.807904221591456917e-02 1.003453533298993977e-01
9.809463857856451363e-02 1.026562940180493350e-01
9.825781390863584652e-02 9.827479638009005425e-02
9.843931442352386874e-02 1.548624707753155083e-01
9.853738670391785914e-02 1.062222342501921574e-01
9.877636653413411627e-02 9.885547505093403298e-02
9.913337614039573198e-02 1.003309805743042016e-01
9.921842476338738059e-02 1.208458338961847650e-01
9.924228299114147556e-02 2.312327737723601229e-01
9.939271552198501725e-02 1.049291583792015536e-01
9.948232115858444968e-02 1.102928695116213165e-01
9.954699093713131886e-02 1.009830081192810008e-01
9.956933715678736863e-02 9.961248983239112675e-02
9.965329368210239236e-02 2.117780460493134120e-01
9.965736687883328115e-02 1.058697051131092665e-01
9.965740560045799334e-02 1.003155564425366880e-01
9.970525243643674207e-02 1.008300850158912743e-01
9.972768614201935056e-02 1.879607024936323090e-01
9.980000605427258309e-02 1.031844502603153357e-01
9.981032534748192353e-02 1.044535415109936194e-01
9.985007672555513969e-02 1.004863980705447413e-01
9.994044536356869179e-02 1.142652537530311901e-01
1.000883865202734369e-01 1.007390151527056688e-01
1.002419801924897130e-01 1.187999670360904148e-01
1.002624541944637654e-01 1.175451811038217553e-01
1.003045290271460527e-01 1.067928442302277237e-01
1.004025934402891923e-01 1.025292266867574853e-01
1.005106339652416664e-01 2.378881479955541889e-01
1.005987435862242679e-01 1.158302915819767326e-01
1.006168585623714584e-01 1.088557140894027692e-01
1.007835743726610001e-01 1.222673721278151326e-01
1.008051800139964926e-01 1.147459972246132609e-01
1.008347355719119293e-01 1.296976999364597427e-01
1.008935628322469996e-01 1.009106387354971185e-01
1.009119150457284675e-01 1.012554063216350442e-01
1.010116393358702902e-01 1.258677662223905425e-01
1.010286027510454709e-01 1.078978312004026940e-01
1.010492464301301629e-01 1.015913177015082547e-01
1.011926729123234225e-01 1.227674033982493612e-01
1.012945172054621618e-01 1.077485135676789774e-01
1.013170729056652591e-01 1.198950416395324070e-01
1.013780701051780475e-01 1.131752208345729871e-01
1.014008153325377248e-01 1.014318970058972758e-01
1.014238919919844967e-01 1.496001391523849311e-01
1.014854607154690863e-01 1.020188127195738731e-01
1.014973743896352143e-01 1.015879556816721707e-01
1.017239832644590836e-01 1.040869686476139228e-01
1.018631516033536299e-01 1.071047452045378046e-01
1.020953939126988536e-01 1.051709484284699958e-01
1.021556190722537200e-01 1.022473390598698656e-01
1.022334127874681975e-01 1.029057592338943339e-01
1.023068889866246695e-01 1.878622414573982713e-01
1.024111687542703375e-01 1.161152556611287495e-01
1.025025753813724461e-01 1.044869481506192910e-01
1.025130647689763974e-01 1.025561566672091307e-01
1.026444848945299998e-01 1.032324189119156188e-01
1.028823592033273060e-01 1.066365363906225106e-01
1.028891679418968974e-01 1.031534816171476021e-01
1.029874646769330659e-01 1.107428492874470566e-01
1.032012673913091094e-01 1.147352240064125478e-01
1.032221501928057977e-01 1.151930892298828196e-01
1.032803761493061162e-01 1.278091594445167067e-01
1.033026883448096289e-01 1.158939965579815073e-01
1.033073388459198882e-01 1.033125430326845562e-01
1.033861174450852322e-01 1.082371627548644882e-01
1.035292420054616941e-01 1.062863890912285059e-01
1.035397415169445473e-01 1.060156555665878464e-01
1.036407825991567527e-01 1.037122913560080822e-01
1.036879499614186129e-01 1.138599183308209306e-01
1.037032031732152276e-01 1.085560055632355664e-01
1.037048957803637511e-01 1.123187142620809265e-01
1.038712720015095847e-01 1.049007705797346673e-01
1.041374522818358239e-01 1.202777737276354009e-01
1.041724859893555649e-01 1.057154324302376769e-01
1.042239503772276477e-01 1.042247376459484731e-01
1.043436225407502749e-01 1.046418486474879755e-01
1.044632401095094837e-01 1.045658773145999726e-01
1.045009522560144261e-01 1.110067540407347897e-01
1.045472913098469819e-01 1.106847241237629426e-01
1.045924494378874248e-01 1.047429738932064147e-01
1.046164630636826909e-01 1.183224397784234244e-01
1.046550223157933918e-01 1.092155791254462577e-01
1.047437348313165484e-01 1.050001635271117922e-01
1.048063581267432154e-01 1.239260514610545094e-01
1.048662067472092008e-01 1.057101239646364432e-01
1.048752527833614612e-01 1.102403334993016792e-01
1.050826166776816506e-01 1.086689444160677254e-01
1.051070924702273979e-01 1.112202943211919176e-01
1.052456267091762959e-01 1.052473403676180835e-01
1.054858929637100956e-01 1.093830730132692441e-01
1.055317802584862380e-01 1.203772969266724557e-01
1.056242169017103383e-01 2.402947559057375948e-01
1.058468338879259424e-01 1.273153624145850482e-01
1.058684558350803523e-01 1.084805531212801877e-01
1.060640964290229249e-01 1.113803705479094325e-01
1.061073144555471637e-01 1.084313478141583215e-01
1.062795696968367176e-01 1.063537001191765252e-01
1.062874660432170382e-01 1.074889082697163267e-01
1.063213898313951911e-01 1.109363647312294754e-01
1.065710270741162813e-01 1.072855068192835326e-01
1.066479860123436540e-01 1.081673381086064728e-01
1.066737438559615947e-01 1.067248122475731031e-01
1.067648382401836793e-01 1.173350496138776400e-01
1.067989613152969114e-01 1.069321960166561558e-01
1.068402197738184262e-01 1.103416444304655408e-01
1.070743049512460493e-01 1.100481766462829969e-01
1.070870485764492813e-01 1.123278715209765771e-01
1.071181181645415037e-01 1.140255738615925107e-01
1.071251931285139292e-01 1.284298630979446298e-01
1.073969451098160943e-01 1.103266268888800500e-01
1.074772126457008564e-01 1.095134069850843966e-01
1.075736778258669507e-01 1.076264972179221957e-01
1.076488260411225945e-01 2.143970810487562662e-01
1.077002575997138972e-01 1.094145789304158400e-01
1.077761289857921412e-01 1.343489291272362829e-01
1.077768339631243050e-01 1.131422405649244733e-01
1.080229043902295044e-01 1.149584329430187180e-01
1.081881543779451144e-01 1.172246690662668428e-01
1.082230615061305079e-01 1.093779368141357122e-01
1.082293892878739283e-01 1.086859868094967041e-01
1.082773612254578494e-01 1.091934938827379131e-01
1.083092758605801731e-01 1.091545522401436846e-01
1.083747579123010285e-01 1.084625615264950271e-01
1.085360602672379021e-01 1.400117966507060108e-01
1.088050048157856997e-01 1.114285234961817084e-01
1.088733024007623729e-01 1.201315007510375399e-01
1.090274973521949686e-01 1.188112830928481772e-01
1.090310132708694341e-01 1.095906348316480344e-01
1.091683391515970575e-01 1.186715060138423816e-01
1.091957460364799126e-01 1.092063510691962669e-01
1.092583540187137964e-01 1.162764352737155060e-01
1.094222978710473748e-01 1.094410216012120518e-01
1.094754928612756278e-01 1.106239569285421553e-01
1.098614518707736465e-01 1.138031131662464029e-01
1.099202998279715515e-01 1.153393836264852562e-01
1.099961579467923084e-01 1.127765402138784651e-01
1.100108225482698265e-01 1.134130711256930713e-01
1.100254009366259528e-01 1.277864467807565685e-01
1.101484097573469795e-01 2.325317126865292794e-01
1.101801020136084358e-01 1.657377312423051752e-01
1.102473893209410943e-01 1.190712978141671985e-01
1.103776515362735883e-01 1.114625434543099480e-01
1.104629666143615296e-01 1.107457118846998378e-01
1.105432078093414316e-01 1.105734170914877690e-01
1.105584985377810608e-01 2.207516504571757632e-01
1.106219165277089050e-01 1.141472366801697114e-01
1.108333397747723048e-01 1.131048590987874108e-01
1.108432716002099722e-01 1.143633140924926461e-01
1.108772476693038328e-01 1.109284119777952521e-01
1.109978512685086544e-01 1.118327197256605704e-01
1.111211968917151238e-01 1.112024124112564877e-01
1.112514889601258217e-01 1.119534998332983311e-01
1.113767592978110454e-01 1.536893544365310615e-01
1.114152992808395415e-01 1.176836888319791885e-01
1.115086361597374814e-01 1.209143771198468442e-01
1.115672615972647663e-01 1.118717830127154284e-01
1.116662115495645480e-01 1.197072921151299679e-01
1.117435510458825026e-01 1.121444057589747884e-01
1.121054023094300023e-01 1.131933056838668322e-01
1.121350175162937196e-01 1.128167582383000495e-01
1.121550112296026691e-01 1.138452454996365243e-01
1.122004884808425196e-01 1.171697693933724249e-01
1.126516570642051573e-01 1.126547456432850369e-01
1.126754685653060667e-01 1.234311956711516833e-01
1.127738878364135805e-01 1.161945024530167681e-01
1.128399628858685472e-01 1.129777231669790855e-01
1.128409203102474084e-01 1.507538466637949603e-01
1.130050196433188270e-01 1.291237336508022360e-01
1.131602014397866951e-01 1.134315573133490435e-01
1.131708564563286973e-01 1.133810169153625369e-01
1.132119477377731553e-01 1.330952223708764259e-01
1.132298489097220834e-01 1.133731170594011600e-01
1.132652960250669638e-01 1.163759288713486079e-01
1.135582201161229043e-01 1.172415087966623137e-01
1.135635609602369533e-01 1.271377612366497989e-01
1.138609169290757533e-01 1.580043700274457175e-01
1.140799425187338789e-01 1.142452839335157955e-01
1.142215357950843030e-01 1.159941083583455879e-01
1.142777904524568261e-01 1.214596628612855528e-01
1.143002824141424595e-01 1.143739200642354820e-01
1.143114622353218479e-01 1.153486281648193473e-01
1.144843572659367953e-01 1.452462615825748093e-01
1.145206527107314048e-01 1.145697464373430230e-01
1.146369192572167101e-01 1.189319392467496905e-01
1.146551428745388040e-01 1.201009189693161283e-01
1.148493785559596969e-01 1.263654721111169277e-01
1.148634352531902048e-01 1.260999478655438488e-01
1.150285445399914369e-01 1.164965011242456022e-01
1.151228713813534366e-01 1.271152701378685801e-01
1.153164902437662925e-01 1.161412587050811018e-01
1.153807984113181806e-01 1.174982963806631975e-01
1.153968374935861740e-01 1.211142062677486031e-01
1.155091485281053432e-01 1.183129840907662100e-01
1.155867850556529103e-01 1.160527140039109423e-01
1.156366882499269000e-01 1.168884654895714498e-01
1.157194768529276746e-01 1.683965839756490501e-01
1.158192201785696873e-01 1.259972785723645627e-01
1.158896688401557795e-01 1.188536446723870432e-01
1.159278215457034966e-01 2.301145123443309737e-01
1.159545921156702186e-01 1.161982723314307214e-01
1.160993502013888123e-01 1.228752619800838886e-01
1.161473195565998623e-01 1.180592839717734266e-01
1.161591763463726418e-01 1.182260348289576324e-01
1.161775016389236664e-01 1.241881033290996722e-01
1.161800191789217063e-01 1.209758860049984369e-01
1.161827864162757740e-01 1.188157926437592160e-01
1.164016795947322991e-01 1.451754990071441043e-01
1.164952923134835866e-01 1.193405675207295513e-01
1.165358934300675248e-01 1.346592074630930946e-01
1.165862500319275047e-01 1.166732090671472599e-01
1.166829661527765544e-01 1.178836943109785179e-01
1.169357853686681659e-01 1.217399837282799602e-01
1.169402532912225262e-01 1.243305024618386462e-01
1.170541095862275560e-01 1.183587478887437039e-01
1.171583048644384284e-01 1.210251658723906359e-01
1.171865109338616207e-01 1.206601984729477328e-01
1.173443903920847187e-01 1.362964495326409731e-01
1.173505682340532374e-01 1.192111545350255097e-01
1.174032550422880461e-01 1.176102762358704895e-01
1.174139622012081580e-01 1.177346203202329633e-01
1.175069214187810240e-01 1.204583229500293257e-01
1.175506300833671219e-01 1.193622659007373271e-01
1.177663401752095662e-01 1.421225463835212866e-01
1.178833677006805025e-01 1.183238810720456807e-01
1.179733238857273575e-01 1.314001642351463328e-01
1.182264824817214205e-01 1.286817081111592265e-01
1.183194942972842639e-01 1.186143143002116873e-01
1.183465440885573955e-01 1.193142506398428421e-01
1.183749526943558561e-01 1.189583611876791902e-01
1.185520155631429734e-01 1.216209226338085397e-01
1.187201230612026093e-01 1.977658103927222577e-01
1.187276303224859691e-01 1.188113871408087857e-01
1.189434100642688119e-01 1.191677996056539068e-01
1.189560277044225123e-01 1.222877479971445913e-01
1.190965526528270230e-01 1.219159616678399949e-01
1.192103364256536652e-01 1.197278565343097290e-01
1.192527557017851458e-01 1.299573380851459792e-01
1.194235201358886250e-01 1.245309751249561725e-01
1.195893542740283505e-01 1.214736551183069058e-01
1.196344873534339326e-01 1.226573204325063920e-01
1.196621834178279997e-01 2.123885490063738279e-01
1.198618471960853915e-01 1.691764241278263803e-01
1.200554630247400306e-01 1.229450475602219539e-01
1.201723270998654586e-01 2.111704491768071901e-01
1.202384098687554748e-01 1.216240683452518012e-01
1.202962218739850875e-01 1.579358038709006429e-01
1.205515081220768225e-01 1.209156429868410293e-01
1.212827842487134156e-01 1.235841549798251948e-01
1.213642127676377858e-01 1.254672856826384297e-01
1.215454063390099815e-01 1.884300663205217830e-01
1.215734309058518203e-01 1.230017755601184593e-01
1.216601770856589465e-01 1.254523854497834323e-01
1.217903324689185579e-01 2.008113108334244057e-01
1.219735506842323930e-01 1.357925945803742096e-01
1.224563988246986923e-01 1.252509248472988279e-01
1.227346678893293103e-01 1.450178791710801662e-01
1.227627164519413117e-01 1.238475461099721314e-01
1.228910637606032558e-01 1.252219641924295634e-01
1.229209404356202823e-01 1.229615535712961782e-01
1.229342071332310410e-01 1.336135238941884296e-01
1.230203827461921612e-01 1.241153913745341036e-01
1.231755767556318298e-01 1.237207707052372929e-01
1.233287915427859899e-01 1.288103999159485868e-01
1.234435644356008943e-01 1.274931320398260126e-01
1.234542072020752279e-01 1.273665964915791926e-01
1.234636599259636147e-01 1.245525862625959101e-01
1.234908984419102879e-01 1.319205009193061551e-01
1.235024745749936093e-01 1.521731763720914343e-01
1.240072626442801640e-01 1.269176246195726498e-01
1.240192731982941582e-01 1.336824339555730268e-01
1.243654144324499444e-01 1.399851779697207366e-01
1.244020763889212705e-01 1.282715334758600112e-01
1.245162861354775219e-01 1.269443263944976530e-01
1.245200705129113905e-01 1.245343592288075812e-01
1.249493664143523364e-01 1.292000319612726655e-01
1.252579766563685915e-01 1.337461876027956631e-01
1.253877365367328522e-01 1.953478180731265113e-01
1.255602946752775728e-01 1.259441283593387695e-01
1.256395547864130602e-01 1.458645502956746609e-01
1.258070830236435456e-01 1.293984878589001797e-01
1.259269296417609707e-01 1.277374250130098310e-01
1.259683781595190566e-01 1.260393589587883723e-01
1.259731766259612751e-01 1.370671996571391216e-01
1.260118182332839176e-01 1.260953976776649221e-01
1.260395136819085216e-01 1.327518139736166003e-01
1.260992248440326868e-01 1.310018549298082036e-01
1.261784168421572205e-01 1.464116392990743587e-01
1.262062423690845647e-01 1.338848791301924523e-01
1.264143293170440219e-01 1.264477802448580879e-01
1.264310556546181241e-01 1.352003707150639944e-01
1.264474568201147120e-01 1.284312791708738244e-01
1.267546503215074005e-01 1.417640888426859314e-01
1.270094789378685696e-01 1.632157938408176634e-01
1.271406517462763119e-01 1.273641378397164237e-01
1.273410345324623438e-01 1.297457311113372203e-01
1.276093725520248134e-01 1.485942942968665470e-01
1.276955183310326536e-01 1.379086398694370219e-01
1.277505455918234445e-01 1.296713729921992464e-01
1.277662980575889062e-01 1.305585378295765486e-01
1.277917628469020794e-01 1.447445102573994558e-01
1.278988457723287953e-01 1.279071515501164213e-01
1.279237739303822341e-01 1.448205256350681425e-01
1.281824299976371262e-01 2.076702366877934969e-01
1.284076055535804395e-01 2.062915033378899532e-01
1.284956567139663441e-01 1.952139509086353308e-01
1.288319649166174696e-01 1.324064472053999852e-01
1.290778309101073829e-01 1.357293203293903627e-01
1.291344975100138792e-01 1.350320709970922461e-01
1.292015141425578439e-01 1.292525890912429032e-01
1.292066192060161156e-01 1.737652752932227485e-01
1.292481725429777406e-01 1.446410897389371897e-01
1.295267630782340751e-01 1.314108394246491229e-01
1.296261917653499518e-01 1.505590412537414768e-01
1.300399008611395069e-01 1.302305718224136821e-01
1.300537877661211428e-01 1.302490845519601315e-01
1.301828599882069726e-01 1.365948901406426053e-01
1.303828082266259847e-01 1.617624177482721859e-01
1.305757299153931239e-01 1.362135813327246814e-01
1.306223384276820332e-01 1.321144017669817206e-01
1.306259340676400316e-01 1.326071690928935232e-01
1.309186591484002571e-01 1.404858636915406189e-01
1.315454064373063892e-01 1.318491886884994024e-01
1.315503823507970793e-01 1.317006820471119943e-01
1.316597728239904674e-01 1.317221528582203927e-01
1.316766446290004167e-01 1.323671145139904970e-01
1.317476597709440478e-01 1.390560888456355837e-01
1.317615515508355484e-01 1.359810759829487847e-01
1.321917209608720056e-01 1.384091644707001745e-01
1.323034951530177583e-01 1.356066309783895141e-01
1.327607879024648996e-01 1.329570534542637850e-01
1.327886571187229525e-01 1.500666595501302658e-01
1.329173821139277289e-01 1.413887406486320220e-01
1.330781828407567313e-01 1.343949646772156226e-01
1.330987841354109302e-01 1.664555532611908806e-01
1.331012801562350967e-01 1.368231412764234489e-01
1.332666386380516044e-01 1.411803854502235722e-01
1.333300844719402800e-01 1.374586976915905812e-01
1.335622411471044380e-01 1.337399558314225079e-01
1.336699776071983703e-01 1.364549683496950883e-01
1.337954357367527880e-01 1.440194147070654462e-01
1.338472983516950932e-01 1.871650899866540985e-01
1.338536107102253903e-01 1.366096589294518437e-01
1.339847270321367356e-01 1.342083172155140169e-01
1.343841952278240492e-01 1.343878525174644345e-01
1.344195806880517374e-01 1.344494122016652582e-01
1.344412179003401375e-01 1.347235919312083918e-01
1.346876119689389140e-01 1.347264594370065904e-01
1.349942808483482748e-01 1.351019040506293845e-01
1.351391983745018344e-01 1.662200746479208513e-01
1.356163566061961701e-01 1.378750855423912514e-01
1.356271870025160531e-01 1.363026155995606115e-01
1.357727526369199023e-01 1.363850989745712117e-01
1.361724809483569054e-01 1.364017509727279420e-01
1.362742223859226831e-01 1.382072325080755670e-01
1.363709586121261974e-01 1.464064591189761788e-01
1.366061553932914618e-01 1.444186600002379806e-01
1.367149905769228235e-01 1.402414049214741887e-01
1.368268224608825967e-01 1.427997794444484103e-01
1.368635232120515022e-01 1.370153235543466463e-01
1.373418113869077917e-01 1.373608476386764810e-01
1.373511778461745936e-01 1.375839874989980283e-01
1.373666358711434776e-01 1.408331757553700492e-01
1.375581448386713479e-01 1.424328943031436256e-01
1.377780071404642037e-01 1.381255034919874891e-01
1.377934858478493674e-01 1.382355971780142856e-01
1.383885338731761228e-01 1.439804135423436160e-01
1.386929673051169043e-01 1.555505900952039999e-01
1.387606975839855428e-01 1.562576977726907734e-01
1.388147985145502528e-01 1.388435909469000751e-01
1.389233822805633067e-01 1.392487063770194433e-01
1.391872896947867755e-01 1.411591935772917306e-01
1.392429043268113009e-01 1.445325467929498287e-01
1.393821520217186360e-01 1.402129599432352935e-01
1.393847874766795669e-01 1.396239074913945277e-01
1.397468225818856991e-01 1.423309232501699384e-01
1.399053301843162234e-01 1.403418214767760963e-01
1.399251744904190520e-01 1.411146007880123843e-01
1.399723828945093063e-01 1.400503615759277620e-01
1.401138504419892350e-01 1.478343239422415523e-01
1.405538700806180652e-01 1.412773451952460957e-01
1.405690508930046989e-01 1.433569515141702722e-01
1.407068214729255140e-01 1.420439515061560631e-01
1.407187390770943403e-01 1.415962657621902820e-01
1.410113906068379552e-01 1.410130295755888108e-01
1.413721255557033873e-01 1.437576498102083045e-01
1.414597893924517402e-01 1.430035528541695744e-01
1.420883465713897176e-01 1.423986141725640808e-01
1.427494469836080304e-01 1.438973615954821650e-01
1.429999189737092835e-01 1.430011053368229479e-01
1.430721631153569484e-01 1.431840292579764362e-01
1.431642084159319706e-01 1.436656658082157145e-01
1.432691466743728215e-01 1.432763578617652911e-01
1.433210754143240395e-01 1.570368298350973968e-01
1.434844093645327723e-01 1.531770501937069762e-01
1.441702939944410622e-01 1.555946300645122959e-01
1.441813723147744031e-01 1.503991914643680039e-01
1.441992625571493769e-01 1.451339148808545032e-01
1.442718221344008456e-01 1.475434909785103554e-01
1.444083311264448000e-01 1.458831766433269783e-01
1.444404236609297676e-01 1.444608414407869135e-01
1.444750982863374500e-01 1.864413714684684809e-01
1.448984322118553325e-01 1.458775912690702947e-01
1.454080057933612724e-01 1.570426650568879645e-01
1.457731289815558662e-01 1.648596741441426539e-01
1.462303877171997613e-01 1.864164933563885462e-01
1.465287436372380570e-01 1.519064652869538956e-01
1.468773264557353964e-01 1.608703832863228600e-01
1.469824730892912990e-01 1.481661274330152156e-01
1.475038555009692831e-01 1.479709067475578899e-01
1.477911657253027922e-01 1.531698522155024167e-01
1.480342978671553289e-01 1.485423342217589426e-01
1.481626510427350718e-01 1.485547161699604934e-01
1.482705567516589551e-01 2.273494670050993649e-01
1.484644127074945252e-01 1.486766174581444222e-01
1.485007631029469366e-01 1.591702513872287617e-01
1.485496701150360033e-01 2.150103961782398043e-01
1.491449939995652674e-01 1.493220782130587343e-01
1.491457155861404260e-01 1.530816337003724215e-01
1.493183448399984792e-01 1.554744771849380924e-01
1.494135991889078419e-01 1.500888557705958026e-01
1.502212318938591362e-01 1.502217759352214854e-01
1.515661124816310157e-01 1.517672957142373880e-01
1.518724900838264169e-01 1.518750532593510782e-01
1.520147385567005571e-01 1.525272328006702094e-01
1.520962823222317406e-01 1.537715456330840946e-01
1.527878008268656329e-01 1.531513744329850990e-01
1.528445436062123297e-01 1.696727567668300518e-01
1.531468864719326139e-01 1.532373593458209726e-01
1.535456301109855148e-01 1.539326406535702074e-01
1.535675101432447676e-01 1.546455225683199264e-01
1.543580649394136473e-01 1.548912467255833536e-01
1.544153285605783243e-01 1.544702046547801744e-01
1.549445318180553977e-01 1.555436033821243624e-01
1.551087984188430635e-01 1.553225969517802452e-01
1.552148351170512530e-01 1.882540424940368773e-01
1.554021057824183649e-01 1.554882193439943161e-01
1.557769171088358162e-01 1.558253515404495471e-01
1.566429226538720854e-01 2.235060636044526039e-01
1.570005732296915202e-01 1.576093377157668229e-01
1.573702589240893734e-01 1.574004131821365171e-01
1.573992741728561517e-01 1.628977533217734475e-01
1.574211240910411425e-01 1.656585348036959948e-01
1.579315464867717400e-01 1.656112802464145273e-01
1.582811283368625865e-01 1.639115016855855478e-01
1.585983252677497790e-01 1.759864022709524134e-01
1.587367305825918284e-01 1.789958683680195062e-01
1.589593573531661308e-01 1.613894585076497967e-01
1.596833326247413254e-01 1.603959301414117911e-01
1.600619174145713752e-01 1.822294010489483862e-01
1.600977081944663094e-01 1.603253569188564376e-01
1.610863229117106277e-01 1.660315384257206872e-01
1.612169415704043374e-01 1.616182442102886696e-01
1.618739057274680149e-01 1.618749856715431534e-01
1.629239533968410703e-01 1.632466973367730501e-01
1.629689422977745605e-01 1.629703807800837179e-01
1.629888997226552616e-01 1.629913117334744199e-01
1.632046242869599484e-01 1.683630885992941362e-01
1.640511720994855538e-01 1.690289742173859688e-01
1.641405739750985970e-01 1.647706463308890867e-01
1.646635932685059645e-01 1.647179519382042656e-01
1.649519666497346049e-01 1.649746447726655740e-01
1.650588615013292015e-01 1.729499413527158247e-01
1.656975575110961607e-01 1.669098906236178015e-01
1.671563159073921057e-01 1.783455772507229198e-01
1.672176265222147518e-01 1.678961558012990463e-01
1.673445439808525226e-01 1.709185561058691183e-01
1.676435229457816922e-01 1.686663546619741050e-01
1.678738906937592146e-01 1.777538766600113562e-01
1.679748355060520781e-01 1.710751975993412832e-01
1.682337631142299117e-01 1.707206771624975583e-01
1.685632601467723368e-01 1.685790277950245386e-01
1.685844960361501388e-01 1.847170106078453167e-01
1.691033676535551311e-01 1.707425672642196857e-01
1.691967488503427208e-01 1.894603695628107043e-01
1.693276533673360729e-01 1.711853016094755930e-01
1.694801800595442109e-01 1.727752477359003891e-01
1.696931856244384140e-01 1.703073093398482507e-01
1.698587748530447639e-01 1.786286730026379332e-01
1.700383849266769165e-01 1.725238552044681961e-01
1.701031792008462495e-01 1.758182392209357570e-01
1.704343300034195097e-01 1.748341521994460079e-01
1.704903627196717730e-01 1.707171562089313532e-01
1.708870898920211157e-01 1.708876254276174289e-01
1.711169166714207324e-01 1.722697175114573653e-01
1.712436890145931923e-01 1.746130665407692184e-01
1.712752572234394755e-01 1.717602474546188474e-01
1.734710525166417994e-01 1.806686792678462994e-01
1.736405199656315124e-01 1.750286861775250113e-01
1.744823793650591703e-01 1.750721110540946479e-01
1.751327058439053896e-01 1.769284476217903024e-01
1.751688804267583777e-01 1.752274005561956782e-01
1.751693887303420738e-01 1.763747324091226032e-01
1.755907150565512720e-01 1.774328913530309193e-01
1.763541189478844973e-01 1.763547951367169520e-01
1.764441048298337478e-01 1.770226808247141181e-01
1.768665766421100016e-01 1.839735127467807818e-01
1.769080274272834263e-01 1.772072021923016272e-01
1.775960078887655613e-01 1.840803196229663374e-01
1.779388148460981367e-01 1.781601718637075837e-01
1.780353581221166270e-01 2.083125043893969408e-01
1.803130440497178744e-01 1.820356853789106000e-01
1.803463073039521247e-01 1.917513749650077426e-01
1.806645440191082530e-01 1.854284727550730705e-01
1.806837991686950362e-01 1.861115012235381727e-01
1.810543804678323709e-01 1.822921575709501585e-01
1.814090447210290613e-01 1.822629897359761553e-01
1.817234543365357224e-01 1.825980938941957343e-01
1.820295038844601532e-01 1.822458570888793317e-01
1.821425850992604567e-01 1.823778242468319100e-01
1.835673636612644710e-01 1.863869753228381831e-01
1.840941933694750510e-01 1.884481386905627887e-01
1.846641529999937525e-01 1.905542233711287614e-01
1.847520612443022403e-01 1.848644137962687228e-01
1.851504382314839159e-01 1.942517235735832792e-01
1.854797140214852202e-01 1.880555377752295421e-01
1.857180184520040578e-01 1.868638817688451359e-01
1.858488203969800023e-01 1.866494204554124403e-01
1.869364475686276783e-01 1.874132646465104524e-01
1.876737634545767031e-01 1.877273885290479394e-01
1.879620159942149982e-01 1.890694715298223971e-01
1.890807981688351902e-01 1.929093313574979096e-01
1.898571450184359521e-01 2.058595788750546551e-01
1.903384169134950121e-01 1.918413398991673791e-01
1.906605151148186017e-01 1.929045483669389882e-01
1.911288284740357835e-01 1.949030102524413055e-01
1.923623246407124565e-01 1.940620686234759695e-01
1.926187234275689997e-01 1.927942781833064390e-01
1.947205613045916994e-01 1.952606086817626763e-01
1.964748390579804660e-01 2.020154371749912359e-01
1.971254498182566650e-01 2.126378760038242777e-01
1.981424863463562003e-01 2.072572565257266852e-01
1.981789847609037591e-01 1.994069804184082639e-01
1.990809539150140972e-01 1.991188182244893468e-01
1.992217225560174720e-01 1.993126801526119984e-01
2.019020373234850230e-01 2.068232415328530582e-01
2.031242835056463192e-01 2.087018833336148904e-01
2.045528556564379097e-01 2.063515872035538712e-01
2.055477456117116297e-01 2.066155413719240608e-01
2.062553486588619145e-01 2.115255432339849251e-01
2.068948815492170357e-01 2.069914554308711352e-01
2.070664191400345133e-01 2.079400020622983736e-01
2.071742812084049479e-01 2.078382061879554821e-01
2.074734383373268709e-01 2.074967092324796758e-01
2.080788807108937266e-01 2.101324035457438344e-01
2.086459947428081219e-01 2.096051833704602740e-01
2.109285965162437382e-01 2.143772986070316966e-01
2.111511702353947584e-01 2.130307170520325810e-01
2.114752140812650727e-01 2.138451384214095086e-01
2.128470261179526424e-01 2.146530589775108855e-01
2.130825261233447177e-01 2.130974928782425892e-01
2.175890961224520304e-01 2.183079877353493181e-01
2.177442401694268115e-01 2.232626395197603031e-01
2.183056300999156041e-01 2.186129592896903784e-01
2.184365585690308531e-01 2.185007541504107864e-01
2.186548008670609888e-01 2.189811609563388217e-01
2.197491095796661464e-01 2.241438358743419734e-01
2.198100995890460707e-01 2.207256538264974755e-01
2.227483991996141721e-01 2.278921121209978862e-01
2.233545850317427417e-01 2.235962346512418430e-01
2.251915404779745167e-01 2.251946888622020082e-01
2.268272665473319294e-01 2.270070008239304660e-01
2.282667650189073305e-01 2.289978405030143882e-01
2.283618812076275151e-01 2.287891583628410830e-01
2.297697634213272666e-01 2.346943240645842921e-01
2.313594292343763570e-01 2.313672177875923663e-01
2.386423203467457621e-01 2.387824467427331898e-01
