2.343542505747843105e-02 2.457799707413709650e-02
3.192361909308777390e-02 3.348893670124526017e-02
3.736463559650626820e-02 3.771123917923398239e-02
4.087893449833921583e-02 4.088578770344098584e-02
4.143619244216079772e-02 4.416614481465007402e-02
4.546228063452638357e-02 4.555998587296224839e-02
4.676740022314173489e-02 5.276375180035427354e-02
4.797611287194449015e-02 4.871984362720575140e-02
5.048968172169243651e-02 5.299361687355861467e-02
5.119009733318197891e-02 5.467833470871633073e-02
5.122499965740723304e-02 5.535974463217314956e-02
5.208493208797428803e-02 5.695020547885667334e-02
5.215469325791715488e-02 5.222391070522774958e-02
5.284475821782076699e-02 5.312480282979482188e-02
5.361426040667040260e-02 5.362810579746711548e-02
5.362044097111205720e-02 5.513588361593727005e-02
5.365825377988151651e-02 5.669792081565801223e-02
5.401478617949305450e-02 5.638702170472845859e-02
5.428188445410757346e-02 5.500179426394700977e-02
5.454717556660466926e-02 6.205053228490665235e-02
5.494447761769361005e-02 5.918894251335608814e-02
5.514754662249457540e-02 6.014043131182584406e-02
5.661639718367472707e-02 5.719288609657846578e-02
5.680629071991546986e-02 5.681212735926315094e-02
5.697413450083992775e-02 5.891368075224481804e-02
5.830244353012065117e-02 6.068723868995745674e-02
5.933325521727823154e-02 6.409139225195342737e-02
5.961593249180469067e-02 6.003735877578576102e-02
6.045811744884898448e-02 6.122132736543796361e-02
6.061486436009760198e-02 6.119805740565030516e-02
6.089014797696393200e-02 6.650903625671725217e-02
6.126707756197469212e-02 6.417484696037603631e-02
6.171568551308890399e-02 6.647281989503869837e-02
6.231389205918691498e-02 6.321717284759861832e-02
6.241749018174624214e-02 6.247061818675961331e-02
6.283702014077366393e-02 6.505070028494801260e-02
6.300112065975436992e-02 6.536615147869664910e-02
6.306992753732759693e-02 6.722178266000530811e-02
6.534003843905206166e-02 6.616032436358422475e-02
6.550406668912102381e-02 6.591394814501114197e-02
6.582220415501575939e-02 6.591268036557429433e-02
6.675299517535181193e-02 7.251356656491848851e-02
6.737413342940126726e-02 7.061440613887297324e-02
6.748129939543102973e-02 6.748616572670126934e-02
6.761987923641378517e-02 7.467939129397539733e-02
6.774025341945030809e-02 7.017246346029466786e-02
6.783787145157413323e-02 7.592371664613492555e-02
6.799693372637197197e-02 7.153422094086708816e-02
6.836893000873336956e-02 7.748922439406166762e-02
6.871470670164052386e-02 7.319603577554488483e-02
6.876962261710298230e-02 7.393720134648106013e-02
6.885058683942633928e-02 8.208313435907471645e-02
6.893146115135606600e-02 7.524467832844568271e-02
6.898583821385194381e-02 7.775698068854081102e-02
6.900007542392659621e-02 7.189239190664714618e-02
6.900476090951562780e-02 6.910683203738231251e-02
6.909481598553571247e-02 7.227466818986114094e-02
6.932026629892124037e-02 6.952659721991844011e-02
6.936644744787832939e-02 7.012132214763418248e-02
7.013946007360843948e-02 1.044713504492499473e-01
7.020729658181447397e-02 7.261539026333291291e-02
7.063640445258738410e-02 7.290172813758921677e-02
7.063758551947016406e-02 7.195377913410770654e-02
7.066112834403380505e-02 7.177860862228002681e-02
7.069712494735871933e-02 7.464032978160098364e-02
7.108529169339161680e-02 7.189530505104897717e-02
7.133182017043732115e-02 8.070448501479569881e-02
7.147096944507617955e-02 7.236988063237045909e-02
7.196731081407345409e-02 7.400844691407389153e-02
7.233544426225066437e-02 7.282917359160255566e-02
7.235893391791646534e-02 7.482103088749555986e-02
7.252158117877806343e-02 7.380384969669122330e-02
7.271438906006333358e-02 7.274208044180435762e-02
7.336482051978478192e-02 7.624928572977551777e-02
7.368043929240028489e-02 7.372590071373040510e-02
7.369794677101849933e-02 7.873165242454070734e-02
7.375128791763871372e-02 9.217201890592328917e-02
7.397064428051913776e-02 9.013254269944830088e-02
7.418937951292628452e-02 7.980796490343348981e-02
7.425055404079453081e-02 7.475380487995564316e-02
7.438215410437479247e-02 8.437157622192395512e-02
7.456398536857627990e-02 7.578284944152614833e-02
7.461621153894029690e-02 7.502123855669955155e-02
7.477792945546545000e-02 8.077393307918658005e-02
7.502180675470578042e-02 7.628109222195732231e-02
7.502450542033306524e-02 8.178405656463551276e-02
7.513132940443013885e-02 8.057062246244567350e-02
7.572164067445867619e-02 7.603322531901135495e-02
7.617177862578922154e-02 8.225299290231118110e-02
7.633211538642600824e-02 7.753934006264306955e-02
7.667787357078205412e-02 8.031677220031727127e-02
7.688724344810766997e-02 7.688960913763669136e-02
7.694922792736609563e-02 8.500861290376789114e-02
7.760288561054803913e-02 8.235265310497469349e-02
7.797740444885722932e-02 7.923216233373674144e-02
7.801747539744535720e-02 8.006462953898968449e-02
7.921858216782431961e-02 8.085511253477209448e-02
7.923021774436117548e-02 8.030047140681009776e-02
7.923948700830882319e-02 8.006009608121397725e-02
7.925521776176361333e-02 9.980079646815202821e-02
7.987447413699179377e-02 9.099554799425185747e-02
8.031985086604388757e-02 8.245240535532569193e-02
8.039971814520989468e-02 8.051389637899136753e-02
8.059268128820955279e-02 8.092746295416895774e-02
8.066913856151340656e-02 8.067551151083000860e-02
8.084952785734030034e-02 8.921390001656427649e-02
8.103659412572158938e-02 8.580058132276900673e-02
8.106919875853710322e-02 8.113571525339745294e-02
8.140936724944963787e-02 8.156426185943217722e-02
8.147834674695275670e-02 8.313846199795933700e-02
8.161542361280153812e-02 8.234900215964931214e-02
8.168605984032462075e-02 9.260804971374321515e-02
8.201136510801410040e-02 8.761112821592532962e-02
8.220034724280551874e-02 1.047730392790621329e-01
8.227751501428116898e-02 8.345800559074539882e-02
8.252160061264507407e-02 8.607297968953758760e-02
8.256413500772928626e-02 8.995676298996781173e-02
8.303709307523429728e-02 8.367991839781069308e-02
8.305935620316848289e-02 8.382198145962423130e-02
8.316936462101576222e-02 1.194903765627925163e-01
8.318034064455601118e-02 9.247257286109865360e-02
8.333555971616692093e-02 9.229905155052997578e-02
8.354306757645899029e-02 9.223230906687232555e-02
8.370023907533263863e-02 8.817926446544992192e-02
8.378764089591227149e-02 8.539919064011522454e-02
8.389337884198683204e-02 1.056500553522820018e-01
8.440309937705874066e-02 1.084371647564795343e-01
8.463188357143643092e-02 9.066398934776015439e-02
8.467419704912797218e-02 8.844061700138268478e-02
8.495379986713572085e-02 9.028154007670355363e-02
8.514679450940697281e-02 8.605822963041941109e-02
8.523553447660614513e-02 8.572243700037220082e-02
8.580813427785610736e-02 8.886585622637123427e-02
8.584334747194145854e-02 8.795335965006134682e-02
8.605563815291369933e-02 9.255188007638338876e-02
8.614747155390929667e-02 1.057191655089742000e-01
8.617430588784077972e-02 8.618410045207391956e-02
8.623729457407521004e-02 8.666609619040668844e-02
8.632055410330909118e-02 9.796472247214811635e-02
8.646648361841223485e-02 8.925918922869920114e-02
8.656222534475031816e-02 9.868428925034260224e-02
8.658089257146776851e-02 9.999509775898439423e-02
8.695365820147187008e-02 8.695513848299840642e-02
8.696793898098437170e-02 1.005839310243887286e-01
8.727953944149652310e-02 8.733347039854567895e-02
8.760145610121854165e-02 9.205480264144803859e-02
8.764395313892242578e-02 9.952412537954744010e-02
8.775225911429831993e-02 9.314907566999622301e-02
8.790460754060391846e-02 8.919008993547768160e-02
8.796671138610326346e-02 8.844923388869799230e-02
8.808975980671868156e-02 9.700488359352438250e-02
8.851114012137144271e-02 8.985428433099068579e-02
8.867443662425220086e-02 9.051006660350674471e-02
8.867463961258728600e-02 9.077134795260656530e-02
8.884471562305090719e-02 8.886173416893447530e-02
8.937581374793102107e-02 9.599035578149885117e-02
8.950051617471140031e-02 9.061677653164834645e-02
9.003494597326903992e-02 9.160311547560288925e-02
9.024677536097679142e-02 9.173348881547886691e-02
9.027305293970057376e-02 9.826972887686157010e-02
9.032108051486337219e-02 9.176656420124282287e-02
9.035093893579723701e-02 1.247341139918821395e-01
9.065423565526813110e-02 9.070075393520490858e-02
9.066858503643339395e-02 9.176641281305294995e-02
9.072696521014911308e-02 1.303959238246673591e-01
9.087764112641980030e-02 9.553024193930920172e-02
9.096520598685137182e-02 9.504641170067984479e-02
9.103262857740569702e-02 9.648191562039082347e-02
9.109597785461705233e-02 9.326250077170454567e-02
9.115673911857856415e-02 9.524701449969558142e-02
9.129172246445789451e-02 9.992348088845852405e-02
9.130444343802818219e-02 9.142889137911097697e-02
9.133300419628354039e-02 9.267400871713081523e-02
9.143513749957107861e-02 1.344314150094501337e-01
9.147489933442974619e-02 9.208980450854128974e-02
9.148520196211022693e-02 9.917877983852146917e-02
9.171110238530139069e-02 9.176966508885719964e-02
9.192308171358566649e-02 9.202668142989693656e-02
9.224193132798573502e-02 1.040667451384904019e-01
9.235526414774762605e-02 9.692200550136652326e-02
9.275099818776466609e-02 9.281863900552843327e-02
9.298730378672044605e-02 9.319033658777325924e-02
9.301338768710842864e-02 9.355366701134751328e-02
9.303323910164279509e-02 9.322304071412955417e-02
9.306862403310225962e-02 9.519702330441724702e-02
9.325364236178634858e-02 9.329954216658371824e-02
9.340806910239836391e-02 9.662115073088606287e-02
9.373822048149187125e-02 9.419931882851630134e-02
9.379930007702520778e-02 9.735217311911717464e-02
9.389570049441209321e-02 1.015366004584496301e-01
9.416204180536444368e-02 9.520887958681267804e-02
9.421433532830773838e-02 9.476115355037997845e-02
9.445537838884164594e-02 9.826680907800190712e-02
9.470337184112267992e-02 9.482370882276755508e-02
9.499544020147977774e-02 1.056467095787459037e-01
9.521810822026624543e-02 1.246744120653477395e-01
9.539696380334759807e-02 1.044748631207155776e-01
9.575346630252466740e-02 9.624102356324970575e-02
9.575548258175903271e-02 9.743341182137656153e-02
9.583880975443577477e-02 9.869186191787648887e-02
9.606477772880210597e-02 1.053766888632142185e-01
9.613790346817155386e-02 9.631875688002511371e-02
9.616841088116587222e-02 9.681327067860565072e-02
9.631486753002804768e-02 1.012568584838627467e-01
9.652153192062040699e-02 9.688660166287516029e-02
9.668211473688981261e-02 1.051500173695027046e-01
9.672248402783978349e-02 9.758781081544644354e-02
9.685634269225103232e-02 9.965843845929438227e-02
9.692342680644501496e-02 1.339491861586241672e-01
9.699318098882303563e-02 9.722450601392541858e-02
9.711227857757927240e-02 1.008325218250366306e-01
9.723380777819685961e-02 9.757727341351231376e-02
9.749136963109281129e-02 1.501663787230087255e-01
9.760379353501727473e-02 1.089498547343476509e-01
9.775295836602947153e-02 9.786756283769994236e-02
9.779625905424030319e-02 1.058943220804218904e-01
9.786680398581314166e-02 1.000830371519877970e-01
9.789931330066574400e-02 9.858982121865904336e-02
9.834759170367797509e-02 1.596457172206234842e-01
9.835189019596661530e-02 9.837234182883089484e-02
9.851993832679704910e-02 1.436382102970034103e-01
9.853353737333842011e-02 9.971634779747727551e-02
9.856172501142254627e-02 1.028417997603471024e-01
9.858601338967844241e-02 1.007883184103539193e-01
9.864091806811198238e-02 1.012295449418726401e-01
9.865711600249210678e-02 1.062941530735532353e-01
9.894090343959315026e-02 9.953313617459838558e-02
9.895615313034761273e-02 1.024338343677041879e-01
9.901111522246759666e-02 9.901404617126093044e-02
9.903567249595122968e-02 1.029991556044606432e-01
9.907258154910185410e-02 1.057992452867017180e-01
9.922113990390811489e-02 1.043660436176709894e-01
9.922567079914361432e-02 1.446619923275262176e-01
9.928905046104731513e-02 1.112768169618232189e-01
9.937614973996564127e-02 9.960366111772538111e-02
9.944695185204505128e-02 1.022247072732076767e-01
9.953771589393839436e-02 9.963725405931765644e-02
9.956311164347886322e-02 1.040294596709580299e-01
9.959223027933800099e-02 1.011668982188156651e-01
9.977207213129202223e-02 1.002990736302630526e-01
9.983453605509706730e-02 2.167931231531762815e-01
9.985020894631059518e-02 9.988445727602825175e-02
9.990953083833883919e-02 9.990978086524077151e-02
1.001397369128180087e-01 1.002506721896591624e-01
1.003633913161623842e-01 1.062287347659880282e-01
1.005350431854578480e-01 1.005396980110410537e-01
1.005861083039462367e-01 1.017416308299209371e-01
1.006419140185576683e-01 1.169215240577151649e-01
1.006797449988656029e-01 1.197489028256860377e-01
1.007368705272262688e-01 1.050871306175521214e-01
1.008841385169352428e-01 1.032955767920923779e-01
1.012354664284075140e-01 1.122971431503860529e-01
1.013589895937555135e-01 1.467902108755417545e-01
1.015324763767803812e-01 2.169410191708193991e-01
1.016212947680567025e-01 1.034649823776447736e-01
1.016247507120474625e-01 1.233744373540874711e-01
1.017299530247962047e-01 1.020037139837061679e-01
1.017866833152493988e-01 2.406004382581952150e-01
1.020756680237806524e-01 1.215878701459659067e-01
1.021124129758887861e-01 1.029540527843939013e-01
1.022234034378819434e-01 1.155610057533897617e-01
1.022246351525576136e-01 1.084209768414306635e-01
1.024034758553261232e-01 1.055758791776405942e-01
1.024118325721178058e-01 1.151584710534842293e-01
1.024576515146919664e-01 1.030589089197370134e-01
1.024632826503243943e-01 1.028314004059831671e-01
1.026362440199497794e-01 1.056551140308222003e-01
1.027849806978913261e-01 1.107000094110022897e-01
1.027939399771126833e-01 1.279607750037879965e-01
1.029421509092708492e-01 1.035312683795649447e-01
1.032632388502320447e-01 1.059932577658646430e-01
1.033671366443918160e-01 1.344056264327883887e-01
1.033938679405263517e-01 2.168204934273553486e-01
1.035258058964071415e-01 1.036580444357089181e-01
1.036263131046058633e-01 1.094390456874983070e-01
1.036933269588797280e-01 1.059657038718354455e-01
1.038624864799132103e-01 1.068201290276383775e-01
1.038950990420648562e-01 1.110824211258375077e-01
1.040296846262267344e-01 1.059198026202883003e-01
1.041815187715024876e-01 1.068231408667616733e-01
1.043948221729426168e-01 1.086812138990704280e-01
1.043998958733611537e-01 1.448371318973774025e-01
1.044437831094435776e-01 1.059273408567552588e-01
1.045198634264938031e-01 1.058398357204322487e-01
1.045214150247447821e-01 1.045255426069499199e-01
1.046618983643719109e-01 1.416405143732197003e-01
1.046966301708339847e-01 1.052491038595120693e-01
1.046974337923403942e-01 1.099163222139516866e-01
1.047449963998251521e-01 1.876972965555067652e-01
1.048028128975453527e-01 1.053251349364095063e-01
1.048642288699239977e-01 1.062772527772843784e-01
1.048768268105352564e-01 1.055595270265813901e-01
1.050946247449793952e-01 1.404054834696739362e-01
1.051744396091593009e-01 1.841556858248183937e-01
1.053236753834393552e-01 1.064253086945331495e-01
1.054819836605267458e-01 1.060937078432165614e-01
1.055674178905577076e-01 1.144464199932320875e-01
1.056572239873014296e-01 1.067497814224184771e-01
1.058778564946274564e-01 1.366770030677200154e-01
1.061426058553015389e-01 1.066129238762041492e-01
1.062694179312868442e-01 1.699921460073160195e-01
1.062956046707754926e-01 1.325762608924584696e-01
1.063014513477056611e-01 1.072657075959059653e-01
1.066313572235705331e-01 1.066465469251399178e-01
1.066633672915139885e-01 1.067631363929090471e-01
1.068269512889308548e-01 1.078996194765898115e-01
1.069142302278281165e-01 1.070516830146485826e-01
1.070917517609140945e-01 1.074940958094631749e-01
1.074100758782926823e-01 1.074139117146389460e-01
1.074498836456427714e-01 1.083523281420549628e-01
1.075069467797468981e-01 1.462578804033879964e-01
1.077936799100185777e-01 1.349519521207147854e-01
1.079710353855887067e-01 1.120008435632469518e-01
1.080330765431535556e-01 1.110994752959379023e-01
1.082018411366340166e-01 1.217233161603474279e-01
1.082625425076380737e-01 1.295113679973163290e-01
1.083034068327032584e-01 1.087012161846275110e-01
1.083624687894223643e-01 1.163012461972208755e-01
1.087609379938482695e-01 1.094136743871760992e-01
1.087613660420462813e-01 1.158474979249652509e-01
1.089310617529185288e-01 1.093723593688128992e-01
1.091239635065897468e-01 1.165580269803062480e-01
1.091662498084354782e-01 1.092171965915017529e-01
1.091668328996490966e-01 1.447238644683979947e-01
1.091711827923306788e-01 1.182848277073910437e-01
1.092644478620830861e-01 1.156646382081223667e-01
1.093211008707573872e-01 1.280386302652166963e-01
1.093537716961056061e-01 1.726766333929311836e-01
1.095809911265550746e-01 1.097910757013078054e-01
1.098933052541275629e-01 1.099241052713174349e-01
1.099483680474406533e-01 1.544302935930394471e-01
1.099533354994739753e-01 1.151244850166482370e-01
1.099711153228833810e-01 1.113582013338435955e-01
1.101746842853591063e-01 1.101811588690156385e-01
1.104293661410627042e-01 1.194622019285372788e-01
1.105329717654816440e-01 1.112627114654969884e-01
1.109798280315821006e-01 1.156394247906710748e-01
1.110068481059822421e-01 1.137727760101892721e-01
1.110173969855555720e-01 1.112250059740864522e-01
1.110643418609600641e-01 1.112280440933687414e-01
1.111250282402384132e-01 1.130538074275973803e-01
1.112882260438660120e-01 1.114644539751975250e-01
1.113098350713790097e-01 1.113133120876529797e-01
1.114721489895848239e-01 1.168000417561750048e-01
1.115528998984850195e-01 1.128912879838486760e-01
1.115792525508737532e-01 1.120225069090067804e-01
1.117417752605318892e-01 1.150720375580940730e-01
1.117488200154682643e-01 1.160318069032423155e-01
1.119221178717611787e-01 1.818567317177154918e-01
1.119368409645787044e-01 1.203261162853050681e-01
1.119854538775364866e-01 1.254183546579655528e-01
1.120818658977792703e-01 1.210077317072379977e-01
1.120900966275618499e-01 1.402987661896154536e-01
1.121472178123806146e-01 1.134967363636840421e-01
1.121670189496221243e-01 1.244791889494257370e-01
1.122984721703397804e-01 1.147493765456188142e-01
1.125282864946422212e-01 1.126923111083368706e-01
1.126192446849219042e-01 1.153470651379889661e-01
1.127074882916022230e-01 1.438447360597803482e-01
1.128223154311796955e-01 1.143469186689885508e-01
1.129378759272950117e-01 1.795772387157907324e-01
1.131770470534010087e-01 2.401361105840582044e-01
1.132231552668432895e-01 1.169307897717861006e-01
1.132958310642566413e-01 1.177930140510001084e-01
1.133184657201291440e-01 1.133191388642365571e-01
1.133748598698179205e-01 1.142735353527289943e-01
1.133784564854212751e-01 2.276514316330400245e-01
1.136019854377515736e-01 1.227280587685576629e-01
1.136197297392553679e-01 1.139690922140162849e-01
1.136516253281780048e-01 1.255002715567473115e-01
1.139699898205557560e-01 1.839607138494711025e-01
1.141071090021756052e-01 1.141095409794753157e-01
1.141156144232591402e-01 1.379559508842000959e-01
1.141839553200045404e-01 1.223359091944978411e-01
1.142118099010877574e-01 1.263686536435478236e-01
1.145243518000814559e-01 1.556460219480872154e-01
1.145323707725231649e-01 1.149264153339280420e-01
1.147191930470384813e-01 1.179030121798111952e-01
1.149285451934726199e-01 1.151655880419190231e-01
1.152698704633285248e-01 1.157164362220784865e-01
1.153667015076004776e-01 1.417399938387050029e-01
1.154189443764463280e-01 1.162706601974504289e-01
1.156379064077752844e-01 1.158524145734265570e-01
1.156512431143648656e-01 1.915407390455082237e-01
1.156858580373966855e-01 1.459589602586707502e-01
1.156903660171488823e-01 1.178999569197783232e-01
1.158598367072545821e-01 1.159958737186426864e-01
1.159278506912627543e-01 1.192505920876129749e-01
1.160004710845845832e-01 1.161773969432352699e-01
1.160005298289571718e-01 1.161237942669561402e-01
1.160724909890226281e-01 1.216290355869449613e-01
1.160790976478204284e-01 1.161635504335643138e-01
1.161306962806280263e-01 1.307333523580552492e-01
1.163073955311880181e-01 1.294382060917876331e-01
1.164157716113862484e-01 1.164892368289069391e-01
1.164234050040040547e-01 1.166142011822048352e-01
1.164673603177298206e-01 1.164782460321271002e-01
1.165177465665133277e-01 1.171286051174618564e-01
1.165430564693880483e-01 1.276646683228462864e-01
1.166420325052747453e-01 1.249488227558625264e-01
1.167543484138106463e-01 1.194500253415548413e-01
1.169196892333687066e-01 1.209644571979891225e-01
1.170449529424479052e-01 1.379756116507590280e-01
1.171345990583827212e-01 1.251449433671962819e-01
1.172971884108385404e-01 1.225190033523925331e-01
1.176349453717467769e-01 1.178941137158408259e-01
1.177540965079629798e-01 1.181667778096653909e-01
1.177989122370133590e-01 1.257247650719508503e-01
1.178894831946083743e-01 1.184264225117112601e-01
1.179003974458874282e-01 1.663560144055944157e-01
1.180573302451556339e-01 1.181370516129587878e-01
1.180714591488604415e-01 1.183094833922875566e-01
1.181588581365811130e-01 1.387347193791833577e-01
1.182675529495197664e-01 1.316488007536737725e-01
1.183005311630231926e-01 1.193159158888893873e-01
1.184882921687181179e-01 1.313911127575928262e-01
1.185482924622441869e-01 1.369682191223257350e-01
1.186012130230279099e-01 1.186223713006517300e-01
1.187571456824786098e-01 1.774026949747623261e-01
1.188202156628320322e-01 1.241945155251922006e-01
1.189290208013900341e-01 1.191790389529706756e-01
1.189341155141900308e-01 1.647677478942025930e-01
1.190578683740084603e-01 1.191536283017048531e-01
1.190905754790384102e-01 1.786468547052361411e-01
1.190927457367964709e-01 1.299831624180215195e-01
1.191134413188731228e-01 1.337830412449125261e-01
1.191264135465291280e-01 1.216312369866963811e-01
1.191314412704204406e-01 1.423673519812024002e-01
1.191570529369841147e-01 1.333276623867402366e-01
1.191829660863712587e-01 1.253281161728974913e-01
1.191842695982671674e-01 1.240057884788942355e-01
1.192262427100957700e-01 1.226460965741768411e-01
1.193143344780124848e-01 1.197280617660268914e-01
1.193542520266242107e-01 1.290482429040991919e-01
1.195096623869893737e-01 1.195615663117147176e-01
1.195490350616740388e-01 1.211785701554030648e-01
1.195764620722676030e-01 1.467747846658291888e-01
1.197473646179915002e-01 1.451894660647527202e-01
1.198151403143758453e-01 1.214858564793697415e-01
1.199109614115729805e-01 1.203428211915279905e-01
1.200359208547040479e-01 1.200630389463378384e-01
1.202115983791787190e-01 1.202754283154000292e-01
1.203818781092866330e-01 1.239676757893124759e-01
1.205079048411361875e-01 1.210032129240133092e-01
1.206948323057506073e-01 1.236537126714302992e-01
1.207410510331434206e-01 1.215331030297463338e-01
1.209454119627667579e-01 1.218925928894301208e-01
1.209929008802871631e-01 1.368681451101187163e-01
1.212312887495331087e-01 1.225284482603140601e-01
1.213366187316324840e-01 1.340409354120770669e-01
1.214437516441575354e-01 1.256596184107456604e-01
1.216098292366570160e-01 1.291217270804924655e-01
1.219952345124414306e-01 1.251892499276612281e-01
1.221503381642977393e-01 1.226867000933162255e-01
1.221772545119870074e-01 1.243915176821012158e-01
1.224923653648742478e-01 1.225095628334337966e-01
1.225327155551181879e-01 1.225613517731887758e-01
1.225439049473083380e-01 1.325984706961756965e-01
1.226984981258100738e-01 2.055045830392180362e-01
1.228090314252853893e-01 1.243693561311233903e-01
1.228141185365359267e-01 1.247979862727489064e-01
1.228653937253658401e-01 1.322381091148991383e-01
1.229041004846245788e-01 1.236399532750995234e-01
1.229260829108973913e-01 1.239355527693456333e-01
1.229965732374303927e-01 1.235467406923259348e-01
1.231096883103030420e-01 1.342648096647373057e-01
1.232641399807543475e-01 1.234963230889810359e-01
1.233090580317556806e-01 1.237571231842583414e-01
1.233850562632395481e-01 1.266548544632318252e-01
1.235143896036476341e-01 1.263628323986835666e-01
1.235537399370553874e-01 1.237324643433445615e-01
1.236773517780447862e-01 1.238010989844847143e-01
1.237182411079503636e-01 1.239222874359591914e-01
1.240006417398151206e-01 1.292980589321611473e-01
1.240630427415380932e-01 1.664039882877630383e-01
1.240707443432755575e-01 1.241043021758681392e-01
1.240720474646081484e-01 1.267973962335129101e-01
1.241322389538791482e-01 1.267296091873297281e-01
1.243686264275150749e-01 1.339733268107270725e-01
1.243737352892141379e-01 1.319554880672840769e-01
1.243756228314043949e-01 1.244939703726310326e-01
1.246405386149143785e-01 1.246405425582212678e-01
1.247118814937159120e-01 1.304962570228766772e-01
1.248357424713989750e-01 1.292126361791137990e-01
1.250598020866147964e-01 1.279687253713246986e-01
1.251254245135954846e-01 1.956470845317175855e-01
1.252038582335008865e-01 1.336936917319899720e-01
1.252163989200498762e-01 1.922576846643689330e-01
1.253288792437963761e-01 1.267841572979443165e-01
1.257069300946935253e-01 1.696419786141055153e-01
1.259351338518762409e-01 1.261003001808028712e-01
1.260250180113899332e-01 1.264624570672664983e-01
1.260442294307591027e-01 1.261955100120634166e-01
1.262756891890194078e-01 1.262946562667526529e-01
1.263193926771709885e-01 1.294661559358483705e-01
1.263552368678304560e-01 1.264316868119919335e-01
1.263740964921161447e-01 1.329773802835719776e-01
1.266671894953828592e-01 1.267242879934152577e-01
1.268576590499802537e-01 1.719441708062014740e-01
1.270406500996802690e-01 1.421564157531100270e-01
1.270671488730433507e-01 1.312385825814546547e-01
1.271071694463468404e-01 1.371894800992328189e-01
1.272158051086000330e-01 1.363067730683785728e-01
1.275214849089455205e-01 1.319241271899160572e-01
1.277029887907322747e-01 1.285272146302978147e-01
1.281326506296522616e-01 1.282059253202507410e-01
1.282825294523217141e-01 1.296293494901127330e-01
1.282858076928239388e-01 1.407263462898351858e-01
1.284140920195595281e-01 1.291258880244566531e-01
1.285460592380809897e-01 1.312690807426233619e-01
1.288009624803646003e-01 1.290972251455387576e-01
1.291812894072376927e-01 1.385396763246891927e-01
1.291817363915143957e-01 1.375797418268924766e-01
1.293025877635665954e-01 1.896839448268155259e-01
1.294428788973062405e-01 1.362094262748483053e-01
1.296106981606286179e-01 1.301745508439487720e-01
1.297904395647579145e-01 1.300855035773516577e-01
1.298967562725963365e-01 1.344258914085693091e-01
1.299150592511088553e-01 1.323253571331359235e-01
1.300791062661231234e-01 1.324299526248815528e-01
1.303087283175144717e-01 1.325091126444034040e-01
1.304018012371078450e-01 1.335442596719046970e-01
1.304863014279912803e-01 1.317354686438244049e-01
1.307624430049469655e-01 1.457346716762232819e-01
1.316862881875740521e-01 1.333443088477664351e-01
1.317106803005431703e-01 1.379455037781529836e-01
1.318331523969323016e-01 1.632171707411668171e-01
1.318372234637246732e-01 1.684473551321056251e-01
1.318901449501486411e-01 1.331443509219834009e-01
1.319518471249442049e-01 1.342914951089957953e-01
1.323150023243821194e-01 1.327670746351981290e-01
1.323492383573455222e-01 1.328207202824575328e-01
1.325983949141105733e-01 1.327737387095809518e-01
1.326036318383583545e-01 1.908157640314267767e-01
1.326928334608725168e-01 1.356726736019837065e-01
1.327593256238918384e-01 1.328334949910396634e-01
1.328292129212102490e-01 1.328371959307283467e-01
1.329093035687722579e-01 1.498094332227109249e-01
1.333418119373625810e-01 1.708199205901893558e-01
1.333776955130895336e-01 1.773667395684069281e-01
1.335918836621059202e-01 1.337121580172308810e-01
1.336214930624350095e-01 1.336409266789655992e-01
1.337493619519415922e-01 1.341774445782006053e-01
1.338820414126091485e-01 1.338980918758796157e-01
1.338887342215892284e-01 1.418138695378367564e-01
1.338983493826625959e-01 1.374304980465971548e-01
1.340934852538042399e-01 1.347119045224202116e-01
1.343341995448082971e-01 1.543240528146155588e-01
1.343652035673938983e-01 1.793473908782310389e-01
1.346308786658068912e-01 1.346713628502805571e-01
1.346802943971406874e-01 1.348273848940474973e-01
1.347782993875892565e-01 1.367293636452681094e-01
1.353038013453668753e-01 1.392766799583075032e-01
1.353243660201405574e-01 2.029620718301503868e-01
1.355260885442869656e-01 1.358940734471684730e-01
1.356413120972153330e-01 1.361579588944866470e-01
1.356549570258138160e-01 1.356833886404707201e-01
1.359190010213797983e-01 1.432952552775819954e-01
1.361058740500000197e-01 1.390413944412148550e-01
1.361212926571576110e-01 1.361464372371354037e-01
1.361766896433125318e-01 1.691240002476820381e-01
1.364027742161225132e-01 1.364407741706913368e-01
1.364868464290378836e-01 1.365048253126487088e-01
1.366654936318406899e-01 1.368015831322306197e-01
1.367201601430895475e-01 1.410870248430232676e-01
1.367570800087518912e-01 1.432467832972570687e-01
1.368515472870754923e-01 1.368540888851085269e-01
1.370274702723606186e-01 1.372551319585160190e-01
1.370397617964023707e-01 1.379018606666222724e-01
1.370729688163208337e-01 1.373454791313693524e-01
1.375216078104637141e-01 1.462198758629693063e-01
1.377539591967691102e-01 1.395951369433725275e-01
1.378136119437884666e-01 1.387180870431213298e-01
1.382659166434358766e-01 1.587179825259304178e-01
1.384467646808925645e-01 1.408928137612411036e-01
1.384890446431413513e-01 1.412981177502601882e-01
1.384905380130780073e-01 1.411411049876918899e-01
1.386756752991786246e-01 1.442065000137561503e-01
1.387939537006524227e-01 1.395408405370899552e-01
1.389381171164489615e-01 1.400634023203110312e-01
1.391812626204861070e-01 1.395235162780797400e-01
1.392934550958458140e-01 1.413620303234739140e-01
1.395019258063444623e-01 1.395719930812093224e-01
1.397360359335237112e-01 1.401018389717856305e-01
1.398148508264822065e-01 1.418861175721434220e-01
1.398708864455872336e-01 1.411964002193349388e-01
1.402828440768191520e-01 1.410716260050375315e-01
1.403963700308470119e-01 1.451403357760790158e-01
1.405499518983057416e-01 1.528269831217215768e-01
1.405597262629724453e-01 1.513604220739508677e-01
1.406026033363568239e-01 1.415257213937559655e-01
1.406771355849467109e-01 1.407174744546431377e-01
1.408827094157726612e-01 1.510157697343077199e-01
1.410054750619562647e-01 1.410597621794846546e-01
1.413596108841439214e-01 1.512374684975241468e-01
1.414319918382186680e-01 2.356747690602005174e-01
1.414946528218775090e-01 1.800374303468867121e-01
1.415479130197813684e-01 1.423307161562587519e-01
1.418598803966641397e-01 1.422752343745182779e-01
1.419070087625184939e-01 1.429372260459021993e-01
1.419713576048861337e-01 1.607539437958149520e-01
1.421286445592535863e-01 1.466981924457886610e-01
1.423838887497395900e-01 1.460381985675338889e-01
1.424181999480214067e-01 1.448297967876291392e-01
1.425396045791068322e-01 1.605756308814947075e-01
1.427600343010147210e-01 1.491597132075606624e-01
1.428815326006868947e-01 1.444914378773326236e-01
1.429597908055567912e-01 1.536006957654275085e-01
1.429729371977740970e-01 1.530492928889302107e-01
1.433033619824284621e-01 1.469031413419294163e-01
1.437015114989269871e-01 1.450809486137804860e-01
1.438321631294248726e-01 1.447634750155004091e-01
1.439272224794799215e-01 1.456655116424355467e-01
1.439362157774710105e-01 1.927517117815914782e-01
1.439909771999184906e-01 1.527043376737986791e-01
1.440335362591814994e-01 1.445995503599691590e-01
1.441547886731094907e-01 1.542367058397246526e-01
1.443068989945618108e-01 1.517990907793251021e-01
1.449232984366830013e-01 1.650944935702537975e-01
1.453361212583365314e-01 1.454018547513966086e-01
1.458791836752833804e-01 1.906852404319743510e-01
1.459516768392992991e-01 1.460379592318553355e-01
1.460803528201451706e-01 1.570747962373551521e-01
1.463149255101892643e-01 1.467445286494873102e-01
1.466706853257274124e-01 1.562922053861583171e-01
1.466739325498498392e-01 1.481996832121677543e-01
1.467234099587294283e-01 1.639285771146863635e-01
1.468202003143984358e-01 1.470751844995465130e-01
1.471203470478277542e-01 1.471212498200865915e-01
1.472352365794073470e-01 1.689485684682625055e-01
1.472897249542631792e-01 1.475094452046216420e-01
1.474539314237254262e-01 1.755082347549840049e-01
1.475162428165229245e-01 1.575180658814804846e-01
1.477745903082038903e-01 1.504082957335641790e-01
1.479752716353052722e-01 1.570029565421957596e-01
1.480177498301653849e-01 1.482845557236139311e-01
1.486434204412907245e-01 1.663372087159950552e-01
1.492052369817394586e-01 1.508059648878241343e-01
1.495096651116560038e-01 1.495131740409105514e-01
1.496800212262648366e-01 1.529016516342521503e-01
1.499110664803131043e-01 1.575833989110950462e-01
1.499778858317217245e-01 1.620199427787095414e-01
1.500583818921397139e-01 1.664641988117547267e-01
1.501079031028701161e-01 1.533606758025183592e-01
1.501669400040999969e-01 1.504177110270192574e-01
1.510185619079739971e-01 1.510201504171207465e-01
1.515193050690091248e-01 1.526351485983516443e-01
1.521110478479675288e-01 1.661153071128834147e-01
1.525155808562672355e-01 1.525685076564638476e-01
1.526293967059187962e-01 1.526469500421157865e-01
1.528999033202223523e-01 1.732695805273776757e-01
1.530141567124525259e-01 1.613185630087798916e-01
1.531615869959828957e-01 1.539831133104655192e-01
1.532074364790661225e-01 1.539307916738942572e-01
1.532586700606600738e-01 1.581622445095802187e-01
1.535520775521347359e-01 1.644813978451642178e-01
1.540622462564133210e-01 1.590690445088516480e-01
1.542488593613763337e-01 1.566898374865953181e-01
1.542856277950938604e-01 1.728376079426779399e-01
1.543746124616074133e-01 1.553000749492864929e-01
1.545579212603422903e-01 1.793267344895485838e-01
1.548822783914898527e-01 1.643918212990261585e-01
1.552375253485096807e-01 1.578459732498418977e-01
1.554525038253364022e-01 1.554663082453541512e-01
1.554981078799831107e-01 1.556121835362848649e-01
1.555813612082920794e-01 1.571573113834284774e-01
1.557375948095012785e-01 1.564301085860348717e-01
1.560862814824770239e-01 1.683829913082731111e-01
1.560881081902053547e-01 1.588862375521807868e-01
1.563652263949387167e-01 1.565698368351919889e-01
1.563782372092586970e-01 1.564640341804019452e-01
1.564392137228782786e-01 1.594152100426745322e-01
1.568269966144299477e-01 1.569840312991965248e-01
1.569504092662045158e-01 1.852363188661563798e-01
1.572065030445162215e-01 1.601567683728562785e-01
1.572785687285599421e-01 1.580149089902590509e-01
1.576839055204736495e-01 1.592842899291794512e-01
1.578358453126282868e-01 1.586093426398474671e-01
1.579563551189149817e-01 1.686339321296007054e-01
1.579630415106856867e-01 1.581519534769741386e-01
1.585528944623694481e-01 1.586183344312615262e-01
1.590605446756166164e-01 1.676405273447131861e-01
1.591196063520895487e-01 1.604305690778129456e-01
1.597214574750197291e-01 1.598820244396390866e-01
1.601167177283130960e-01 1.607285500807294210e-01
1.604828143591915668e-01 1.816311067496486353e-01
1.608451284182298713e-01 1.618322063753960538e-01
1.610404743612504075e-01 1.802013946788762200e-01
1.610632095287849175e-01 1.788590252970777006e-01
1.611073145585560917e-01 1.616856411479528910e-01
1.613313817164462594e-01 1.614240963143983854e-01
1.615880803546800026e-01 1.617775338260271367e-01
1.617947290044588482e-01 1.627537703240340139e-01
1.620176771246123748e-01 1.647081820602157853e-01
1.624614006836358759e-01 1.698555954993087036e-01
1.627573189330385750e-01 1.633651079520610505e-01
1.628813237900178235e-01 1.748879611237903753e-01
1.632412908541191754e-01 1.675268941818589818e-01
1.633366163432188878e-01 1.686884007719679224e-01
1.633901288207670055e-01 1.831620785575600319e-01
1.636303501219178447e-01 1.737469035821178065e-01
1.639130809845066039e-01 1.644443935634588849e-01
1.639588665653809452e-01 1.653476152846294622e-01
1.644185692727559156e-01 1.649613067517652076e-01
1.645059858024444099e-01 1.660401214348108112e-01
1.647554319710012039e-01 1.690164725141274915e-01
1.649978656699637447e-01 1.649999489861694868e-01
1.650277934047056361e-01 1.773753818338806021e-01
1.651899585248255697e-01 1.886817140593618491e-01
1.654690826710260299e-01 1.665103087389800118e-01
1.657020200348034156e-01 1.708488355083165600e-01
1.660961072151306839e-01 1.664774507080874766e-01
1.662957558475692821e-01 1.667345679761357558e-01
1.663076930204007708e-01 1.663144891453429419e-01
1.663679526933518338e-01 1.669154904643858073e-01
1.664336415919220880e-01 1.673689572132717185e-01
1.665386753523515617e-01 2.010464333483996668e-01
1.669103989731761106e-01 1.671575550032217694e-01
1.675204305575008212e-01 1.748569784034764152e-01
1.676459649651151351e-01 1.676500295886670100e-01
1.678121037405615468e-01 1.705620102983743114e-01
1.679442855388932343e-01 1.682921688852898889e-01
1.680139189678545864e-01 1.682967463498459826e-01
1.682106830837690747e-01 1.725907298424447511e-01
1.683847961613522126e-01 1.723218600784588994e-01
1.687188569911254321e-01 1.732002353342317613e-01
1.693471095169962193e-01 1.800679089263869104e-01
1.699285565008403220e-01 1.702075405960286614e-01
1.700382235851844726e-01 2.245159326656581689e-01
1.700924591416907716e-01 1.718931113988163839e-01
1.702236150609192367e-01 1.751698767059425843e-01
1.702648605070015697e-01 1.702648613931439237e-01
1.704277281899840013e-01 1.704348862304605194e-01
1.705775394170804538e-01 1.706048121571633602e-01
1.712070803515288453e-01 1.712575688353446812e-01
1.716678238939042533e-01 1.767585021565837300e-01
1.721702912057828661e-01 1.733947146869475320e-01
1.726699726208283936e-01 1.727462382614904923e-01
1.730932665141358684e-01 1.730962055762324536e-01
1.732237541294918692e-01 1.732927931060752047e-01
1.732314378455463155e-01 1.734892965381964469e-01
1.734141319592792940e-01 1.737492096802992769e-01
1.737154582809790071e-01 1.807601579798104596e-01
1.739314633172096558e-01 1.781993603027466622e-01
1.742866224780008355e-01 1.756832269423991566e-01
1.747578945177964138e-01 1.890193637667711146e-01
1.748084653206613825e-01 1.748514026040731417e-01
1.750236707890736876e-01 1.873965869908509607e-01
1.766042397581094603e-01 1.778462192496650385e-01
1.766631761647235455e-01 1.768213764192371196e-01
1.772581465555788938e-01 1.777861728192154933e-01
1.776020126795502807e-01 1.896916910696594405e-01
1.790505318626168796e-01 1.791783240074812378e-01
1.798042320442307940e-01 2.118942062867402443e-01
1.801085581026663773e-01 1.807603688044205903e-01
1.802547504163879988e-01 1.803252171060229225e-01
1.806212796918273966e-01 1.806358258664324257e-01
1.819941055041266187e-01 1.836581047654194943e-01
1.830187792542178338e-01 1.831691893883297395e-01
1.835964483507604994e-01 2.179358241007234853e-01
1.838443916241002951e-01 1.838515644053199671e-01
1.846559209115271327e-01 1.847834365934557799e-01
1.867252435270130573e-01 1.872616613021860776e-01
1.874878207800221019e-01 1.883516190940217327e-01
1.915063557722241072e-01 1.918250616047005308e-01
1.917241459822663086e-01 1.917250672858792637e-01
1.941973499691888871e-01 2.067528556561057385e-01
1.945645600958882115e-01 1.946438898677772811e-01
1.950962965015170802e-01 2.024598561516275930e-01
1.967748316603605829e-01 2.022100670409218981e-01
1.976750197257524377e-01 2.005304756834481172e-01
1.981800778495141635e-01 1.982113098315265998e-01
1.989754785177568763e-01 2.032463399973890583e-01
1.990361035959880009e-01 1.991110230600546538e-01
2.003924200764637120e-01 2.031793918914834018e-01
2.010489765684226049e-01 2.022884006848040539e-01
2.012969025292502268e-01 2.013426073753541157e-01
2.046164960392977961e-01 2.056767564716585617e-01
2.049429161184924131e-01 2.049483440389361089e-01
2.054156947088275342e-01 2.063452633653175550e-01
2.079231571791398669e-01 2.170745288495915248e-01
2.119577471230177645e-01 2.119581198558382062e-01
2.148161436635330768e-01 2.163695683834220007e-01
2.153170847993949033e-01 2.176501287080486735e-01
2.248606532484815623e-01 2.248998450059939980e-01
2.276015658409416276e-01 2.354728535206524476e-01
2.276219812618926475e-01 2.278203184499806577e-01
2.373193308877289132e-01 2.374423786522766033e-01
2.404946184479327398e-01 2.404946455223402335e-01
