5.980696194424824780e-02 6.074555478617338355e-02
6.326482120983026314e-02 6.339708674427391166e-02
7.383661335055079211e-02 7.557495341492360963e-02
8.162745103698550164e-02 8.192718110644665874e-02
8.446697091161980975e-02 8.483432724137897341e-02
8.735476329930964845e-02 8.737343117175440377e-02
8.990907474550877132e-02 9.149402394431224717e-02
8.999796985254622517e-02 9.002408050087500058e-02
9.162092325354577460e-02 9.240707717572745061e-02
9.324367717952192214e-02 9.325507423975722132e-02
9.416478221063985521e-02 9.423468283669758638e-02
9.479860359978374562e-02 9.555185857374004499e-02
9.559728582999321711e-02 9.570834731746198643e-02
9.697541903042750100e-02 9.880740077608611560e-02
9.832389519067576134e-02 9.837003573079870777e-02
9.886167017558222803e-02 9.886785364558935141e-02
9.931021975350382003e-02 9.931042247928191513e-02
1.000645714874744546e-01 1.000777811765667241e-01
1.048141612136515022e-01 1.049204475075618676e-01
1.075716525498512655e-01 1.076214905682887635e-01
1.100239598755789472e-01 1.100385626824611912e-01
1.100279839656845282e-01 1.100994652100324295e-01
1.101590767452605840e-01 1.101601365925414105e-01
1.103447444532709293e-01 1.127744700530712574e-01
1.118141974425553437e-01 1.142151104387836152e-01
1.172109372883263501e-01 1.172186939521158572e-01
1.173137177169617240e-01 1.173248642928327173e-01
1.199778779550952912e-01 1.206046551353021634e-01
1.216213854525132199e-01 1.216691651332237611e-01
1.220729535933671728e-01 1.225400407374691858e-01
1.262682500314591949e-01 1.265300771987598605e-01
1.276832919899272001e-01 1.276835080237676001e-01
1.280682967318501619e-01 1.282509559051397685e-01
1.315340310572206961e-01 1.317240056561749251e-01
1.345100589339665864e-01 1.351561218361228556e-01
1.366161546660548676e-01 1.375084925326244822e-01
1.387286547165974548e-01 1.392678400091832414e-01
1.398620377174818463e-01 1.398689717256542120e-01
1.406759309511071698e-01 1.406802636840756848e-01
1.425320214981251887e-01 1.425612305797509805e-01
1.445652683431105645e-01 1.453698192907798836e-01
1.458126891139665260e-01 1.459024118359674160e-01
1.467418897088369756e-01 1.467865310405357393e-01
1.499000832808528860e-01 1.499032322775449011e-01
1.517592351127510786e-01 1.518723565991166313e-01
1.585062565214721275e-01 1.587219763022144625e-01
1.607756082032978096e-01 1.610963546606310193e-01
1.644800978092580412e-01 1.646391300910973188e-01
1.647016325335951548e-01 1.654846105955603552e-01
1.692256060525882955e-01 1.694440156352335636e-01
1.877294511441067182e-01 1.881218530970881764e-01
1.927592513173490285e-01 1.927614186318323264e-01
2.017874882676816695e-01 2.018579572714085391e-01
2.149509276609428698e-01 2.157428161445203718e-01
2.218122220503013498e-01 2.218371837970798954e-01
2.280501983113656927e-01 2.280887094861585307e-01
2.296378665905503269e-01 2.296421020580234618e-01
2.300676531079479392e-01 2.300676829329080242e-01
2.510265252497899668e-01 9.162797863210183635e-01
2.513975984497627825e-01 2.514025140370662048e-01
