1.669261011660732458e-02 1.687156122983714257e-02
3.445147748418412453e-02 3.676046307942760355e-02
3.460776567700673406e-02 3.570540775610705347e-02
3.463098375959460656e-02 3.466123904293064856e-02
3.672499796733454808e-02 3.848970309852352278e-02
3.954962868628866812e-02 4.293678428831503718e-02
4.035417042430417683e-02 4.285403151514843162e-02
4.156844095679121387e-02 4.657225912288874559e-02
4.208522494714540124e-02 4.658312690066897244e-02
4.293608604006624030e-02 4.414373010027145688e-02
4.365305539411837993e-02 4.805756064191078758e-02
4.378917492841598313e-02 4.747774210863513894e-02
4.419732166890530389e-02 4.519720533254584921e-02
4.499562866226260865e-02 4.525990169756938936e-02
4.561693787933725208e-02 4.631623560085657704e-02
4.714277696701489606e-02 5.078231157385118544e-02
4.901130189156520378e-02 5.042616657412396508e-02
4.942868472128018192e-02 5.262584541965417001e-02
5.037475459139636319e-02 5.150606002605331857e-02
5.221882870722800024e-02 5.235327522317838322e-02
5.274568714130074137e-02 5.346559582185074488e-02
5.376195015728756771e-02 5.921844459903211066e-02
5.405895948447207028e-02 5.849712411854315897e-02
5.583576995601077786e-02 6.263175858352473813e-02
5.603584563323707468e-02 5.786222184640624211e-02
5.741947639824461491e-02 5.855933356323297923e-02
5.800512995549045314e-02 5.910501718944450450e-02
5.812136144519240016e-02 5.843681529460643953e-02
5.853904744322005471e-02 5.881197623699776361e-02
5.886500809871216683e-02 6.324275581208418928e-02
6.008634156903156637e-02 6.761650956031642346e-02
6.038759973918093188e-02 6.058289511911989222e-02
6.084399561028622228e-02 6.223330204268511662e-02
6.085593952697605780e-02 6.593336850008935102e-02
6.123473605891705668e-02 6.190818039891780172e-02
6.131528536361116610e-02 6.851722368754951942e-02
6.148747237410351341e-02 6.213132433864370502e-02
6.172448840095372952e-02 6.217682752401094276e-02
6.184010304521821155e-02 7.316894141871423118e-02
6.195822768079667364e-02 6.196065554963409161e-02
6.202469187804161149e-02 6.479253440343410442e-02
6.210013940221070089e-02 6.410216871207784217e-02
6.303844273260070241e-02 6.607878479991131926e-02
6.358851626670576629e-02 6.820697619682715429e-02
6.415056901490483188e-02 6.845981247895267796e-02
6.508985826224601701e-02 6.695229812256887902e-02
6.555660107604222020e-02 6.655494433629619011e-02
6.614540268181021143e-02 6.839464020198879335e-02
6.658820413007938976e-02 6.691511301174626891e-02
6.680755536646970638e-02 6.744715637522689933e-02
6.704143059949005390e-02 7.474551632346344843e-02
6.711725005822886947e-02 7.012106799972224469e-02
6.770620467426116673e-02 8.445281512830972448e-02
6.840484912911380666e-02 7.082022844960107755e-02
6.848969949289801518e-02 7.120078205765167922e-02
6.885605751655864137e-02 6.975051331786794040e-02
6.892209056490161689e-02 7.327345378822767985e-02
6.895756493049190472e-02 6.896963691316046474e-02
6.907811548186683359e-02 6.923431388777757933e-02
6.935001761952190591e-02 7.693374477979443571e-02
7.025500842969004123e-02 7.436451697679453965e-02
7.033777060506909984e-02 7.744594472356544634e-02
7.103358124063055556e-02 7.165053684755717800e-02
7.112466694228664066e-02 8.125032151440723938e-02
7.116455101296760566e-02 7.401522481152938981e-02
7.118003724689822564e-02 8.528095661104022340e-02
7.143417377302259397e-02 7.149926970410606930e-02
7.180080978283202853e-02 7.180099910630909077e-02
7.208551018587265602e-02 7.237319951413540009e-02
7.220828782788592248e-02 7.258473020570027634e-02
7.231912115110382400e-02 7.709856888608020153e-02
7.242899168223804196e-02 7.252992857368555091e-02
7.251210485818010421e-02 8.026013662025921480e-02
7.255200644935118348e-02 8.611098681426765378e-02
7.299498252356244332e-02 7.730176938227495409e-02
7.318442708321018508e-02 7.954050252406104360e-02
7.318684060241877065e-02 7.940824918742110661e-02
7.323513796844279000e-02 8.354384417937861518e-02
7.354288054785532158e-02 7.377514990863205668e-02
7.418585312245960794e-02 7.627001990801050846e-02
7.420846309271619812e-02 8.285513370693556312e-02
7.446027029749943682e-02 7.882709191331885301e-02
7.455160823038729789e-02 8.080164294672313730e-02
7.472716314585638175e-02 7.549765139025180205e-02
7.524881423399704117e-02 9.106922804084578715e-02
7.554527856485664106e-02 7.623902164136370230e-02
7.643412223695295049e-02 8.036802266036584264e-02
7.655101336228634090e-02 8.388511115214782043e-02
7.661749442795022513e-02 7.745774487736963032e-02
7.664792213861211512e-02 8.557644331898321688e-02
7.674007881340423609e-02 7.870754301668481112e-02
7.688247415855485600e-02 7.917943149136717762e-02
7.703909468952155337e-02 9.327474808372737680e-02
7.749956020756992858e-02 7.935925876667165868e-02
7.754160654634940919e-02 7.972658652377175026e-02
7.769503861756112129e-02 8.431826495103018904e-02
7.775932582123951109e-02 9.324913700630435565e-02
7.787253370792839025e-02 8.358512963740249990e-02
7.813737086665649423e-02 7.814033224230233776e-02
7.831232307849698981e-02 9.361882656404479919e-02
7.851269680828450170e-02 7.938370589779436548e-02
7.889253553441204214e-02 8.833777134866586944e-02
7.889980988360684178e-02 8.191712503555584335e-02
7.899723210932117767e-02 8.091564581850015092e-02
7.900262910878355638e-02 8.627467659406536094e-02
7.917412674343490830e-02 8.619417460106755524e-02
7.929977378015336253e-02 8.907654009081666935e-02
7.931071239523404537e-02 8.121456992230897953e-02
7.941369672220352505e-02 8.332537185936778057e-02
7.943375922417729440e-02 1.024180787278283072e-01
7.956640615689128393e-02 8.742379445365609791e-02
7.966701302570831922e-02 8.755724515735298363e-02
7.971714736508483945e-02 8.644890805890854957e-02
7.974482459803557133e-02 8.124171377433031527e-02
7.998462004118540858e-02 8.560931002226027098e-02
8.002050396920977471e-02 8.118002773125282401e-02
8.003506824564399214e-02 8.191776136842632283e-02
8.004248979804248765e-02 8.004976536850766378e-02
8.015022145222007455e-02 1.184969158411894458e-01
8.020191218694529278e-02 8.198405111679281376e-02
8.030389065792438441e-02 9.129427283483118605e-02
8.092943235749769371e-02 8.093638059949145869e-02
8.094931237631396159e-02 8.101252722680056528e-02
8.101080197087548451e-02 8.195571865858987393e-02
8.129513843398472606e-02 8.206170219572594959e-02
8.170680060946967915e-02 8.493199404613202552e-02
8.186185244972452035e-02 8.310736746821642540e-02
8.197256109580054739e-02 8.412910823809029159e-02
8.239367074819581305e-02 8.289200518077757818e-02
8.241539879245228517e-02 8.654177995688078218e-02
8.253749936329712877e-02 8.546337023741018557e-02
8.304516789967497647e-02 8.863171442809285316e-02
8.330191651877202896e-02 8.597532970326851598e-02
8.336990069730976227e-02 8.337681544499908615e-02
8.338422775205306392e-02 1.013105556662083767e-01
8.343865042052442393e-02 8.716549309474018459e-02
8.362307900109074155e-02 8.452814676968883889e-02
8.371195210514782714e-02 8.981591122809515215e-02
8.402154755319385382e-02 8.775749761203047172e-02
8.408864077651378999e-02 8.418648707765659378e-02
8.473033199462093323e-02 9.331799968561139969e-02
8.481347609971269519e-02 8.980158368474068509e-02
8.489907998481971418e-02 9.537270206410213003e-02
8.503202387607745882e-02 8.770416504283470860e-02
8.519690643981496503e-02 9.035490642675182704e-02
8.519875340940384623e-02 9.211516494474916716e-02
8.522352033166015473e-02 8.934661881432641450e-02
8.525421406450839346e-02 8.549213943216119049e-02
8.540501813932334374e-02 8.693248551255076950e-02
8.540887638707189700e-02 8.634066965324919962e-02
8.562911524718294642e-02 9.520377212982245041e-02
8.565950154652116066e-02 9.841294197402679356e-02
8.572441093384902677e-02 8.588759003264964664e-02
8.637041069320972042e-02 8.765088465492386349e-02
8.663518284658988655e-02 8.695126569746497447e-02
8.677738055531403205e-02 8.907543770250377080e-02
8.680491042663995849e-02 9.600739655669755790e-02
8.691022278122054190e-02 8.699816893459717815e-02
8.691532278110586374e-02 9.002999063205860408e-02
8.742783811562492013e-02 9.532946658820755370e-02
8.747707124275549972e-02 8.884706594990776640e-02
8.748862735114820710e-02 9.145123661812183669e-02
8.770364139187204755e-02 9.104863680186481290e-02
8.770532727265166473e-02 1.000729184837939045e-01
8.785134158817685390e-02 8.800268370251122796e-02
8.789100975371368085e-02 8.975162092881383558e-02
8.796942709998839538e-02 9.137352699103890030e-02
8.810026172704495118e-02 8.990159349886435447e-02
8.810449069362114027e-02 8.990705356745558319e-02
8.817026899794705441e-02 9.030992816527376454e-02
8.819744045293700929e-02 1.021584132423459662e-01
8.827231120324824376e-02 9.080235380788745370e-02
8.827294627406816196e-02 9.099300381285642392e-02
8.835806077556054849e-02 8.837316600032668612e-02
8.836704239091816571e-02 1.032735646039989463e-01
8.836792240340955729e-02 8.885192913855777253e-02
8.852581318704673408e-02 8.852888756556648309e-02
8.859914753080022631e-02 9.773297134914840645e-02
8.877938657745351736e-02 1.169230987836899355e-01
8.896380688484369081e-02 8.996432573313918601e-02
8.900003768455927444e-02 1.127538258251119391e-01
8.913153686314630175e-02 8.945514898677142668e-02
8.950124448694991852e-02 9.406220653982184932e-02
8.959189711975246162e-02 8.995393903742580910e-02
8.972337311738279308e-02 9.807677107495788027e-02
8.973667049332229029e-02 8.989146553022239750e-02
8.988302146916873903e-02 9.655999869833895022e-02
8.991277362108145155e-02 1.036419110088541706e-01
9.022731270483724808e-02 9.175855610448606370e-02
9.024564012448810235e-02 9.072056079340672097e-02
9.060762836572386347e-02 9.075562969053235785e-02
9.064965484442845389e-02 1.595133613478772194e-01
9.065801526681864508e-02 9.848086008324825891e-02
9.072670160669472905e-02 1.040095663456341579e-01
9.081402742455141341e-02 1.292691254702991177e-01
9.091481869193374088e-02 9.122546637737730113e-02
9.098632603986064882e-02 9.803912383358216742e-02
9.132179733240031183e-02 9.198939601563960178e-02
9.142103469680915029e-02 1.081612408788945323e-01
9.144975693334331246e-02 1.295448774437875927e-01
9.154870581550561548e-02 9.200588536634958514e-02
9.160283377963672480e-02 9.183548544108464939e-02
9.164124282483562811e-02 9.240185573191694868e-02
9.167235583205497751e-02 9.199218425101063357e-02
9.181876639242905758e-02 9.864330963235930227e-02
9.192268786618044973e-02 1.163134294963197590e-01
9.205375347670116670e-02 9.213821170026847973e-02
9.207990879250595173e-02 9.273081695610692343e-02
9.208253213346033472e-02 9.514432752638289637e-02
9.208911202383744665e-02 9.725375667877968200e-02
9.212497578902274775e-02 9.218423979018161574e-02
9.213902142252687610e-02 9.219730559976889450e-02
9.258979748235485197e-02 9.655391979800069524e-02
9.265859278563590151e-02 1.098701798218846559e-01
9.280774910015000823e-02 9.648477632380972335e-02
9.305351128109148884e-02 9.306229405519117481e-02
9.324639969832071440e-02 9.417873279172449263e-02
9.331097440847710422e-02 9.494322081973392835e-02
9.336620794381024491e-02 9.649630440915007989e-02
9.351055375720505880e-02 1.476703391499646356e-01
9.379733429753886464e-02 1.070631291792559225e-01
9.386087041974221223e-02 9.696195788338345112e-02
9.413194734752500237e-02 9.514112515364016309e-02
9.416542446982706371e-02 1.155842442261953984e-01
9.445126869427715455e-02 9.522138018780790247e-02
9.449994199741355849e-02 1.036743502598078404e-01
9.470156409148035304e-02 1.283796026585425076e-01
9.481767364945617449e-02 9.497310017587201614e-02
9.486566563505689775e-02 9.791052535969410608e-02
9.488285454642669814e-02 9.572348565708764523e-02
9.527633253776167377e-02 9.697288458015852763e-02
9.541613364320605806e-02 9.559418487737064707e-02
9.545469426952016279e-02 9.561441022844774373e-02
9.546243688163515151e-02 1.113026974196129198e-01
9.558771046403501115e-02 9.624529512659088515e-02
9.566608115838336202e-02 9.814349276452648263e-02
9.574021279987451893e-02 9.574659455094944316e-02
9.591859474406423669e-02 1.057066780803310457e-01
9.595379033330928009e-02 1.083081528080999945e-01
9.620979203481641595e-02 1.323044838026823100e-01
9.662499939457507014e-02 1.017374427664983066e-01
9.677418997640953313e-02 9.758831686065816413e-02
9.697669745101768213e-02 9.805816466414758736e-02
9.699371077449692180e-02 1.066999270924786081e-01
9.701878472184011226e-02 1.024319440021220773e-01
9.704924436682238476e-02 9.825283901833042899e-02
9.708965394164316420e-02 9.752824158372072616e-02
9.714934690668236561e-02 1.062711140870117171e-01
9.718552752693131180e-02 1.108555453906089616e-01
9.754423524373918852e-02 1.045202998738350708e-01
9.755560996722367761e-02 9.960226445917863547e-02
9.763788115263674627e-02 1.019159531695949944e-01
9.768670245746979841e-02 1.064873943442375126e-01
9.780279146070842977e-02 9.976012222793487205e-02
9.784720438801548792e-02 1.067603774274804851e-01
9.786071285844949452e-02 9.938450944669539877e-02
9.787732292289158531e-02 9.818324017870148912e-02
9.816952662060622614e-02 9.824459537984461810e-02
9.817216576891588109e-02 9.851038650668605956e-02
9.822745653888226292e-02 9.841278958375981878e-02
9.823476531161978720e-02 1.002965898038280512e-01
9.824535581688080554e-02 1.086107451022872705e-01
9.830142318954075698e-02 9.837336895007996185e-02
9.831550973453051512e-02 1.150672420509446792e-01
9.836260800133475590e-02 1.039044491863093944e-01
9.838033278570236517e-02 9.848844027163643211e-02
9.844564345760288548e-02 9.871721434954219832e-02
9.852097262383004150e-02 1.043078641814820379e-01
9.858409482647657873e-02 1.015255989636232037e-01
9.870896391273259463e-02 1.444671182161230971e-01
9.890738957651397378e-02 1.002121178366919135e-01
9.908539157089615856e-02 1.050907576369237845e-01
9.922134584902182752e-02 1.000690607740360866e-01
9.926625956184377542e-02 1.253857884648398313e-01
9.927090966002240224e-02 1.006315900362465265e-01
9.932651166437940493e-02 1.030634059531219948e-01
9.959459638927468939e-02 9.991607403063877679e-02
9.974299444880735388e-02 1.004222764749249514e-01
9.998623073562543095e-02 1.909047978351224584e-01
1.000426551665666852e-01 1.104191687579296199e-01
1.000638574732574532e-01 1.021312840146528511e-01
1.001597407967028536e-01 1.002782332217035804e-01
1.002196242071957538e-01 1.025587935652823024e-01
1.002468210090985967e-01 1.028682421670670533e-01
1.003430060165219351e-01 1.005317028187031059e-01
1.003825678765823265e-01 1.032005129360431955e-01
1.003924322041848949e-01 1.082905832523786832e-01
1.005904793551384707e-01 1.044520045489314153e-01
1.006196005516729886e-01 1.031181435967424009e-01
1.006801417883797650e-01 1.090989455105437766e-01
1.007193147863008065e-01 1.063347023635947547e-01
1.008748039539449637e-01 1.028994290909565901e-01
1.009116890428637670e-01 1.146676122562689526e-01
1.010187393182910287e-01 2.372932816411813806e-01
1.011313976186478392e-01 1.448196338817274997e-01
1.013013005017085466e-01 1.102419423276397581e-01
1.013063693752019184e-01 1.341250312920385102e-01
1.015117995837485770e-01 1.016603664115367928e-01
1.015456745077669837e-01 1.047745353623528580e-01
1.016823899970338008e-01 1.036088344547836104e-01
1.017518332988198715e-01 2.245085479245339244e-01
1.018887298504446981e-01 1.022427806514365073e-01
1.018971772674183290e-01 1.080730413702237214e-01
1.019484257005876110e-01 1.026932492906658390e-01
1.021281050391745632e-01 1.037350725728408696e-01
1.021376611345261448e-01 1.034634255301862399e-01
1.022271145131428832e-01 1.237762639999639980e-01
1.022512521443082745e-01 1.075493321958757992e-01
1.023092490718883335e-01 1.042637292408196137e-01
1.023990981032371628e-01 1.125444025219782263e-01
1.024363089765574497e-01 1.099835859202339117e-01
1.025730338197278491e-01 2.106683534088551191e-01
1.026174164613517792e-01 1.028870752412299749e-01
1.026359430922922228e-01 1.169918756063853954e-01
1.027919870544872910e-01 1.048958554807669502e-01
1.028041881863403645e-01 1.028043413746882878e-01
1.029834168036983522e-01 1.080092157498666189e-01
1.030684677853885706e-01 1.039058017841339027e-01
1.031263339369379861e-01 1.053520064716486071e-01
1.033206465086603104e-01 1.071301241870861731e-01
1.033340403474531932e-01 1.073579981145915407e-01
1.034924245055348496e-01 1.409392346109590022e-01
1.036462757214634545e-01 1.074346313766236655e-01
1.037377932549910231e-01 1.088283678638063134e-01
1.040036484236525061e-01 1.134185648090075549e-01
1.040370502299410999e-01 1.052801427635574189e-01
1.040451822912569213e-01 1.124021204389970691e-01
1.040488456989492327e-01 1.047543200353090870e-01
1.041798762571755355e-01 1.060653910749609075e-01
1.043191760403530122e-01 1.054488141260334633e-01
1.044530748079262467e-01 1.150262995949286604e-01
1.045133053747685642e-01 1.069628065640893105e-01
1.045554031166801706e-01 1.075931554507257165e-01
1.046465058815683885e-01 1.106966539697816915e-01
1.046696054562901435e-01 1.081661455855056075e-01
1.047396660724108780e-01 1.049290917132716383e-01
1.048099119179783378e-01 1.089757271265507088e-01
1.048769983140952766e-01 1.607720599155889885e-01
1.049229342602831516e-01 1.066740677738661353e-01
1.049452133203287313e-01 1.173151200243605641e-01
1.049524469672944160e-01 1.054844873767705471e-01
1.049657680122097342e-01 1.165980462900401415e-01
1.050483598852999384e-01 1.052738537457334062e-01
1.051874154675432188e-01 1.140914418217943149e-01
1.051968872892669188e-01 1.062368843914887340e-01
1.051977497905799558e-01 1.197496099967760852e-01
1.052185076666026231e-01 1.052185522958681840e-01
1.052278673834402267e-01 1.055274707641079002e-01
1.053123645555636562e-01 1.070317879081914558e-01
1.054303939127513856e-01 1.082609236845100964e-01
1.056284375915189644e-01 1.057161704993153373e-01
1.056533860895313010e-01 1.091103947232461013e-01
1.057369303167662589e-01 1.164785241661340093e-01
1.057588477986185632e-01 1.058938543365069984e-01
1.057631397549431002e-01 1.074318380694219977e-01
1.058078257036894620e-01 1.146839208481560957e-01
1.058103150341464238e-01 1.092884680426297467e-01
1.058250385162623070e-01 1.119963952002422103e-01
1.058890177245647990e-01 1.173976302726177923e-01
1.063111547434855281e-01 1.971225018231959336e-01
1.063979860789403820e-01 1.368790559694086917e-01
1.064757347856832570e-01 1.070094964957681305e-01
1.066259809589181484e-01 1.095809168994265892e-01
1.066738703654240839e-01 2.207351861939916560e-01
1.067083036373746713e-01 1.071006061390782638e-01
1.069002055365037840e-01 1.615002123417093871e-01
1.072328589178994651e-01 1.075100978630615794e-01
1.072330212415828488e-01 1.150439002579825981e-01
1.073057885420751201e-01 1.084339259000291766e-01
1.073473766844028621e-01 1.081716721268844023e-01
1.074914463539346776e-01 1.372828418079224122e-01
1.077968085525551484e-01 2.193933567139534357e-01
1.078111054908425653e-01 1.161007188151360336e-01
1.078185059647736727e-01 1.088445230739703146e-01
1.078235993679430016e-01 1.189326316415627027e-01
1.078423924985737192e-01 1.182378870454947328e-01
1.079216245327910967e-01 1.131429033188332406e-01
1.080732503198465061e-01 1.099337606659829963e-01
1.081101817683431388e-01 1.189699871258007718e-01
1.082128355332891562e-01 1.318807451982900170e-01
1.083377488749079909e-01 1.083466056354207147e-01
1.083575258303375172e-01 1.125233559639711861e-01
1.083834619633946422e-01 1.095551700778204240e-01
1.085003703567746364e-01 1.382510495855371890e-01
1.090669158604822553e-01 1.196125652502645353e-01
1.090723092886851653e-01 1.131755438154226079e-01
1.091645485379074410e-01 1.093142319644228311e-01
1.091729278755149690e-01 1.228724564466748548e-01
1.092169534824500160e-01 1.108127199335720015e-01
1.094613791957478044e-01 1.098553576925615227e-01
1.094740904740506005e-01 1.180119956076407239e-01
1.095419769992944936e-01 1.339890622372297557e-01
1.095525832308390096e-01 1.193388226965245713e-01
1.095624389825279738e-01 1.155955651119013189e-01
1.097059911433552887e-01 1.099013361660554494e-01
1.100429409785344953e-01 1.122651412417580846e-01
1.102477585569646840e-01 1.192854432105874413e-01
1.103243571070917223e-01 1.728665450426993544e-01
1.103327495680630765e-01 2.030734348631421937e-01
1.103818109680369808e-01 1.108606101491576984e-01
1.105196991982820426e-01 1.224786179636856154e-01
1.105997563051328292e-01 1.184313968817387180e-01
1.106281599221165118e-01 1.527028595307834136e-01
1.106662190734024054e-01 1.124351652700787546e-01
1.106923580084859110e-01 1.822337450179239704e-01
1.108709841916711847e-01 1.137370526802198717e-01
1.109032529080194729e-01 1.207764855731654208e-01
1.110040440100623083e-01 1.182845560252995532e-01
1.111231762762228403e-01 1.618104408505904312e-01
1.111628335842041737e-01 1.123944206285875935e-01
1.111658368042159339e-01 1.155266220182613462e-01
1.112456279334692461e-01 1.138182294381421544e-01
1.112780006673100147e-01 1.153965864154681692e-01
1.112849420870455908e-01 1.151483976790485947e-01
1.113998208655732347e-01 1.115187785362455747e-01
1.114054971511395653e-01 1.187749652848043985e-01
1.115234103180463288e-01 1.466988970173152829e-01
1.116859429407097704e-01 2.289553311876029451e-01
1.117553390546367209e-01 1.136469606253669579e-01
1.118487015933931211e-01 1.146782601617189340e-01
1.119094390644728848e-01 1.202207526723877706e-01
1.119962467558270752e-01 1.959298809552557086e-01
1.120089346065512442e-01 1.284157680836015003e-01
1.123898766782497338e-01 1.202212481152939993e-01
1.125669767323674991e-01 1.188849803720048864e-01
1.126555520864220977e-01 1.140882773255278843e-01
1.127245726170206103e-01 1.130740917683752400e-01
1.129836747413127535e-01 1.129846305332036227e-01
1.129938919213968884e-01 1.194536532414446073e-01
1.131179033129419420e-01 1.139248744852375400e-01
1.131858509745044816e-01 1.138284108822948532e-01
1.132115450136013807e-01 1.149984424224306107e-01
1.134163607775843935e-01 1.177282682353295168e-01
1.134682076142061041e-01 1.143732836504845335e-01
1.135130629367579608e-01 1.160144208393551341e-01
1.137439820668409152e-01 1.137795691074936499e-01
1.137641575595475657e-01 1.141315838318409936e-01
1.138801676075279767e-01 1.306539054591778770e-01
1.140582798203977483e-01 1.140818700877100772e-01
1.141476565619260891e-01 1.143487035905725313e-01
1.141486116648398885e-01 1.498094462950763650e-01
1.146094860798871906e-01 1.146733629249886421e-01
1.147864383570269264e-01 1.202524123888197155e-01
1.147983133418036539e-01 2.024790277387077397e-01
1.148809352901702246e-01 1.149344674876605493e-01
1.149626337133144716e-01 1.170717245295063852e-01
1.149955702791917583e-01 1.163574150505364557e-01
1.150211513222899745e-01 1.160697727808716051e-01
1.150314452892447631e-01 1.154312891850106659e-01
1.150840408230255490e-01 1.240337669311216418e-01
1.150860854745653777e-01 1.347737843503226118e-01
1.150884769677457398e-01 1.170582574477793819e-01
1.152339715423320726e-01 1.215017920335574458e-01
1.152666734400911441e-01 1.993159351767336829e-01
1.154002441990316791e-01 1.227379456673006325e-01
1.156842694105642416e-01 1.855172481535067863e-01
1.157402091256384130e-01 1.172422118535640240e-01
1.159442862062615709e-01 1.167395442954853313e-01
1.162323721241536462e-01 1.174051576049220391e-01
1.165134600419621275e-01 1.239984415132423662e-01
1.167833576034074533e-01 1.621304807468235964e-01
1.167855310616455478e-01 1.216006036517352784e-01
1.169083931126524145e-01 1.199846877328631378e-01
1.169968077214198210e-01 1.229308840980150030e-01
1.170277974138379806e-01 1.318552753005534928e-01
1.172301189183371922e-01 1.174134711162566347e-01
1.174551161520494408e-01 1.175395618382610446e-01
1.175401990059733864e-01 1.239539052282196269e-01
1.175739646145307349e-01 1.183624065948003234e-01
1.177487158151840213e-01 1.240607387195887534e-01
1.177611683966557493e-01 1.227073986091400254e-01
1.177641991496038848e-01 1.179151426343403031e-01
1.177875961055837029e-01 1.227224069811115592e-01
1.178992063356314873e-01 1.179219748261280121e-01
1.179049841102371848e-01 1.181691976557968787e-01
1.179468353385682983e-01 1.189072168960735726e-01
1.179680718746287937e-01 1.383822329007940999e-01
1.179757600872548551e-01 1.220510564552176325e-01
1.183302579296123397e-01 1.194036105908306417e-01
1.183425322326655954e-01 1.614845974865250222e-01
1.183809629256049323e-01 1.993049046505313837e-01
1.188535406721890619e-01 1.188801543489311913e-01
1.189531921040386936e-01 1.240403999763449311e-01
1.189595376015598338e-01 1.251210711383207719e-01
1.190734161174306915e-01 1.297871968913189566e-01
1.194019359318495149e-01 1.208496420646829050e-01
1.196488575683955641e-01 1.964792947486392882e-01
1.198005837036334037e-01 1.219645558822356757e-01
1.200364342064744322e-01 1.850426460897038883e-01
1.201254423877417682e-01 1.218807323117209185e-01
1.201792452210265205e-01 1.208094832038255628e-01
1.202016833800077095e-01 1.333611257135036976e-01
1.204137619671027254e-01 1.279216007496874197e-01
1.204505166595733340e-01 1.214815699154320611e-01
1.205654427953795904e-01 1.212810109269500392e-01
1.208528946713478130e-01 1.297504638178944292e-01
1.208770439363196780e-01 1.257107266752594266e-01
1.209452176826324027e-01 1.226872097820043139e-01
1.209752944365075911e-01 1.568571860784781780e-01
1.212729693863596886e-01 1.338779319967079717e-01
1.213817237758620105e-01 1.237653415078948937e-01
1.216905751939000718e-01 1.258481010735491290e-01
1.217724668952138573e-01 1.402261719969293829e-01
1.218268248637655593e-01 1.423517732198532337e-01
1.220510969385955879e-01 1.226713607378086268e-01
1.224207628500604828e-01 1.404363466203237543e-01
1.224926334556820512e-01 1.230946241714891282e-01
1.225236597832732172e-01 1.768177162480933928e-01
1.226745369847695027e-01 1.264553051808096629e-01
1.228124832516998971e-01 1.250263720419226565e-01
1.229535404378862690e-01 1.277555629429309170e-01
1.230652322943877053e-01 1.244838629013639841e-01
1.231623774535406113e-01 1.266169964441712648e-01
1.233031087506029772e-01 1.303986878954390971e-01
1.236137540935902113e-01 1.390116383321206850e-01
1.238699882472468899e-01 1.249085975062812492e-01
1.240037626303780033e-01 1.242085008602745316e-01
1.242140121421930893e-01 1.450715949494563450e-01
1.244003060956525714e-01 1.248932588242981229e-01
1.244837479035587890e-01 1.245814356792678823e-01
1.245741915442234449e-01 1.405307696768622605e-01
1.246921559135662910e-01 1.246938443495402976e-01
1.249328448942739478e-01 1.279127393118045242e-01
1.251804956279874703e-01 1.339945540007093649e-01
1.253517554618263086e-01 1.271176747064056978e-01
1.257368951530232759e-01 1.488054691500335369e-01
1.258702912526905859e-01 1.571852365163098064e-01
1.259214621545139412e-01 1.285566490573427645e-01
1.259716123829408285e-01 1.287206306787878618e-01
1.260425491245798224e-01 1.734283334727897696e-01
1.260517093203655792e-01 1.282988459137531234e-01
1.260766466847864642e-01 1.261632006955397123e-01
1.262066649736742208e-01 1.262074543704749807e-01
1.263637146658220523e-01 1.264260855816148610e-01
1.264877418464342984e-01 1.278640973441098894e-01
1.265418137535373189e-01 1.309073298894990467e-01
1.266236741558360024e-01 1.343542539616508213e-01
1.267837057632165143e-01 1.286971061296738328e-01
1.272000969926860015e-01 1.462427808053592126e-01
1.272797988080701381e-01 1.273321293548989042e-01
1.274942557918924135e-01 1.278133872683498706e-01
1.279171648261959449e-01 1.316825706412277364e-01
1.279859911459212130e-01 1.282456821057186280e-01
1.280363682923055524e-01 1.284986509827361623e-01
1.281198300296885750e-01 1.297130580863335714e-01
1.284486477645173375e-01 1.286833659790338757e-01
1.285509909994950739e-01 1.789870246556244104e-01
1.286719989649705853e-01 1.573016550975027961e-01
1.287554282519838278e-01 1.318360051994553472e-01
1.288286728944685600e-01 1.331981403346845227e-01
1.289236336925984605e-01 1.297552102470709012e-01
1.289375657677711007e-01 1.370854510297931650e-01
1.293006359304659514e-01 1.473791270657485997e-01
1.293745893756142740e-01 1.418204071818812972e-01
1.294829082899397465e-01 1.738687348959120638e-01
1.298190685476783290e-01 1.326448140059508507e-01
1.304441139208244171e-01 1.430525275471372093e-01
1.304827594891629639e-01 1.306794503902807547e-01
1.305211526666076038e-01 1.319035918318736678e-01
1.306293253498112261e-01 1.363417932073875682e-01
1.307538943114768537e-01 1.313448866910014445e-01
1.308502849719780370e-01 2.233617527315105433e-01
1.309957824285302719e-01 1.324982204565323951e-01
1.310704179877648923e-01 1.311075310160026708e-01
1.313627754460517105e-01 1.317122422266502058e-01
1.313767231924215240e-01 1.317101284496758895e-01
1.314912862044886610e-01 1.561800657591152219e-01
1.317975049447350222e-01 1.445147022047763852e-01
1.319161277939971122e-01 1.401618820313245417e-01
1.319587766550840979e-01 1.431533563520560604e-01
1.320188344038226436e-01 1.510474468158276018e-01
1.323447716012117192e-01 1.533313051209777844e-01
1.326109056269525466e-01 1.631094294186767879e-01
1.326521281516372386e-01 1.351573701576823661e-01
1.327611375802659477e-01 1.397559399152212556e-01
1.328283455459700613e-01 1.335542493778166528e-01
1.330029642345984531e-01 1.595035508041024730e-01
1.330846610120130780e-01 1.340445989574486074e-01
1.331947774309260313e-01 1.427223653028511785e-01
1.333022713238358470e-01 1.335330565347005172e-01
1.333693880465235126e-01 1.362637913051330252e-01
1.335732443532732794e-01 1.341750257436289395e-01
1.336655055244971579e-01 1.382631657823086557e-01
1.337060406199059859e-01 1.337094236194791008e-01
1.338453862821684381e-01 1.341033875383747243e-01
1.339532352114858049e-01 1.347760089362403935e-01
1.339729488824984160e-01 1.507126444229864026e-01
1.342044259492890523e-01 1.342477889468783048e-01
1.342127956723334903e-01 1.378918323745605135e-01
1.342453293587867469e-01 1.388164019714665798e-01
1.342562230007501300e-01 1.562215632671551668e-01
1.348154762514240101e-01 1.467444145760403162e-01
1.349964563920419969e-01 1.848683747778285258e-01
1.350033850194261031e-01 1.372089096703156264e-01
1.352114847038327072e-01 1.352153824363205026e-01
1.358426137790074428e-01 1.603141070365328713e-01
1.358717696132962782e-01 1.768825556966758250e-01
1.360356004899325733e-01 1.440162396339557671e-01
1.361819827557980978e-01 1.368171396906971149e-01
1.361951070892327420e-01 1.367620029637951762e-01
1.362383100329549734e-01 1.410671708110234068e-01
1.369330117681314962e-01 1.845550877384317390e-01
1.370760991359207537e-01 1.387243519366145872e-01
1.371803933917435658e-01 1.620750134541556475e-01
1.372010924160263212e-01 1.704746882244479178e-01
1.373495804041206247e-01 1.723233938969868095e-01
1.378594583694831843e-01 1.387241395210641048e-01
1.379376277042232146e-01 1.591756149614595717e-01
1.380131624116817946e-01 1.452130094875545008e-01
1.382035420819597571e-01 1.769521647899558181e-01
1.382258253199274145e-01 1.382650121219665407e-01
1.382269286871583291e-01 1.382355567497585147e-01
1.383012896321373641e-01 1.414988113138698489e-01
1.384773270255707789e-01 1.397816566802344285e-01
1.386895950919655729e-01 1.421712085384167490e-01
1.387279577401692443e-01 1.404312842362809843e-01
1.388893392103103253e-01 1.440534227931883071e-01
1.390282961209893253e-01 1.416297430732468554e-01
1.392628668092419364e-01 1.936631720838979942e-01
1.392778850023613513e-01 1.393684024838394708e-01
1.396460819671753173e-01 1.398396397626783805e-01
1.398210855418282328e-01 1.400495188041024075e-01
1.398696974730588294e-01 1.603778395316775296e-01
1.401380511964635256e-01 1.770339214825892016e-01
1.403396965285400311e-01 1.448736497080901353e-01
1.405653952074964186e-01 1.407694088658536513e-01
1.406264128616713516e-01 1.407043593259427183e-01
1.406395321177625890e-01 1.420628969458289370e-01
1.407240120771726111e-01 1.514040703874251492e-01
1.409553171707480235e-01 1.439714387552274155e-01
1.410917986789191059e-01 1.434352629852807537e-01
1.418180085110186117e-01 1.418989004488023231e-01
1.419262005799610538e-01 1.468585881055903819e-01
1.425126170455559282e-01 1.427459746872314084e-01
1.429050961271115805e-01 1.549915173142400460e-01
1.435643982384172124e-01 1.559086099729274366e-01
1.439532711602355408e-01 1.451670854745283901e-01
1.443812655604662099e-01 1.501678182978376241e-01
1.443931539868989200e-01 1.445765520785071145e-01
1.443977500432257477e-01 1.516826721125047184e-01
1.446251348084663657e-01 1.451797988177730980e-01
1.446292820171527771e-01 1.448232249314923559e-01
1.446712961403985309e-01 1.484989102480711032e-01
1.450178761773900371e-01 1.450178777420068066e-01
1.453648430570178562e-01 1.513958627838132009e-01
1.454879005930631297e-01 1.561158599240546896e-01
1.455051115832238506e-01 1.459605293245067881e-01
1.458261023494335229e-01 1.623601847093664730e-01
1.459441805318194840e-01 1.460510239927441112e-01
1.459836746996784340e-01 1.526258387488076684e-01
1.461622182039119811e-01 1.484189182455394607e-01
1.462470463820666478e-01 1.466344790762026118e-01
1.463338216333338326e-01 1.591766491404976169e-01
1.464282107978578384e-01 1.464634697022440535e-01
1.464876610444046656e-01 1.584794434504598892e-01
1.465284354978443615e-01 1.700255844237980596e-01
1.465369234983253111e-01 1.553656587531468680e-01
1.465421123055640207e-01 1.466688533689603779e-01
1.465621674642581251e-01 1.490380450130690815e-01
1.468309237926258559e-01 1.655907353291452277e-01
1.473593323243374553e-01 1.871397098269475257e-01
1.483628024973083492e-01 1.913716504885256964e-01
1.484633628868023691e-01 1.549719792037920207e-01
1.487124943811617139e-01 1.492279431020419322e-01
1.489585584531497864e-01 1.518964015605210049e-01
1.491645227951928498e-01 1.495442524141654406e-01
1.494114714162894930e-01 1.496856776252152577e-01
1.499488147749774847e-01 1.507402779713698515e-01
1.500424407384562120e-01 1.511120794014644553e-01
1.501888294991669814e-01 1.686500817303790423e-01
1.504863081346553555e-01 1.613331119499810673e-01
1.513362864080088632e-01 1.555998996099128007e-01
1.516590356147083651e-01 1.547364197221540172e-01
1.517923523419463794e-01 1.559859670205041848e-01
1.519180814130021984e-01 1.523780335036331313e-01
1.519799077734079740e-01 1.519839409040364409e-01
1.520181061485315344e-01 1.524063417500213791e-01
1.522850336722592346e-01 1.526179960920102663e-01
1.522995259500993515e-01 1.594379620342698256e-01
1.524348310453325639e-01 1.531694286218629464e-01
1.527074457992718404e-01 1.560508529025377289e-01
1.529498756923212133e-01 1.583751291793464022e-01
1.531492557498360663e-01 1.642983840045123267e-01
1.533094947020877119e-01 1.761465155559183704e-01
1.534566381897372878e-01 1.560384224626907568e-01
1.536954684082874334e-01 1.537250968141594953e-01
1.537925152344665480e-01 1.539312062838680828e-01
1.538977020777005655e-01 1.650759004391318674e-01
1.542045452252120974e-01 1.571187989950011410e-01
1.543422354239744332e-01 1.547472829424059726e-01
1.543945513013966209e-01 1.643246122998865966e-01
1.545056196922858505e-01 1.578243672158931854e-01
1.548053956799327890e-01 1.550544979140822399e-01
1.552944897368590538e-01 1.584723866717966667e-01
1.556277261472403528e-01 1.840342424393797138e-01
1.556351057992972631e-01 1.565346746254987209e-01
1.556486169797767216e-01 1.565694327606157454e-01
1.561409089433110631e-01 1.566746497532663929e-01
1.568134375042395112e-01 1.568192637814076473e-01
1.571489742252847321e-01 1.572867012739463666e-01
1.573091949283652868e-01 1.573979548656781746e-01
1.573799143501825037e-01 1.599119475860888706e-01
1.576869849729794215e-01 1.577059929020965812e-01
1.578239425403902274e-01 1.628070692766592498e-01
1.578649313187331094e-01 1.612257242832117743e-01
1.583407441607805610e-01 1.584524688094455236e-01
1.585003516841283211e-01 1.619643892842434763e-01
1.586372304727317051e-01 1.598419225027661594e-01
1.589735459868452383e-01 1.598769856896744279e-01
1.590325681421996262e-01 1.591221577666036557e-01
1.592537499679382018e-01 1.599740444651652771e-01
1.597183710898623377e-01 1.628099238062339638e-01
1.598781248231361807e-01 1.602215468743747040e-01
1.600068363652109860e-01 1.816155648319763838e-01
1.600083810313349397e-01 1.613253385281377128e-01
1.602379369461793823e-01 1.604889078063130581e-01
1.603325405697591799e-01 1.603363234029334394e-01
1.605812038373149175e-01 1.672328956448532189e-01
1.606784738067625895e-01 1.613886251839047603e-01
1.608517131839858061e-01 1.620766879209841194e-01
1.610263375834158628e-01 1.610616596461893202e-01
1.610269403653315778e-01 1.622694053780590895e-01
1.610804726166938095e-01 1.612988313819824215e-01
1.615554142882360822e-01 1.629049791058821139e-01
1.618294766542920093e-01 1.713051032418865249e-01
1.621406652625434486e-01 1.814969759980598896e-01
1.624172374785577411e-01 1.633794794030667685e-01
1.627671052752963088e-01 1.629250047989922456e-01
1.634997338939152833e-01 1.649576086354717641e-01
1.639044640945600539e-01 1.639080516647419272e-01
1.641840539039046420e-01 1.642679627069923987e-01
1.643113911198955113e-01 1.658135160270232944e-01
1.651110823463616539e-01 1.651179821233597356e-01
1.655080715694062510e-01 1.713996919341011504e-01
1.655097146583712486e-01 1.655896375312477797e-01
1.656980500414530211e-01 1.931851346310749784e-01
1.660359220350018927e-01 2.151269782772554373e-01
1.662450290102216732e-01 1.669858306018010830e-01
1.662835398678544629e-01 1.662934350373029280e-01
1.665902921741691245e-01 2.010998271773779544e-01
1.669335885828349964e-01 1.671541689425825594e-01
1.670046882352224649e-01 1.683936351929326836e-01
1.676284047779636743e-01 1.676748584575209200e-01
1.676910613562852259e-01 1.680486586744340261e-01
1.679968269348369181e-01 1.690193422365042497e-01
1.688808880591409212e-01 1.695942661239898952e-01
1.691962748956203078e-01 1.720094466183214876e-01
1.702173047614921886e-01 1.734938241542982040e-01
1.712908107746614061e-01 1.719363433360222015e-01
1.727145190400408703e-01 1.940712624337760928e-01
1.729215355800207410e-01 1.737903075008385145e-01
1.730131663522586627e-01 1.743606048973397604e-01
1.736520101929311943e-01 1.770615942288500388e-01
1.740414709418492967e-01 1.799245517537236549e-01
1.749029296062793726e-01 1.777949741764663638e-01
1.751619459868465345e-01 1.751830301639916987e-01
1.762249105874411081e-01 1.792516629012696483e-01
1.765029410018530420e-01 1.808091259098769665e-01
1.773632675276811121e-01 1.777995231921099262e-01
1.787614119172868388e-01 1.800584267436824704e-01
1.791787468125582150e-01 1.794946846834320209e-01
1.792829763539534049e-01 1.812068251104329564e-01
1.795856829567258894e-01 1.797460565672244770e-01
1.796676893016037613e-01 1.796896807734730817e-01
1.801602847564178767e-01 1.804223430879830226e-01
1.803992336372335359e-01 1.984322068760196178e-01
1.804272185607094792e-01 1.890326006804068926e-01
1.824630091834653078e-01 1.829159370399735807e-01
1.825537295015142170e-01 1.852666479896264429e-01
1.826749845316532339e-01 1.884654835107621995e-01
1.840323135255470532e-01 1.843724795759146828e-01
1.841072511926623578e-01 1.844323372250235848e-01
1.843519428280349370e-01 1.846528579189805619e-01
1.844163490916003179e-01 1.852805798673219373e-01
1.856267739933919192e-01 1.858645015905778797e-01
1.862463800336253417e-01 1.862494675142990774e-01
1.866246607906290600e-01 1.867742613768522408e-01
1.870558491122092104e-01 1.906647590616155352e-01
1.875886050398339333e-01 1.880276454884764747e-01
1.878248653996982265e-01 1.879038876283575521e-01
1.881173908953702179e-01 1.920194761099133229e-01
1.886952280067121235e-01 1.889957207126337357e-01
1.888862422454418433e-01 1.889140692462303595e-01
1.896504379966915954e-01 1.927485949417089284e-01
1.915901103221678281e-01 1.926179366990624087e-01
1.918389796410186754e-01 1.929183321772651172e-01
1.925042433569254252e-01 1.925235261632642914e-01
1.928318182410997395e-01 1.929119805564889212e-01
1.929194313596637456e-01 2.194158254950701603e-01
1.930244111503519877e-01 1.946666997816687561e-01
1.935562297831199818e-01 1.940706644249348689e-01
1.941853133556679656e-01 1.944551681178280644e-01
1.945639272626766558e-01 1.957176262977859127e-01
1.950399613849642666e-01 1.956990479206985878e-01
1.986494682616248009e-01 2.000391165768727331e-01
1.987146371157454960e-01 1.993082854940131099e-01
2.002732451814409620e-01 2.180793252864236809e-01
2.004618336069871887e-01 2.014876196792319274e-01
2.023593295595183805e-01 2.033052676305765472e-01
2.036385117313166682e-01 2.041870324067477926e-01
2.050976970719113057e-01 2.144372039114344208e-01
2.116933738353668493e-01 2.123023603156210803e-01
2.121903645637465141e-01 2.188012404859139004e-01
2.129307345650791328e-01 2.130701295751110669e-01
2.149210151533171298e-01 2.165277148864432066e-01
2.154413914245459361e-01 2.154414335634513011e-01
2.188453828337782736e-01 2.193616216388431239e-01
2.203767190167247592e-01 2.212523549070497531e-01
2.293106516940693895e-01 2.359526579563186732e-01
2.940593713126474218e-01 2.950093447904184041e-01
