1.884624809026718140e-01 2.007106989622116089e-01
1.863761097192764282e-01 1.913391500711441040e-01
1.852308213710784912e-01 1.952942907810211182e-01
1.750148534774780273e-01 1.777920424938201904e-01
1.714579313993453979e-01 1.784425675868988037e-01
1.674529314041137695e-01 1.853333711624145508e-01
1.673141270875930786e-01 1.695918291807174683e-01
1.593725383281707764e-01 1.630076915025711060e-01
1.586421877145767212e-01 1.782398074865341187e-01
1.571891605854034424e-01 1.602178514003753662e-01
1.532012969255447388e-01 1.835517734289169312e-01
1.520885527133941650e-01 1.899623870849609375e-01
1.483962833881378174e-01 1.543698161840438843e-01
1.430984586477279663e-01 1.809155493974685669e-01
1.430976092815399170e-01 1.764079034328460693e-01
1.430591046810150146e-01 1.469943970441818237e-01
1.425966769456863403e-01 1.434439569711685181e-01
1.424412429332733154e-01 1.551256924867630005e-01
1.421069651842117310e-01 1.635491997003555298e-01
1.415348351001739502e-01 1.436718404293060303e-01
1.413427889347076416e-01 1.582427173852920532e-01
1.384751945734024048e-01 1.403356492519378662e-01
1.374308913946151733e-01 1.464866250753402710e-01
1.366942077875137329e-01 1.381285786628723145e-01
1.353251636028289795e-01 1.785224080085754395e-01
1.352678239345550537e-01 1.460231095552444458e-01
1.338940411806106567e-01 1.814101189374923706e-01
1.329078078269958496e-01 1.719227284193038940e-01
1.318733990192413330e-01 1.433101296424865723e-01
1.314008235931396484e-01 1.543731093406677246e-01
1.308986693620681763e-01 1.565711498260498047e-01
1.306971013545989990e-01 1.318060606718063354e-01
1.279687583446502686e-01 1.322768032550811768e-01
1.274433434009552002e-01 1.337926238775253296e-01
1.270352154970169067e-01 1.396193504333496094e-01
1.262893229722976685e-01 1.831438541412353516e-01
1.258004009723663330e-01 1.385847777128219604e-01
1.257253736257553101e-01 1.884738355875015259e-01
1.253935694694519043e-01 1.271019577980041504e-01
1.247875541448593140e-01 1.357859671115875244e-01
1.245945990085601807e-01 1.333181113004684448e-01
1.218448802828788757e-01 1.235474720597267151e-01
1.218011826276779175e-01 1.273652166128158569e-01
1.216805204749107361e-01 1.389674544334411621e-01
1.214632838964462280e-01 2.184515446424484253e-01
1.213000714778900146e-01 1.296839267015457153e-01
1.207932829856872559e-01 1.689695715904235840e-01
1.206522062420845032e-01 1.317451596260070801e-01
1.205474138259887695e-01 1.807518154382705688e-01
1.197527796030044556e-01 1.303003579378128052e-01
1.196693480014801025e-01 1.275220364332199097e-01
1.196167543530464172e-01 1.581318527460098267e-01
1.193517521023750305e-01 1.446148753166198730e-01
1.193089112639427185e-01 1.357680708169937134e-01
1.187389940023422241e-01 1.847534030675888062e-01
1.180105805397033691e-01 1.357537060976028442e-01
1.176306381821632385e-01 1.255772560834884644e-01
1.175643280148506165e-01 1.470884382724761963e-01
1.170437857508659363e-01 1.648567616939544678e-01
1.169838905334472656e-01 1.260015219449996948e-01
1.169748976826667786e-01 1.171705052256584167e-01
1.166234984993934631e-01 2.073066830635070801e-01
1.164158880710601807e-01 1.414817124605178833e-01
1.150599643588066101e-01 1.331502348184585571e-01
1.148828715085983276e-01 1.958531290292739868e-01
1.143266931176185608e-01 1.793791800737380981e-01
1.140151545405387878e-01 1.231970861554145813e-01
1.137302368879318237e-01 1.568700969219207764e-01
1.136822327971458435e-01 1.200459003448486328e-01
1.135808974504470825e-01 1.486191749572753906e-01
1.127205044031143188e-01 1.646265387535095215e-01
1.120020523667335510e-01 1.228563860058784485e-01
1.118142902851104736e-01 1.672847568988800049e-01
1.114421561360359192e-01 1.149617508053779602e-01
1.110951825976371765e-01 1.454305052757263184e-01
1.110073104500770569e-01 1.212962344288825989e-01
1.098836436867713928e-01 1.660150289535522461e-01
1.098144501447677612e-01 1.563010960817337036e-01
1.098050102591514587e-01 1.140943914651870728e-01
1.096595227718353271e-01 1.108283028006553650e-01
1.094737648963928223e-01 1.315645426511764526e-01
1.092885285615921021e-01 1.164237782359123230e-01
1.092360243201255798e-01 1.660281270742416382e-01
1.091575101017951965e-01 1.679828763008117676e-01
1.090809702873229980e-01 1.154585331678390503e-01
1.089655235409736633e-01 1.343397200107574463e-01
1.087447404861450195e-01 1.410357803106307983e-01
1.086491942405700684e-01 1.206223741173744202e-01
1.080045849084854126e-01 1.178865581750869751e-01
1.075215488672256470e-01 1.079027205705642700e-01
1.074093133211135864e-01 2.031898051500320435e-01
1.070884764194488525e-01 1.377147436141967773e-01
1.062247231602668762e-01 1.118109151721000671e-01
1.057053953409194946e-01 1.774811893701553345e-01
1.050051525235176086e-01 1.638506501913070679e-01
1.049148142337799072e-01 1.816664785146713257e-01
1.044171676039695740e-01 1.057743057608604431e-01
1.041988730430603027e-01 2.100950926542282104e-01
1.041492968797683716e-01 1.489396840333938599e-01
1.039184704422950745e-01 1.524010449647903442e-01
1.035132482647895813e-01 1.936987936496734619e-01
1.032785847783088684e-01 1.198123469948768616e-01
1.029333621263504028e-01 1.309368312358856201e-01
1.028772890567779541e-01 1.178865581750869751e-01
1.025335192680358887e-01 1.113317757844924927e-01
1.015217080712318420e-01 1.044279932975769043e-01
1.013296395540237427e-01 1.083193197846412659e-01
1.013287380337715149e-01 1.371459662914276123e-01
1.011029109358787537e-01 2.091598212718963623e-01
1.006040722131729126e-01 1.282882094383239746e-01
1.004784777760505676e-01 2.191217243671417236e-01
1.000431552529335022e-01 2.159829437732696533e-01
9.925904870033264160e-02 1.017332896590232849e-01
9.889945387840270996e-02 1.069969460368156433e-01
9.733319282531738281e-02 1.062524020671844482e-01
9.646719694137573242e-02 1.658757030963897705e-01
9.595689177513122559e-02 1.972949504852294922e-01
9.595371037721633911e-02 1.582524776458740234e-01
9.454019367694854736e-02 1.318612247705459595e-01
9.428407996892929077e-02 1.261127591133117676e-01
9.410654008388519287e-02 1.101019829511642456e-01
9.368664771318435669e-02 9.918561577796936035e-02
9.341131895780563354e-02 1.426658779382705688e-01
9.209430217742919922e-02 1.516442000865936279e-01
9.192541241645812988e-02 1.035476550459861755e-01
9.079197794198989868e-02 1.044614240527153015e-01
8.813454955816268921e-02 9.783741086721420288e-02
8.635621517896652222e-02 1.113117262721061707e-01
8.539911359548568726e-02 8.814369887113571167e-02
8.230702579021453857e-02 1.182651743292808533e-01
8.200114220380783081e-02 8.331178873777389526e-02
8.182359486818313599e-02 8.950661867856979370e-02
8.179687708616256714e-02 8.203493803739547729e-02
8.132123202085494995e-02 1.004930585622787476e-01
8.036727458238601685e-02 8.941599726676940918e-02
7.991605997085571289e-02 9.034518897533416748e-02
7.978465408086776733e-02 8.059081435203552246e-02
7.917735725641250610e-02 8.054935187101364136e-02
7.899054139852523804e-02 9.747962653636932373e-02
7.712433487176895142e-02 7.993189245462417603e-02
7.303132861852645874e-02 9.429351240396499634e-02
7.253921777009963989e-02 7.423277199268341064e-02
7.250502705574035645e-02 8.272442221641540527e-02
7.169674336910247803e-02 9.196609258651733398e-02
6.817936897277832031e-02 7.300008088350296021e-02
6.437304615974426270e-02 7.702472805976867676e-02
6.359507888555526733e-02 7.564869523048400879e-02
6.306504458189010620e-02 6.644103676080703735e-02
5.914360284805297852e-02 6.061484292149543762e-02
5.459303036332130432e-02 5.737650394439697266e-02
4.755949229001998901e-02 5.467386543750762939e-02
4.482104629278182983e-02 4.508109390735626221e-02
