0.000000000000000000e+00 9.189970791339874268e-03
0.000000000000000000e+00 1.240901462733745575e-02
0.000000000000000000e+00 1.421753410249948502e-02
0.000000000000000000e+00 1.459573488682508469e-02
0.000000000000000000e+00 1.712683215737342834e-02
0.000000000000000000e+00 1.842732727527618408e-02
0.000000000000000000e+00 1.847303472459316254e-02
0.000000000000000000e+00 1.854815892875194550e-02
0.000000000000000000e+00 1.859747990965843201e-02
0.000000000000000000e+00 1.923165284097194672e-02
0.000000000000000000e+00 1.996179483830928802e-02
0.000000000000000000e+00 2.058492973446846008e-02
0.000000000000000000e+00 2.096349745988845825e-02
0.000000000000000000e+00 2.125000767409801483e-02
0.000000000000000000e+00 2.154966257512569427e-02
0.000000000000000000e+00 2.161842584609985352e-02
0.000000000000000000e+00 2.177192457020282745e-02
0.000000000000000000e+00 2.292216196656227112e-02
0.000000000000000000e+00 2.301494777202606201e-02
0.000000000000000000e+00 2.347493171691894531e-02
0.000000000000000000e+00 2.442807145416736603e-02
0.000000000000000000e+00 2.447943575680255890e-02
0.000000000000000000e+00 2.523280866444110870e-02
0.000000000000000000e+00 2.565394155681133270e-02
0.000000000000000000e+00 2.629613876342773438e-02
0.000000000000000000e+00 2.649983763694763184e-02
0.000000000000000000e+00 2.661734074354171753e-02
0.000000000000000000e+00 2.684180438518524170e-02
0.000000000000000000e+00 2.707501500844955444e-02
0.000000000000000000e+00 2.790929563343524933e-02
0.000000000000000000e+00 2.807353995740413666e-02
0.000000000000000000e+00 2.814098633825778961e-02
0.000000000000000000e+00 2.857463806867599487e-02
0.000000000000000000e+00 2.861544489860534668e-02
0.000000000000000000e+00 2.946959622204303741e-02
0.000000000000000000e+00 2.996615692973136902e-02
0.000000000000000000e+00 3.007160499691963196e-02
0.000000000000000000e+00 3.013402596116065979e-02
0.000000000000000000e+00 3.047391772270202637e-02
0.000000000000000000e+00 3.095298819243907928e-02
0.000000000000000000e+00 3.125051781535148621e-02
0.000000000000000000e+00 3.175695240497589111e-02
0.000000000000000000e+00 3.177587315440177917e-02
0.000000000000000000e+00 3.219652548432350159e-02
0.000000000000000000e+00 3.252895548939704895e-02
0.000000000000000000e+00 3.258042410016059875e-02
0.000000000000000000e+00 3.270493820309638977e-02
0.000000000000000000e+00 3.352868929505348206e-02
0.000000000000000000e+00 3.432254493236541748e-02
0.000000000000000000e+00 3.441066294908523560e-02
0.000000000000000000e+00 3.442908078432083130e-02
0.000000000000000000e+00 3.461976349353790283e-02
0.000000000000000000e+00 3.473244234919548035e-02
0.000000000000000000e+00 3.482981398701667786e-02
0.000000000000000000e+00 3.484146296977996826e-02
0.000000000000000000e+00 3.486826643347740173e-02
0.000000000000000000e+00 3.508483245968818665e-02
0.000000000000000000e+00 3.511594235897064209e-02
0.000000000000000000e+00 3.526400402188301086e-02
0.000000000000000000e+00 3.530671074986457825e-02
0.000000000000000000e+00 3.596330434083938599e-02
0.000000000000000000e+00 3.613704815506935120e-02
0.000000000000000000e+00 3.616118431091308594e-02
0.000000000000000000e+00 3.629220277070999146e-02
0.000000000000000000e+00 3.668379783630371094e-02
0.000000000000000000e+00 3.696178644895553589e-02
0.000000000000000000e+00 3.717739507555961609e-02
0.000000000000000000e+00 3.742459788918495178e-02
0.000000000000000000e+00 3.750533983111381531e-02
0.000000000000000000e+00 3.751667216420173645e-02
0.000000000000000000e+00 3.781630098819732666e-02
0.000000000000000000e+00 3.804544359445571899e-02
0.000000000000000000e+00 3.841438516974449158e-02
0.000000000000000000e+00 3.859743103384971619e-02
0.000000000000000000e+00 3.868597745895385742e-02
0.000000000000000000e+00 3.875212371349334717e-02
0.000000000000000000e+00 3.878763690590858459e-02
0.000000000000000000e+00 3.887496143579483032e-02
0.000000000000000000e+00 3.887745365500450134e-02
0.000000000000000000e+00 3.911971300840377808e-02
0.000000000000000000e+00 3.938330337405204773e-02
0.000000000000000000e+00 3.950790315866470337e-02
0.000000000000000000e+00 4.002930223941802979e-02
0.000000000000000000e+00 4.025397449731826782e-02
0.000000000000000000e+00 4.025677591562271118e-02
0.000000000000000000e+00 4.089442268013954163e-02
0.000000000000000000e+00 4.187053442001342773e-02
0.000000000000000000e+00 4.193101823329925537e-02
0.000000000000000000e+00 4.198396950960159302e-02
0.000000000000000000e+00 4.200132563710212708e-02
0.000000000000000000e+00 4.218366742134094238e-02
0.000000000000000000e+00 4.266569390892982483e-02
0.000000000000000000e+00 4.273999854922294617e-02
0.000000000000000000e+00 4.291950538754463196e-02
0.000000000000000000e+00 4.304644465446472168e-02
0.000000000000000000e+00 4.321308061480522156e-02
0.000000000000000000e+00 4.335831850767135620e-02
0.000000000000000000e+00 4.352532699704170227e-02
0.000000000000000000e+00 4.373664408922195435e-02
0.000000000000000000e+00 4.374625533819198608e-02
0.000000000000000000e+00 4.388323798775672913e-02
0.000000000000000000e+00 4.446319863200187683e-02
0.000000000000000000e+00 4.454082995653152466e-02
0.000000000000000000e+00 4.460669681429862976e-02
0.000000000000000000e+00 4.476278647780418396e-02
0.000000000000000000e+00 4.482382535934448242e-02
0.000000000000000000e+00 4.482584074139595032e-02
0.000000000000000000e+00 4.486359283328056335e-02
0.000000000000000000e+00 4.487215727567672729e-02
0.000000000000000000e+00 4.498032853007316589e-02
0.000000000000000000e+00 4.502140358090400696e-02
0.000000000000000000e+00 4.516289383172988892e-02
0.000000000000000000e+00 4.543650150299072266e-02
0.000000000000000000e+00 4.561725631356239319e-02
0.000000000000000000e+00 4.566365480422973633e-02
0.000000000000000000e+00 4.569461941719055176e-02
0.000000000000000000e+00 4.576870426535606384e-02
0.000000000000000000e+00 4.585293680429458618e-02
0.000000000000000000e+00 4.587480425834655762e-02
0.000000000000000000e+00 4.588937759399414062e-02
0.000000000000000000e+00 4.612661153078079224e-02
0.000000000000000000e+00 4.628840461373329163e-02
0.000000000000000000e+00 4.645053297281265259e-02
0.000000000000000000e+00 4.648390412330627441e-02
0.000000000000000000e+00 4.660886898636817932e-02
0.000000000000000000e+00 4.662542417645454407e-02
0.000000000000000000e+00 4.667906090617179871e-02
0.000000000000000000e+00 4.674030840396881104e-02
0.000000000000000000e+00 4.688694700598716736e-02
0.000000000000000000e+00 4.690581187605857849e-02
0.000000000000000000e+00 4.696419090032577515e-02
0.000000000000000000e+00 4.696882516145706177e-02
0.000000000000000000e+00 4.711490124464035034e-02
0.000000000000000000e+00 4.736046120524406433e-02
0.000000000000000000e+00 4.736471921205520630e-02
0.000000000000000000e+00 4.750057309865951538e-02
0.000000000000000000e+00 4.754965752363204956e-02
0.000000000000000000e+00 4.813021048903465271e-02
0.000000000000000000e+00 4.849556460976600647e-02
0.000000000000000000e+00 4.872515052556991577e-02
0.000000000000000000e+00 4.872802272439002991e-02
0.000000000000000000e+00 4.885687306523323059e-02
0.000000000000000000e+00 4.913945496082305908e-02
0.000000000000000000e+00 4.941001161932945251e-02
0.000000000000000000e+00 4.963773488998413086e-02
0.000000000000000000e+00 4.964790120720863342e-02
0.000000000000000000e+00 4.983141645789146423e-02
0.000000000000000000e+00 4.984090104699134827e-02
0.000000000000000000e+00 4.985882341861724854e-02
0.000000000000000000e+00 5.006176605820655823e-02
0.000000000000000000e+00 5.009621754288673401e-02
0.000000000000000000e+00 5.011961609125137329e-02
0.000000000000000000e+00 5.017386376857757568e-02
0.000000000000000000e+00 5.058280751109123230e-02
0.000000000000000000e+00 5.065867677330970764e-02
0.000000000000000000e+00 5.086199566721916199e-02
0.000000000000000000e+00 5.104747042059898376e-02
0.000000000000000000e+00 5.121677368879318237e-02
0.000000000000000000e+00 5.133346095681190491e-02
0.000000000000000000e+00 5.147528275847434998e-02
0.000000000000000000e+00 5.159857124090194702e-02
0.000000000000000000e+00 5.171984061598777771e-02
0.000000000000000000e+00 5.174108967185020447e-02
0.000000000000000000e+00 5.202435329556465149e-02
0.000000000000000000e+00 5.235246941447257996e-02
0.000000000000000000e+00 5.241841450333595276e-02
0.000000000000000000e+00 5.262674763798713684e-02
0.000000000000000000e+00 5.286983773112297058e-02
0.000000000000000000e+00 5.301693081855773926e-02
0.000000000000000000e+00 5.306486785411834717e-02
0.000000000000000000e+00 5.328042060136795044e-02
0.000000000000000000e+00 5.333087220788002014e-02
0.000000000000000000e+00 5.384460091590881348e-02
0.000000000000000000e+00 5.404853075742721558e-02
0.000000000000000000e+00 5.406140536069869995e-02
0.000000000000000000e+00 5.408580601215362549e-02
0.000000000000000000e+00 5.423167347908020020e-02
0.000000000000000000e+00 5.430750921368598938e-02
0.000000000000000000e+00 5.440282821655273438e-02
0.000000000000000000e+00 5.449989065527915955e-02
0.000000000000000000e+00 5.454169213771820068e-02
0.000000000000000000e+00 5.465447902679443359e-02
0.000000000000000000e+00 5.467081815004348755e-02
0.000000000000000000e+00 5.477913469076156616e-02
0.000000000000000000e+00 5.480518937110900879e-02
0.000000000000000000e+00 5.480769649147987366e-02
0.000000000000000000e+00 5.498800054192543030e-02
0.000000000000000000e+00 5.501838773488998413e-02
0.000000000000000000e+00 5.515012517571449280e-02
0.000000000000000000e+00 5.520898848772048950e-02
0.000000000000000000e+00 5.533836781978607178e-02
0.000000000000000000e+00 5.544964969158172607e-02
0.000000000000000000e+00 5.546728149056434631e-02
0.000000000000000000e+00 5.592345446348190308e-02
0.000000000000000000e+00 5.651470273733139038e-02
0.000000000000000000e+00 5.652314797043800354e-02
0.000000000000000000e+00 5.654703825712203979e-02
0.000000000000000000e+00 5.657807737588882446e-02
0.000000000000000000e+00 5.657855793833732605e-02
0.000000000000000000e+00 5.658523738384246826e-02
0.000000000000000000e+00 5.662208795547485352e-02
0.000000000000000000e+00 5.687207356095314026e-02
0.000000000000000000e+00 5.689337104558944702e-02
0.000000000000000000e+00 5.702285096049308777e-02
0.000000000000000000e+00 5.733873322606086731e-02
0.000000000000000000e+00 5.741123482584953308e-02
0.000000000000000000e+00 5.779769644141197205e-02
0.000000000000000000e+00 5.780200287699699402e-02
0.000000000000000000e+00 5.794494226574897766e-02
0.000000000000000000e+00 5.799518525600433350e-02
0.000000000000000000e+00 5.824921652674674988e-02
0.000000000000000000e+00 5.854876339435577393e-02
0.000000000000000000e+00 5.877595394849777222e-02
0.000000000000000000e+00 5.880138650536537170e-02
0.000000000000000000e+00 5.880365520715713501e-02
0.000000000000000000e+00 5.885683372616767883e-02
0.000000000000000000e+00 5.906999483704566956e-02
0.000000000000000000e+00 5.926336348056793213e-02
0.000000000000000000e+00 5.931142345070838928e-02
0.000000000000000000e+00 5.939469486474990845e-02
0.000000000000000000e+00 5.964173376560211182e-02
0.000000000000000000e+00 5.984698608517646790e-02
0.000000000000000000e+00 5.995730683207511902e-02
0.000000000000000000e+00 5.999990925192832947e-02
0.000000000000000000e+00 6.008725240826606750e-02
0.000000000000000000e+00 6.017721444368362427e-02
0.000000000000000000e+00 6.025605648756027222e-02
0.000000000000000000e+00 6.032331660389900208e-02
0.000000000000000000e+00 6.033658981323242188e-02
0.000000000000000000e+00 6.034593284130096436e-02
0.000000000000000000e+00 6.064623594284057617e-02
0.000000000000000000e+00 6.068813055753707886e-02
0.000000000000000000e+00 6.084574759006500244e-02
0.000000000000000000e+00 6.095291301608085632e-02
0.000000000000000000e+00 6.115091219544410706e-02
0.000000000000000000e+00 6.117078661918640137e-02
0.000000000000000000e+00 6.124209240078926086e-02
0.000000000000000000e+00 6.134894117712974548e-02
0.000000000000000000e+00 6.140968948602676392e-02
0.000000000000000000e+00 6.160437688231468201e-02
0.000000000000000000e+00 6.186417117714881897e-02
0.000000000000000000e+00 6.202858313918113708e-02
0.000000000000000000e+00 6.212892383337020874e-02
0.000000000000000000e+00 6.225606054067611694e-02
0.000000000000000000e+00 6.232012435793876648e-02
0.000000000000000000e+00 6.234440952539443970e-02
0.000000000000000000e+00 6.239772215485572815e-02
0.000000000000000000e+00 6.254386156797409058e-02
0.000000000000000000e+00 6.262905895709991455e-02
0.000000000000000000e+00 6.266047060489654541e-02
0.000000000000000000e+00 6.267064064741134644e-02
0.000000000000000000e+00 6.275209039449691772e-02
0.000000000000000000e+00 6.285148859024047852e-02
0.000000000000000000e+00 6.295079737901687622e-02
0.000000000000000000e+00 6.308395415544509888e-02
0.000000000000000000e+00 6.309195607900619507e-02
0.000000000000000000e+00 6.330765783786773682e-02
0.000000000000000000e+00 6.342199444770812988e-02
0.000000000000000000e+00 6.345670670270919800e-02
0.000000000000000000e+00 6.381063163280487061e-02
0.000000000000000000e+00 6.385231018066406250e-02
0.000000000000000000e+00 6.385637074708938599e-02
0.000000000000000000e+00 6.386217474937438965e-02
0.000000000000000000e+00 6.393159925937652588e-02
0.000000000000000000e+00 6.394366919994354248e-02
0.000000000000000000e+00 6.398683786392211914e-02
0.000000000000000000e+00 6.400700658559799194e-02
0.000000000000000000e+00 6.426616758108139038e-02
0.000000000000000000e+00 6.477774679660797119e-02
0.000000000000000000e+00 6.480422616004943848e-02
0.000000000000000000e+00 6.487423181533813477e-02
0.000000000000000000e+00 6.493432819843292236e-02
0.000000000000000000e+00 6.513670831918716431e-02
0.000000000000000000e+00 6.518566608428955078e-02
0.000000000000000000e+00 6.567254662513732910e-02
0.000000000000000000e+00 6.573338061571121216e-02
0.000000000000000000e+00 6.577325612306594849e-02
0.000000000000000000e+00 6.587669998407363892e-02
0.000000000000000000e+00 6.632892042398452759e-02
0.000000000000000000e+00 6.639252603054046631e-02
0.000000000000000000e+00 6.645371019840240479e-02
0.000000000000000000e+00 6.645429134368896484e-02
0.000000000000000000e+00 6.647620350122451782e-02
0.000000000000000000e+00 6.662472337484359741e-02
0.000000000000000000e+00 6.676388531923294067e-02
0.000000000000000000e+00 6.696523725986480713e-02
0.000000000000000000e+00 6.732317060232162476e-02
0.000000000000000000e+00 6.733854115009307861e-02
0.000000000000000000e+00 6.741157919168472290e-02
0.000000000000000000e+00 6.751105934381484985e-02
0.000000000000000000e+00 6.783954799175262451e-02
0.000000000000000000e+00 6.803765892982482910e-02
0.000000000000000000e+00 6.817840784788131714e-02
0.000000000000000000e+00 6.822466105222702026e-02
0.000000000000000000e+00 6.834192574024200439e-02
0.000000000000000000e+00 6.844104081392288208e-02
0.000000000000000000e+00 6.849250197410583496e-02
0.000000000000000000e+00 6.874283403158187866e-02
0.000000000000000000e+00 6.891883909702301025e-02
0.000000000000000000e+00 6.896405667066574097e-02
0.000000000000000000e+00 6.897895038127899170e-02
0.000000000000000000e+00 6.914068013429641724e-02
0.000000000000000000e+00 6.917252391576766968e-02
0.000000000000000000e+00 6.925702095031738281e-02
0.000000000000000000e+00 6.928568333387374878e-02
0.000000000000000000e+00 6.941827386617660522e-02
0.000000000000000000e+00 6.956241279840469360e-02
0.000000000000000000e+00 6.965869665145874023e-02
0.000000000000000000e+00 6.973838806152343750e-02
0.000000000000000000e+00 6.974647939205169678e-02
0.000000000000000000e+00 7.004653662443161011e-02
0.000000000000000000e+00 7.017932832241058350e-02
0.000000000000000000e+00 7.032451033592224121e-02
0.000000000000000000e+00 7.050395756959915161e-02
0.000000000000000000e+00 7.070417702198028564e-02
0.000000000000000000e+00 7.072144746780395508e-02
0.000000000000000000e+00 7.072159647941589355e-02
0.000000000000000000e+00 7.074226438999176025e-02
0.000000000000000000e+00 7.080840319395065308e-02
0.000000000000000000e+00 7.086703926324844360e-02
0.000000000000000000e+00 7.098105549812316895e-02
0.000000000000000000e+00 7.114523649215698242e-02
0.000000000000000000e+00 7.134283334016799927e-02
0.000000000000000000e+00 7.146145403385162354e-02
0.000000000000000000e+00 7.157210260629653931e-02
0.000000000000000000e+00 7.167856395244598389e-02
0.000000000000000000e+00 7.173144817352294922e-02
0.000000000000000000e+00 7.181181013584136963e-02
0.000000000000000000e+00 7.191061228513717651e-02
0.000000000000000000e+00 7.216772437095642090e-02
0.000000000000000000e+00 7.225976139307022095e-02
0.000000000000000000e+00 7.247444987297058105e-02
0.000000000000000000e+00 7.270746678113937378e-02
0.000000000000000000e+00 7.281409949064254761e-02
0.000000000000000000e+00 7.289276272058486938e-02
0.000000000000000000e+00 7.292211800813674927e-02
0.000000000000000000e+00 7.297816872596740723e-02
0.000000000000000000e+00 7.329680770635604858e-02
0.000000000000000000e+00 7.354781776666641235e-02
0.000000000000000000e+00 7.364690303802490234e-02
0.000000000000000000e+00 7.380721718072891235e-02
0.000000000000000000e+00 7.386116683483123779e-02
0.000000000000000000e+00 7.401468604803085327e-02
0.000000000000000000e+00 7.410170137882232666e-02
0.000000000000000000e+00 7.412013411521911621e-02
0.000000000000000000e+00 7.437140494585037231e-02
0.000000000000000000e+00 7.448405772447586060e-02
0.000000000000000000e+00 7.468334585428237915e-02
0.000000000000000000e+00 7.471965998411178589e-02
0.000000000000000000e+00 7.519230991601943970e-02
0.000000000000000000e+00 7.519825547933578491e-02
0.000000000000000000e+00 7.521775364875793457e-02
0.000000000000000000e+00 7.574651390314102173e-02
0.000000000000000000e+00 7.610190659761428833e-02
0.000000000000000000e+00 7.613782584667205811e-02
0.000000000000000000e+00 7.617195695638656616e-02
0.000000000000000000e+00 7.624103873968124390e-02
0.000000000000000000e+00 7.633691281080245972e-02
0.000000000000000000e+00 7.651272416114807129e-02
0.000000000000000000e+00 7.653119415044784546e-02
0.000000000000000000e+00 7.675992697477340698e-02
0.000000000000000000e+00 7.685149461030960083e-02
0.000000000000000000e+00 7.686038315296173096e-02
0.000000000000000000e+00 7.688408344984054565e-02
0.000000000000000000e+00 7.696519047021865845e-02
0.000000000000000000e+00 7.735326886177062988e-02
0.000000000000000000e+00 7.735705375671386719e-02
0.000000000000000000e+00 7.738343626260757446e-02
0.000000000000000000e+00 7.754679769277572632e-02
0.000000000000000000e+00 7.758025079965591431e-02
0.000000000000000000e+00 7.777238637208938599e-02
0.000000000000000000e+00 7.786726206541061401e-02
0.000000000000000000e+00 7.788498699665069580e-02
0.000000000000000000e+00 7.795140147209167480e-02
0.000000000000000000e+00 7.804483920335769653e-02
0.000000000000000000e+00 7.823374867439270020e-02
0.000000000000000000e+00 7.826306670904159546e-02
0.000000000000000000e+00 7.827746868133544922e-02
0.000000000000000000e+00 7.850680500268936157e-02
0.000000000000000000e+00 7.913128286600112915e-02
0.000000000000000000e+00 7.950486242771148682e-02
0.000000000000000000e+00 7.951194792985916138e-02
0.000000000000000000e+00 7.951512932777404785e-02
0.000000000000000000e+00 7.964599877595901489e-02
0.000000000000000000e+00 7.987202703952789307e-02
0.000000000000000000e+00 8.000794053077697754e-02
0.000000000000000000e+00 8.010862767696380615e-02
0.000000000000000000e+00 8.036421984434127808e-02
0.000000000000000000e+00 8.043824136257171631e-02
0.000000000000000000e+00 8.064434677362442017e-02
0.000000000000000000e+00 8.085752278566360474e-02
0.000000000000000000e+00 8.087325841188430786e-02
0.000000000000000000e+00 8.096664398908615112e-02
0.000000000000000000e+00 8.100041002035140991e-02
0.000000000000000000e+00 8.111295104026794434e-02
0.000000000000000000e+00 8.116133511066436768e-02
0.000000000000000000e+00 8.123137801885604858e-02
0.000000000000000000e+00 8.143340051174163818e-02
0.000000000000000000e+00 8.150407671928405762e-02
0.000000000000000000e+00 8.153035491704940796e-02
0.000000000000000000e+00 8.181723952293395996e-02
0.000000000000000000e+00 8.232709765434265137e-02
0.000000000000000000e+00 8.263190835714340210e-02
0.000000000000000000e+00 8.281577378511428833e-02
0.000000000000000000e+00 8.290082961320877075e-02
0.000000000000000000e+00 8.323580771684646606e-02
0.000000000000000000e+00 8.324082195758819580e-02
0.000000000000000000e+00 8.395744115114212036e-02
0.000000000000000000e+00 8.484080433845520020e-02
0.000000000000000000e+00 8.529253304004669189e-02
0.000000000000000000e+00 8.542741090059280396e-02
0.000000000000000000e+00 8.569652587175369263e-02
0.000000000000000000e+00 8.587477356195449829e-02
0.000000000000000000e+00 8.610413968563079834e-02
0.000000000000000000e+00 8.634164184331893921e-02
0.000000000000000000e+00 8.646232634782791138e-02
0.000000000000000000e+00 8.646789193153381348e-02
0.000000000000000000e+00 8.652835339307785034e-02
0.000000000000000000e+00 8.703358471393585205e-02
0.000000000000000000e+00 8.727981150150299072e-02
0.000000000000000000e+00 8.732430636882781982e-02
0.000000000000000000e+00 8.755987882614135742e-02
0.000000000000000000e+00 8.800638467073440552e-02
0.000000000000000000e+00 8.849972486495971680e-02
0.000000000000000000e+00 8.875213563442230225e-02
0.000000000000000000e+00 8.915457129478454590e-02
0.000000000000000000e+00 8.932248502969741821e-02
0.000000000000000000e+00 8.949985355138778687e-02
0.000000000000000000e+00 8.954008668661117554e-02
0.000000000000000000e+00 8.966410160064697266e-02
0.000000000000000000e+00 8.967497199773788452e-02
0.000000000000000000e+00 8.968432247638702393e-02
0.000000000000000000e+00 8.983338624238967896e-02
0.000000000000000000e+00 8.996883779764175415e-02
0.000000000000000000e+00 9.023035317659378052e-02
0.000000000000000000e+00 9.114645421504974365e-02
0.000000000000000000e+00 9.118170291185379028e-02
0.000000000000000000e+00 9.137934446334838867e-02
0.000000000000000000e+00 9.150777757167816162e-02
0.000000000000000000e+00 9.163083136081695557e-02
0.000000000000000000e+00 9.192115068435668945e-02
0.000000000000000000e+00 9.213889390230178833e-02
0.000000000000000000e+00 9.220291674137115479e-02
0.000000000000000000e+00 9.249652177095413208e-02
0.000000000000000000e+00 9.326648712158203125e-02
0.000000000000000000e+00 9.330323338508605957e-02
0.000000000000000000e+00 9.346282482147216797e-02
0.000000000000000000e+00 9.357751905918121338e-02
0.000000000000000000e+00 9.397955238819122314e-02
0.000000000000000000e+00 9.406781941652297974e-02
0.000000000000000000e+00 9.435478597879409790e-02
0.000000000000000000e+00 9.441339969635009766e-02
0.000000000000000000e+00 9.508340060710906982e-02
0.000000000000000000e+00 9.550116956233978271e-02
0.000000000000000000e+00 9.575553238391876221e-02
0.000000000000000000e+00 9.582100063562393188e-02
0.000000000000000000e+00 9.610980749130249023e-02
0.000000000000000000e+00 9.612490236759185791e-02
0.000000000000000000e+00 9.612861275672912598e-02
0.000000000000000000e+00 9.711724519729614258e-02
0.000000000000000000e+00 9.763357043266296387e-02
0.000000000000000000e+00 9.767492115497589111e-02
0.000000000000000000e+00 9.772995859384536743e-02
0.000000000000000000e+00 9.774220734834671021e-02
0.000000000000000000e+00 9.791503101587295532e-02
0.000000000000000000e+00 9.821707755327224731e-02
0.000000000000000000e+00 9.828229993581771851e-02
0.000000000000000000e+00 9.864570200443267822e-02
0.000000000000000000e+00 9.866541624069213867e-02
0.000000000000000000e+00 9.867542982101440430e-02
0.000000000000000000e+00 9.870684891939163208e-02
0.000000000000000000e+00 9.872412681579589844e-02
0.000000000000000000e+00 1.002128049731254578e-01
0.000000000000000000e+00 1.010627895593643188e-01
0.000000000000000000e+00 1.013393923640251160e-01
0.000000000000000000e+00 1.022019460797309875e-01
0.000000000000000000e+00 1.026427522301673889e-01
0.000000000000000000e+00 1.026639863848686218e-01
0.000000000000000000e+00 1.032186672091484070e-01
0.000000000000000000e+00 1.032395660877227783e-01
0.000000000000000000e+00 1.032805442810058594e-01
0.000000000000000000e+00 1.034522131085395813e-01
0.000000000000000000e+00 1.043832451105117798e-01
0.000000000000000000e+00 1.048485338687896729e-01
0.000000000000000000e+00 1.051122397184371948e-01
0.000000000000000000e+00 1.079882830381393433e-01
0.000000000000000000e+00 1.102161705493927002e-01
0.000000000000000000e+00 1.121136173605918884e-01
0.000000000000000000e+00 1.126719862222671509e-01
0.000000000000000000e+00 1.134226694703102112e-01
0.000000000000000000e+00 1.139162406325340271e-01
0.000000000000000000e+00 1.139994412660598755e-01
0.000000000000000000e+00 1.147485077381134033e-01
0.000000000000000000e+00 1.155151054263114929e-01
0.000000000000000000e+00 1.156731322407722473e-01
0.000000000000000000e+00 1.162427291274070740e-01
0.000000000000000000e+00 1.241662725806236267e-01
0.000000000000000000e+00 1.242571249604225159e-01
0.000000000000000000e+00 1.319603919982910156e-01
