1.859257221221923828e-01 2.097940891981124878e-01
1.855929195880889893e-01 1.958996057510375977e-01
1.816557049751281738e-01 1.823424845933914185e-01
1.737865209579467773e-01 1.825637072324752808e-01
1.715148985385894775e-01 1.753830760717391968e-01
1.706030517816543579e-01 1.711712479591369629e-01
1.674477458000183105e-01 1.694480776786804199e-01
1.657413542270660400e-01 1.774348914623260498e-01
1.629239022731781006e-01 1.796640008687973022e-01
1.618250459432601929e-01 1.720132678747177124e-01
1.591969728469848633e-01 1.709540337324142456e-01
1.581715643405914307e-01 1.740271300077438354e-01
1.567677259445190430e-01 1.886062622070312500e-01
1.538973152637481689e-01 1.643823385238647461e-01
1.524656116962432861e-01 1.684601008892059326e-01
1.475689113140106201e-01 1.872984319925308228e-01
1.453591585159301758e-01 1.455455273389816284e-01
1.448819637298583984e-01 1.529839187860488892e-01
1.417756229639053345e-01 1.669015586376190186e-01
1.402316093444824219e-01 1.444189995527267456e-01
1.393624395132064819e-01 1.498410552740097046e-01
1.387629806995391846e-01 1.558202952146530151e-01
1.385242491960525513e-01 1.666080951690673828e-01
1.375226229429244995e-01 1.813583374023437500e-01
1.374642848968505859e-01 1.582888513803482056e-01
1.368051171302795410e-01 1.425358951091766357e-01
1.363095492124557495e-01 1.385468691587448120e-01
1.362720429897308350e-01 1.702856868505477905e-01
1.361379176378250122e-01 1.548855155706405640e-01
1.352321058511734009e-01 1.704307496547698975e-01
1.346222907304763794e-01 1.366203278303146362e-01
1.336151659488677979e-01 1.611638069152832031e-01
1.330380141735076904e-01 1.455468386411666870e-01
1.325320899486541748e-01 1.330704241991043091e-01
1.322756856679916382e-01 1.410646289587020874e-01
1.302437633275985718e-01 1.870226711034774780e-01
1.299386918544769287e-01 1.856491416692733765e-01
1.297184526920318604e-01 1.310208141803741455e-01
1.294843405485153198e-01 1.781346648931503296e-01
1.282651573419570923e-01 1.601827889680862427e-01
1.274009943008422852e-01 1.485187560319900513e-01
1.260418891906738281e-01 1.797351986169815063e-01
1.255679577589035034e-01 1.570158898830413818e-01
1.254623085260391235e-01 1.398416906595230103e-01
1.252762526273727417e-01 1.878886371850967407e-01
1.251805573701858521e-01 1.515180170536041260e-01
1.249203309416770935e-01 1.301775574684143066e-01
1.242632046341896057e-01 1.804013401269912720e-01
1.234474107623100281e-01 1.327190399169921875e-01
1.230572015047073364e-01 1.371615827083587646e-01
1.226158067584037781e-01 1.588065177202224731e-01
1.225717514753341675e-01 1.927831918001174927e-01
1.218271031975746155e-01 1.389987915754318237e-01
1.217909157276153564e-01 1.355518996715545654e-01
1.216874271631240845e-01 2.057206183671951294e-01
1.213209182024002075e-01 1.356500685214996338e-01
1.211836263537406921e-01 1.656129211187362671e-01
1.205648481845855713e-01 1.800837516784667969e-01
1.205557361245155334e-01 1.510705351829528809e-01
1.198666095733642578e-01 2.045364528894424438e-01
1.194012910127639771e-01 1.286154091358184814e-01
1.189344972372055054e-01 1.485204398632049561e-01
1.186676025390625000e-01 1.212110444903373718e-01
1.180136427283287048e-01 1.268851459026336670e-01
1.179658174514770508e-01 1.944425851106643677e-01
1.178078129887580872e-01 1.372330188751220703e-01
1.168700531125068665e-01 1.492740064859390259e-01
1.166661158204078674e-01 1.338025033473968506e-01
1.166577041149139404e-01 1.703805923461914062e-01
1.166000068187713623e-01 1.293473839759826660e-01
1.155635491013526917e-01 1.838794052600860596e-01
1.155247837305068970e-01 1.520568132400512695e-01
1.153060868382453918e-01 1.211222931742668152e-01
1.153047159314155579e-01 1.558325290679931641e-01
1.145081445574760437e-01 1.609203219413757324e-01
1.144387498497962952e-01 1.570156514644622803e-01
1.142418682575225830e-01 1.909434944391250610e-01
1.142064705491065979e-01 1.270419061183929443e-01
1.126065254211425781e-01 1.932042092084884644e-01
1.124023273587226868e-01 1.650275886058807373e-01
1.118801981210708618e-01 1.313298046588897705e-01
1.118772551417350769e-01 1.750676929950714111e-01
1.112716495990753174e-01 1.299684941768646240e-01
1.107132285833358765e-01 1.531102657318115234e-01
1.101294830441474915e-01 2.293658107519149780e-01
1.100263595581054688e-01 1.416361480951309204e-01
1.097401827573776245e-01 1.257337927818298340e-01
1.094838753342628479e-01 1.113644912838935852e-01
1.092466115951538086e-01 1.179899796843528748e-01
1.088768541812896729e-01 1.164350435137748718e-01
1.085926294326782227e-01 1.774750798940658569e-01
1.082348600029945374e-01 1.733401864767074585e-01
1.078590154647827148e-01 1.228295415639877319e-01
1.074870750308036804e-01 1.137177869677543640e-01
1.065004095435142517e-01 2.047704011201858521e-01
1.062963306903839111e-01 1.688999831676483154e-01
1.053304448723793030e-01 1.815469115972518921e-01
1.049927845597267151e-01 1.129748448729515076e-01
1.049412190914154053e-01 1.444227695465087891e-01
1.038116291165351868e-01 1.572313606739044189e-01
1.037339046597480774e-01 1.407477557659149170e-01
1.025758758187294006e-01 1.496677249670028687e-01
1.021758243441581726e-01 1.612049192190170288e-01
1.015979647636413574e-01 1.628104597330093384e-01
1.010469570755958557e-01 1.034906730055809021e-01
1.006031706929206848e-01 1.033461391925811768e-01
1.003979519009590149e-01 1.118332296609878540e-01
9.880194813013076782e-02 2.188481390476226807e-01
9.825838357210159302e-02 1.123355999588966370e-01
9.803300350904464722e-02 1.521817594766616821e-01
9.754993021488189697e-02 1.101459413766860962e-01
9.752779453992843628e-02 1.562015414237976074e-01
9.643171727657318115e-02 9.834017604589462280e-02
9.514109790325164795e-02 1.173248067498207092e-01
9.469743818044662476e-02 1.045597866177558899e-01
9.244219213724136353e-02 1.131317019462585449e-01
9.244176745414733887e-02 1.230729147791862488e-01
9.156347066164016724e-02 1.472555100917816162e-01
9.089007228612899780e-02 1.187065765261650085e-01
9.054565429687500000e-02 1.283520907163619995e-01
9.047179669141769409e-02 1.300743073225021362e-01
8.864574134349822998e-02 8.897695690393447876e-02
8.863884210586547852e-02 1.347510367631912231e-01
8.849067240953445435e-02 8.942096680402755737e-02
8.812342584133148193e-02 8.899660408496856689e-02
8.678801357746124268e-02 9.565599262714385986e-02
8.620989322662353516e-02 1.098826602101325989e-01
8.598201721906661987e-02 1.039774268865585327e-01
8.252760767936706543e-02 8.811265230178833008e-02
8.193461596965789795e-02 1.032848656177520752e-01
8.192031830549240112e-02 8.631992340087890625e-02
8.109611272811889648e-02 1.108998581767082214e-01
8.065101504325866699e-02 9.393413364887237549e-02
8.031942695379257202e-02 8.362036943435668945e-02
8.027314394712448120e-02 8.899867534637451172e-02
7.822667807340621948e-02 8.258853852748870850e-02
7.819373160600662231e-02 8.290246874094009399e-02
7.711686939001083374e-02 9.467341005802154541e-02
7.546033710241317749e-02 1.009036526083946228e-01
7.544985413551330566e-02 7.764509320259094238e-02
7.427845150232315063e-02 7.935328781604766846e-02
7.284554094076156616e-02 7.630694657564163208e-02
7.200946658849716187e-02 7.331997901201248169e-02
6.824494153261184692e-02 7.698169350624084473e-02
6.476665288209915161e-02 8.053061366081237793e-02
6.102141737937927246e-02 7.392905652523040771e-02
5.908702313899993896e-02 7.869907468557357788e-02
5.684041604399681091e-02 6.622584909200668335e-02
5.318059027194976807e-02 7.760580629110336304e-02
