1.831123150204096162e-03 1.835819129659360975e-03
2.689346726223434264e-03 2.865506028999442473e-03
2.835634739735290455e-03 3.017812994531869544e-03
2.960111617047290946e-03 3.029822581092911794e-03
3.268472767411111351e-03 3.315821348595661498e-03
3.652841384757797658e-03 3.715829817358913979e-03
3.928997752737597993e-03 3.952770314358438133e-03
4.027709849024069776e-03 4.167829536899126351e-03
4.335353682644031703e-03 4.344184653777833152e-03
4.501552973495396952e-03 4.844978701189946169e-03
4.507868326240106055e-03 5.130238526416789138e-03
4.940626534845762342e-03 4.944232793958639079e-03
5.316981403097865988e-03 5.731793179929658630e-03
5.336630864889216862e-03 5.490915863877273394e-03
5.529790466735485036e-03 5.530765707301216715e-03
5.534811947892792627e-03 5.945091055903573875e-03
5.671314456838005141e-03 6.315197814106089658e-03
5.737956617346834029e-03 6.384634793031984841e-03
5.854421595856947394e-03 6.263563538042079409e-03
5.970147190256176566e-03 6.301992454805519818e-03
6.044216423689852992e-03 6.110925334760824654e-03
6.102180037823106210e-03 6.167956940791334206e-03
6.184893900303646205e-03 6.313094844603134824e-03
6.471761780566911808e-03 6.588160646185434177e-03
6.526464164800751221e-03 6.674674435158210045e-03
6.615350313462718332e-03 7.760433029204572529e-03
6.687280194936960978e-03 6.705387517469124994e-03
7.017129832844952279e-03 7.032114488015860261e-03
7.022462680757998732e-03 7.595154087977397731e-03
7.032969714517469523e-03 7.221864177685628078e-03
7.131034643714597755e-03 7.544639006675487973e-03
7.404582568018982375e-03 7.741653912591580679e-03
7.460166402852564521e-03 7.987835948995285554e-03
7.911027912879661783e-03 8.104312926473032641e-03
8.006582945102333135e-03 8.268237462919164268e-03
8.124488163350243944e-03 8.740395711523341743e-03
8.138007591710511371e-03 8.236830392837289280e-03
8.527904957992823304e-03 8.568490395689472294e-03
8.528816112160959167e-03 8.545913419413575518e-03
8.670600152767510976e-03 9.971152111008321078e-03
8.819783544845262099e-03 9.720935486414890997e-03
8.835602177506505714e-03 8.906000498521271860e-03
8.849622307411243727e-03 9.470652108536679187e-03
8.896180621673289296e-03 8.908982538108053961e-03
8.922935448005438197e-03 8.953098547761549272e-03
8.933922125388999921e-03 9.059559454243040766e-03
9.105569693740777487e-03 1.189963109894921593e-02
9.360119233123458116e-03 9.663402635846057853e-03
9.531172870906306355e-03 1.047984424084422335e-02
9.554038962170698090e-03 9.573745222034388963e-03
9.961716008183548257e-03 1.178633233347733782e-02
1.028286118492833037e-02 1.040059665312854584e-02
1.035330928500213105e-02 1.035332410383054715e-02
1.036110367541968023e-02 1.048138277048817416e-02
1.038853767329009879e-02 1.039300391770707835e-02
1.047969198409364443e-02 1.152970078897877851e-02
1.086421372003543856e-02 1.237991956656031220e-02
1.100740216956345822e-02 1.173879245840788246e-02
1.103226481819360831e-02 1.103926669980656930e-02
1.105191339770189921e-02 1.265915558758230579e-02
1.109433826925994120e-02 1.113638019849798322e-02
1.116583359093379670e-02 1.142429360240151091e-02
1.123475689307037832e-02 1.125381378570881885e-02
1.142050490536346621e-02 1.224801961084729350e-02
1.166594595499742017e-02 1.233181806256295095e-02
1.174214012111321828e-02 1.198840714216521490e-02
1.176383013481331445e-02 1.239382457664033391e-02
1.181362871668431395e-02 1.250232562851122560e-02
1.183305545915009326e-02 1.228533826179735618e-02
1.184910223911901997e-02 1.217291098116393688e-02
1.233545902196535142e-02 1.571731645565084198e-02
1.235253258977307179e-02 1.812538421105527875e-02
1.235801005221705273e-02 1.509621645754743134e-02
1.240556474463667784e-02 1.339485103233255085e-02
1.244224075032217443e-02 1.286357456169904406e-02
1.244984109977492759e-02 1.304938261066318148e-02
1.261956486375500480e-02 1.321893784603693153e-02
1.280114951488479404e-02 1.367988298598827625e-02
1.287011911316338075e-02 1.723821920933927415e-02
1.287279730275986932e-02 1.306312145610949611e-02
1.310891451272933397e-02 1.333295994914892105e-02
1.312530823634349038e-02 1.331438009112362493e-02
1.315563753449319577e-02 1.323527153111571895e-02
1.321766047247876011e-02 1.594349778866709089e-02
1.329894464856575496e-02 1.330166613051023301e-02
1.337207716373731495e-02 1.350237845670493840e-02
1.341588390181019594e-02 1.375100232650032679e-02
1.347597818806601892e-02 1.428447024385310141e-02
1.355081144487827252e-02 1.374438310925901047e-02
1.356448624603482506e-02 1.470338086118417459e-02
1.360580554543674124e-02 1.448379410652028514e-02
1.363742140910927103e-02 1.789434205627216459e-02
1.363826059662929385e-02 1.454877175688915926e-02
1.372963512006805491e-02 1.494371808509319631e-02
1.378074007704443472e-02 1.476165614831397369e-02
1.382242838703921090e-02 1.403754687178146963e-02
1.382767014875990914e-02 1.393746860517111608e-02
1.389473631142875386e-02 1.422790320979546580e-02
1.391177648078125405e-02 1.421739462277249108e-02
1.396528453609636143e-02 1.539118847890907742e-02
1.397033178737165475e-02 1.417837695964692044e-02
1.413673967383274888e-02 1.421827879126271420e-02
1.414425238577546838e-02 1.491677830302015964e-02
1.421058393908633359e-02 1.421801500880242979e-02
1.428863025474139473e-02 1.749527912851042699e-02
1.429192605574183123e-02 1.578256596753654581e-02
1.432433136425755038e-02 1.708981579893412150e-02
1.435261850097466381e-02 1.469643603689519372e-02
1.439971410911184378e-02 1.505762846677570835e-02
1.442131688273352343e-02 1.545998072545361895e-02
1.443786839330279785e-02 1.615252302548551150e-02
1.444842709119050633e-02 1.500357420501322904e-02
1.445395202215374493e-02 1.471981944463928230e-02
1.447606634959368484e-02 1.594186481679409073e-02
1.462832358158767596e-02 1.477687202720811069e-02
1.463553960508958730e-02 1.491417583625509122e-02
1.464420994221358845e-02 1.538206040009007340e-02
1.468285832603810105e-02 1.480037675062490128e-02
1.475301838470589530e-02 1.542137211258649311e-02
1.485909568273996104e-02 1.547893555707945297e-02
1.488048558019449026e-02 1.488185183012671366e-02
1.496341601182435421e-02 1.497769231437723163e-02
1.498225578731653650e-02 1.515177997017009941e-02
1.501711693160745313e-02 1.651238884538014026e-02
1.502779919723014161e-02 1.503263527708779274e-02
1.506225256250217151e-02 1.540026023701549299e-02
1.515125781309930621e-02 1.522588089527572228e-02
1.524283442527320231e-02 1.531450094887884701e-02
1.535003900521966086e-02 1.629288191773900149e-02
1.537031347561793396e-02 1.564144566961193916e-02
1.551929122920287993e-02 1.779238637471396850e-02
1.553436328751627536e-02 1.584865391489240910e-02
1.553965235944240221e-02 1.553965454121720297e-02
1.557535381464260696e-02 1.567751553329414793e-02
1.560456326248322624e-02 1.595467877211094107e-02
1.563956695434328553e-02 1.736258720792432583e-02
1.565388240998056082e-02 1.566367053896441583e-02
1.565422713356427395e-02 1.623300135336240568e-02
1.569940014162940836e-02 1.726441586675279971e-02
1.570100431509667549e-02 1.848074368441979601e-02
1.573213927544283089e-02 1.896380019877042314e-02
1.575220198719707101e-02 1.576819575581815680e-02
1.579888710633680499e-02 2.247416994374645469e-02
1.580057069340838616e-02 1.619835558960249638e-02
1.580351286346730680e-02 1.594348208405270417e-02
1.592169556696882218e-02 1.654993567469732058e-02
1.592777124355486754e-02 1.606175030299608272e-02
1.602342547398973721e-02 1.602911248318831042e-02
1.611984030036084370e-02 1.856482282025727695e-02
1.612160080467890319e-02 1.887395027280769008e-02
1.613183542353638714e-02 1.683142727188533666e-02
1.614921864990256570e-02 1.669043852989950116e-02
1.617384706429322860e-02 1.643034988951970476e-02
1.618129054323293875e-02 1.643777890527491070e-02
1.618200500907511497e-02 1.635152058394987937e-02
1.619063657829886149e-02 1.780413966578212048e-02
1.619110216834863253e-02 1.625795531292437493e-02
1.620778313413630961e-02 1.631074560017745437e-02
1.634371245408094975e-02 1.744108994590981218e-02
1.635555127617101950e-02 1.651235407358908613e-02
1.639083760609909290e-02 1.661743315386026223e-02
1.646512593968963573e-02 1.650737582246007695e-02
1.651123090121040665e-02 1.822284660655529645e-02
1.651608163411839164e-02 1.667444863147229950e-02
1.662795450125142613e-02 2.186927206200977788e-02
1.662910043318488809e-02 1.762269006479665751e-02
1.665521422972329746e-02 1.789117791195556084e-02
1.665859790470163720e-02 1.724171874439537136e-02
1.666830202068142822e-02 1.698333898463138397e-02
1.671447067005553400e-02 1.714458127081038355e-02
1.681869400775577728e-02 1.729361305996807846e-02
1.683145061983499363e-02 2.522619167084091951e-02
1.684769243730266375e-02 1.781521063743204958e-02
1.685149879095174455e-02 1.709384335583484169e-02
1.689752972713353882e-02 1.787519081605872667e-02
1.691302718429868804e-02 2.037179841772644370e-02
1.693583906741392628e-02 1.704961238881017027e-02
1.694993711324494293e-02 1.754665090458696827e-02
1.699264445191189105e-02 1.699737396006268872e-02
1.710311556595536797e-02 1.781146141897167398e-02
1.713279306096831753e-02 1.717585353169018281e-02
1.716456692477870416e-02 1.803371675481290140e-02
1.724429396720048371e-02 1.809824980390831867e-02
1.729086105745261323e-02 1.740000227525795654e-02
1.730780699939589440e-02 1.738479597276610181e-02
1.731862856994099281e-02 1.744723531887993132e-02
1.743161807600727281e-02 1.785190482886847563e-02
1.743365035854797795e-02 2.000019155173890853e-02
1.746487605291524581e-02 1.782604730605390903e-02
1.749031810148370461e-02 1.840360092756159610e-02
1.755128145030620049e-02 1.939485852516287592e-02
1.756375151461845446e-02 1.826307482803348273e-02
1.760089359215639623e-02 2.002735138562070430e-02
1.760270283806083733e-02 1.832204031588944085e-02
1.766870296183191760e-02 1.927541855644657534e-02
1.769901050150509553e-02 1.776614984250195206e-02
1.776738661008627623e-02 1.780501160302300212e-02
1.781123224280490094e-02 1.799157904212479037e-02
1.781453933388928851e-02 1.783622105638068764e-02
1.783897791291915932e-02 1.784282446992930052e-02
1.785612213238029627e-02 1.924459082539931032e-02
1.786330379354703068e-02 1.791279775006714495e-02
1.787587422773676341e-02 1.787782771272346249e-02
1.788301179318722844e-02 1.849541692928659276e-02
1.790535211032578955e-02 1.982844245731890317e-02
1.793251634059105787e-02 1.797639682816644380e-02
1.799002886180162131e-02 1.836307693235469246e-02
1.803200809001117774e-02 1.831125928526507532e-02
1.808771971841851428e-02 1.811217818397648296e-02
1.815460160915402174e-02 2.378097714147960756e-02
1.817332392913382708e-02 1.861287449350271586e-02
1.821118348488396169e-02 2.128730090767555483e-02
1.832787152984059753e-02 1.984670601577064736e-02
1.833477918429523776e-02 1.833527783618152038e-02
1.843814340868848642e-02 2.016559031337938901e-02
1.846591095597468687e-02 1.846593748727499984e-02
1.847723969568871097e-02 1.856980835571864566e-02
1.848866446661411381e-02 1.860026067702433283e-02
1.850111122245588421e-02 1.896904363550129188e-02
1.863868228506295258e-02 1.877113600873989499e-02
1.864006670218906064e-02 1.873358093338216637e-02
1.868957691949249197e-02 1.936057994902463247e-02
1.900225774837172726e-02 1.919288625926782524e-02
1.900945036633289176e-02 1.914213706128350609e-02
1.910696338901643476e-02 1.911102479436589327e-02
1.921239183520891472e-02 1.921841530656337102e-02
1.922583619221250248e-02 1.986585778261660759e-02
1.928079340203477793e-02 2.035968086586419784e-02
1.931667259980104218e-02 1.950960071351758029e-02
1.935079503447976676e-02 1.953711257570604418e-02
1.937937660496487705e-02 1.952424754972306373e-02
1.944462788528507347e-02 2.158731816871421044e-02
1.955634337178762186e-02 1.956905276970860585e-02
1.961045782478471750e-02 1.979652373108711436e-02
1.974337428850451992e-02 1.978790475858715342e-02
1.978669949807665071e-02 1.978676162066304867e-02
1.985654322781500031e-02 1.986304391855226933e-02
1.987422944517405407e-02 2.009760911745703954e-02
1.988324103778610005e-02 1.989770226987806409e-02
2.033671384371523935e-02 2.034574459538323124e-02
2.041900468337655775e-02 2.061772922639155264e-02
2.043760333435858806e-02 2.045853742275246384e-02
2.048145135384714724e-02 2.077008154815428512e-02
2.050026316498645279e-02 3.009571836832602293e-02
2.050307640813614149e-02 2.050383460224887086e-02
2.051566272895298179e-02 2.249577896641467845e-02
2.053890591853821043e-02 2.153585470326382575e-02
2.062747654943416706e-02 2.149441763808370223e-02
2.077453700920200638e-02 2.079829782904742130e-02
2.091411470872890296e-02 2.150087967503221467e-02
2.093212685590459254e-02 2.372045570063932574e-02
2.096585864220779430e-02 2.099413461278527501e-02
2.098406813973769172e-02 2.104585974542017013e-02
2.100946032084116330e-02 2.127624163043005667e-02
2.113599806250024415e-02 2.147805669002079629e-02
2.113849118386954343e-02 2.726031040759233082e-02
2.115134051464665974e-02 3.503382583596798688e-02
2.130845928888087590e-02 2.229935569146403868e-02
2.134978085600260436e-02 2.172882212137404803e-02
2.136712938342202189e-02 2.176884376573353513e-02
2.139656716725222424e-02 3.173928016828225090e-02
2.145967425247966368e-02 2.281765794819147833e-02
2.147833537812769006e-02 2.372120267494360821e-02
2.152404174069558890e-02 2.370917022182492812e-02
2.154705537766898882e-02 2.157292501855003278e-02
2.167825851700514936e-02 2.222618987135974167e-02
2.169098427112351249e-02 2.739688216452766667e-02
2.171287169942127601e-02 2.369795793233554076e-02
2.176900620916963347e-02 2.524107026727346811e-02
2.179761456616080562e-02 2.207375233819906107e-02
2.182228345795934540e-02 2.194182408520489735e-02
2.185563410133416207e-02 2.186002709777584707e-02
2.194681390657979639e-02 2.311544001670548867e-02
2.200146684071023484e-02 2.202970509315866493e-02
2.203855202525085294e-02 2.313730456163425736e-02
2.213646442988285654e-02 2.267726191683698198e-02
2.234929438869144233e-02 2.888769990165416038e-02
2.236839704443385063e-02 2.289857736176941286e-02
2.239155813957898963e-02 2.632580928383153676e-02
2.247752860894767016e-02 3.761876342396773543e-02
2.248603946024125416e-02 2.248607652425648959e-02
2.254109467072667322e-02 2.284731587038816084e-02
2.260778580659337372e-02 2.260814731512404002e-02
2.261285737238710389e-02 2.296962981949000893e-02
2.262252547566807881e-02 2.735303509010423087e-02
2.266941433150603327e-02 2.279593420954299440e-02
2.268403443587690277e-02 2.327704270546564203e-02
2.269474773826092584e-02 2.282945491569092489e-02
2.274814530228737655e-02 2.780669686437420643e-02
2.275922108500828475e-02 3.244780725081956169e-02
2.277217296587256967e-02 2.728661527688630919e-02
2.280755883705817139e-02 2.840610391536130611e-02
2.290107891356887165e-02 2.293334905771540755e-02
2.291628924451559468e-02 2.457384250660672384e-02
2.292891087585331375e-02 3.183428559440110855e-02
2.295331392351390026e-02 2.347774555445257538e-02
2.296527965169608762e-02 2.454933546014884116e-02
2.297490942827666582e-02 2.310376065996218656e-02
2.299761157393723915e-02 2.813001787065085718e-02
2.300103761632572852e-02 2.395062706755019324e-02
2.302128249601211735e-02 2.324088877084608956e-02
2.304741119550675343e-02 2.304763115370659157e-02
2.318942201652703095e-02 2.630013772196773680e-02
2.319536959078653121e-02 2.323960159666726977e-02
2.326772922606519522e-02 2.434929033514474789e-02
2.330883357704504472e-02 2.351024621054133984e-02
2.336768392432694852e-02 2.355606176985042960e-02
2.338262732903249527e-02 2.396335397132464892e-02
2.342352753634184548e-02 2.469906259030209966e-02
2.342577126587668673e-02 2.367489417237115396e-02
2.343207147127834844e-02 2.468200085946809993e-02
2.345803102582388541e-02 2.345844470461489265e-02
2.352628265918545528e-02 2.379883858207205299e-02
2.357105954471145487e-02 2.598488350248912698e-02
2.361502737109222316e-02 2.553535668930235342e-02
2.362126099318995545e-02 2.546026266648509714e-02
2.362367976646599296e-02 2.666157805794293692e-02
2.362414932199480636e-02 2.389168958867358625e-02
2.362955681934201732e-02 2.364012588125806794e-02
2.370044455107860396e-02 2.370231090408740290e-02
2.371460592438402737e-02 2.449612759607345744e-02
2.375269273464817796e-02 2.752706065905011212e-02
2.388376313826749003e-02 2.481241521310386181e-02
2.389776148295647690e-02 2.400727430212019897e-02
2.398323848329707644e-02 2.629582257191613245e-02
2.400553203004895941e-02 4.016025484670119466e-02
2.402186133695546899e-02 2.442507014662417819e-02
2.404318642801152664e-02 2.510850128419756661e-02
2.410599588605182725e-02 2.564366066523561180e-02
2.410679462222139330e-02 2.540598120332475049e-02
2.412273177469695384e-02 2.492088637424906897e-02
2.428220125184974224e-02 2.431913296156830093e-02
2.431311008588571410e-02 2.733779038814249454e-02
2.431314481682944270e-02 2.431951204248215120e-02
2.435686141125607482e-02 2.524509384384728689e-02
2.437611896894581812e-02 2.497682232901557789e-02
2.447463057279031240e-02 2.478666363802617748e-02
2.458237722690114618e-02 3.081102293615645485e-02
2.462884586211670779e-02 2.983144497755348123e-02
2.464069639116406654e-02 2.499701199173867336e-02
2.472804530251276542e-02 2.473492707679022726e-02
2.475990887748213617e-02 2.532746059673312775e-02
2.481103280923624768e-02 2.539169635796544033e-02
2.484478914097471361e-02 2.501734397916981559e-02
2.490750692297082416e-02 2.824191295662669549e-02
2.499217506814624401e-02 2.506616851146845071e-02
2.506098027816259025e-02 2.507559802163174603e-02
2.516784940045471361e-02 2.618879606404750718e-02
2.521464238502251626e-02 2.927135985969294210e-02
2.522567328335940939e-02 2.522580497968776245e-02
2.535234082275288070e-02 2.539907539165951050e-02
2.535629329491403613e-02 2.572519520019645595e-02
2.538362113517181676e-02 2.552331929484307621e-02
2.542976699597775114e-02 2.548122537176115282e-02
2.546557597018290001e-02 2.556739096686205803e-02
2.551057711887409069e-02 2.791524030862072361e-02
2.565676204774736818e-02 2.600028927407704513e-02
2.568727949401337571e-02 2.595111460906421308e-02
2.569722667989730869e-02 2.599718290396632950e-02
2.570954769416168573e-02 4.647717997163114401e-02
2.571372149963842973e-02 2.737202327376678235e-02
2.585473643210091030e-02 2.720629377153314238e-02
2.592858596955936734e-02 2.670430388136807096e-02
2.594663952918398186e-02 2.613965400526025232e-02
2.601654374794916402e-02 2.616200356250566322e-02
2.603574872858833988e-02 2.673730877175057793e-02
2.608394298666883923e-02 2.717297662925342860e-02
2.610701310226467078e-02 2.645264247858789344e-02
2.617635124282174583e-02 2.685729640022215328e-02
2.621533912180602430e-02 2.652608779372672698e-02
2.622582818003024036e-02 2.647575649663913219e-02
2.623044015558104874e-02 2.976280583231019281e-02
2.624084027314380410e-02 2.627911258000258099e-02
2.631383192125977960e-02 2.660902066909979699e-02
2.633706566013666039e-02 2.826238771353442938e-02
2.637113380248781030e-02 2.700533820327238529e-02
2.658647062152873913e-02 2.836280219420535958e-02
2.664293435061177578e-02 2.678374055348365854e-02
2.666568044779739702e-02 2.759445186249093185e-02
2.671389849836212221e-02 3.328181498847544023e-02
2.675026367319900678e-02 2.727505344083843916e-02
2.676400990101837282e-02 3.289652876304421242e-02
2.685059015250652187e-02 2.922045937525090051e-02
2.685806592847113025e-02 2.716892959311651562e-02
2.700849417061409324e-02 2.713728109621840398e-02
2.701389290738514387e-02 3.830486375021140144e-02
2.702422141244578344e-02 2.704183462065996857e-02
2.715414840576698546e-02 2.780575429280313787e-02
2.719304264771990609e-02 3.638891149955415794e-02
2.721228459070905437e-02 2.756073959516110866e-02
2.733875195597442603e-02 2.733890046978241020e-02
2.736649688718342799e-02 2.737190688901280922e-02
2.743865260464560529e-02 2.947654502810434507e-02
2.745891623184804758e-02 3.049470541699038709e-02
2.746351600268895701e-02 3.072668636204467854e-02
2.747116180694748541e-02 3.146826943472323668e-02
2.749579141044628319e-02 2.899219904373938686e-02
2.750285465184150110e-02 2.767615808696191962e-02
2.757182187909154591e-02 3.021455813778950797e-02
2.761835578171973823e-02 2.822211170690919549e-02
2.773250110354532824e-02 3.241149900031860265e-02
2.774995954247659949e-02 4.015270521575137891e-02
2.780651645957307391e-02 2.782967757430603734e-02
2.784378503724990392e-02 2.821695919440595293e-02
2.787355426455795718e-02 3.009213746184132704e-02
2.788201662364938119e-02 3.282259577114787774e-02
2.793443123176626505e-02 2.840151932980766389e-02
2.803445811735500587e-02 2.879775755981459420e-02
2.804998734548041356e-02 2.809894103658052908e-02
2.807606423689978231e-02 2.969995473653636725e-02
2.810705130825184167e-02 2.926223431306245598e-02
2.815258910822632243e-02 3.023648712728093518e-02
2.817663942635721328e-02 2.942172923658373587e-02
2.818786010107697873e-02 2.908877854565471502e-02
2.819451158015939471e-02 2.823156898482913693e-02
2.832991696555844582e-02 3.918079516971365028e-02
2.833592941766580747e-02 3.172031047153805322e-02
2.845790633542921721e-02 3.575496946327355596e-02
2.848057688482532115e-02 2.856528829048371812e-02
2.856178210600170131e-02 2.914116962791669582e-02
2.862408236935137795e-02 2.971520612209710421e-02
2.864962519800088106e-02 3.021285280420234545e-02
2.867061855761876554e-02 2.906317758877954502e-02
2.874123060799452234e-02 2.937699383378470155e-02
2.874416218019285388e-02 2.875324718633017612e-02
2.878586738476595491e-02 2.883349095857058730e-02
2.881241067115010088e-02 2.885032503057245387e-02
2.881703707651389612e-02 2.990599201855731817e-02
2.894408826586264416e-02 4.112856453377523175e-02
2.895734490676376421e-02 3.061932699512254913e-02
2.899357937111303810e-02 3.505278338777272767e-02
2.902003136312795994e-02 3.927215072763478448e-02
2.912689916778427035e-02 2.914406040237295728e-02
2.914020271689891570e-02 2.975614700199637197e-02
2.915909166341246889e-02 2.925683081500529345e-02
2.919189208314891537e-02 2.934778723062718073e-02
2.920758652026947400e-02 2.976166204110861427e-02
2.921118787291438618e-02 2.921513128414611818e-02
2.921270961890528456e-02 2.969623868563603733e-02
2.921870931979216046e-02 2.931463526997353519e-02
2.923173542924724019e-02 2.939066932342834434e-02
2.923417944424659687e-02 3.102815465359094055e-02
2.927312293873646221e-02 3.602642608312875416e-02
2.930799245275238912e-02 3.771403757921690941e-02
2.931528602242609513e-02 3.022700399478873978e-02
2.936712024833458209e-02 3.207167004608343225e-02
2.941427164263006946e-02 4.615384601511373502e-02
2.941546566745651542e-02 3.454026818538407512e-02
2.942052150599408500e-02 3.404769601954853175e-02
2.949296413227587427e-02 3.433416740855053939e-02
2.950171302668289780e-02 2.950198607369218864e-02
2.951262504830620345e-02 2.953108664024899771e-02
2.958333963988953735e-02 3.471784655553940280e-02
2.960150638068258927e-02 3.425173130300541297e-02
2.961393635395191334e-02 3.087086604956461658e-02
2.963575252239020880e-02 3.040444344652102823e-02
2.966750234864617974e-02 3.000161680013212206e-02
2.968454216068857135e-02 3.007315281751860025e-02
2.971257796981865290e-02 3.126692137705986557e-02
2.976281483926731045e-02 2.980701440059619484e-02
2.995233396563829614e-02 4.221642593887512535e-02
2.997971076393637219e-02 3.046629349903170678e-02
2.998964056485314139e-02 3.050852905651124311e-02
2.999993854798358936e-02 3.038564422884108829e-02
3.004494659846824317e-02 3.334980317230271107e-02
3.015088699772276032e-02 3.017586030402682681e-02
3.015788717400716412e-02 3.124766743082191961e-02
3.017516790433097743e-02 3.028070819698805427e-02
3.025422015502695142e-02 3.134760602850074351e-02
3.028497895282591598e-02 3.562342169240145795e-02
3.029938771652135668e-02 3.034077513701803966e-02
3.036018823884609197e-02 3.134635624518264385e-02
3.038503153515660637e-02 3.082744465580584611e-02
3.038973447453827137e-02 3.203258872188759904e-02
3.041759665765445680e-02 3.271627766482862465e-02
3.047072962991518794e-02 3.198256229237526893e-02
3.051021192325746589e-02 3.095001006048544653e-02
3.051184667621087421e-02 3.459178997880867079e-02
3.051266314983140313e-02 3.962971255437463397e-02
3.051844705318280948e-02 3.135551965800417035e-02
3.055829477425407031e-02 3.335185369924893728e-02
3.058873170291547677e-02 3.407599392485968770e-02
3.064879433670323478e-02 3.093985856853578853e-02
3.066114847078412267e-02 3.960720339779706667e-02
3.066396055800204787e-02 3.097028255564318946e-02
3.066866932978459803e-02 3.206387441066463340e-02
3.073287748178415296e-02 3.231091863658507729e-02
3.075112442283707906e-02 3.200813003064638396e-02
3.080157975548953805e-02 3.897303902063174036e-02
3.083067874101641168e-02 3.084690155352959318e-02
3.083602925999742381e-02 3.084047393076640858e-02
3.083848835844640174e-02 4.781358545541122135e-02
3.086377500601656179e-02 3.760439471546702522e-02
3.086553857274564050e-02 3.090142059647545472e-02
3.087642678884960218e-02 3.189587606969378208e-02
3.095666158482270752e-02 3.102880282071204809e-02
3.097440308043913904e-02 3.288717437765830559e-02
3.098742487209385499e-02 3.272706410173061020e-02
3.103477971838712601e-02 3.103607484710552145e-02
3.110597697219064095e-02 3.112998736007447503e-02
3.111024425986216174e-02 3.230588293947939810e-02
3.118365827193315259e-02 3.336694820769243314e-02
3.118415246413133377e-02 3.126911417945144739e-02
3.119296965346334688e-02 3.986290459695620431e-02
3.123460768952888642e-02 3.136555903949964086e-02
3.126209444763732720e-02 3.155470363959492208e-02
3.130875008932428732e-02 3.134480522523740847e-02
3.133709362511058472e-02 3.887004147970227197e-02
3.134691494649976401e-02 3.134712816250345008e-02
3.141598908680014873e-02 3.158871334677304521e-02
3.146360893262068609e-02 3.164541478185298878e-02
3.148028943418000603e-02 3.282813251754907596e-02
3.150984421606851243e-02 3.265453755554589832e-02
3.159075331797696340e-02 3.202598322138092146e-02
3.167455114231295527e-02 3.517089826423003274e-02
3.167857921199598165e-02 3.204351374730456808e-02
3.168615863881298067e-02 3.223756681450903189e-02
3.168679383073350758e-02 3.174573754165682660e-02
3.169217959803555251e-02 3.171417297041045913e-02
3.177487707735083405e-02 3.183207055101251737e-02
3.191251356668270422e-02 3.191703957802797392e-02
3.193595155712165151e-02 3.224038765656526279e-02
3.195310678289803308e-02 3.278456527217588068e-02
3.199235329754081258e-02 3.204144393855432732e-02
3.205728036537811715e-02 3.304274744678186576e-02
3.205930296290602360e-02 3.207150277296511032e-02
3.212074325765342658e-02 3.306631835806570635e-02
3.216283060996528997e-02 3.278880204514782876e-02
3.217581403172117827e-02 4.283050052198747459e-02
3.221093424864737709e-02 3.284105880877349892e-02
3.225373936176831324e-02 3.263826255160729578e-02
3.227906487526135959e-02 4.235997770233056875e-02
3.230951413302968894e-02 3.243456780622265556e-02
3.234447855446559439e-02 4.148526498040404353e-02
3.234667043936061831e-02 3.253518409987444376e-02
3.234872111057759958e-02 3.350254768289304130e-02
3.236464489146676643e-02 3.645866494785233308e-02
3.237498610245740510e-02 3.338056043827668934e-02
3.238583082574515021e-02 3.513510207447294309e-02
3.253101865829666206e-02 3.265175305630237113e-02
3.257434977724774083e-02 3.282124042427297939e-02
3.262337796373129123e-02 3.444651010881077946e-02
3.277264759186439280e-02 3.367469566658862906e-02
3.288017745044852919e-02 3.565480829933971585e-02
3.288481081257681876e-02 3.311947646325654609e-02
3.292581715169148188e-02 3.352231360426380369e-02
3.292701510501837292e-02 4.588716765305738549e-02
3.292990327679567314e-02 3.334177937583006346e-02
3.296567542218304531e-02 3.367161062718165843e-02
3.298086755390149810e-02 3.599159363613553542e-02
3.307275657573645333e-02 3.816599226466026173e-02
3.311439060793488348e-02 3.893959281725684757e-02
3.313157971808484287e-02 3.699375447951894214e-02
3.314440952890894410e-02 3.432585682947695421e-02
3.315614556351047931e-02 3.316212176646013421e-02
3.321708157466874561e-02 3.323477905636045004e-02
3.322420786637891171e-02 3.412315188057150894e-02
3.325983652467075224e-02 3.687366260521329764e-02
3.326341243387232610e-02 3.347799746671429461e-02
3.326562396169588376e-02 3.398368440024875092e-02
3.326964328179225078e-02 3.346492370871767541e-02
3.332044242696029918e-02 3.348632375294614133e-02
3.334072901232024155e-02 3.340791075399093812e-02
3.335976239246061376e-02 3.724600666461570786e-02
3.336741316955961489e-02 3.374780027623450890e-02
3.336940439271077891e-02 3.337622482154146281e-02
3.338071780598272920e-02 3.409385538552187761e-02
3.349978892298783456e-02 3.364910256333859817e-02
3.355618228951437465e-02 3.888734540562773651e-02
3.357569327703755629e-02 3.359454444216395524e-02
3.360267290516407573e-02 3.444608027905637915e-02
3.361152582781907344e-02 3.436981913154118357e-02
3.364557286946269488e-02 3.548215262338023923e-02
3.368896616607892219e-02 3.382936732649763356e-02
3.370631338721222225e-02 3.683036185438114118e-02
3.371855678161200104e-02 3.376797089240772543e-02
3.372270036984890973e-02 3.384749421999887903e-02
3.379490842171831155e-02 3.381670132967131565e-02
3.387185388075689835e-02 3.387420874577162788e-02
3.390742574968064194e-02 3.399042379312289947e-02
3.391250057297442999e-02 3.409287344191625629e-02
3.392124037785970020e-02 3.566785959984832693e-02
3.397262711491340348e-02 3.431554112572744730e-02
3.397698789158352939e-02 3.514773066385615263e-02
3.402008424810528536e-02 3.548311154602604850e-02
3.402244762358508368e-02 3.590404506023030934e-02
3.402647198675223805e-02 3.404187997094522411e-02
3.405243797243842629e-02 3.416127016017109219e-02
3.407183100190298158e-02 3.486688787525760863e-02
3.407324413087690212e-02 3.605716860357191522e-02
3.410132905129414915e-02 3.437168506057369788e-02
3.412201012750139262e-02 3.420215684680473489e-02
3.413572462129428609e-02 3.413591748167178058e-02
3.415532332166962975e-02 3.457955734570242190e-02
3.417607385377294249e-02 4.283912342222313818e-02
3.424364880272124517e-02 3.434448717666280931e-02
3.426717850818405270e-02 3.717675358404284869e-02
3.435865964625396674e-02 3.446834979573918517e-02
3.436071148217152010e-02 3.884822130775885535e-02
3.441901280673289459e-02 3.448313322715600149e-02
3.443669055622337882e-02 3.760289557340069228e-02
3.446680635484186683e-02 3.498847617186742753e-02
3.446900056751587421e-02 3.476478100962587109e-02
3.447279350478327925e-02 3.538546873620698058e-02
3.449515185255736666e-02 3.517603658708284148e-02
3.452986258642611744e-02 3.454257598582748112e-02
3.455496534210051457e-02 3.457914320784281209e-02
3.456031376892632068e-02 3.501218996094947883e-02
3.462687788348204482e-02 3.464359494816901530e-02
3.465539133523855286e-02 3.716151141687391163e-02
3.471102212169661916e-02 3.565607031999989268e-02
3.477079191957730547e-02 3.477081645063389431e-02
3.477451611870818055e-02 3.803872939404978615e-02
3.479975311899649593e-02 3.501322743299849216e-02
3.482640476485739101e-02 3.563500113269222475e-02
3.489357376971904956e-02 3.584401497965290090e-02
3.489526585413491727e-02 3.492190821613681134e-02
3.489657093017656947e-02 3.694576559073178834e-02
3.490742642249833327e-02 3.519553069323445166e-02
3.495636089609579361e-02 3.619379058756636014e-02
3.513618136394550118e-02 3.804085678824818684e-02
3.524597079432573860e-02 3.562298653329144110e-02
3.528597262844430232e-02 3.529942649262685778e-02
3.537156298650078606e-02 3.705361039507060888e-02
3.538122025470132742e-02 3.603174994955274379e-02
3.540474958486825724e-02 3.556516941524728859e-02
3.541507590311530201e-02 3.571640425227483318e-02
3.548124439355583581e-02 3.558404145201543578e-02
3.549484298517705666e-02 3.676699343233881534e-02
3.556613126683624143e-02 3.598728025586749729e-02
3.565180600356512852e-02 4.433018929523212942e-02
3.566928161700999578e-02 3.938732411853834020e-02
3.567993448026503256e-02 3.634121612179189165e-02
3.569186510225549197e-02 3.572920488698040631e-02
3.575033155578968835e-02 3.601007707598807839e-02
3.576641613762229083e-02 3.585713044179913295e-02
3.577683802197161034e-02 3.604588888871741725e-02
3.584835280616733427e-02 3.589180987440751536e-02
3.595494520440594560e-02 3.602890088239686650e-02
3.603720785743315391e-02 3.606417214587730874e-02
3.611834659377500395e-02 3.616473470155582431e-02
3.620983292439432927e-02 3.621002598809067857e-02
3.624165744475405654e-02 3.704781199731029678e-02
3.628946675070963274e-02 3.764276793670592869e-02
3.630130624592547983e-02 3.727894045206914947e-02
3.633016052359602788e-02 3.666669007119054136e-02
3.633234216475456774e-02 3.700928127211613322e-02
3.638259739723243014e-02 3.709336587000355151e-02
3.649574270043686591e-02 4.791594564368544668e-02
3.651203990599255489e-02 3.651312750817702069e-02
3.653657633162876728e-02 3.659461909569036719e-02
3.654357922919448942e-02 3.817592382255869526e-02
3.654546459983698536e-02 3.657939619916091706e-02
3.658287399261929418e-02 4.915081898823054490e-02
3.660215753161660118e-02 3.724657984952461226e-02
3.664682816372837049e-02 3.740366260666812270e-02
3.665263523913871169e-02 3.690843579081611731e-02
3.667138379098000556e-02 3.671657515073047801e-02
3.670185263535756526e-02 3.692490748053616628e-02
3.670615449329390351e-02 3.746879328094848693e-02
3.679044655134966479e-02 3.770134038379622382e-02
3.679461894245673881e-02 3.686552398057620777e-02
3.686031798736531806e-02 3.709481533837331868e-02
3.698919919979991311e-02 3.699289822615928897e-02
3.709762504143939571e-02 3.743399624327684028e-02
3.719336305709975560e-02 6.021469184890181070e-02
3.720435476064965635e-02 3.738944847598199561e-02
3.735460391332118268e-02 3.788566466278674855e-02
3.740585816731104712e-02 4.173392042800953827e-02
3.741331744400381437e-02 3.742377101654414256e-02
3.750883318775335984e-02 3.777940067946048558e-02
3.752316403181222421e-02 3.829331258094652995e-02
3.756073378110948158e-02 4.332101686058725115e-02
3.762721534744351004e-02 4.137712866008452089e-02
3.763725911800643725e-02 3.975287842333562194e-02
3.764234968573580004e-02 3.769049790097892677e-02
3.768033440294831643e-02 4.418659609732029925e-02
3.771321653918581485e-02 3.784741599547530866e-02
3.776710751594299781e-02 4.299166007851457083e-02
3.783080574587559947e-02 3.958088047785742608e-02
3.784477012642363525e-02 3.843350213905257634e-02
3.788354346249125232e-02 3.837664177622789746e-02
3.794880649948417783e-02 3.917654657718413341e-02
3.811213184421245737e-02 3.819793536045486271e-02
3.812027043606938670e-02 3.821699195157519935e-02
3.821320646623151823e-02 3.988493213756839212e-02
3.830561276338539933e-02 3.838430158673804271e-02
3.830971985708354899e-02 3.863066787037106042e-02
3.831311626997222636e-02 3.943422795394709718e-02
3.845796422180963042e-02 3.880555565609183216e-02
3.846801297763011163e-02 3.850238985294577448e-02
3.851984119319269706e-02 3.867612543456119822e-02
3.852630889143852239e-02 3.852730846026784089e-02
3.853098694783649997e-02 3.993504814630545463e-02
3.855753005439747222e-02 3.875708318679414038e-02
3.861130797549051918e-02 4.049416215646343964e-02
3.867452602051657529e-02 4.048842864869447306e-02
3.872216423359604864e-02 4.109122872168404633e-02
3.882910612883370971e-02 5.094463064618921094e-02
3.883748040389316952e-02 3.945417823318694839e-02
3.885967058690088100e-02 3.904502326044789751e-02
3.890032949422343733e-02 5.244110035412619802e-02
3.901009744910375471e-02 5.035575667594150567e-02
3.906496041669451497e-02 4.349365074998287617e-02
3.907732410035479748e-02 4.089831719343890726e-02
3.910136069782451512e-02 4.075351324842192008e-02
3.929141463831865161e-02 3.949911020573874942e-02
3.933737358353299463e-02 4.041290329133240267e-02
3.938126126614933942e-02 4.159152851051827610e-02
3.942925587481663219e-02 3.976840929397346125e-02
3.946103409509574278e-02 4.209146426282840692e-02
3.956783345805234969e-02 3.968921929605082749e-02
3.962430963006964568e-02 3.962433987082956965e-02
3.969812497685392544e-02 4.023895720645466467e-02
3.972959416149928619e-02 4.208966359224400322e-02
3.974504843461696552e-02 4.123945626311534968e-02
3.985136957788135842e-02 3.987471589073370709e-02
3.985249442330394964e-02 4.108690678940394442e-02
3.986606970937692923e-02 3.995180956495658631e-02
3.991142379635561482e-02 4.032608725110777004e-02
3.997637763871925848e-02 4.120561341262132110e-02
3.999213698865541206e-02 4.000625411029649220e-02
4.002654332389772585e-02 4.099758719670854729e-02
4.005730294034256372e-02 4.007117223209812062e-02
4.008189217133217852e-02 5.032404698835801077e-02
4.019018101549802491e-02 4.019040226387145254e-02
4.028455716183846486e-02 4.031920249465986705e-02
4.031956920808803940e-02 4.110963402516797094e-02
4.034706541633995697e-02 4.196168890509574534e-02
4.035149330578256116e-02 4.702735197846646953e-02
4.038245784688900691e-02 4.072075175988842249e-02
4.039969068585062828e-02 4.044667281375111112e-02
4.041007838120497242e-02 4.061100261535046524e-02
4.043039358327579075e-02 4.690493960291821501e-02
4.051985970000427512e-02 4.127920898043369036e-02
4.074872123314595557e-02 4.161722902821487352e-02
4.077303671275520763e-02 4.104595506336296967e-02
4.080853329573956578e-02 4.253987401097474724e-02
4.095196839630597246e-02 4.182121035719010144e-02
4.098161290596839812e-02 4.117133533967261283e-02
4.104505665924047808e-02 4.160019331389996911e-02
4.104866668631623056e-02 4.121151250050569814e-02
4.107583616466214949e-02 4.130277894397109406e-02
4.111682758135304372e-02 4.624554912865274509e-02
4.114329641569199753e-02 4.114334224031444831e-02
4.121336959870864486e-02 4.130637772919328737e-02
4.126415749457441884e-02 4.432374898180650724e-02
4.127115563358113581e-02 4.131247544689351653e-02
4.127426161941594174e-02 4.165801737132327626e-02
4.138770663697815405e-02 4.185291383293253398e-02
4.138960415652739866e-02 4.140338185157738798e-02
4.149971582900734146e-02 4.264832070175089695e-02
4.158528162079678375e-02 4.457641363708472054e-02
4.163043726614217704e-02 4.164432675176468757e-02
4.164700720464994954e-02 4.328802990212898827e-02
4.170617976387104575e-02 4.191810193720002520e-02
4.178851077652383922e-02 4.217781259366587543e-02
4.182372370860119176e-02 4.483873612851069224e-02
4.182844873928179275e-02 4.293000709762715555e-02
4.185256674256118692e-02 4.242159313166406209e-02
4.185387877580928895e-02 4.220240697344769532e-02
4.187713138137419411e-02 4.259426128206106332e-02
4.193000990703342479e-02 4.382380877748168896e-02
4.199399093187333731e-02 4.392352334259438246e-02
4.199830699717706228e-02 4.270158767068991945e-02
4.208652744396654960e-02 4.488969497372522627e-02
4.211297727198486801e-02 4.212089265904373631e-02
4.211620122477106182e-02 4.224147906480234249e-02
4.216386126829171216e-02 4.240238237074411831e-02
4.226156401600973667e-02 4.338566225484432465e-02
4.263605851984523382e-02 4.264685998601053935e-02
4.264545719554783260e-02 4.281890343110169445e-02
4.276707066109625144e-02 4.346386552141767029e-02
4.278364695605595125e-02 4.575162915098103522e-02
4.283211714951953852e-02 4.359076324058763774e-02
4.288386325491459761e-02 4.335177213209417957e-02
4.300811466694014901e-02 5.587808725848918828e-02
4.309749653161392552e-02 4.325848078883392372e-02
4.324236973567462811e-02 4.385484357258757904e-02
4.358902871376736654e-02 4.748478492024586078e-02
4.362826906891770218e-02 5.255855625334129866e-02
4.374029135230485255e-02 4.374351036154714573e-02
4.377866613601753831e-02 4.551574234311071138e-02
4.389015549317964310e-02 5.535205620658879139e-02
4.393379117721855909e-02 4.486565002605775315e-02
4.393922790259933986e-02 4.571782936492711086e-02
4.394742399773167441e-02 4.395637780862595573e-02
4.395151495901381683e-02 4.396081946959310566e-02
4.415423806521859978e-02 6.027465038081938203e-02
4.416439787123097038e-02 5.010617570508830998e-02
4.420613665538399017e-02 4.424960560715503893e-02
4.422820023044964077e-02 4.423578445331843162e-02
4.427625920842118840e-02 4.634529757957960711e-02
4.435021959732091124e-02 4.672418548111847286e-02
4.441130333823064408e-02 4.441161245916234318e-02
4.445064086782544999e-02 4.445340390108515338e-02
4.449793532409725832e-02 4.456807108630354147e-02
4.455110720704126559e-02 5.780248779217322941e-02
4.467661507443389940e-02 4.467662504326509049e-02
4.476070350411848892e-02 4.841587019639544826e-02
4.483545142586096988e-02 5.022257186714815247e-02
4.484647198395594336e-02 4.770347986064923246e-02
4.486527367793251980e-02 4.579364718087983871e-02
4.487749177698560632e-02 5.350107018496576966e-02
4.501892137309643910e-02 4.516539154625337504e-02
4.503738417595391091e-02 4.593239140006096649e-02
4.512682008729130417e-02 4.514597823202470134e-02
4.530775622524420287e-02 4.957562968551938731e-02
4.534623905958215517e-02 4.968779039087760363e-02
4.537345228754857684e-02 4.584922933615862006e-02
4.538177987631199228e-02 6.475546558774836203e-02
4.539049260148946691e-02 4.568933706302501924e-02
4.548396585840029649e-02 4.560319445364622443e-02
4.551341104553798672e-02 5.857161146449509082e-02
4.568570793173341166e-02 4.822593598605779547e-02
4.598101050937443424e-02 4.751061400075082264e-02
4.601100927235107080e-02 4.602230148450299485e-02
4.618756482436150307e-02 4.999220995308201881e-02
4.633198422660313870e-02 4.660808747281557779e-02
4.634584267552011028e-02 4.837506058456813446e-02
4.640762989210012873e-02 4.836123075952983297e-02
4.649616391298751206e-02 4.792710449382565213e-02
4.652296653618125111e-02 4.674987141527961465e-02
4.654592806894508605e-02 4.677735640526968497e-02
4.658099946643875361e-02 4.738335820219310990e-02
4.666821902977970338e-02 4.754924683746089564e-02
4.669988845884962686e-02 4.673065678258563754e-02
4.671052252253200809e-02 4.672242728492640579e-02
4.672655026141740026e-02 5.407338935560115217e-02
4.677507821528185256e-02 4.693232211267883702e-02
4.722446619248008709e-02 4.730916380263437693e-02
4.735746264921464332e-02 4.736405676537422393e-02
4.741074279712279016e-02 4.818185823586174088e-02
4.745578654302737287e-02 4.766119128769955027e-02
4.751339666189670352e-02 4.870640960331518166e-02
4.764122960662001832e-02 4.818080890647201409e-02
4.765170466654482240e-02 5.280821858397803659e-02
4.765430764824207799e-02 5.276307671799230353e-02
4.770303221075301858e-02 4.778470318035107911e-02
4.778638986477633244e-02 4.796630187070768242e-02
4.779883883166001490e-02 4.781162775081983229e-02
4.796092195940170055e-02 4.797824238639895184e-02
4.798295877891296107e-02 4.801611796195979359e-02
4.798838554817708157e-02 4.848207574054810148e-02
4.813005735272403440e-02 4.952036043910672952e-02
4.817236545639046880e-02 5.250857154566970081e-02
4.852823316819279004e-02 5.131573605673750427e-02
4.856092368260711556e-02 4.935240195610004349e-02
4.863071946052605760e-02 5.851591968108955238e-02
4.873847836446228848e-02 4.908980199224013963e-02
4.886433430965144570e-02 4.904108414211506839e-02
4.913640829652504705e-02 4.914642776011941133e-02
4.918241895507045880e-02 5.741464711874531140e-02
4.944851592491537190e-02 5.380279000521624722e-02
4.948587439157291212e-02 5.443125870754148693e-02
4.988663233969770766e-02 5.039113580268032161e-02
5.021765212825609476e-02 5.030542161987542477e-02
5.025387890185613327e-02 5.031002142569283159e-02
5.042276086683471215e-02 5.042379610505991899e-02
5.084673796094162784e-02 6.116219515852475141e-02
5.094642481332825601e-02 5.108950044845771143e-02
5.106376575603832624e-02 5.126099075583130660e-02
5.108070864106344089e-02 6.093930518835022347e-02
5.128977819956229145e-02 5.302583171895040859e-02
5.150803248567849962e-02 5.268196427399114007e-02
5.153323064113134178e-02 5.449182976082653923e-02
5.166856914334300166e-02 5.792235975350897709e-02
5.169259271426984714e-02 5.309263813629325895e-02
5.203595700271621688e-02 5.239588552787442094e-02
5.223870272414346538e-02 5.438828651702191236e-02
5.226274343868030775e-02 5.480560099545185582e-02
5.233299792341222084e-02 5.660431309835364799e-02
5.243145815772377177e-02 6.580154295614944193e-02
5.254090837635754657e-02 5.305441420271611586e-02
5.263611613452251481e-02 5.269053001359134958e-02
5.270464403788347602e-02 5.284285138710388685e-02
5.272783669292187975e-02 5.642165667907372145e-02
5.272842933749500444e-02 5.329098932357146517e-02
5.275234771928537930e-02 5.353246686055367076e-02
5.280074000573255905e-02 5.701027535855104911e-02
5.289033273847927596e-02 5.611352759949395086e-02
5.300443720065680514e-02 5.306065657611166997e-02
5.309346314388729143e-02 5.366038407884726052e-02
5.314212191468017932e-02 5.411385817011409027e-02
5.318347568655606983e-02 5.334273721973287197e-02
5.328154440567543781e-02 6.159165117143822893e-02
5.344001259717604674e-02 5.381633141191584369e-02
5.351558759239575386e-02 5.486146499279515032e-02
5.365979926709617959e-02 5.622964139059699606e-02
5.369534158840045396e-02 5.372449802760980581e-02
5.379558867213014156e-02 5.535656046224188970e-02
5.385035883805296131e-02 5.385037751214862695e-02
5.398090811655022192e-02 5.434113074613436400e-02
5.420978533120644066e-02 7.542002212345273737e-02
5.482361387442464401e-02 5.493234626357208078e-02
5.504623743978163952e-02 5.517659268584311494e-02
5.517119421649507166e-02 5.524068818756294047e-02
5.525478575136593545e-02 5.535621684776980550e-02
5.542098479318356696e-02 5.832017539537191070e-02
5.570877092622172899e-02 5.571047254895800105e-02
5.571469259348316855e-02 5.585290436601542813e-02
5.585328986200547435e-02 6.130371917993851505e-02
5.607240546442241597e-02 6.192751623725348264e-02
5.654114047626949274e-02 5.698091476171004283e-02
5.657863505282877820e-02 6.431757264945603403e-02
5.662736411353484073e-02 5.906515518009568255e-02
5.686562532391700037e-02 5.697427214831380510e-02
5.691327896595410607e-02 5.734243021161626597e-02
5.706322159042599707e-02 5.766012642725569515e-02
5.706574692944665211e-02 5.864563513557655844e-02
5.717935151575018193e-02 5.879736287566290909e-02
5.735982361443401484e-02 5.743028272051912270e-02
5.751448710856456314e-02 5.921052613497688327e-02
5.759547251164304216e-02 5.767422549429395556e-02
5.776199489900048223e-02 5.778164262428457654e-02
5.801402331262775491e-02 5.803326629883908544e-02
5.802212586308905240e-02 5.824453342706154696e-02
5.810469568056169515e-02 7.360707323382130463e-02
5.851487843437032377e-02 6.701777583736716337e-02
5.855023843439911141e-02 5.855211146741316763e-02
5.855671186396600725e-02 5.870244132091971545e-02
5.862456261730375484e-02 5.871086649267394375e-02
5.872300957279936312e-02 5.872833583300765548e-02
5.895074456069861191e-02 7.213306051911802519e-02
5.897096182263217301e-02 5.906044005937942376e-02
5.906380380982397676e-02 6.273669635768122643e-02
5.909031193236050084e-02 5.916942353413624095e-02
5.940713498278973187e-02 6.061901343855594787e-02
5.956636458559450703e-02 6.350933977301626010e-02
5.963721999425600218e-02 5.972787436868450678e-02
5.972476714839679984e-02 6.039249448862780284e-02
6.022502080695631838e-02 6.345734159100245575e-02
6.031255732939142661e-02 6.187592786705144871e-02
6.034522759754144122e-02 6.190460310218325046e-02
6.044852547305980955e-02 6.062306762174613645e-02
6.071063897345906762e-02 6.072979064288341888e-02
6.088314801433919454e-02 6.097159474443560045e-02
6.110153205172295238e-02 8.002491133136863111e-02
6.118721739058326919e-02 6.124739222015847945e-02
6.122590161282632365e-02 7.497867792449039448e-02
6.123379116615936674e-02 6.204630443074996005e-02
6.143304097988255136e-02 7.654089545466279121e-02
6.163430912300859460e-02 6.319426848406095587e-02
6.171541598946193169e-02 6.185568226464977643e-02
6.176953041371180397e-02 6.183624782252136742e-02
6.251610098632705281e-02 6.459893870195955456e-02
6.255880465489968567e-02 7.650093277524558366e-02
6.260386349904538406e-02 6.260656994610915016e-02
6.280301788692546627e-02 6.285108592822689910e-02
6.292137503628388029e-02 6.372522978720897291e-02
6.352010407843333706e-02 6.352662959529796483e-02
6.368369685207393716e-02 6.610378140377026757e-02
6.404531899022435082e-02 6.410099633462022772e-02
6.419775268164742976e-02 6.514887690605593307e-02
6.455256432318996762e-02 6.456288877202233378e-02
6.484898121081811295e-02 6.588347585890434732e-02
6.559717387171956626e-02 6.564378627783631903e-02
6.563538916141832547e-02 6.582910235069047711e-02
6.588745220339119191e-02 6.596687413536757305e-02
6.604833519981910539e-02 6.610674558392447275e-02
6.605210335157281343e-02 6.612708391492644333e-02
6.606573394515316555e-02 6.633390465534202973e-02
6.638358382189711582e-02 6.642681030762903616e-02
6.687996032611642772e-02 7.116126580487432129e-02
6.689869521104147010e-02 6.711934819261991536e-02
6.710111027976033149e-02 6.714147797074657142e-02
6.871450752241047011e-02 6.881188679390255747e-02
6.888355043269075995e-02 6.888534775180715775e-02
6.974405652362468400e-02 6.982422411611115265e-02
6.988333918368987152e-02 7.243127233424044575e-02
6.988929668247896576e-02 6.995989741391743511e-02
6.990437654967635028e-02 7.104946566130782015e-02
6.995397804054941104e-02 7.005357389164150461e-02
7.049813819957327643e-02 7.674144050962249108e-02
7.207039550111783710e-02 7.649755471929017836e-02
7.223189831740181588e-02 7.530250759216836065e-02
7.223430995858447223e-02 7.261278116686234463e-02
7.280802717415126024e-02 8.287133112888997455e-02
7.307577634165492164e-02 7.308004951784445591e-02
7.315625927360705494e-02 7.316070569535372548e-02
7.321475391593454396e-02 7.502405421112443018e-02
7.344123086953242840e-02 7.353329134561874258e-02
7.379094492676270545e-02 7.552276519448244962e-02
7.421232083911157018e-02 7.468538990289236290e-02
7.423934903544278374e-02 7.473825587405837079e-02
7.438019543551488422e-02 7.438073344569207102e-02
7.557537043718312586e-02 7.618708725500054901e-02
7.570545385860981413e-02 7.601709325378869231e-02
7.603282875371968064e-02 7.615384541820377495e-02
7.608894376978000973e-02 7.972601633209509819e-02
7.620698021886977702e-02 7.625553208956996343e-02
7.760490257074896536e-02 7.761171765042752801e-02
7.813478075003796319e-02 7.951936672761721059e-02
7.832816252822434600e-02 7.861820884058436099e-02
8.002477056845887227e-02 8.024184101089998356e-02
8.006482108614594584e-02 8.153621446964161301e-02
8.118199623156688305e-02 8.313054318466429893e-02
8.213248176135405643e-02 8.381421633646653213e-02
8.281808739580458212e-02 8.362805070709591893e-02
8.354536923605401788e-02 8.530260716352829065e-02
8.489736833734753962e-02 8.493232881633358544e-02
8.845718079312350768e-02 8.845747633936852650e-02
8.923145139219361421e-02 8.934481488589383902e-02
9.166843899659758710e-02 9.166844682869333683e-02
9.255401428191464830e-02 9.258208777287833813e-02
9.478269759441369791e-02 9.790628742362517123e-02
9.579332742313814708e-02 9.618584781795036509e-02
1.013004662684443280e-01 1.013777429610844549e-01
2.621485086849519308e-01 2.625842101541545626e-01
2.658883183405652550e-01 2.664168553044906074e-01
2.707971902690640142e-01 2.708752274541779137e-01
4.270175245108628337e-01 4.271545031497052669e-01
4.273287722756395346e-01 4.281507786631713053e-01
4.291504743641587627e-01 4.300722235888993494e-01
4.327184300493180924e-01 4.327886692389198986e-01
