3.040170266283491376e-03 3.041209721394935988e-03
6.254229587328167909e-03 6.298155902891511282e-03
6.300284167193495773e-03 6.479042748407722041e-03
7.758948471882872941e-03 7.762176264352555442e-03
1.169519134198964555e-02 1.174902175721738440e-02
1.169823848275322077e-02 1.169841159160922746e-02
1.221952964206629751e-02 1.222492858740267807e-02
1.313956827954247675e-02 1.314448724681495893e-02
1.336208047578937332e-02 1.338852929015806395e-02
1.391296195629410613e-02 1.399123115837408622e-02
1.412711685553212117e-02 1.451457709620944392e-02
1.453673540768096913e-02 1.453818135922970919e-02
1.461714289828959339e-02 1.501697584915592451e-02
1.481633083015600379e-02 1.518184902537454695e-02
1.501468621029654511e-02 1.501673459348004148e-02
1.502520632642485345e-02 1.510733237041738015e-02
1.503146969432259984e-02 1.503147429221405630e-02
1.557104808098480099e-02 1.577272956985682067e-02
1.559941255111274398e-02 1.562086426886541771e-02
1.596847438386280946e-02 1.597721111184275192e-02
1.601147132606451154e-02 1.604872449135505072e-02
1.622018756056796407e-02 1.628394876414989562e-02
1.645494443144333852e-02 1.665927926002189891e-02
1.672026377768372207e-02 1.672133068610227521e-02
1.673800428763454196e-02 1.705069995545959588e-02
1.705925025461043493e-02 1.707751820410939245e-02
1.777334001112732681e-02 1.825740214160797084e-02
1.785613613986962445e-02 1.785954864861356850e-02
1.791743471840630264e-02 1.793251807454376498e-02
1.796446505849791375e-02 1.802772800672086673e-02
1.837692444099467068e-02 1.837989055948188732e-02
1.892590119146822514e-02 1.899543525444423453e-02
1.899496542241382868e-02 1.899498394334692836e-02
1.918232955609653484e-02 1.937824362764892921e-02
1.918300093998841910e-02 1.918375926960551314e-02
1.968053077788067123e-02 1.983175629569525200e-02
1.970258123536134179e-02 2.013880712715243257e-02
1.970291594888738673e-02 1.975141827109546180e-02
1.971882725313896592e-02 1.971900221118836824e-02
1.981794007075868627e-02 1.995461910406459358e-02
1.990639276744345793e-02 1.999793949791578429e-02
1.998199068613060528e-02 1.999030784459077115e-02
1.999209259066235186e-02 2.010772525930719021e-02
2.018670476487954488e-02 2.099167884319113123e-02
2.024413232546701941e-02 2.069977037656796359e-02
2.038424075634819380e-02 2.039484659357870128e-02
2.067308880855763323e-02 2.069476484974317257e-02
2.068817682859071944e-02 2.095622864263958426e-02
2.088180152271508841e-02 2.090454466186611113e-02
2.092502990575210650e-02 2.092626577458283829e-02
2.104443576494168314e-02 2.109572842149271682e-02
2.142537406827971225e-02 2.210516588645773661e-02
2.172858635800268418e-02 2.172874103629358553e-02
2.232983520006652858e-02 2.235928899905817446e-02
2.237309080814842491e-02 2.237309446808621524e-02
2.237984917770977078e-02 2.252757072007731051e-02
2.273497833271540675e-02 2.274369066161665079e-02
2.292671597461541644e-02 2.295301105674482645e-02
2.301765194285569985e-02 2.301962468992567110e-02
2.340872886455968790e-02 2.341044747150092253e-02
2.349948091786975557e-02 2.349948730300884317e-02
2.391865662328320277e-02 2.392567282188040254e-02
2.422808084111905194e-02 2.428567173565319287e-02
2.434920998608053680e-02 2.435386840712570541e-02
2.451806701825778867e-02 2.503183000891393006e-02
2.471238521071138575e-02 2.476465986066142544e-02
2.474661166438213433e-02 2.486195612197751592e-02
2.487465592740213324e-02 2.493216820537004497e-02
2.493248010559449834e-02 2.496034905018585520e-02
2.521966634663656837e-02 2.524924764219028256e-02
2.568749637138287994e-02 2.576115201496626678e-02
2.569628315288888590e-02 2.678318705681976761e-02
2.572255454650586998e-02 2.572261717163513289e-02
2.582919153654271091e-02 2.583657038790607846e-02
2.589110326860735375e-02 2.589351484779157941e-02
2.591617542529539228e-02 2.593243086440830472e-02
2.592190119149936217e-02 2.616461540967379359e-02
2.593861396148832918e-02 2.598969822565081952e-02
2.594279098526568877e-02 2.595488118494560653e-02
2.598548336660157915e-02 2.652876684208697183e-02
2.614504513421420095e-02 2.615299796932728932e-02
2.622783876932214403e-02 2.624627405807384087e-02
2.627178190526827106e-02 2.627385427421422004e-02
2.629274039471130378e-02 2.629309367118876431e-02
2.629728897088591186e-02 2.649653621838842302e-02
2.630674566142182993e-02 2.636127820972391372e-02
2.638852247110679353e-02 2.651372613435887260e-02
2.660344993930530838e-02 2.679230988858889370e-02
2.682600684977054506e-02 2.724513346752228948e-02
2.686449780766914444e-02 2.688706911838867342e-02
2.701409199322698726e-02 2.704210895035277437e-02
2.709658145858771794e-02 2.710522618944552140e-02
2.713421685651200288e-02 2.714439598553165453e-02
2.734912015459354737e-02 2.739879805955933167e-02
2.749234245342171978e-02 2.764710558386319211e-02
2.753040270442011495e-02 2.754916536851161404e-02
2.762662165083266952e-02 2.778743879389795196e-02
2.764985773742938482e-02 2.784711891612942983e-02
2.778633407085022433e-02 2.809363599545674009e-02
2.781433951834900997e-02 2.796503161301193419e-02
2.797314530738255825e-02 2.820277548079224567e-02
2.798603564996751669e-02 2.835553787131888867e-02
2.808487241837530693e-02 2.835602038379765252e-02
2.814107337201812373e-02 2.821914680534564485e-02
2.818406197981178363e-02 2.832901639876963390e-02
2.842119986895976641e-02 2.908424039426277946e-02
2.852102277757830734e-02 2.852262273635151890e-02
2.853327802199349256e-02 2.853370070589940008e-02
2.859592198876375821e-02 2.863438668031234938e-02
2.880216088341077188e-02 2.898169322129716396e-02
2.880956008339603108e-02 2.882118595048142190e-02
2.904725777518694235e-02 2.909226839690456923e-02
2.922035937186643825e-02 2.923052318962244753e-02
2.926427660238688916e-02 2.946054265201480601e-02
2.936291415748742625e-02 2.936802998594533615e-02
2.940027532858317458e-02 2.959925327531564079e-02
2.947779667024383321e-02 2.971279968066629570e-02
2.957153098863591831e-02 2.957154103832287592e-02
2.980145530105231602e-02 2.980552337770232471e-02
2.993458763040092452e-02 3.000259051719578532e-02
3.011200687678157809e-02 3.012268863550651016e-02
3.041215833959169321e-02 3.041424149619354617e-02
3.043085905231424776e-02 3.043407005293774503e-02
3.048833457027026739e-02 3.131836778404274019e-02
3.060693816053741342e-02 3.086367997191920634e-02
3.061380050664236005e-02 3.082210029576958402e-02
3.061799469463465789e-02 3.254564255009197854e-02
3.080685287926067384e-02 3.112577973847834370e-02
3.090558191764638737e-02 3.090568144047963622e-02
3.096323642849575439e-02 3.097515114691644020e-02
3.098049034769858115e-02 3.133992909427015666e-02
3.100309811731194118e-02 3.101484671320338740e-02
3.101216582794868656e-02 3.104956633943738858e-02
3.108834602538568595e-02 3.113053976394504485e-02
3.112046922035558230e-02 3.137872911734416320e-02
3.117757773550260472e-02 3.119282558876501285e-02
3.137929109218038498e-02 3.151308029028339341e-02
3.143251043300138853e-02 3.143395468722154362e-02
3.151978573914046566e-02 3.166903999357802840e-02
3.171413733632021115e-02 3.250051145245159978e-02
3.173632790156905026e-02 3.177079274577637030e-02
3.185446913631196503e-02 3.185840596973991273e-02
3.188768618241407532e-02 3.312209131665930922e-02
3.194070095727949421e-02 3.199938415885626025e-02
3.203590800128347515e-02 3.209838959096741190e-02
3.209119682500549686e-02 3.216689643434384599e-02
3.218078604831291212e-02 3.284087371246990211e-02
3.221483358292989707e-02 3.221686835959795825e-02
3.222365408780525353e-02 3.269299388387865435e-02
3.225120738624200067e-02 3.232676792322332349e-02
3.243850674313640547e-02 3.277619987459381989e-02
3.253149890320481546e-02 3.268139685632407559e-02
3.258046753838892556e-02 3.258290061448813890e-02
3.278654535974463019e-02 3.279004886745170294e-02
3.291563715699973025e-02 3.316090254090104522e-02
3.292742164168620256e-02 3.292829851337913949e-02
3.296181439981715061e-02 3.314641708601492182e-02
3.306691439985944697e-02 3.307235307366138827e-02
3.309792050973165561e-02 3.317834839537809472e-02
3.313469437638509596e-02 3.378975430311118716e-02
3.315794350928191053e-02 3.317818215019636280e-02
3.316877524729249654e-02 3.316988756107112912e-02
3.319482324558883229e-02 3.328128432112561347e-02
3.329285763171109525e-02 3.332939455514238869e-02
3.344333660517467832e-02 3.361122637377714911e-02
3.349190930654381143e-02 3.349362647181867297e-02
3.371967503322401832e-02 3.376693822595259326e-02
3.376469686972939643e-02 3.393751381750267221e-02
3.379970523081408246e-02 3.395086928721743197e-02
3.380570174347143075e-02 3.403541081923956713e-02
3.391233236009267432e-02 3.420650671129461112e-02
3.392252405921235975e-02 3.455803852607484267e-02
3.409476776583929974e-02 3.412325605089895630e-02
3.420118130557769226e-02 3.420868628255013116e-02
3.433845393656360240e-02 3.472997131600788490e-02
3.443348452677182092e-02 3.479047147045696148e-02
3.456185066507530546e-02 3.484986442062319029e-02
3.459510923659393777e-02 3.461130488919154924e-02
3.461748363099659970e-02 3.527152210022221901e-02
3.464991515851816722e-02 3.485897603227228192e-02
3.469581872014314283e-02 3.493279181974021097e-02
3.474696962667920414e-02 3.475051218684870047e-02
3.481256262151869590e-02 3.486158448285667233e-02
3.484680484527008515e-02 3.486741719275889689e-02
3.486097144166416806e-02 3.486211959712835068e-02
3.488879027352607964e-02 3.489591623114621927e-02
3.490408229028808124e-02 3.569443538954134715e-02
3.491937350543583563e-02 3.496403379176222376e-02
3.497043147975702204e-02 3.616259188751644316e-02
3.507456235349070556e-02 3.522501335249597632e-02
3.510891513789477641e-02 3.513274764598153105e-02
3.511081989599297570e-02 3.523711668416668052e-02
3.524351535445310879e-02 3.592540814491775730e-02
3.536300313838383613e-02 3.590315400232044207e-02
3.543719346081005556e-02 3.604829828257152813e-02
3.547679584845041950e-02 3.593015516525182446e-02
3.549410473499736707e-02 3.549411921940517911e-02
3.560891358874308799e-02 3.568449136881902267e-02
3.570876049858771883e-02 3.647462530838461309e-02
3.574569047420475543e-02 3.574908370083317022e-02
3.582880471954912049e-02 3.583163815848619538e-02
3.597048166462853830e-02 3.611949239534420486e-02
3.601446814293068205e-02 3.601523439907772239e-02
3.609346203031758155e-02 3.636993070778883619e-02
3.611673116474609091e-02 3.627343193525430637e-02
3.620241928703633871e-02 3.620383079158304152e-02
3.627280139991975738e-02 3.645744346584883777e-02
3.632707775513491916e-02 3.642481313502862750e-02
3.642448770491339693e-02 3.642448861205687533e-02
3.642668253444194398e-02 3.652771600349279807e-02
3.660081527966192044e-02 3.968174380019118958e-02
3.664324807567440057e-02 3.664374652711727826e-02
3.666726091796657788e-02 3.668544430011215496e-02
3.694935467394992734e-02 3.695599208489244725e-02
3.696468541422675419e-02 3.710019967205051283e-02
3.735906590521217985e-02 3.764597580586624692e-02
3.745490974420828678e-02 3.749484045997433096e-02
3.749612026812371157e-02 4.038862259490073880e-02
3.752249947438841132e-02 3.790730514705357990e-02
3.753893346877208020e-02 3.783588816899294272e-02
3.758061462758265081e-02 3.758825803150585981e-02
3.767408266454148891e-02 3.783333146565778099e-02
3.772133961190259760e-02 3.772198403329758004e-02
3.772937806621153717e-02 3.812930702998915816e-02
3.773507946042259364e-02 3.806876902419614739e-02
3.783659673917315336e-02 4.002894926980739981e-02
3.790648135853140477e-02 4.208915328291235741e-02
3.805036880492344148e-02 3.960945918826510453e-02
3.825400061274884800e-02 3.825607467877924217e-02
3.827697723340157954e-02 3.834315291869502818e-02
3.828655165587480785e-02 3.831445670177160284e-02
3.829129493404343637e-02 3.842669845505668896e-02
3.862563416026750657e-02 4.162633067455953628e-02
3.863419481720874182e-02 3.880529495943006724e-02
3.869770605351817438e-02 3.872227026393831179e-02
3.884293090473448645e-02 3.884524528132998061e-02
3.885857441895616826e-02 3.889964223950056338e-02
3.890388268019617790e-02 3.891489327530520126e-02
3.910496011609500971e-02 4.265290629335430350e-02
3.911479022207916406e-02 3.915645914887896928e-02
3.913498522195298090e-02 3.956639082788736272e-02
3.915618297618507493e-02 3.916234430117031262e-02
3.921559644102552700e-02 3.947052431908338460e-02
3.924943764616965064e-02 4.176042202295713462e-02
3.945998813676553779e-02 3.953937504029920308e-02
3.946964258229478106e-02 3.952241542513661166e-02
3.965840412481413252e-02 3.984295463811118182e-02
3.990711086313003531e-02 3.990714883842431948e-02
3.994463557310036494e-02 4.143579118131594102e-02
4.014763172214924625e-02 4.076054749459231963e-02
4.024310695562800799e-02 4.370991643156599965e-02
4.031219333727317777e-02 4.031490027221300287e-02
4.050049906195272997e-02 4.050122429304504196e-02
4.063429921840052556e-02 4.132863631112906194e-02
4.073551044159166856e-02 4.085134911075992414e-02
4.078344168810207199e-02 4.198013632309090248e-02
4.096043007049752355e-02 4.150077528395340609e-02
4.096950513566767482e-02 4.099307059942056131e-02
4.103357291775668741e-02 4.105757622898473930e-02
4.105953910576524285e-02 4.157722148905554360e-02
4.112789001738630795e-02 4.117410301586269666e-02
4.117062295033897118e-02 4.117066700951689528e-02
4.118305717188428666e-02 4.157700147497044030e-02
4.125483308779380465e-02 4.169353285503656081e-02
4.127628943127556460e-02 4.440770967428986360e-02
4.131160140818739696e-02 4.134426663658064688e-02
4.133165466438164237e-02 5.167401370201504807e-02
4.138885114593068848e-02 4.268010463083812822e-02
4.144122732758383221e-02 4.147792274759118381e-02
4.146941062502810388e-02 4.172399238858359033e-02
4.156434907022611008e-02 4.275496299111439247e-02
4.158777407060518932e-02 4.158788161603445971e-02
4.168005728481166683e-02 4.312861393559657558e-02
4.173537015291337027e-02 4.415190167643703867e-02
4.175683098560666745e-02 4.222684973394142532e-02
4.178254059752582739e-02 4.190685548445247793e-02
4.179973575497139548e-02 4.181452106497043214e-02
4.185493702615274841e-02 4.222649649676388922e-02
4.231799070401332657e-02 4.395773445926263318e-02
4.233449560458124594e-02 4.234167014595868056e-02
4.239387910832261713e-02 4.475105355894419545e-02
4.254012969016156970e-02 4.255621695985890851e-02
4.259578097395004537e-02 4.260555270468716071e-02
4.263004741544857562e-02 4.263240901162386465e-02
4.263309737044623793e-02 4.331925095094354278e-02
4.293593223422485783e-02 4.294219690922099902e-02
4.297844855576481854e-02 4.301297918852210744e-02
4.309281463381489652e-02 4.343148429376959829e-02
4.322622859801503181e-02 4.413283872434625721e-02
4.326470925420111691e-02 4.400651429377312046e-02
4.329611920228928351e-02 4.362739985353857736e-02
4.335409133071096988e-02 4.361761952329350905e-02
4.346443261568242594e-02 4.361878930706115931e-02
4.348459898276696434e-02 4.383302477733158620e-02
4.351333557062635887e-02 4.354460715339074361e-02
4.353347114378837424e-02 4.375232726308959236e-02
4.385160055403408697e-02 4.475016574121264828e-02
4.393193255741571074e-02 4.393213614965982977e-02
4.393751610399613400e-02 4.427032416488189959e-02
4.398953476160754467e-02 4.399212217350066678e-02
4.399350348974837011e-02 4.406448025404544055e-02
4.408106051802024999e-02 4.408462834274787245e-02
4.408447488707001316e-02 4.434005539498000331e-02
4.408818719994860025e-02 4.452960231005272801e-02
4.428290251131525301e-02 4.471471208644411249e-02
4.469224978249988073e-02 4.478947694013390990e-02
4.472864610748440023e-02 4.609358311397349778e-02
4.482193905020031427e-02 4.593211722504986910e-02
4.488061167804360124e-02 4.494971660262226526e-02
4.488835264976626799e-02 4.504111757728727905e-02
4.491529378342012241e-02 4.502554824192756683e-02
4.492314896036587318e-02 4.717054904638984247e-02
4.525503783826702320e-02 4.537775063324277908e-02
4.540689546995740206e-02 4.614556919793613016e-02
4.560305610262464088e-02 4.574723867539657457e-02
4.603107406152165404e-02 4.627815043370657466e-02
4.603331861331557556e-02 4.603629996066235797e-02
4.626973412191418694e-02 4.673370068745687916e-02
4.635951662569048892e-02 4.668833821155486674e-02
4.645759031789827714e-02 4.681732763138269499e-02
4.651274589302257373e-02 4.680882083833394491e-02
4.656801588231156142e-02 4.666410023346172914e-02
4.664311425774878700e-02 4.679120795292554535e-02
4.673892053080849068e-02 4.692156949129238502e-02
4.676393522952228959e-02 4.689340349059832602e-02
4.681870179385223124e-02 4.712719906783791046e-02
4.682907819719301507e-02 4.801381017921646510e-02
4.688229288554485868e-02 4.709263853101119252e-02
4.688524547381853202e-02 4.689225822274768057e-02
4.716802554900162425e-02 4.951918223525427626e-02
4.722409467237425468e-02 4.723252307779370052e-02
4.723819660424451172e-02 4.725404736588079829e-02
4.767834530641069241e-02 4.768866347422538038e-02
4.767993903622979451e-02 5.025126573841304928e-02
4.770637738264702638e-02 4.873810168556427097e-02
4.774496156476601416e-02 4.778550925971822988e-02
4.790172363160886265e-02 4.845666441357428939e-02
4.796515973425643370e-02 4.799233128727815878e-02
4.802563005716430078e-02 4.815991133359927290e-02
4.807573504500231576e-02 4.814157260916634290e-02
4.820646435724453005e-02 4.821050009345054926e-02
4.827626506600676826e-02 4.838126657640166167e-02
4.845160998465704305e-02 4.852146944123265915e-02
4.855779490808489335e-02 4.860636089662950104e-02
4.861679548123612471e-02 4.872500190061511416e-02
4.864612942766800840e-02 4.875644384022160410e-02
4.886237765769622932e-02 4.887389490002572168e-02
4.920678947833259653e-02 4.928146383625654076e-02
4.926104516846478709e-02 4.926458664234342061e-02
4.963203520829814752e-02 5.062495230577401112e-02
5.021698042950638319e-02 5.022826695627197191e-02
5.035600052888485750e-02 5.035776603560663395e-02
5.065254855203101675e-02 5.112028713727774509e-02
5.085666072280811689e-02 5.216551054264747384e-02
5.103801354327790890e-02 5.128236699499889861e-02
5.109926724644901774e-02 5.109978865237323892e-02
5.113319368494592676e-02 5.358708532523786400e-02
5.145724719387567703e-02 5.151250599823065796e-02
5.156463828759720591e-02 5.156686102666828420e-02
5.161239865854567316e-02 5.161825535048839703e-02
5.172403017914557061e-02 5.196497519056567788e-02
5.178136165740349767e-02 5.179052521875242981e-02
5.194895949567130550e-02 5.199208625391181504e-02
5.200038051309985310e-02 5.206063803189691502e-02
5.208189891926775367e-02 5.228301431008208766e-02
5.220353735723717165e-02 5.316658014607638510e-02
5.236498483128116527e-02 5.237154418947104900e-02
5.236871436279697672e-02 5.245337796121465890e-02
5.239870112197924507e-02 5.260166545136267524e-02
5.283341228170303910e-02 5.346916454439133021e-02
5.287773726276960573e-02 5.294269055629709231e-02
5.288631745204366852e-02 5.295194311701002104e-02
5.329354139204662416e-02 5.343079456482242862e-02
5.351942395591355317e-02 5.394188284702859659e-02
5.363298486613853749e-02 5.406987960295033674e-02
5.368969872513098401e-02 5.440083619183725544e-02
5.370699303870594965e-02 5.372256578999335536e-02
5.404047448391158942e-02 5.404047708191903748e-02
5.415482302459444924e-02 5.432632922803910108e-02
5.448042501330725013e-02 5.500738870865828217e-02
5.475968511530221461e-02 5.689266211451097371e-02
5.485574945152039278e-02 5.485817985328686475e-02
5.519462240381071971e-02 5.930347563623005608e-02
5.525240858242837227e-02 5.588165241583531451e-02
5.547000300301083847e-02 5.547473219268583139e-02
5.557571643585257348e-02 5.568316981049155345e-02
5.579104215981280784e-02 5.773344294527555515e-02
5.584923685626457662e-02 5.598065641423842498e-02
5.592945972383670666e-02 5.593109348633614614e-02
5.600045024629101559e-02 5.602168463527786024e-02
5.606854251424691488e-02 5.607346844222160093e-02
5.609660725492863348e-02 5.610200088793140111e-02
5.614589922373675740e-02 5.647601714477504253e-02
5.632334782942263751e-02 5.640522013042516269e-02
5.682924612863078651e-02 5.724544620538500606e-02
5.712503957580130493e-02 5.755231488551525165e-02
5.740129827589374872e-02 5.813768111856554982e-02
5.755330399651474582e-02 5.756694469837653899e-02
5.771216383385627258e-02 5.771297614317591473e-02
5.795816393752664664e-02 5.814841723900059101e-02
5.797975473751449532e-02 5.821627633769021343e-02
5.814706653237939477e-02 5.814706950440911432e-02
5.831577924319800155e-02 5.847007179213178918e-02
5.834426357174721245e-02 6.166022387193642595e-02
5.840945110688904734e-02 5.840952659480345976e-02
5.842198434370219490e-02 5.910121601393592689e-02
5.847285493311153715e-02 5.862890463797063717e-02
5.850414230574579183e-02 5.853242189719082972e-02
5.852244598402277231e-02 5.925513672169971380e-02
5.859208197157071696e-02 5.862788958402368605e-02
5.876920648624658905e-02 6.110189897422665245e-02
5.881662489198254823e-02 5.883363217213149338e-02
5.922087336322124501e-02 5.966311251487703415e-02
5.923175707396872297e-02 5.935596530507494806e-02
5.930051205353045751e-02 5.945190915702448092e-02
5.932533815677406425e-02 5.932548658198579655e-02
5.995606446107246135e-02 5.995679266030622123e-02
6.014712267465537054e-02 6.088034118156564201e-02
6.020796522034480014e-02 6.026361644238532184e-02
6.033041967074517092e-02 6.033124026543666002e-02
6.118472357483843022e-02 6.143351034199384664e-02
6.164052905590625131e-02 6.168629284678677632e-02
6.181107280193443021e-02 6.182405107522360999e-02
6.183104796829601985e-02 6.183178814296891312e-02
6.224368637536727838e-02 6.224369969466674729e-02
6.270618731686493363e-02 6.341222708635950445e-02
6.307497819349845714e-02 6.309031057546858612e-02
6.313846757936776577e-02 6.345135163276219292e-02
6.343426909348580389e-02 6.347158523886815840e-02
6.420470011780606001e-02 6.628106543957626440e-02
6.443080393565962793e-02 6.456770694175574532e-02
6.454975933325453330e-02 6.843499320525923968e-02
6.477362261692275192e-02 6.639016828345167820e-02
6.499828471748617109e-02 6.500262756373709205e-02
6.602907774434590982e-02 6.603687441434832883e-02
6.627949377074610071e-02 6.703176305899267995e-02
6.762081278470559453e-02 6.769083265017754314e-02
6.765902686451727432e-02 6.772728044777297229e-02
6.777231801854827209e-02 6.783290530635414928e-02
6.788071197562720038e-02 6.890633551800702528e-02
6.797851911861990670e-02 6.828937072997955104e-02
6.821863778685807733e-02 6.822387389131855107e-02
6.914776576268245878e-02 7.071199896349432412e-02
7.021791652076768420e-02 7.024370250006456429e-02
7.073097718968557324e-02 7.074749506473131111e-02
7.166324325843657916e-02 7.169443207211613489e-02
7.210923146916962956e-02 7.211971483421665552e-02
7.232627127568901082e-02 7.245520363627577787e-02
7.327732680595128167e-02 7.342917059216966247e-02
7.331048988150674905e-02 7.338627166343685004e-02
7.381690903052150199e-02 7.458541431117746145e-02
7.416162769139909849e-02 7.436971264975626716e-02
7.422469983632402901e-02 7.429695247862001806e-02
7.443043726396735005e-02 7.443285580561348480e-02
7.508103303771532233e-02 7.508131449138455427e-02
7.864117564548750439e-02 7.866580216066659803e-02
7.930011462955570412e-02 8.377614871174110522e-02
7.963335782065485147e-02 7.969902608573516123e-02
7.998157994180328523e-02 8.060995550171705382e-02
8.213824627564114689e-02 8.256049211432039958e-02
8.230162080569156102e-02 8.230329373702885420e-02
8.337856807577097296e-02 8.362948161541164382e-02
8.363252756204316019e-02 8.365942861630419614e-02
8.470636557433282310e-02 8.667667906636825070e-02
8.584370955961069527e-02 8.598797834983144817e-02
8.929800143197071105e-02 8.935560538705207556e-02
9.122695542444565764e-02 9.137535955815105637e-02
9.417063497117938997e-02 9.417079522165255900e-02
9.539439725084938870e-02 9.592504478577806859e-02
9.640333652203898762e-02 9.640354531838928043e-02
9.822970472161943190e-02 9.885392464583279970e-02
1.013515047213925796e-01 1.024421107974135131e-01
4.336014277601975553e-01 4.336176752038349291e-01
