1.643872692523836668e-03 1.719002991151686623e-03
1.653447775731406140e-03 1.728778596092052063e-03
3.039413107820422219e-03 3.294226689524878092e-03
3.396561983891373086e-03 3.459689073610069596e-03
3.964257312820051657e-03 4.145003571473879905e-03
4.391352496638784193e-03 4.733887779657897261e-03
4.430873395457015328e-03 4.706828062804443644e-03
4.656968421471587710e-03 4.701185696668889330e-03
4.804061385047010864e-03 5.006582353906986055e-03
5.001342303115822140e-03 6.046455524001828098e-03
5.051394800463979672e-03 5.078817904738588962e-03
5.361758893476478022e-03 5.371553332547520168e-03
5.636362903827649672e-03 6.068220204639170230e-03
5.736743667993881440e-03 5.747813131694969220e-03
6.056420618713813549e-03 6.102506166664483159e-03
6.195468787246609897e-03 6.678740123056334937e-03
6.283225881164426936e-03 6.292856512870045362e-03
6.385228947090417981e-03 6.535124676862803447e-03
6.399093311481317964e-03 6.415440777871614028e-03
6.422757450091545924e-03 6.504261733954358124e-03
6.506347552008620236e-03 6.509896676802163183e-03
6.995165187780943809e-03 7.117019356964729079e-03
7.097910835832752646e-03 7.110217851281880330e-03
7.142777317561503463e-03 7.857888654026964903e-03
7.154743445082029259e-03 7.496077882381539659e-03
7.339332180473055398e-03 7.367973310707561993e-03
8.517216485749965621e-03 8.547018246983320924e-03
8.728366583537344736e-03 8.915900443054160240e-03
8.835191657078670172e-03 8.994239929545660289e-03
8.841440681819450614e-03 9.463532239748223204e-03
9.143643722612658856e-03 1.030061564544900062e-02
9.534827786989302778e-03 9.991365000395329918e-03
9.554471808655502080e-03 1.168316471945955379e-02
9.561052056657675519e-03 1.030589074029670399e-02
9.810764036699505877e-03 1.018366724184730995e-02
9.887228945743358269e-03 1.001332245132943201e-02
9.908087887620046358e-03 1.005411208498251802e-02
1.011859223427178517e-02 1.040878431774992958e-02
1.081160031578383418e-02 1.084954973430684623e-02
1.086110413326714201e-02 1.090873160543486334e-02
1.102377347397398046e-02 1.145123917506627939e-02
1.106490916979619744e-02 1.142446608070506880e-02
1.121443645702875462e-02 1.180287561723946700e-02
1.128764960176663681e-02 1.200606457572607304e-02
1.141618936730254275e-02 1.167582530099181212e-02
1.143353585720602826e-02 1.148716444744262051e-02
1.145523851266576180e-02 1.152914785670247633e-02
1.161657617786513580e-02 1.162118573408288218e-02
1.169786664580287940e-02 1.212670288987723229e-02
1.170516689847147900e-02 1.188064111381962988e-02
1.178847838832904754e-02 1.237031596609985788e-02
1.183803360660243102e-02 1.202473367208036631e-02
1.186834560656186213e-02 1.266354229644661190e-02
1.214423423569205990e-02 1.318957067060278279e-02
1.216973312510273228e-02 1.232200655016207555e-02
1.218310444798263205e-02 1.296452275396048348e-02
1.226510086880016996e-02 1.227095758392807157e-02
1.230875701703953475e-02 1.231697630317180568e-02
1.271318448525759863e-02 1.334043968754555776e-02
1.278845511527597345e-02 1.307642405835608354e-02
1.281404313648386480e-02 1.283085293801068671e-02
1.290446611501670955e-02 1.593156645137406083e-02
1.297936882799751585e-02 1.298001648643471589e-02
1.303887253913989241e-02 1.304132987608990976e-02
1.313571098645353354e-02 1.406168473345405581e-02
1.321517891617377330e-02 1.562284561746556631e-02
1.328268443884705712e-02 1.621323793215882422e-02
1.332782626580894351e-02 1.485670756064739161e-02
1.337616548083192004e-02 1.345741655410332901e-02
1.341880927206505307e-02 1.348982485406177538e-02
1.343551167729923647e-02 1.362366888382591026e-02
1.355901716861033883e-02 1.433714713080517025e-02
1.357327301560179965e-02 1.360672467578024313e-02
1.358816968454070948e-02 1.391395219493834177e-02
1.371264688215450937e-02 1.384576264363272802e-02
1.372350296877206111e-02 1.402205509859389895e-02
1.373519270207330251e-02 1.737541591030510035e-02
1.377365399439060833e-02 1.423408014848921016e-02
1.377860265403505619e-02 1.461801079346602625e-02
1.389293298354250111e-02 1.551772518054025420e-02
1.392393430869811460e-02 1.736139492404828802e-02
1.401485317512563174e-02 1.587409365847382986e-02
1.411930661677353316e-02 1.510904544018926154e-02
1.414821870557568008e-02 1.617545286153788259e-02
1.415348275886220419e-02 1.548370211821142352e-02
1.426359732772341377e-02 1.676186950185630867e-02
1.436206288652791020e-02 1.638749867561945656e-02
1.438467728428162104e-02 1.564689237421548057e-02
1.453090232493467297e-02 1.602839015802150213e-02
1.459765854356240809e-02 1.516751272920177467e-02
1.464793971064366242e-02 1.465619910384848533e-02
1.467845577488431294e-02 1.516802217683738130e-02
1.478603429588006002e-02 1.484863336556387949e-02
1.481997920692394201e-02 1.629283457634475574e-02
1.487460000429976538e-02 1.873681836500897327e-02
1.499108131836825002e-02 1.520898062628744246e-02
1.500406581144564030e-02 1.511860670939716919e-02
1.501307016365695593e-02 1.503070697393108120e-02
1.508377081392740793e-02 1.553990866954268329e-02
1.512960905706065354e-02 1.571736628266647354e-02
1.515056785245159736e-02 1.646745751832461718e-02
1.539038338900018503e-02 1.540812203288468261e-02
1.541165899756279448e-02 1.562103171058088977e-02
1.552059062992409803e-02 1.662325555435317098e-02
1.554288752284271186e-02 1.585756185474186675e-02
1.562750186237362587e-02 1.629674483047709871e-02
1.564781524377059987e-02 1.564788056660781218e-02
1.578268706524495885e-02 1.627733515118097093e-02
1.578650444790675664e-02 1.578655161492187320e-02
1.580766325795970526e-02 1.664349338291292932e-02
1.586239910091851238e-02 1.592147211360053771e-02
1.589255764577213181e-02 1.610671049632197635e-02
1.590963537503307934e-02 1.591049173841113315e-02
1.591701690648419931e-02 2.052638412738617274e-02
1.599544303247816754e-02 1.600034200236740908e-02
1.599764195567501129e-02 2.008277686325361452e-02
1.603199381342607088e-02 1.649634621628505091e-02
1.607037799646942114e-02 1.611317740088278813e-02
1.637423947630387358e-02 1.639651463501771295e-02
1.645311456764837754e-02 1.861719645321687627e-02
1.658151553027891606e-02 2.237688748288166329e-02
1.666244057395700751e-02 1.739140253544470618e-02
1.670678057491761445e-02 1.775086342729311970e-02
1.675984551246580481e-02 1.709746195249756129e-02
1.678256547831115386e-02 1.786280204442083561e-02
1.716774122761017055e-02 1.897336570578145309e-02
1.727399234243097437e-02 1.727545767057476686e-02
1.739373901473798695e-02 1.747719664833815092e-02
1.740539895390153316e-02 1.752922867211978430e-02
1.744749147608905607e-02 1.768495462761163553e-02
1.748025155859458946e-02 1.862385160224599295e-02
1.776429197371480820e-02 1.973145726878986969e-02
1.779199172416800340e-02 1.968678193782975525e-02
1.780896302605188691e-02 1.820246007077739800e-02
1.781093662857658258e-02 2.316170209356590778e-02
1.802611087950143839e-02 1.827261263793797039e-02
1.805387030862343201e-02 1.893436341877884413e-02
1.809702271402325452e-02 2.327205404399501978e-02
1.812039646916783001e-02 2.252126910186386458e-02
1.820390925194651996e-02 1.823786852166314754e-02
1.826962035847765412e-02 1.952564199614668233e-02
1.828345258421030031e-02 2.144547629200153210e-02
1.830503924419998527e-02 1.831768617154373724e-02
1.839282752639028948e-02 1.839357215994651476e-02
1.844579605100362882e-02 1.911794851633132758e-02
1.844664709457703028e-02 1.847619562788705219e-02
1.848014883638177813e-02 2.148111790042808028e-02
1.848327258067984646e-02 1.902054213642818958e-02
1.861540780170917522e-02 1.949652337695820942e-02
1.871811345887522404e-02 1.897491766671456984e-02
1.878686364516258395e-02 1.946815669798340059e-02
1.893833448613116074e-02 1.895507472507877711e-02
1.898463593719243100e-02 1.947630769160947975e-02
1.900820308204937900e-02 1.904656674823656734e-02
1.907410118788693820e-02 1.984293854717173247e-02
1.917156013655909111e-02 2.184343047266118151e-02
1.925575696748543439e-02 1.985408693436499158e-02
1.929149004102615958e-02 1.973186165253127539e-02
1.929504849427864099e-02 1.985056529769339828e-02
1.937625317199742972e-02 2.541569971675139428e-02
1.945935709168326866e-02 1.949853095855754587e-02
1.953711261131474766e-02 1.967707430885394168e-02
1.957358645621819909e-02 1.961983566395174294e-02
1.967491060151731891e-02 1.978780084217348842e-02
1.968853557901946091e-02 2.798351607211138278e-02
1.969226975857065950e-02 2.109278821128747483e-02
1.978087037989626623e-02 2.134888536482721505e-02
1.980576627318275315e-02 2.229708144070087147e-02
1.985738093122821693e-02 1.985809422825574391e-02
1.991578732424482967e-02 1.992015889089744293e-02
2.001230789602427215e-02 2.245959386785674125e-02
2.004413833532888919e-02 2.325115079483349237e-02
2.006444762915825936e-02 2.083638546169972600e-02
2.016966773651250253e-02 2.018761441902986592e-02
2.023181093558490060e-02 2.119889920384549972e-02
2.025176054179437385e-02 2.188594033821345333e-02
2.027965878201098623e-02 2.163450567044652648e-02
2.031007644070387599e-02 2.035600444703355993e-02
2.031303223658917356e-02 2.064712143651229251e-02
2.038196457045892557e-02 2.038196999546642782e-02
2.040462061926087700e-02 2.050246143671067417e-02
2.043042161396628129e-02 2.292489942228925770e-02
2.045920097719292063e-02 2.056524955688112527e-02
2.051045686484638531e-02 2.110660872051142029e-02
2.054348012562018724e-02 2.108114935285561667e-02
2.054601371687648018e-02 2.064697444358246439e-02
2.064590486916957277e-02 2.143916461626733591e-02
2.070720960122683640e-02 2.164885111338289356e-02
2.079024492241541081e-02 2.147819598427826160e-02
2.080027116638538676e-02 2.080762401038472806e-02
2.086159703886223196e-02 2.292566367163563143e-02
2.086419239471465001e-02 2.159723017599553610e-02
2.103693215547807957e-02 2.104372113742339692e-02
2.121808783489597880e-02 2.131128660945361825e-02
2.129708742395105062e-02 2.169235610977222548e-02
2.139658535872039982e-02 2.459536960286629742e-02
2.144789150794293789e-02 2.330195815105273044e-02
2.145322168208698560e-02 2.432119164233317865e-02
2.146365260211621079e-02 2.614054584244948284e-02
2.146372181771970256e-02 2.502562151674723318e-02
2.165405134282337440e-02 2.166972674955311082e-02
2.187139466178163530e-02 2.270671313337905423e-02
2.200878016440530743e-02 2.205698823905772807e-02
2.201481126390479950e-02 2.227738767120469865e-02
2.204435599179678865e-02 2.480686290772712854e-02
2.208446255849573492e-02 2.411533550190318384e-02
2.218116567608884385e-02 2.247986736345029130e-02
2.221832611611470124e-02 2.235379666111537988e-02
2.237374417811326469e-02 2.246339009992227506e-02
2.238136644360358418e-02 2.241372568391274134e-02
2.239393946335439117e-02 2.272238670067572991e-02
2.239821357761066778e-02 2.309768470556024245e-02
2.244489102161372623e-02 2.432174877503114410e-02
2.245841538515578467e-02 2.726000085847958901e-02
2.248543067166843337e-02 2.248543163649696294e-02
2.255612046893904279e-02 2.286714151487072647e-02
2.255925032382084458e-02 2.267684107209318525e-02
2.261521285228231329e-02 2.293369632445267994e-02
2.262626254008928348e-02 2.388401096200172199e-02
2.288750359939747264e-02 2.370299598096932761e-02
2.299744055499396145e-02 2.308511300624948789e-02
2.317600065905454226e-02 2.360797150254715163e-02
2.319958488593525103e-02 2.338065325804694616e-02
2.329515228449363651e-02 2.466617402704706155e-02
2.330619389606969002e-02 2.359442689395302439e-02
2.330887444697170643e-02 2.387627451961735203e-02
2.332923672361692652e-02 2.377617636597135001e-02
2.333412045409774191e-02 2.393732492078939553e-02
2.338461422390687716e-02 2.380263436941882152e-02
2.338687472619724317e-02 2.339859112565970470e-02
2.342957431625719567e-02 2.762748508458462773e-02
2.349801523840463688e-02 2.350031283132697144e-02
2.353885512483567741e-02 2.475482501906776586e-02
2.359693208154199640e-02 2.404380361117155335e-02
2.370950566206683416e-02 2.416697179434433573e-02
2.371897475790770218e-02 2.977871472738104208e-02
2.372847418542454317e-02 2.384023271255466397e-02
2.377472105199359559e-02 2.381493032828402648e-02
2.382179157448566925e-02 2.382367422528446771e-02
2.393291244284681887e-02 2.413906045006050660e-02
2.407967741511260473e-02 2.631054541648336284e-02
2.422466768519549243e-02 3.476894608029444667e-02
2.423499119881134325e-02 2.742281381857851127e-02
2.426762328703235827e-02 2.535172306181448718e-02
2.435205019795258496e-02 2.436472738674178018e-02
2.448308548284872099e-02 3.404174287389914039e-02
2.453678326770107262e-02 2.552265860624346183e-02
2.459822685229265046e-02 2.464859384560437461e-02
2.462092989497200943e-02 2.479032338517959261e-02
2.463003044301206521e-02 2.475539560134115344e-02
2.477090265265906657e-02 3.190136399553662044e-02
2.477467353511369347e-02 2.479155432877111487e-02
2.484996960006389047e-02 2.901070538459338266e-02
2.485020520383793285e-02 2.500124286333211057e-02
2.492016261497545168e-02 2.664801712007377685e-02
2.492864168230104344e-02 2.658544425494046431e-02
2.505876990717840688e-02 2.592579686746117676e-02
2.508447370211084465e-02 2.649912866811846013e-02
2.513555656081521705e-02 2.681478672200977853e-02
2.514659792504574803e-02 2.594344979591406072e-02
2.528496793165414466e-02 2.535249340551081962e-02
2.536035565301019215e-02 2.746929034339835526e-02
2.537864513698497373e-02 2.539280124419104542e-02
2.548732373475357665e-02 2.568317698080717359e-02
2.559032916859867515e-02 2.903738637497958394e-02
2.565408074067075314e-02 2.569046910546252463e-02
2.573767015494961632e-02 2.727269991458635204e-02
2.575374982899861220e-02 2.620103336492354135e-02
2.576143310468061859e-02 2.634622129255068460e-02
2.580422886489490419e-02 2.587707511672970861e-02
2.584587312090174185e-02 2.588492903129308367e-02
2.587545303398327765e-02 3.516229570581239777e-02
2.596416976518162514e-02 2.627029910361836432e-02
2.619571818061424209e-02 3.177972669530869376e-02
2.621724176555576338e-02 2.926077377997225726e-02
2.622366029818675934e-02 2.886352383407559188e-02
2.625139081071779443e-02 2.690705660767972809e-02
2.631915123921218375e-02 2.911324413313359435e-02
2.632301346005745668e-02 2.670270145935246808e-02
2.637272730423547568e-02 3.373003988305513928e-02
2.639678109651205293e-02 3.906909487747783211e-02
2.643389846882431699e-02 2.848489640952184612e-02
2.644043416503792307e-02 3.313687835899999795e-02
2.644146364682179590e-02 2.650484984884302064e-02
2.654827422153812830e-02 2.780597458918220716e-02
2.662126269728087163e-02 2.723668862097587684e-02
2.678060794081594392e-02 2.874027954207910782e-02
2.681972682428706428e-02 3.168926888444776463e-02
2.683618871429589714e-02 2.694090153717908914e-02
2.688062046008692779e-02 2.689976731135992546e-02
2.691256912968550963e-02 3.017993650181539228e-02
2.698523089890034199e-02 2.855497484640487707e-02
2.700435986155153012e-02 2.706840751046584934e-02
2.700486023398208923e-02 2.727937380266572467e-02
2.700877307431766641e-02 2.706064170992052847e-02
2.703111009233655909e-02 3.786731736363145584e-02
2.712488579765341690e-02 2.978628383072444083e-02
2.712923671002125461e-02 2.720090301390973297e-02
2.719500427131977052e-02 2.720191628193258798e-02
2.736338714563214466e-02 2.741095844792285421e-02
2.738932857003620672e-02 3.120509533575914485e-02
2.757221576255170989e-02 3.048078379626423598e-02
2.783827810900684971e-02 2.810780643632226211e-02
2.789492881658121870e-02 2.815077227921164438e-02
2.794462469835398699e-02 2.803551209114426776e-02
2.798182241399550102e-02 2.801312985527457111e-02
2.802678311710567541e-02 2.950797629238008368e-02
2.803527848304544073e-02 2.869273297471172310e-02
2.803729002570148204e-02 2.819687572372045828e-02
2.805945667664917070e-02 3.071660710077401407e-02
2.810507910040342672e-02 3.962280989668983538e-02
2.823350659766117945e-02 2.823518527727610430e-02
2.829048141946341813e-02 2.829701905078311000e-02
2.837324327434492116e-02 2.868739310470240153e-02
2.850321929343696548e-02 3.144974481499104857e-02
2.852095639053687029e-02 3.317259802617510134e-02
2.858501769753140492e-02 2.867291036787630171e-02
2.866287265205172755e-02 3.769987458326985730e-02
2.868864769830332256e-02 2.869531453820565320e-02
2.868983554769156258e-02 2.876782231467027440e-02
2.870531129086391353e-02 3.535389494069159783e-02
2.875633940488802817e-02 2.875790704620666965e-02
2.886293361459056975e-02 3.069083254680541120e-02
2.891801715078061441e-02 2.958108561566151831e-02
2.896240219266032340e-02 4.385897880867735410e-02
2.899729759098705270e-02 2.915724547558052465e-02
2.900594096032293318e-02 2.961270377208088250e-02
2.901736671860053601e-02 2.903659434461229594e-02
2.908329583524628739e-02 2.917460716541460733e-02
2.909459153098263584e-02 2.909496759919628223e-02
2.913725137012448604e-02 3.410194723011925055e-02
2.916110599138592441e-02 3.035334424361269684e-02
2.919694617231559722e-02 3.164276879226616407e-02
2.921757630134945438e-02 3.508006343755126072e-02
2.929284698202835532e-02 2.954318409242469648e-02
2.932764589156964044e-02 3.164999735636161299e-02
2.939128586266713528e-02 3.068064986589058227e-02
2.942399768624730585e-02 2.990414905918662922e-02
2.943369371340421453e-02 2.960797503273703002e-02
2.943511844023270763e-02 2.949191845990723967e-02
2.943792202790598833e-02 3.029816948218504169e-02
2.945816871057078262e-02 4.207291703806215200e-02
2.976781007287940262e-02 3.210492744660333603e-02
2.988350095576570303e-02 3.005818769733393722e-02
2.989480495119839834e-02 2.989482427691014799e-02
3.000043721069607303e-02 3.000368275459255885e-02
3.010119506385773580e-02 3.104309611957140058e-02
3.010688094355253724e-02 3.253836622073192492e-02
3.011217203516915186e-02 3.263095141266934840e-02
3.013273118766270076e-02 3.142400866663234288e-02
3.014362255261667650e-02 3.308952419873843753e-02
3.016075105569641923e-02 3.019291625225832901e-02
3.020107317310417872e-02 3.068204741851884854e-02
3.026426619253153039e-02 3.099858581926327392e-02
3.027508430810963228e-02 4.093604732737397139e-02
3.038931880315979064e-02 3.688912604283539620e-02
3.039913117933061223e-02 3.410840844505884373e-02
3.040938923875623895e-02 3.148232433679425124e-02
3.041236277166663518e-02 3.045933116408253150e-02
3.042431797696603865e-02 3.044250333907911471e-02
3.049767015619038457e-02 3.200784872080127824e-02
3.052337363315845917e-02 3.058193629353126580e-02
3.053931522183911049e-02 3.392507820171136723e-02
3.055893496472742929e-02 5.451997984615964549e-02
3.062099519359924929e-02 3.166135493681405955e-02
3.064744145817611606e-02 3.351272636561633544e-02
3.067716810092151886e-02 3.097089870226524613e-02
3.068367370393048840e-02 3.210301868928029656e-02
3.072818053092533919e-02 3.128118172370291522e-02
3.074505504924418542e-02 3.130083713932901857e-02
3.079408204938384810e-02 3.186959261941766514e-02
3.080436598090680739e-02 3.122316963004717269e-02
3.089429576605317446e-02 3.797937949451075240e-02
3.096012366778255753e-02 3.108893007971349695e-02
3.102048637962230571e-02 3.215771537865966950e-02
3.104877725170945499e-02 3.137156810400776319e-02
3.104943386572820915e-02 4.603736050795320667e-02
3.115084975980756191e-02 3.181404255862670116e-02
3.122871715103888238e-02 3.472974456197778365e-02
3.126602890759644371e-02 3.220524839083641067e-02
3.140679597861222028e-02 3.141413606662526309e-02
3.141375247017638012e-02 3.398778743726695722e-02
3.144997088289597925e-02 3.469222374774521417e-02
3.149193710446592659e-02 3.149454191679908893e-02
3.165789261207741651e-02 3.852609484101613552e-02
3.172015009214888132e-02 3.185882270916509662e-02
3.175663631007676763e-02 3.176308666668391234e-02
3.197638408121671744e-02 3.630588552919086776e-02
3.197779266744334853e-02 3.718090953593034681e-02
3.200596258350361933e-02 3.395690293985112462e-02
3.202192833778688685e-02 3.218092609346761418e-02
3.202210000177833915e-02 3.225457027075228494e-02
3.203749133418325873e-02 3.294439968376937367e-02
3.204366470659883448e-02 3.204573556770734521e-02
3.207574571081810155e-02 3.239567970016920401e-02
3.220930828113186678e-02 3.268567667051303083e-02
3.223376713293740065e-02 3.230351128564246804e-02
3.224806400985656685e-02 3.783836023931601983e-02
3.229869308835413982e-02 3.422023337636911217e-02
3.232351067808048733e-02 3.275109243848033092e-02
3.232868914608986316e-02 3.268540569031126025e-02
3.240131304291491571e-02 3.261032530503728266e-02
3.252006886224244331e-02 3.253166828831435820e-02
3.252409615781965552e-02 3.458715387807974329e-02
3.268972964250421720e-02 5.012362897869317158e-02
3.274264779531595865e-02 4.103420029890825910e-02
3.276440713088636658e-02 3.277433118722948568e-02
3.284599688427880526e-02 3.456928496737346479e-02
3.285298853019411047e-02 3.299985989277885029e-02
3.288002893919404757e-02 3.321139675650672252e-02
3.294167869282273869e-02 3.683533146867988550e-02
3.296397560456250375e-02 3.641268894688689389e-02
3.299144998313863208e-02 3.894019751090506409e-02
3.300944513492762994e-02 3.673748212609542069e-02
3.312705238282893927e-02 3.622442398760786914e-02
3.328104981656707095e-02 3.397847958064373342e-02
3.333394284756187320e-02 3.359201905906647467e-02
3.333432216173583956e-02 3.361461226939045643e-02
3.335321316912951556e-02 3.410331999620019872e-02
3.337585966328705800e-02 3.379578301979160870e-02
3.338068220869925412e-02 3.371956438129044414e-02
3.339499328584955712e-02 3.417252745651283563e-02
3.343471386985929356e-02 3.962273479780596686e-02
3.343531679278950730e-02 3.670861098698037506e-02
3.345293328624630858e-02 3.481943834025923862e-02
3.345545047382296466e-02 3.400837765694905007e-02
3.355858541452353544e-02 3.549557171543984285e-02
3.358752569022949858e-02 3.564654761862052351e-02
3.367376486874374547e-02 3.487134654748498541e-02
3.368852255200879137e-02 3.534511548210733656e-02
3.369158023405265101e-02 3.389020241565848107e-02
3.369364837291174974e-02 3.395049084049521493e-02
3.369406181723735849e-02 3.599288741517642914e-02
3.369503906476000593e-02 3.990077264273483165e-02
3.375873766900815837e-02 3.406800728521514748e-02
3.376434201280214403e-02 3.741067069116373045e-02
3.377638759087129433e-02 3.377712764570730414e-02
3.381637042222735562e-02 4.618333762912477103e-02
3.385755445218048554e-02 3.393537944054472039e-02
3.396768197374708947e-02 3.397495648080576386e-02
3.407285458188102911e-02 3.707979558969579786e-02
3.414698381845802932e-02 3.928497703639682870e-02
3.416837676196989720e-02 4.000962931457200528e-02
3.417930319992502908e-02 3.545186949146710703e-02
3.421538393420865687e-02 3.649943788611660633e-02
3.423667091537314910e-02 3.423981114653035923e-02
3.426195539347683117e-02 3.428105276981981142e-02
3.427363527826490092e-02 3.477975348898316305e-02
3.429028646144826470e-02 3.578601087228838740e-02
3.435627052948236199e-02 3.445353405979474648e-02
3.449648387853962439e-02 4.326729696282047288e-02
3.457434420186215190e-02 3.457561466838823816e-02
3.468886383579391358e-02 3.573657910996497211e-02
3.469294200062203459e-02 3.494834790364272081e-02
3.472673804199577496e-02 3.513810000636496955e-02
3.475070664019012934e-02 3.681809378894955465e-02
3.475217923071796666e-02 3.964516372341329864e-02
3.486284125207734369e-02 4.504285552602804027e-02
3.488472160725001464e-02 3.564740478300991444e-02
3.489419164231173653e-02 3.771520162797986631e-02
3.490865180566793402e-02 4.202237552895987660e-02
3.493568659178637043e-02 3.498404380578081646e-02
3.500321071875060752e-02 3.694962188501659667e-02
3.501091855758673571e-02 4.100244293139045093e-02
3.503864502073086168e-02 4.146409829831142202e-02
3.507563267766489884e-02 3.510135238122315260e-02
3.511266885073453803e-02 3.965280319418890143e-02
3.512049296224339923e-02 3.557943929339175276e-02
3.516719811133506984e-02 3.746960961321665201e-02
3.521057585246122057e-02 3.524300023126602371e-02
3.523624672079062742e-02 3.715342759912294152e-02
3.532717984507572490e-02 3.549134328649725112e-02
3.538094457024982403e-02 5.129486691060845815e-02
3.538851912809216210e-02 3.568385728119523315e-02
3.549586587326415688e-02 3.986863337764404158e-02
3.551770968331419837e-02 3.551849449277209164e-02
3.556177960186764769e-02 3.556378629869819119e-02
3.560526937873265130e-02 3.561312169782112486e-02
3.567914169018236020e-02 3.841157103187401584e-02
3.579684858887267201e-02 3.724789185421038124e-02
3.581857887801241647e-02 3.586584249016992743e-02
3.582488928363410097e-02 3.789357447319915972e-02
3.583547087584818686e-02 3.734812742949707859e-02
3.584656177889324058e-02 4.454672182780643197e-02
3.590426073427430836e-02 3.597565915870412634e-02
3.597541147901922587e-02 3.703543676802915907e-02
3.598430933113560409e-02 3.664364054190196590e-02
3.606700447481532568e-02 4.061199317657885471e-02
3.610403602228631770e-02 3.640313731146708337e-02
3.610640494480501367e-02 3.610971162564631520e-02
3.612938648727276325e-02 3.661414749719644340e-02
3.613721832007485424e-02 3.626850188149240151e-02
3.615094763269009054e-02 3.673240047652383267e-02
3.623618651103583527e-02 3.623964055852853944e-02
3.623987923097701097e-02 4.035834563723751656e-02
3.629830547330721580e-02 4.431024510205155281e-02
3.632394919465350286e-02 3.938285442758871630e-02
3.636376771207591035e-02 3.903021439642649637e-02
3.644389912152460470e-02 3.649221165094502367e-02
3.644490078416100232e-02 3.728210780143478842e-02
3.645969523321989508e-02 3.647668799917342525e-02
3.649432900962698567e-02 3.699923070895191901e-02
3.650631654680463328e-02 3.674963845869073931e-02
3.651293329984005992e-02 3.796056821002904980e-02
3.651787754433958449e-02 4.856351090317610752e-02
3.654905440605756006e-02 3.657590217034999841e-02
3.654998981147759146e-02 3.724704660602456280e-02
3.658846781976798912e-02 3.768747939820446535e-02
3.658931209834350579e-02 3.663448405112077616e-02
3.660565573275229717e-02 3.893244498267777604e-02
3.663928421695649557e-02 4.049658432955772353e-02
3.669552849824929408e-02 3.687483865495921193e-02
3.672073810060547810e-02 3.676271032766765395e-02
3.673943755412328871e-02 3.773542465897082587e-02
3.681863385894501572e-02 3.711168973871586257e-02
3.683239643875833857e-02 3.714049906305814941e-02
3.684928506649701868e-02 3.691418454558219320e-02
3.693537231732863663e-02 3.787158657891039754e-02
3.717346690706471030e-02 4.811340295218085455e-02
3.718902745474096661e-02 3.935866213765427946e-02
3.734882566655441799e-02 3.737581451524852466e-02
3.738544361964826757e-02 3.748627110949932784e-02
3.743160499865894747e-02 3.801361802206418283e-02
3.744482893491328512e-02 4.038869240320580589e-02
3.756438802185799175e-02 3.761316178758084688e-02
3.757047604853475109e-02 7.975019706096969641e-02
3.759693408136588477e-02 4.461991714755288857e-02
3.764716829675462256e-02 3.794094314729500733e-02
3.771518065470884362e-02 3.954128897952202681e-02
3.772768505246282267e-02 3.820050979304278477e-02
3.772851365084785996e-02 3.805125981420709458e-02
3.775929080975164165e-02 3.846805751869132595e-02
3.776672554213942462e-02 3.894576052524480192e-02
3.783619563448883949e-02 3.989645862396525022e-02
3.786107764239293738e-02 3.786113792878179757e-02
3.794498043650593178e-02 3.806742751858754881e-02
3.795086013401786224e-02 3.869322185738089531e-02
3.796393348269566648e-02 4.224769508287318232e-02
3.801021845540376864e-02 3.960618896739247913e-02
3.801385717497619138e-02 3.902165014436460161e-02
3.804578577151601637e-02 3.841179302753403718e-02
3.812213085709197785e-02 3.895034489841276565e-02
3.815134386624538521e-02 3.952541771926969955e-02
3.817298241458727537e-02 4.053482611217442549e-02
3.820403316131878307e-02 4.011593666975817735e-02
3.834249692847382235e-02 3.930292997820899331e-02
3.835462600669384964e-02 4.034533654581026058e-02
3.843495176002923591e-02 4.229888567489235168e-02
3.845712504189154751e-02 3.856334974578267544e-02
3.848055570108691037e-02 3.968081671151041379e-02
3.849612992107906417e-02 4.051199646071301785e-02
3.850386324922985826e-02 4.383246794171585803e-02
3.859338283194865132e-02 3.885033568806181559e-02
3.861502704714549206e-02 3.870920808631575505e-02
3.869027883504199544e-02 3.970802257233170540e-02
3.870912520818753366e-02 5.285960426734487988e-02
3.875493748330297722e-02 4.222040791903597379e-02
3.879282967683659461e-02 4.459693179461936968e-02
3.880879187945814046e-02 4.422207926256228189e-02
3.884164375917806278e-02 3.986213009708124144e-02
3.886032575030113484e-02 4.948051167384426297e-02
3.892701697200767058e-02 4.700257830729550473e-02
3.895436426067586111e-02 3.921399036642046754e-02
3.895885252675074933e-02 3.928950008392390753e-02
3.908407251563016799e-02 3.923089686555586431e-02
3.911127319995927332e-02 3.918830381433164450e-02
3.911854173994536166e-02 4.021082337274301671e-02
3.918680605080074320e-02 3.979008822895187258e-02
3.924302698669645401e-02 4.071998139060070687e-02
3.926587113934500162e-02 4.019325770741954268e-02
3.932067191358553510e-02 3.948619442861406315e-02
3.933097804162294375e-02 4.000069379676524095e-02
3.940353479227459710e-02 4.636035347290037856e-02
3.943453840406969252e-02 4.083993960369333015e-02
3.958326858479255944e-02 3.965914820118567052e-02
3.959357992378991636e-02 3.961479474356870839e-02
3.960717898325125108e-02 3.976368902552727264e-02
3.965267392758795029e-02 4.037851595874288047e-02
3.977200633760679532e-02 4.609037684400687368e-02
3.981589338035261549e-02 4.004638130887987896e-02
3.993130896979702610e-02 4.048204647036613563e-02
4.001148325145252593e-02 4.016906681350128350e-02
4.001404202492282042e-02 4.059350586469452626e-02
4.004773830002920226e-02 4.033326258139847964e-02
4.010324421804678519e-02 4.012638443921055786e-02
4.012809030683604089e-02 4.029870189629324723e-02
4.023191818529407021e-02 4.258889149110331451e-02
4.027026384258509950e-02 4.027026596750575560e-02
4.045169516170266100e-02 4.717434010793773030e-02
4.057566066988555625e-02 4.147135412496903012e-02
4.059607519470294357e-02 4.059990441221920932e-02
4.062512992851852883e-02 4.081045704803432095e-02
4.068469170310281408e-02 4.074226659795908423e-02
4.076164979980610031e-02 4.319745934190302034e-02
4.076783841846038509e-02 4.122048289521881848e-02
4.085687608532108384e-02 4.085856560677171567e-02
4.091642177527064078e-02 4.109714883707801109e-02
4.093959311839006493e-02 4.119111828893234906e-02
4.103811294549707805e-02 4.859549260599842213e-02
4.106887436832709626e-02 4.523271053213862719e-02
4.114333866679024954e-02 4.695661128231796988e-02
4.116569819263153629e-02 4.131760228995247364e-02
4.124826815154596094e-02 4.395230935090513325e-02
4.127260519580920606e-02 4.352811670477300943e-02
4.134860774289636498e-02 4.437255688660251413e-02
4.140169005913749145e-02 4.172234573998705870e-02
4.147363032302449348e-02 4.147928655048636892e-02
4.154499547248134000e-02 4.186070854849945067e-02
4.171951005469654028e-02 4.458806594970366605e-02
4.177110669442643531e-02 4.298613939471931933e-02
4.194647149065765940e-02 4.502891173806696651e-02
4.208034937998262476e-02 4.209410396874509880e-02
4.213169601939209530e-02 4.216795229298253567e-02
4.218421020505318947e-02 4.220167152187907778e-02
4.223131116946256952e-02 4.343079662688715398e-02
4.226610361918106684e-02 4.296270714848656608e-02
4.228984267184950074e-02 4.315407338417596300e-02
4.235056873270019728e-02 4.363965186411680741e-02
4.237589943311441398e-02 4.704558043623314340e-02
4.238187433215169497e-02 4.293695554169752598e-02
4.247383021281422172e-02 4.325716011186486742e-02
4.248735699088293516e-02 4.250087784222286724e-02
4.251129452431674782e-02 4.398692893337175641e-02
4.259185419834204261e-02 4.740443526298224880e-02
4.264483919650314397e-02 4.699724603184704530e-02
4.270738770816988328e-02 4.581263178469890951e-02
4.277945163731564776e-02 4.290115580324858902e-02
4.290640288812386932e-02 4.327102230395261234e-02
4.292724908524191141e-02 4.713359653961338852e-02
4.293161458632446109e-02 4.295010174422387444e-02
4.293634737066429063e-02 4.303908012212947359e-02
4.296076158021620156e-02 4.613172412706339348e-02
4.297487511968204471e-02 4.314602790375629549e-02
4.308736658552707322e-02 4.380383149143549093e-02
4.310143218651184965e-02 4.692222215214645470e-02
4.311252849002068788e-02 4.428624773652082430e-02
4.311868335479168701e-02 4.341015841992600099e-02
4.315183726047893548e-02 4.441512407836696597e-02
4.315950700651132593e-02 5.688133225115829528e-02
4.319859654005912125e-02 4.367652705039989924e-02
4.330226715702076984e-02 4.714176081881420871e-02
4.332644153862955788e-02 4.334990934543506147e-02
4.332847179771796842e-02 4.412874110454748089e-02
4.332862285756188675e-02 4.423517921081539239e-02
4.340065722841365825e-02 4.358595470943606859e-02
4.342228707869933563e-02 4.835742431032744731e-02
4.343204601659016173e-02 4.343249851567605735e-02
4.343617935580961625e-02 4.360304781239116023e-02
4.354624179466025369e-02 4.356791025437228154e-02
4.356610500244131878e-02 4.870647772380550661e-02
4.359192185036515205e-02 4.367044733629497216e-02
4.366133856686486153e-02 4.380072702859424266e-02
4.368166237180576977e-02 4.810566835662396373e-02
4.369137326362756979e-02 4.423039130667288932e-02
4.384902463602221440e-02 6.520663707298454681e-02
4.389604430175403360e-02 4.703985199050556704e-02
4.405899654286236228e-02 4.406332084076084593e-02
4.408135278815392827e-02 4.542018035038873636e-02
4.408394850233932766e-02 4.461418653680912505e-02
4.409965600522836038e-02 4.432953446527979069e-02
4.415929527483671013e-02 4.576593199418180213e-02
4.421818819436092174e-02 6.411709904006433758e-02
4.422383612229100619e-02 5.207002158431391081e-02
4.424763780455721190e-02 5.206672830677361308e-02
4.427002181542390169e-02 4.849308464195532797e-02
4.431088300957295584e-02 4.462325959480774318e-02
4.434581477018550294e-02 4.482756034770327136e-02
4.441210623512176908e-02 4.445863851065941924e-02
4.443562032454170113e-02 4.513107464392503154e-02
4.445771989888121223e-02 4.476681902494269311e-02
4.446770569740362417e-02 4.498984858660325797e-02
4.448797638962890405e-02 4.693427891989003509e-02
4.452166327564546083e-02 5.091751731166063721e-02
4.454100365439300074e-02 4.988633860796509722e-02
4.465840775193555962e-02 4.466133891713698623e-02
4.478578941595619950e-02 4.588278702505128870e-02
4.481018643379752059e-02 4.538396054088202070e-02
4.485605003174410188e-02 4.672138367946723769e-02
4.498683468670754831e-02 4.501477869216734262e-02
4.499558910100517201e-02 4.544742442069013566e-02
4.502946063837162671e-02 4.533863742966599136e-02
4.513235323388101183e-02 4.560919124936636121e-02
4.514778091504482310e-02 4.605872941150739031e-02
4.516810684218027644e-02 4.575062523772260165e-02
4.517258763117203146e-02 4.530727828276390895e-02
4.533144510572817421e-02 4.542086492377093304e-02
4.534969079245243506e-02 4.637087220654161068e-02
4.535096795598939079e-02 4.546447991260993415e-02
4.561755683726538557e-02 4.568981370617326149e-02
4.563100325183486877e-02 4.606980498835042820e-02
4.564511073089963511e-02 4.576155544639578382e-02
4.566376198147401033e-02 4.655529659782775553e-02
4.570501747011040949e-02 4.570501919235236965e-02
4.577036567288873120e-02 4.630530120418574480e-02
4.579406940219288291e-02 4.584805811983095475e-02
4.586215050560281392e-02 4.640978600483174066e-02
4.587640652760044402e-02 4.667626708108979505e-02
4.599021665526904085e-02 4.999312015112138130e-02
4.609147742529160624e-02 5.524508081779382074e-02
4.629547030510519634e-02 4.745295560809022206e-02
4.629562274427920926e-02 4.877882547677875325e-02
4.632457575234740638e-02 5.166310169323681117e-02
4.638537025107716122e-02 4.639335742342753227e-02
4.638961420103814709e-02 4.939270517427883644e-02
4.640365462535322311e-02 4.641838933802034523e-02
4.644829241729608177e-02 4.683014139270513104e-02
4.650871793892519257e-02 4.743822878167339857e-02
4.652802738126223664e-02 4.781324861573563179e-02
4.660435112696510035e-02 4.661833425512314916e-02
4.677326100962678895e-02 4.686191198147906384e-02
4.689489586619829953e-02 4.854007347344254514e-02
4.691813263445319959e-02 4.836965998488287205e-02
4.692300893071273127e-02 4.698487639521122666e-02
4.692997809438014672e-02 4.840580159514191322e-02
4.699318417543763698e-02 4.700807021612454090e-02
4.699968871979763596e-02 4.701769878050576779e-02
4.709441784228520639e-02 4.713961669742292027e-02
4.711750709832585732e-02 5.981474243671806856e-02
4.712749174468611885e-02 4.828349617568116620e-02
4.720674755373627240e-02 4.722601603952028548e-02
4.773612176617552522e-02 4.773894251874477579e-02
4.774254958432775503e-02 4.785510956419834760e-02
4.777958458185171953e-02 4.783784711939395584e-02
4.781288219816619278e-02 4.791698224986930960e-02
4.787710308303075313e-02 4.803070387804393715e-02
4.792247856591926730e-02 4.799001855683256851e-02
4.794506010542074620e-02 4.878814833034022386e-02
4.799003638848175352e-02 4.802520252020728991e-02
4.807260937893379632e-02 5.231584939695951147e-02
4.808285075081971532e-02 5.820332128257548615e-02
4.817654797924607324e-02 4.883172757599872627e-02
4.819771527508973086e-02 4.846168178935560122e-02
4.827610628792065178e-02 5.122471913438989694e-02
4.831474502938307158e-02 4.831623205739052351e-02
4.832327139505889629e-02 4.832329165000692067e-02
4.837381666093145544e-02 5.063352595137352724e-02
4.842808407127228293e-02 4.852935161547031889e-02
4.860300176149171675e-02 4.944882681103014016e-02
4.878533664007579651e-02 5.605889502988968542e-02
4.879232269219752061e-02 4.881716881317790108e-02
4.901120449268454166e-02 4.935810399095596351e-02
4.916702032473933143e-02 4.919134917557586861e-02
4.920513794187646867e-02 4.981568724013242522e-02
4.922343286878096830e-02 4.936544803314681096e-02
4.944681065388939478e-02 5.034834871251678973e-02
4.957136920083969611e-02 5.029472722247097655e-02
4.960142227639459389e-02 4.963513010701222500e-02
4.962694655200015903e-02 5.126722249288568484e-02
4.974285466595446126e-02 5.070350732997688098e-02
4.983166090218139194e-02 5.041791758362847847e-02
4.987754693221958802e-02 5.060748482913567103e-02
4.992947123688546568e-02 4.994589983091482499e-02
4.995701340694908010e-02 5.001801579838915240e-02
4.997077421335051339e-02 5.259907388582506921e-02
4.998039190393487735e-02 4.998522839129827117e-02
4.999691751215492447e-02 5.162186438181744913e-02
5.010660286029974125e-02 5.025354125575993286e-02
5.020420457778251161e-02 5.079294273246138386e-02
5.021536816109533480e-02 5.072124258193567992e-02
5.030609742881445023e-02 5.032914955706290633e-02
5.036833836249234031e-02 5.039578718974623006e-02
5.044659460114150895e-02 5.470384087050990385e-02
5.045700055686760249e-02 5.051837914086055453e-02
5.049142895185071422e-02 5.052497311255232937e-02
5.061125518854858729e-02 6.378982866262691842e-02
5.069694636567448343e-02 5.164994298588270610e-02
5.074265448473384843e-02 5.095486002120219737e-02
5.083526898977194786e-02 5.463827212620182838e-02
5.083956056741094354e-02 5.642525737733929125e-02
5.095492053188773601e-02 5.250986835662729141e-02
5.097102890137790443e-02 5.709006149227414256e-02
5.097856551640363165e-02 5.237108398435631057e-02
5.104156191761942407e-02 8.569281483266333321e-02
5.126297004581222699e-02 5.332416271818973819e-02
5.136814286182048855e-02 6.262193190316631131e-02
5.149593078415549974e-02 5.781330492252789721e-02
5.154159989290582611e-02 5.317112195147505327e-02
5.168029343983912560e-02 5.318637477829586679e-02
5.171711756157292700e-02 5.178739939463486430e-02
5.190514395709300982e-02 5.198162342318733697e-02
5.194562196345067079e-02 5.255448038025142821e-02
5.194777097139507971e-02 5.270306852503549300e-02
5.203771569591952861e-02 5.558429070362950336e-02
5.215748608548704396e-02 5.295044666703133812e-02
5.220583786745589677e-02 5.301936746506148018e-02
5.246176035775141494e-02 5.255031790064956104e-02
5.258614240160346121e-02 6.255611420110877841e-02
5.259201423951715554e-02 5.264553459566653076e-02
5.264497559058376602e-02 5.356103477410543295e-02
5.268394370370906021e-02 5.298179041299572872e-02
5.270205073838276494e-02 5.316340946908145598e-02
5.270519426473797842e-02 5.314637963776182306e-02
5.274297586302511415e-02 5.293536819825091916e-02
5.284532984042160375e-02 5.291966539044903189e-02
5.285864223741434942e-02 5.376765530463123444e-02
5.287743744333967683e-02 5.902103993029730877e-02
5.288741041399068477e-02 5.288996878747526803e-02
5.311719809846537216e-02 5.543721232761057022e-02
5.328377784040334852e-02 8.148286688778223763e-02
5.329809595023234092e-02 6.749640206448122293e-02
5.331714588224536339e-02 5.331757014351430624e-02
5.344176775032787735e-02 5.402342864422491481e-02
5.352527030951387960e-02 5.361228333694376125e-02
5.374748509833199989e-02 5.382545060125527164e-02
5.386495749179048137e-02 5.496971570714478950e-02
5.389302709675187347e-02 5.391148456138990935e-02
5.391599338229109695e-02 5.395107010540856063e-02
5.392353173675154543e-02 6.486251987671012853e-02
5.400911777983710693e-02 5.401186917012171934e-02
5.414241564345578794e-02 5.423667472072984941e-02
5.425611515768117427e-02 5.711097339232075465e-02
5.434734236126120832e-02 5.972700551918961459e-02
5.449045663998400985e-02 6.672640548078992428e-02
5.455053842894897614e-02 5.460931217992757297e-02
5.483769985946886777e-02 5.496354465923314336e-02
5.490427003351961571e-02 5.494956184865432830e-02
5.507287509342948667e-02 5.514903086858836262e-02
5.508227035631451524e-02 5.658962430886772810e-02
5.522936765126221920e-02 6.303704410967041205e-02
5.531455761579528313e-02 5.777991958498008424e-02
5.531737494272849498e-02 5.532762518696875131e-02
5.563166544571618993e-02 5.864137120945744214e-02
5.564828875142185244e-02 5.575468344733654213e-02
5.565170086307601183e-02 5.599259511542304529e-02
5.571245357102427159e-02 5.751226824589066033e-02
5.586452263742126140e-02 6.025846176683450489e-02
5.593135189214872016e-02 5.619138496202915473e-02
5.608459586322585982e-02 5.994198174868092810e-02
5.611059607317656073e-02 5.628789686630525368e-02
5.622473104097941432e-02 5.653996606970426025e-02
5.624875962496559550e-02 5.713140138814311320e-02
5.634598263837033161e-02 5.786650583907173434e-02
5.654938215948769609e-02 5.727625693275346236e-02
5.661732700204902269e-02 5.679822630778383341e-02
5.664066586046332535e-02 6.652374996480574232e-02
5.675240669593890896e-02 6.996202438055719453e-02
5.678094114311220408e-02 5.742421847014011344e-02
5.699727611324370558e-02 5.749780487775434795e-02
5.702663905521529464e-02 6.497802188555994174e-02
5.704680679141573008e-02 5.710280296301354502e-02
5.719714665864626679e-02 5.799684089217102545e-02
5.760882405920231264e-02 5.774700959323392224e-02
5.777567625414882502e-02 5.777609746984106037e-02
5.780975471457878989e-02 5.866507587605426788e-02
5.789189195104681857e-02 5.823799889794496060e-02
5.796258089147572623e-02 5.863647066389885559e-02
5.799037068060942934e-02 5.820774641635789032e-02
5.834440671110532189e-02 5.915181256721266378e-02
5.836465019970727558e-02 6.029697610198735125e-02
5.843056444566287200e-02 6.149367975060467117e-02
5.858022031139333008e-02 5.858859116796323596e-02
5.866383080239144510e-02 5.869888579785255411e-02
5.881302833841103861e-02 5.881784006666643944e-02
5.897543941647298560e-02 5.960489587263848726e-02
5.898275900279961043e-02 6.734318979600764643e-02
5.904231433228197823e-02 5.908286811732184340e-02
5.922709953734388300e-02 5.922846508778423918e-02
5.936529607627369365e-02 6.269117054959859325e-02
5.947480061528188922e-02 5.964685346035543401e-02
5.954453949112876315e-02 6.283627083115694845e-02
5.964183786161790513e-02 6.075883009895247100e-02
5.973418920257408254e-02 5.973803584110912862e-02
5.987088313571944931e-02 6.010631898455046779e-02
6.018765187984838338e-02 6.982331874333197463e-02
6.040883258193681382e-02 6.253851438063505463e-02
6.052980150696431194e-02 6.435082910571168768e-02
6.058975098188940783e-02 6.063278900534084526e-02
6.075109704754859397e-02 6.083103466246794072e-02
6.087092235189765776e-02 6.130237757053760145e-02
6.129546310171266749e-02 6.130615274623560373e-02
6.134477165325003672e-02 6.155237965273138018e-02
6.141445640654272231e-02 6.372848722442306379e-02
6.159592168068741408e-02 7.126180061765934048e-02
6.178470305577307697e-02 6.209864811218653718e-02
6.185882379048934093e-02 6.327574527029389273e-02
6.186363840775419703e-02 6.221706036813907242e-02
6.206682580717291092e-02 6.409862789972070596e-02
6.207589469909958330e-02 6.209578496034211248e-02
6.213687838460944107e-02 6.346235513862291677e-02
6.214872138832153170e-02 6.374306589154840608e-02
6.218183128621435074e-02 6.251241832513870778e-02
6.219401042487102821e-02 6.246978281594534749e-02
6.222311077353909897e-02 6.270443382596659065e-02
6.228855073594855019e-02 6.244364092147663969e-02
6.229088512885636031e-02 6.234654035537512407e-02
6.232479759621688264e-02 6.364242303972701686e-02
6.234808048929728341e-02 6.300399586246258066e-02
6.234911321867744188e-02 6.238698230314008997e-02
6.260334464893249629e-02 6.261643427996413380e-02
6.275908771784835527e-02 6.304458777416599435e-02
6.297696035531981373e-02 6.312639066607479699e-02
6.314919429625963365e-02 6.332522582143444712e-02
6.316430000706532710e-02 6.559369281169642740e-02
6.326497390264092247e-02 6.992920067478680668e-02
6.341320413366449693e-02 6.486880825890005420e-02
6.353262035983595069e-02 6.600513944850505688e-02
6.355664670187001486e-02 6.615611610397161002e-02
6.359339665893665172e-02 6.393923605684882772e-02
6.387617120398711434e-02 6.422588140476309659e-02
6.405349955187811251e-02 6.413567212884481450e-02
6.409224161619257731e-02 6.426174244169632899e-02
6.437962395171852037e-02 6.682394379123522687e-02
6.450748804364668521e-02 6.461790087220650736e-02
6.455986697141428976e-02 6.468758166196383885e-02
6.459473405037385874e-02 6.473528703457069600e-02
6.461580678963931013e-02 6.699649272326370364e-02
6.494571428099757404e-02 6.510876830963639728e-02
6.518160879735382385e-02 6.557280554897584879e-02
6.542503843028424360e-02 6.542505815879029463e-02
6.576206262412487291e-02 6.632494433297328462e-02
6.577827442958356086e-02 6.598573706009529249e-02
6.578564382115298370e-02 7.796661238711913300e-02
6.580951524702434441e-02 6.613020403477440357e-02
6.581439836039273961e-02 6.601773953593920163e-02
6.648857609623697040e-02 6.707111644930087435e-02
6.649732166935723443e-02 8.128634572492655919e-02
6.650824411868200281e-02 6.651476366022700260e-02
6.652243320314429886e-02 6.983341647740001767e-02
6.656057907289787690e-02 6.661819985560472890e-02
6.659615625758903701e-02 6.666107064668691518e-02
6.673640718041352893e-02 6.692155418143701240e-02
6.687810323010441593e-02 6.931269742133008838e-02
6.694421785041559936e-02 6.785123492352665431e-02
6.704226765289383883e-02 6.867472124552123636e-02
6.718251477702458230e-02 6.848940937222944281e-02
6.748501944872080383e-02 6.768731958062997045e-02
6.774729680142270449e-02 6.859605177661298736e-02
6.803799090705410502e-02 7.023324008120691853e-02
6.860789843980075187e-02 6.921215584531412168e-02
6.865142927485386182e-02 6.890175366818535041e-02
6.891787079445228781e-02 6.948347575916080654e-02
6.987578898845152320e-02 7.011014735183111746e-02
7.030972049223846443e-02 7.060056004770308424e-02
7.044446145036456497e-02 7.664366665673214007e-02
7.067588032639501860e-02 7.272459363393037057e-02
7.082388400988075261e-02 7.082882812217471125e-02
7.086376739911502687e-02 7.650182093742489975e-02
7.113268467287642283e-02 7.164520388793838013e-02
7.143442483473176619e-02 8.550680283165441875e-02
7.181253927512916413e-02 7.520705027612786808e-02
7.261834703787303780e-02 7.574144067341179176e-02
7.325734176335711723e-02 7.378687715651942314e-02
7.393460006840857357e-02 7.550755662836919346e-02
7.448265469774581482e-02 7.528486716928921296e-02
7.484175512963868460e-02 7.515427484420465765e-02
7.584398130049278819e-02 7.617981046235687559e-02
7.620331903925213479e-02 7.675888785893626720e-02
7.667187679875937800e-02 7.669184543607361626e-02
7.759353989878621516e-02 8.927217219630535772e-02
7.787838366324222050e-02 8.140803519225781049e-02
7.808462525736167836e-02 7.986480661842887407e-02
7.839702303427698027e-02 7.839917406697967384e-02
7.968794300916016982e-02 8.160618611774832221e-02
7.994924997128333155e-02 7.996964912083932842e-02
8.002101316195832370e-02 8.452455375984908870e-02
8.033930283445603338e-02 8.033930611785772280e-02
8.092308063777557681e-02 8.101661548740397845e-02
8.317203684471526082e-02 8.478361336610740207e-02
8.317608089087198675e-02 8.335919697804008988e-02
8.352486433009231881e-02 8.515991174806405994e-02
8.402029868983008909e-02 8.426203476517266089e-02
8.414664772886817912e-02 8.732517083301098715e-02
8.800414992649435719e-02 8.835713254275588679e-02
8.914573257560749753e-02 8.914585637908416238e-02
8.918097135302482936e-02 8.931572237632204314e-02
8.956985599786874974e-02 8.957659475238276270e-02
8.989607667218471598e-02 8.989608172178657763e-02
9.189128159639477211e-02 9.189417674214675480e-02
9.365135929655288294e-02 1.027946002481530119e-01
9.433537001430454538e-02 9.451733242147604408e-02
1.003619254086382390e-01 1.003885094340282447e-01
1.008149241870681528e-01 1.025250178589085098e-01
1.015122074161261129e-01 1.021665288325204618e-01
6.571393406490642075e-01 6.600326393279555282e-01
6.890148981820487517e-01 6.899714465876071179e-01
6.892414786782927738e-01 6.898531354764303458e-01
