1.193236941880695479e-03 1.193262432875226604e-03
1.208584801458082152e-03 1.209488510402090050e-03
6.044946741606117488e-03 6.084379078125191215e-03
7.123772221212945101e-03 7.123856977151007269e-03
7.127039167980487970e-03 7.136801056266941536e-03
7.673594620585690203e-03 7.695523471936381588e-03
7.768861444382754722e-03 7.810407988624355237e-03
8.190264661777371669e-03 8.228289307502656760e-03
8.249249975289444856e-03 8.249279597523265228e-03
8.315314383414935950e-03 8.320626480892833604e-03
8.344079275425650075e-03 8.457982442541849694e-03
8.362844251697452297e-03 8.405213026945738963e-03
8.581306269242274659e-03 8.623508241539170824e-03
1.201083993580288195e-02 1.203248828975831200e-02
1.304507042041295334e-02 1.306830298423292298e-02
1.389348868841326114e-02 1.389575939013013191e-02
1.392827523517659732e-02 1.394827686369892739e-02
1.642379082430654030e-02 1.642418473697990905e-02
1.671031794725874250e-02 1.672412331155245097e-02
1.839135406337747553e-02 1.842524654993808741e-02
1.982010890011025317e-02 1.983252924457293634e-02
2.049672674341589812e-02 2.051825826403325809e-02
2.050883808460929325e-02 2.050914568003534694e-02
2.055288029931861410e-02 2.056083392498020759e-02
2.103336112931061125e-02 2.105011780641958055e-02
2.122533071710898042e-02 2.122533410246705762e-02
2.165902774731125191e-02 2.169416485142387427e-02
2.166200411331759348e-02 2.177098750283083459e-02
2.171163455155378230e-02 2.200188489194490962e-02
2.249304564243707547e-02 2.265471265629058137e-02
2.283167456827510378e-02 2.314613909453548668e-02
2.497778966637690182e-02 2.508883313261578776e-02
2.507973552700754061e-02 2.510615413876972693e-02
2.535777383298976062e-02 2.689839165839554014e-02
2.537844704765447948e-02 2.541176108355600385e-02
2.602357279495045791e-02 2.602741046149097126e-02
2.620134660218338338e-02 2.629371114033565368e-02
2.655352576837742215e-02 2.699003875031249014e-02
2.704616241893195716e-02 2.713775399250815262e-02
2.713535320544553306e-02 2.720559716823625629e-02
2.716908945880024823e-02 2.757772696669572379e-02
2.720562207191994791e-02 2.754050745969128730e-02
2.741220679516802317e-02 2.751176878448658922e-02
2.747706052038901073e-02 2.750579389243567111e-02
2.756083628694038987e-02 2.789268141077992647e-02
2.762601734761746183e-02 2.769431183667905166e-02
2.774036965400440008e-02 2.779972995566749872e-02
2.788085683142426871e-02 2.788342543883206431e-02
2.817782895358060188e-02 2.827029420441875066e-02
2.824479714227224464e-02 2.836650283244677301e-02
2.889473846265439363e-02 3.074232297897303706e-02
2.933568511304304044e-02 2.948809634708957766e-02
2.956322719962739543e-02 2.965865135799831964e-02
2.999689662283844954e-02 3.355234409066704809e-02
3.041602218694473489e-02 3.042977405033387220e-02
3.057247681794654504e-02 3.077867947234448620e-02
3.087563063716606410e-02 3.087988924906297228e-02
3.088867849219481196e-02 3.096561816986009852e-02
3.089224735894957607e-02 3.098473328243622413e-02
3.090704546508277542e-02 3.095480997140260052e-02
3.115290372200274494e-02 3.115312982954589194e-02
3.134572428149410422e-02 3.157916535355852206e-02
3.157278126178034855e-02 3.158635929060955860e-02
3.164348894068933632e-02 3.189306928872087665e-02
3.168358777932787224e-02 3.168440600841429533e-02
3.184597742406780618e-02 3.184647818876959469e-02
3.185496059707274008e-02 3.188415109018929300e-02
3.196877722256379756e-02 3.204691913532575764e-02
3.220914634794010828e-02 3.220930510202102415e-02
3.231907919018028180e-02 3.233584114182518066e-02
3.233954878358667046e-02 3.349739191525286097e-02
3.239637921062734488e-02 3.326186378434792951e-02
3.241956530306636802e-02 3.365393140114488618e-02
3.244150569641864740e-02 3.389259339768301710e-02
3.253806337617209943e-02 3.253842865398720585e-02
3.260970769139014819e-02 3.308625964961179472e-02
3.267654362416758107e-02 3.352892447622439487e-02
3.279183205514767108e-02 3.280439691146940645e-02
3.281689042382893162e-02 3.289110793097364815e-02
3.308466411397765344e-02 3.311361433917897612e-02
3.310163903146121772e-02 3.340190362939847446e-02
3.324863890491938645e-02 3.332001837685447110e-02
3.331674734602616678e-02 3.345988208499819233e-02
3.335515570886629644e-02 3.343553653237428536e-02
3.338933013401274713e-02 3.341630316964410569e-02
3.340382735997272229e-02 3.346144859290351575e-02
3.343491924265075410e-02 3.348511588597401223e-02
3.391287772219528374e-02 3.396289102042248514e-02
3.395011578001786573e-02 3.404507074643707554e-02
3.406026798475070283e-02 3.425724945121542964e-02
3.441579295115473197e-02 3.563803926720940374e-02
3.448449765249752413e-02 3.513612463714033823e-02
3.496380903257914619e-02 3.504621689391354544e-02
3.504563907185857807e-02 3.504565204756254077e-02
3.555650734761904574e-02 3.581515014960794802e-02
3.556493668498789812e-02 3.632187735112247379e-02
3.556975753869236201e-02 3.557031032326815612e-02
3.566948991123800039e-02 3.600277784905660250e-02
3.573218517623019674e-02 3.629096762834067846e-02
3.583095714640063822e-02 3.588795452071207731e-02
3.586220990610687609e-02 3.589459977307717098e-02
3.597358620531208862e-02 3.598483779790267317e-02
3.606416923411341624e-02 3.621712179109128765e-02
3.625321380386387071e-02 3.640087805124431891e-02
3.633268958617749678e-02 3.920935090987797550e-02
3.636665934051289822e-02 3.638488836089089073e-02
3.642645587108434002e-02 3.645337591889331180e-02
3.643536092252606245e-02 3.647693603377576838e-02
3.661676563656219435e-02 3.712374881068543353e-02
3.671137764137467896e-02 3.707551273225782873e-02
3.707537625276921545e-02 3.838960140744505228e-02
3.716805011737722014e-02 3.721013896849569708e-02
3.717235165160387433e-02 3.720096668292489916e-02
3.717918948798693002e-02 3.718674761340717838e-02
3.731532537645009667e-02 3.797402269933628643e-02
3.738717133772506696e-02 3.769996797765640811e-02
3.742174630047978567e-02 3.749655981416784994e-02
3.742592160513928679e-02 3.757881240078325691e-02
3.800715864239907066e-02 3.832712320963831826e-02
3.807508958852333369e-02 3.813087255634347444e-02
3.813300984360652734e-02 3.815018696102733670e-02
3.815457424205388748e-02 3.832462249412207228e-02
3.846943343241174956e-02 3.854111379540621496e-02
3.851658880869494178e-02 3.852073633413952841e-02
3.855387509831701559e-02 3.862881467710450184e-02
3.856386202387507983e-02 3.881279208208562870e-02
3.858623844645951706e-02 3.858946912673164031e-02
3.861071325541090560e-02 3.868411735049975819e-02
3.864561117195691731e-02 3.864984084931141761e-02
3.881359729062953956e-02 3.883410928917149785e-02
3.896608766751341602e-02 3.896886132443731776e-02
3.911262914621515402e-02 3.956612413422443825e-02
3.912427741746132143e-02 3.919103495815171728e-02
3.913993252994229372e-02 3.918193874276343358e-02
3.968021852027163454e-02 3.968067370896226354e-02
3.970293885912455634e-02 3.972168811753753331e-02
3.976218944747184764e-02 3.977546758696796220e-02
3.989895969033729201e-02 3.989904799311436850e-02
3.996047581914734942e-02 3.996197189171274422e-02
4.000253851546262118e-02 4.008617304616428345e-02
4.004994827646092548e-02 4.038878920791704602e-02
4.011138836361267251e-02 4.011697225105178427e-02
4.024812706735451939e-02 4.024825233402387625e-02
4.046058701250680734e-02 4.184773438095047704e-02
4.047509701566270879e-02 4.049808908897564036e-02
4.061898849297737590e-02 4.161132085030005978e-02
4.063128907728920380e-02 4.073906777447874883e-02
4.089372160404341344e-02 4.234889472046206305e-02
4.102502215656660817e-02 4.103571718701972543e-02
4.112086966658646398e-02 4.460205460247886056e-02
4.115917093702110841e-02 4.176863236436930554e-02
4.118873125634267551e-02 4.170609811285876101e-02
4.140816620353522659e-02 4.140932618971196466e-02
4.142974630424914317e-02 4.142975744322820869e-02
4.144588145754119629e-02 4.176655466645292497e-02
4.149266398205644912e-02 4.164056400498428179e-02
4.150553978723652004e-02 4.181410708295096867e-02
4.166028737502348173e-02 4.171078782392132617e-02
4.168244817128756441e-02 4.171472416101787428e-02
4.178611155282146300e-02 4.197877319037005006e-02
4.180516273284321654e-02 4.244526820255618837e-02
4.182217926323183316e-02 4.307669976406360707e-02
4.188754341309330886e-02 4.211204552782872590e-02
4.204163169323957283e-02 4.205087625454023009e-02
4.206233528402034128e-02 4.217598528179303946e-02
4.212111718532625393e-02 4.334896158400303873e-02
4.214016527445433452e-02 4.214464664673334832e-02
4.220289320295921714e-02 4.262728399314293787e-02
4.230440128684005013e-02 4.471718209460908561e-02
4.238496129170239712e-02 4.238939629765579864e-02
4.239482890118358160e-02 4.239699032213564700e-02
4.251395604935508110e-02 4.253705196615907569e-02
4.254149158223440030e-02 4.301652380371957796e-02
4.260464976789545694e-02 4.293013506443697780e-02
4.262241503767590783e-02 4.267661455033284340e-02
4.281148238423618940e-02 4.282281530315016488e-02
4.288465728460634507e-02 4.289590268960030706e-02
4.290897126551276169e-02 4.368814080639298048e-02
4.301602870977970505e-02 4.336259500232274300e-02
4.304295528393320414e-02 4.318096210814952041e-02
4.310488192283672831e-02 4.341809112601676540e-02
4.314592720701193596e-02 4.314783867120661198e-02
4.317767836729156927e-02 4.325358513120289988e-02
4.322224280399832030e-02 4.322271520240231202e-02
4.323428002461057740e-02 4.363161803181703907e-02
4.340468155487175322e-02 4.586355314220168927e-02
4.348184073549295203e-02 4.363026492166158232e-02
4.354564087719788035e-02 4.440210207940215037e-02
4.370626172638212431e-02 4.379176071876968862e-02
4.373302015731232034e-02 4.376159876908781998e-02
4.379805207926157351e-02 4.419366534018519949e-02
4.380484733711646067e-02 4.428016573048617482e-02
4.392138651614582723e-02 4.421149256258995186e-02
4.423339722774535104e-02 4.735937551199356083e-02
4.425860693960727982e-02 4.451107584144270435e-02
4.469402134445737973e-02 4.539000939190515616e-02
4.478358992212927436e-02 4.479332994976131105e-02
4.480989969219472541e-02 4.481318295320501494e-02
4.486360975748918123e-02 4.493891398570577789e-02
4.507685407697873542e-02 4.513505915369457611e-02
4.511006155134401896e-02 4.554441685668689926e-02
4.540373924962109314e-02 4.544898774724723950e-02
4.545174101233776659e-02 4.546493154471072107e-02
4.552249438881552507e-02 4.552315860607170084e-02
4.567643026022296521e-02 4.646514271664312773e-02
4.569908501757375535e-02 4.574244887044803115e-02
4.590055095930324625e-02 4.593874495025974947e-02
4.595669642257746434e-02 4.614535602578336698e-02
4.602476629090714033e-02 4.604088904868835347e-02
4.608921920301419645e-02 5.305894714965960629e-02
4.636975716955916982e-02 4.641265244519503924e-02
4.647136173225160233e-02 4.689556073647436346e-02
4.647939577438044839e-02 4.720813500526342688e-02
4.656016990458226867e-02 4.924416316363830481e-02
4.656364883682626021e-02 4.786053691990112269e-02
4.664903090973492039e-02 4.710194556565899110e-02
4.682728012662578515e-02 4.688676001738128346e-02
4.686372662169843023e-02 4.697811218696305857e-02
4.703253081026267934e-02 4.779787478469326584e-02
4.705543562230118243e-02 4.709171640271629655e-02
4.710391194458381225e-02 4.735686478439057184e-02
4.712357807295816658e-02 4.766301534766562847e-02
4.713051376252976737e-02 4.719038360094886253e-02
4.714095227736853078e-02 4.716244589710267415e-02
4.720194510892879863e-02 4.725949104717891425e-02
4.721704430220539234e-02 4.724557977367783296e-02
4.724344697586611158e-02 4.724571169426840245e-02
4.724759886363204264e-02 4.759136982509600683e-02
4.730761946810188578e-02 4.756265087209945314e-02
4.737575114590743264e-02 4.740644228988959152e-02
4.738152331370112241e-02 4.738612808623195866e-02
4.752560904887351279e-02 4.766648796126531779e-02
4.774989463749639007e-02 4.778197703115569933e-02
4.781206317478588208e-02 4.784031270885025916e-02
4.791446530296913225e-02 4.814322981404523666e-02
4.794952124418293271e-02 4.798476948678588594e-02
4.797549872359237882e-02 4.797678371725842827e-02
4.800315370649098357e-02 4.803245474411059479e-02
4.801545437916696080e-02 4.836542154752884043e-02
4.826455393792343507e-02 4.858179179734790215e-02
4.849460898147188448e-02 4.849759960763047606e-02
4.854622170203014286e-02 4.909809883872948838e-02
4.862600307223010482e-02 4.915912673851567660e-02
4.870332413744398597e-02 4.882436128980752882e-02
4.871061666183208738e-02 4.873034991268819505e-02
4.883909650134767716e-02 4.884303279512274693e-02
4.893340165222985483e-02 5.027022898676298396e-02
4.901162283260866726e-02 4.906314129311916544e-02
4.901402386491749558e-02 4.909398644251464910e-02
4.902660295595896028e-02 4.919877903643802425e-02
4.907817041035777983e-02 4.908461383857831012e-02
4.942110134364964547e-02 4.965773281966034958e-02
4.942635066174669300e-02 4.947102969823401197e-02
4.948524001484241874e-02 4.965088196778586621e-02
4.951759584301477363e-02 5.072126860474929916e-02
4.956550330781688690e-02 4.960164734720172441e-02
4.963281842546107825e-02 4.985334804199768877e-02
4.967719364963508327e-02 4.969325583689090942e-02
4.971425216431051702e-02 4.974173795900976858e-02
4.972808535277823544e-02 5.016048609573735273e-02
4.986106041943303563e-02 5.003389779612776866e-02
4.994651810450236734e-02 5.005538758569234165e-02
4.997833155836134411e-02 5.348784692520645867e-02
5.001898969373724108e-02 5.002169330012069121e-02
5.002043655213546380e-02 5.005606728277559730e-02
5.013037646242857193e-02 5.013583267817337680e-02
5.019710015522167029e-02 5.019872559124591987e-02
5.028009435503801028e-02 5.114431205238845202e-02
5.030500531249168517e-02 5.030550335936653100e-02
5.037433579359788111e-02 5.037876982532902420e-02
5.039242070905017995e-02 5.043596920720291171e-02
5.046228717642483458e-02 5.533385931213589959e-02
5.051858797700083809e-02 5.056188968156356822e-02
5.071520103554413156e-02 5.073132572386580136e-02
5.073381494230826821e-02 5.324034992064443500e-02
5.092633601351238132e-02 5.107408713687629914e-02
5.092931855680485342e-02 5.097541502518616180e-02
5.094006795674047017e-02 5.157827852776693256e-02
5.094838128121426113e-02 5.096524721242597783e-02
5.122499262781767676e-02 5.123975764802103650e-02
5.124788607131097046e-02 5.232566094001523532e-02
5.137120819782135805e-02 5.141737912005745620e-02
5.138061373615535748e-02 5.139479196247763448e-02
5.148818931979667196e-02 5.148819065309408888e-02
5.158092010366854135e-02 5.202791593570394585e-02
5.161080664932688605e-02 5.173118914378947025e-02
5.181707263186818846e-02 5.415760869689368456e-02
5.185072544555239388e-02 5.325554620738578299e-02
5.199182570239308659e-02 5.215000437533563044e-02
5.209475101036017963e-02 5.221133690525064930e-02
5.214433333489030403e-02 5.313309577800987005e-02
5.218749833267519178e-02 5.365525564805732894e-02
5.221252929571812418e-02 5.231361912897877775e-02
5.225386765992468679e-02 5.275282594832414462e-02
5.226903508057403891e-02 5.238151082615143117e-02
5.228959763616436440e-02 5.236446501743873688e-02
5.242817880545631165e-02 5.247776309555748919e-02
5.247956076881906545e-02 5.259226568199421026e-02
5.257441096639509787e-02 5.362104850399393441e-02
5.276527329926657822e-02 5.303312457785336331e-02
5.280751070118602786e-02 5.306925740393928642e-02
5.280842749653701096e-02 5.375689086895198143e-02
5.285087203715257975e-02 5.285239996576770322e-02
5.292609522537536360e-02 5.294971498489822737e-02
5.293698930996929009e-02 5.294123836587708021e-02
5.295242070804666301e-02 5.301077299317884239e-02
5.298961500337381891e-02 5.316852160773125752e-02
5.321089318794302442e-02 5.323267328436216694e-02
5.330385814455645271e-02 5.330640244493332902e-02
5.363331076115872981e-02 5.414707345214388873e-02
5.398304830589990139e-02 5.400029018918672125e-02
5.399782711435250487e-02 5.399782727195844706e-02
5.429339366526354099e-02 5.465007856516872903e-02
5.438214742745190594e-02 5.469285810814792509e-02
5.448408407281110644e-02 5.673233840351758067e-02
5.459516103528221781e-02 5.461393069808764128e-02
5.476624891772606529e-02 5.606154923248858613e-02
5.488793812322764754e-02 5.682133305066970619e-02
5.495287437566596933e-02 5.495450414531886235e-02
5.498826513123931253e-02 5.640345933847025484e-02
5.499388986103297822e-02 5.865184424215864889e-02
5.503109435067660149e-02 5.645254392485590106e-02
5.518361409362170650e-02 5.711431563110941356e-02
5.527326747966877785e-02 5.528953184199070225e-02
5.536151513172277855e-02 5.585781589769699129e-02
5.538365978004831242e-02 5.588176087186913499e-02
5.543638162270669162e-02 5.555487761509882161e-02
5.548460060796214788e-02 5.580812948906388460e-02
5.552301922089123570e-02 6.196362847508275068e-02
5.552487544950945181e-02 5.558358362675729081e-02
5.553202240301031295e-02 5.573532224401703261e-02
5.558155364004987997e-02 5.733414757416555041e-02
5.565098193282323052e-02 5.572846824906393937e-02
5.573215092424448763e-02 5.586923451142603025e-02
5.574834705258473883e-02 5.581373733039635132e-02
5.589875473474974210e-02 5.592510268182879218e-02
5.600134937227300991e-02 5.621238176305367457e-02
5.603370872304837963e-02 5.762692547790147779e-02
5.613290537529842111e-02 5.620880974486407861e-02
5.618027147351122019e-02 5.619666386314646489e-02
5.619245398924181678e-02 5.734263971751643596e-02
5.619476485671224403e-02 5.620150229852854951e-02
5.622522131469979978e-02 5.626314121731029044e-02
5.633585341689596737e-02 5.768272281707654409e-02
5.640930823204932942e-02 5.839364943511898831e-02
5.641418929240037128e-02 5.648513512385280183e-02
5.643835849088266882e-02 5.716886671792722335e-02
5.672457197789539801e-02 5.686854568759186490e-02
5.676563482607117211e-02 6.117412907983085096e-02
5.692150136438461905e-02 5.693672267847810220e-02
5.707360173060874869e-02 5.707384732518538256e-02
5.709496831669430561e-02 5.710260294468574166e-02
5.717767859381456264e-02 5.718472106793252852e-02
5.717957084838289072e-02 5.719453957860806681e-02
5.729979768180464700e-02 5.781707594258418681e-02
5.749346779496465609e-02 5.765272686644785927e-02
5.763703875503899121e-02 5.789258357079092587e-02
5.781257311848855829e-02 5.781317290984857443e-02
5.790319907958410561e-02 5.858962638679101470e-02
5.822750952173283423e-02 5.833741539924969244e-02
5.830258078201876193e-02 5.868568879115796527e-02
5.833724060634989939e-02 5.834065433904071785e-02
5.846281442082849888e-02 5.846925785432480205e-02
5.865276260220841226e-02 5.865278779400059928e-02
5.868202988011365917e-02 6.097452824226292506e-02
5.868490868116194026e-02 5.869877898310873338e-02
5.928683789773727536e-02 5.935013719591646780e-02
5.933169442543501787e-02 5.941931206693056716e-02
5.941859565187947861e-02 5.941863024059088755e-02
5.958794675658670575e-02 6.043538142232098009e-02
5.975519834420878890e-02 6.019621546405307805e-02
6.007301714162867345e-02 6.012837358413846561e-02
6.009472887058744245e-02 6.015186271280417718e-02
6.009533444030533411e-02 6.026666761094898878e-02
6.018592161956889952e-02 6.355094484900147833e-02
6.038163384328704142e-02 6.075009635813313075e-02
6.096628419188712678e-02 6.103234408184247950e-02
6.110027484060613634e-02 6.110258595662695913e-02
6.115537135441013322e-02 6.375996975642687914e-02
6.142521077771756488e-02 6.182560255921110831e-02
6.157650616515798758e-02 6.179878394578898482e-02
6.190912503885404733e-02 6.329649029753509071e-02
6.208066390215135483e-02 6.239429773844620830e-02
6.253317623961526794e-02 6.272210841218626987e-02
6.257427478234967033e-02 6.405553222046839190e-02
6.273367058400666774e-02 6.335053524694762850e-02
6.275790943462733473e-02 6.284929040698532254e-02
6.276421729199137267e-02 6.317771038030005337e-02
6.293720676808034487e-02 6.462703410169227947e-02
6.297045266623871318e-02 6.402930494164066344e-02
6.300072935995260082e-02 6.301012415755974372e-02
6.307340568118734170e-02 6.347554202811980795e-02
6.320781387890750391e-02 6.383112419053207920e-02
6.338724426603499496e-02 6.351484329847860433e-02
6.349027502112594701e-02 6.359550375136455158e-02
6.373359291695213091e-02 6.394389389756989506e-02
6.417937604429529985e-02 6.443940884975579708e-02
6.457389629257045960e-02 6.491751975640473737e-02
6.478307436478571157e-02 6.569862733803383259e-02
6.510927554383062754e-02 6.552903887847195963e-02
6.521690173713201588e-02 6.610295062012026823e-02
6.541213246902617684e-02 7.482348141518681273e-02
6.554635721604981646e-02 6.631154705138406213e-02
6.587114756966307161e-02 6.587937321636669341e-02
6.587471975151541759e-02 6.588506804652263793e-02
6.598452720234103397e-02 6.604678050011095203e-02
6.654936337291286752e-02 6.655557075130312528e-02
6.736696751216272872e-02 6.864545747531362874e-02
6.787635680989813347e-02 6.882032486503625313e-02
6.801374356981841618e-02 6.816755647247509098e-02
6.815383641962682870e-02 6.819156381867332029e-02
6.816131230270075503e-02 6.942214749047875832e-02
6.816739524941636819e-02 6.830653013937616758e-02
6.828708704676680896e-02 6.828761139440059358e-02
6.850133578997738559e-02 6.877474220323719079e-02
6.858279275887139981e-02 7.001913976072797474e-02
6.887310621065532990e-02 6.898122871351818064e-02
6.949658811700691607e-02 6.952179937139954524e-02
7.075053716053050779e-02 7.077282238550268445e-02
7.090802617253567919e-02 7.091705256433228355e-02
7.173446242154889185e-02 7.192429473561418041e-02
7.234153705354585961e-02 7.292842659995350807e-02
7.364266805585314990e-02 7.366390517809380534e-02
7.388270974577582084e-02 7.389315852287828279e-02
7.404987307867356983e-02 7.525605587278501318e-02
7.497121582786606120e-02 7.523213364234671019e-02
7.608926955536933490e-02 7.619338716622264807e-02
7.711397235704756103e-02 7.846964706786073440e-02
7.770014301389151223e-02 7.795450656933972100e-02
7.776227396142741666e-02 7.799581701236020514e-02
7.833572190144594272e-02 7.921438089149891726e-02
7.891296322352910064e-02 7.906090298347512313e-02
7.892730604631328917e-02 7.909471237350149120e-02
7.915933318096794735e-02 7.922881290437537583e-02
7.944564606538073726e-02 8.189056262574666289e-02
8.063735180525029300e-02 8.149597137391903501e-02
8.077463179580651742e-02 8.089042782393629505e-02
8.097785065892597334e-02 8.115428739382854473e-02
8.205621120195116802e-02 8.215456372631151083e-02
8.482320758726601129e-02 8.490411145027002005e-02
8.644020358170362295e-02 8.647360955837890550e-02
8.698793865529758085e-02 8.710209958078737880e-02
8.710558060012792148e-02 8.717940347208437413e-02
8.727235728111222557e-02 8.733566472542281245e-02
8.739107168917398250e-02 8.775300288460143039e-02
8.788803409653787868e-02 8.820926794820413419e-02
9.938123280541140414e-02 9.960110165667640514e-02
1.005803529222840803e-01 1.005831447171772614e-01
1.012606756627921628e-01 1.012624626078678092e-01
1.017776341864134598e-01 1.019778780199033508e-01
1.021262241268993676e-01 1.022905752475170710e-01
1.070531161265683012e-01 1.076338707217574103e-01
1.077033900245500941e-01 1.078601523075253393e-01
1.081453888849358835e-01 1.095506946631786549e-01
1.083232558680684438e-01 1.083280329932259228e-01
1.094243621625927282e-01 1.103192764076924848e-01
1.108505124014973892e-01 1.115307841836923192e-01
1.205536083832094291e-01 1.205545258376309881e-01
1.614438351546416961e-01 1.616854727942063641e-01
1.663276338083879424e-01 1.682355268800124481e-01
1.689893845057143518e-01 1.690276961561752167e-01
1.711997572159456860e-01 1.712487139800677738e-01
1.725174069117852427e-01 1.728668256155405647e-01
1.726974789545853428e-01 1.727109545765421750e-01
1.730151949094307917e-01 1.735654376008345379e-01
1.733538011187209238e-01 1.733963182296077710e-01
1.736119569899832737e-01 1.738862487841210946e-01
1.797882948204437281e-01 1.798122705928993093e-01
