1.426519791021701707e-03 1.430003110682480979e-03
2.374558423769410759e-03 2.376220537379046278e-03
3.887426948551100329e-03 3.977960220803283646e-03
4.477488176830945674e-03 4.477872536298265274e-03
4.524900337915648690e-03 5.165041419556640721e-03
4.655515952376398925e-03 4.657398822067716944e-03
5.899258619884897858e-03 6.122901242250036041e-03
6.513091462471716671e-03 6.570777746034631508e-03
6.590389893825183455e-03 6.895894084766724524e-03
6.718095574782207390e-03 7.027164619466924611e-03
6.855445559462499706e-03 7.145448700374507078e-03
7.129688555178396656e-03 7.662819862816854823e-03
7.170397879672343877e-03 7.224275240386636432e-03
7.314326153517819451e-03 9.706660359993846132e-03
7.447371387404601827e-03 9.196413391147618271e-03
7.720037854971242147e-03 7.772388305621537492e-03
7.845218678146028204e-03 8.954103880550120381e-03
7.860366777626290324e-03 7.955823617673055820e-03
7.983128512474256533e-03 8.097721686922926959e-03
8.021942771294513289e-03 8.067393882745811304e-03
8.062677373216862661e-03 8.999503270472063859e-03
8.185148500531279347e-03 8.351063738744760392e-03
8.598701953321127162e-03 8.790004944055662336e-03
8.625339768022398379e-03 9.129321582705763119e-03
8.772097215108586726e-03 8.926895186168317536e-03
8.819627484009565088e-03 9.515632627993989706e-03
8.855832750206103082e-03 9.517816188822122991e-03
8.896320786924233337e-03 9.905605047991669285e-03
8.942171277154385006e-03 8.997299896674340949e-03
9.081883829635293420e-03 9.319804594384082860e-03
9.090689347158115510e-03 9.095566187270125863e-03
9.095108598771653105e-03 9.121040541528390236e-03
9.116155055553918155e-03 9.927363561675211362e-03
9.117701553267886991e-03 9.127785740561628752e-03
9.157450226711102287e-03 9.650394179669272154e-03
9.157583610289522433e-03 9.166103413846880474e-03
9.346750644544083927e-03 9.376497858057764728e-03
9.503167107111451517e-03 1.060407122229485577e-02
9.589051600654204671e-03 9.884219270857886111e-03
9.773526882875553309e-03 9.859234210021076625e-03
9.971439915337464155e-03 1.117531327225077843e-02
1.007123990158404619e-02 1.060952874792966787e-02
1.019112825683847479e-02 1.020161234714486199e-02
1.025136575762962410e-02 1.025169940323634489e-02
1.025597651188667019e-02 1.061930158756845509e-02
1.028924092164390167e-02 1.078971085000121448e-02
1.030717393667418200e-02 1.038188819371632307e-02
1.031814765106252481e-02 1.044853032508084346e-02
1.034731819951907085e-02 1.178217417036206242e-02
1.038155577993617878e-02 1.070066928316545929e-02
1.040149584602023843e-02 1.107089030529486741e-02
1.042549485703155379e-02 1.171696738371096232e-02
1.048245919374405852e-02 1.055842912702408508e-02
1.052749905150010025e-02 1.072274001931675970e-02
1.053521637640779211e-02 1.068666841600464205e-02
1.056584147210426830e-02 1.102204766441888632e-02
1.060553154698967888e-02 1.094641470742683739e-02
1.062783872012064770e-02 1.135380214797290441e-02
1.071371587794902810e-02 1.173990978118061128e-02
1.075228073296883961e-02 1.120580109528786575e-02
1.088786359674414825e-02 1.093911469918936244e-02
1.096809389288056977e-02 1.220091150551492858e-02
1.098934449660794559e-02 1.169295346779442545e-02
1.100264873123554116e-02 1.189468262020990444e-02
1.105708202954909340e-02 1.118817629552178693e-02
1.105931598665838532e-02 1.426631824648673733e-02
1.111335394196830140e-02 1.113921778450448728e-02
1.114126383204798801e-02 1.136609025226453101e-02
1.124686324037227868e-02 1.149446325716541387e-02
1.128420770007772418e-02 1.180425670843558879e-02
1.130298923373303926e-02 1.330223984101312588e-02
1.132999712445157195e-02 1.164704131768049163e-02
1.134622236808083100e-02 1.150740065611900904e-02
1.138154032761826487e-02 1.349388663684323447e-02
1.138560550137770674e-02 1.274127104805682954e-02
1.142391358302093443e-02 1.275155461207389679e-02
1.142523101140333064e-02 1.170762398827733183e-02
1.150651444722537373e-02 1.199759193795776197e-02
1.152451440634698343e-02 1.152579762296447076e-02
1.164316651745336134e-02 1.168061500325449746e-02
1.173066420606000242e-02 1.173248151826203171e-02
1.175350827329821671e-02 1.191419598367486794e-02
1.177778821243384913e-02 1.236394357119341772e-02
1.193827166297344901e-02 1.361274301396704460e-02
1.198780391080700100e-02 1.252106889188693041e-02
1.199142984192366583e-02 1.223256656192396943e-02
1.202663558170759608e-02 1.308821009546534339e-02
1.207251716932467543e-02 1.207278340960342249e-02
1.207824869563538933e-02 1.226900837824050627e-02
1.211025676643626148e-02 1.312504913349559973e-02
1.222014059387210513e-02 1.352699703266074110e-02
1.232870558054652808e-02 1.342999461532723426e-02
1.233845449383588061e-02 1.234730558503846672e-02
1.238157705042885331e-02 1.245073800361678161e-02
1.242227824890870629e-02 1.363548313368780074e-02
1.244842513501727248e-02 1.259969663598839787e-02
1.246935108734476688e-02 1.270094804093442609e-02
1.254077307164218683e-02 1.255025519538667013e-02
1.282063647913660870e-02 1.355299313325513712e-02
1.294346409421752962e-02 1.297244385337343806e-02
1.306532094619722653e-02 1.368048440516045003e-02
1.336093662386149059e-02 1.339605998222428637e-02
1.345544084959539310e-02 1.537724016672093255e-02
1.346085837552818583e-02 1.520399701792498649e-02
1.354314203898267580e-02 1.365879012334159266e-02
1.359551416188401439e-02 1.412865606032299819e-02
1.363849434027206674e-02 1.393476120010155028e-02
1.367865885722445961e-02 1.445825117349373336e-02
1.385606295282086620e-02 1.437898103090542827e-02
1.395836840014271288e-02 1.397036134120351568e-02
1.395870944323607254e-02 1.403383418000623585e-02
1.404536469199697823e-02 1.413891567049769572e-02
1.406228667937784067e-02 1.639633074656820025e-02
1.407303183408752274e-02 1.663024716269626002e-02
1.407978303947506754e-02 1.444830019856123589e-02
1.415042358481268664e-02 1.415301419655715966e-02
1.434949267710415588e-02 1.581931146513848238e-02
1.451649312714148668e-02 1.452243019955127071e-02
1.455162077894809128e-02 1.461917544012162999e-02
1.455165842768390075e-02 1.511721059973758496e-02
1.455555463630921545e-02 1.580564058644915587e-02
1.464823367207231976e-02 1.536259340689677053e-02
1.466461609713110362e-02 1.511047987194586578e-02
1.482195657341628219e-02 1.510462084341965272e-02
1.485037288331498249e-02 1.888543634894088857e-02
1.498795472631320874e-02 1.530567088463863183e-02
1.500793816767520723e-02 1.503199374855552356e-02
1.501602086795726827e-02 1.703341651626278860e-02
1.508314320538287588e-02 1.532371773901343090e-02
1.510306885957904584e-02 1.557987582804779524e-02
1.511320675909286898e-02 1.540750834178599045e-02
1.520701536199372053e-02 1.732113451368059998e-02
1.527297169404929003e-02 1.553840371939283274e-02
1.530842282040472367e-02 1.531741967637054863e-02
1.537333132161194417e-02 1.773629751116896636e-02
1.546078867811266112e-02 1.552634961435493850e-02
1.569121710230181668e-02 2.225583722520508775e-02
1.576286780367027601e-02 1.742806499965827635e-02
1.579581115987485282e-02 1.658016766238427572e-02
1.585037041430387844e-02 1.592788482625068919e-02
1.587255579962996294e-02 1.587282808218696759e-02
1.591341967684652137e-02 1.600660958522100510e-02
1.591462694235959777e-02 1.594935763946551260e-02
1.600138502986395497e-02 1.673593277482365166e-02
1.611583974888199447e-02 1.612585237340613542e-02
1.614641692964112821e-02 1.628455707580335823e-02
1.630731543183746440e-02 1.647637522707946431e-02
1.634389018047850695e-02 1.645278323745927307e-02
1.634569413794157225e-02 1.662215611488153735e-02
1.635172456822467715e-02 1.658503093395233968e-02
1.638833348209313423e-02 1.639000559162629919e-02
1.675665423027871206e-02 1.680755431066349725e-02
1.680988960531789103e-02 1.696531787205373537e-02
1.694965437270665176e-02 1.715542950827704874e-02
1.705553633333456096e-02 1.705864799212993346e-02
1.721623589485439532e-02 1.726367222409632210e-02
1.723585947394778647e-02 1.780066294573319843e-02
1.734250904912566088e-02 1.743070002594729676e-02
1.735485491517145887e-02 1.918177796661423365e-02
1.745291443319941724e-02 2.943781901928915062e-02
1.749411436932784766e-02 1.964665409448794128e-02
1.756773889920774934e-02 2.357611783979029346e-02
1.774719430555918992e-02 1.798034149360116032e-02
1.775360244442755753e-02 2.149223004693624761e-02
1.778146104463098828e-02 1.786393703754550130e-02
1.781127494669217798e-02 1.893300653026680144e-02
1.781554435789987206e-02 1.953349862898016986e-02
1.790092775576699116e-02 1.792958371354049993e-02
1.790494093555099198e-02 2.584310826004568643e-02
1.793343910411300535e-02 1.981981383752682083e-02
1.793725681983740494e-02 1.810137679763186222e-02
1.796279758108796504e-02 1.844043086143558677e-02
1.796379025898148935e-02 1.828003839741736830e-02
1.806221491780990451e-02 1.806523215923933057e-02
1.810919233906099074e-02 1.837513998742958815e-02
1.829490830327890408e-02 1.896047058734157825e-02
1.840655165578780617e-02 1.889644230739104605e-02
1.844590927931296157e-02 2.250297453711569071e-02
1.845753960332875351e-02 1.852604778590053597e-02
1.846594801800388250e-02 2.114613507668355874e-02
1.847880597863860858e-02 1.989533259153029171e-02
1.850573323782007951e-02 1.885900052264501137e-02
1.850832403115084193e-02 1.853189172948134858e-02
1.851555617252887906e-02 1.887447843775935663e-02
1.852682999758728868e-02 1.853227990284745524e-02
1.857956353084248835e-02 3.367344839022253650e-02
1.862899364376200545e-02 1.862970354669591169e-02
1.863496921280634322e-02 2.027631542634785594e-02
1.864287231011188192e-02 1.945909037354420432e-02
1.868665744012413393e-02 1.890268101414029067e-02
1.869975499596683577e-02 2.018221611015832279e-02
1.876262067574258063e-02 1.998623490545029316e-02
1.876334121029930857e-02 1.967039445742367956e-02
1.884123812735014405e-02 2.449613240403670372e-02
1.891233918740556352e-02 2.020089790347414510e-02
1.892614815095163341e-02 1.902185371232681041e-02
1.893710756872104065e-02 2.187981126192066472e-02
1.896585612380542046e-02 1.918081553391058278e-02
1.897199948654890167e-02 1.983594194730313454e-02
1.899703191090846427e-02 2.052733270318187614e-02
1.900745616058062068e-02 1.915693704048090223e-02
1.901238536962783846e-02 2.032735830569467814e-02
1.906958990420833111e-02 2.007543123949842578e-02
1.915969597171032074e-02 2.400287006425297354e-02
1.917762219169815222e-02 2.796462808147437765e-02
1.933281810704119696e-02 2.892938568567418947e-02
1.933621033612002368e-02 2.290166654162678964e-02
1.937962800379987652e-02 1.939952944980954247e-02
1.941360812786202539e-02 2.312629519638728995e-02
1.941655819115007189e-02 2.006360843640599828e-02
1.942298824755865627e-02 1.946994037298785049e-02
1.949651689168025587e-02 2.111020805910272108e-02
1.951758637469379679e-02 2.337214162840594786e-02
1.954782169647413526e-02 2.030580230190214344e-02
1.962049747980810707e-02 1.963347639842838444e-02
1.962642454042106549e-02 2.085937582670314289e-02
1.962784660042290671e-02 1.967640598605771909e-02
1.968224134064004704e-02 2.345410310443325069e-02
1.968521329249519128e-02 1.991887327997935928e-02
1.968897078457186242e-02 2.215759362876761063e-02
1.974746761941861481e-02 2.042441129878783818e-02
1.975665844860468798e-02 2.013435831444294541e-02
1.977024858976760002e-02 1.986636115787290477e-02
1.977991570997710349e-02 2.002274883506174885e-02
1.979646418130689978e-02 1.979980153058140055e-02
1.981710062113193477e-02 2.504214156603334560e-02
1.990983077045202845e-02 2.077861949130396790e-02
1.995073395013364018e-02 2.054900231734226382e-02
1.996837330154601492e-02 2.013951621279917031e-02
2.000276814207040468e-02 2.017893187635430227e-02
2.002312460798476995e-02 2.022437335822278859e-02
2.005224873858512530e-02 2.721407412735624490e-02
2.008924316480976968e-02 2.025948738552576373e-02
2.009179762002486630e-02 2.029818542619708094e-02
2.009809186372131171e-02 2.030208728429885173e-02
2.013978445605399750e-02 2.063870928765173043e-02
2.023618752840025334e-02 2.047312718911779503e-02
2.026229039352974576e-02 2.081482535108675896e-02
2.026795874836506001e-02 2.201213384536934020e-02
2.033688452809209735e-02 2.112082671765841760e-02
2.036399052841642715e-02 2.076724105708433951e-02
2.038436771078040721e-02 2.824786724968899113e-02
2.041057655517447902e-02 2.258742984467836459e-02
2.045841513301302136e-02 2.126196304941353407e-02
2.052376241581676738e-02 2.064511512505988813e-02
2.058490895079198926e-02 2.232926317707618208e-02
2.060234755067929038e-02 2.864805909037849638e-02
2.071442990731852882e-02 2.144046063146165179e-02
2.073689294067816019e-02 2.090365046010504366e-02
2.073869683200997571e-02 2.950681030814567007e-02
2.074965152355342721e-02 2.136164856974046358e-02
2.075749686696405291e-02 2.075843551783912097e-02
2.075852345221193898e-02 2.078004249299962580e-02
2.079076287827226824e-02 2.226001296786588382e-02
2.079870583402828807e-02 2.158609162630770184e-02
2.085954882576221414e-02 2.181180096041316838e-02
2.086924496533987261e-02 2.087165493824112011e-02
2.087816051268188977e-02 2.134837253852160666e-02
2.089413431157700896e-02 2.106102839307762847e-02
2.091688960320931684e-02 2.100960471996815918e-02
2.092460974018773082e-02 2.585322491560145333e-02
2.101634414863596395e-02 2.110712597233737470e-02
2.108242545591595268e-02 2.803086429911539126e-02
2.116940902548926362e-02 2.889566725306703596e-02
2.119333229540457109e-02 2.138537933300470664e-02
2.122734482576314405e-02 2.122965442686215037e-02
2.129332666214805297e-02 2.227868481013474400e-02
2.139328788707117388e-02 2.192247683834916416e-02
2.148667664056192264e-02 2.362574081458767086e-02
2.153744441834675588e-02 2.183272646846300472e-02
2.156860713186795758e-02 2.157014435016374118e-02
2.159218474022226927e-02 2.194730799895389800e-02
2.169123669900296925e-02 2.250101910514657952e-02
2.169125310147541549e-02 2.407625434620358842e-02
2.176706423103780957e-02 2.192847045826399818e-02
2.177187368189929459e-02 2.242035152476393178e-02
2.180387972559514470e-02 2.264439375483552966e-02
2.182841536886762773e-02 2.188571954466308686e-02
2.184704129305601802e-02 2.444898491703302937e-02
2.184925730518195650e-02 2.573405556222874840e-02
2.189103981168241675e-02 2.868258599582057880e-02
2.193956512964475442e-02 2.235635311193811051e-02
2.204394686194100991e-02 2.320584612676958661e-02
2.204545702269498919e-02 2.223248738145878339e-02
2.208730251198149849e-02 2.249591543305411168e-02
2.219397595952741706e-02 2.234549512724246997e-02
2.227328894378455965e-02 2.230947845132240023e-02
2.227541223650893534e-02 2.335190518975458623e-02
2.229465205219742854e-02 2.430760392698370909e-02
2.244728534420688953e-02 2.247866545483167416e-02
2.250650705502546187e-02 2.362949273227476013e-02
2.251681389418145121e-02 2.263818787973339436e-02
2.254787342723272442e-02 2.668428277509183461e-02
2.255558550235115672e-02 2.257226843719279188e-02
2.255683301556657069e-02 2.269393223574232149e-02
2.257445285927286646e-02 2.290436667734729870e-02
2.259363121448039122e-02 2.361498070971494723e-02
2.262539613113929982e-02 2.304906856671544782e-02
2.265546609039682802e-02 2.863099779626294278e-02
2.266985012624119639e-02 2.305830264878803298e-02
2.267996235091849708e-02 2.741617403958043764e-02
2.281355225165203338e-02 2.866971682982296515e-02
2.282942635279422428e-02 2.877183774939196664e-02
2.284017757757132033e-02 2.367188350747603115e-02
2.291341174053064880e-02 2.325897371848148834e-02
2.302734603138054115e-02 2.337364986702753639e-02
2.310129494320516466e-02 2.887474802912103414e-02
2.311092129263080802e-02 2.311119441184704068e-02
2.315623272782082673e-02 2.399461208094006218e-02
2.325069930285240602e-02 2.336825206092432716e-02
2.325610616963932897e-02 2.329817594825802848e-02
2.325728740714318524e-02 2.340047587469527499e-02
2.329761105312176672e-02 2.729840783982659738e-02
2.331082117931048900e-02 2.427505658743058306e-02
2.332897937591808107e-02 2.341322006746446305e-02
2.338246476628139808e-02 3.004526812460071861e-02
2.339845700481993362e-02 2.433402431208956176e-02
2.341165337170690933e-02 2.648106080376200905e-02
2.344377578554611430e-02 2.351852699452524134e-02
2.352865989894972060e-02 2.451202465213908263e-02
2.353021948933788077e-02 2.353990750439655458e-02
2.357597929576510029e-02 2.543451871059831601e-02
2.357685484403792067e-02 2.475056414886400713e-02
2.378734533493857828e-02 3.024337085566165123e-02
2.380645731736814527e-02 2.495027997588703667e-02
2.383710361729187224e-02 2.434838014090115813e-02
2.389816777672670173e-02 2.559650444261491256e-02
2.391530438457154656e-02 2.399772421164225386e-02
2.392123997478051711e-02 2.438607072104393564e-02
2.395917556872393175e-02 2.475023632260304682e-02
2.400041216696927049e-02 2.579922412927612707e-02
2.400521011085531009e-02 2.587129520836515054e-02
2.410699477073418098e-02 2.580216186956772045e-02
2.412894679017200256e-02 2.441501797038439503e-02
2.415663459043906197e-02 2.447123846151499568e-02
2.416713376855744722e-02 2.510558457944982863e-02
2.426358159385867339e-02 2.437551985464432580e-02
2.426785900381510722e-02 2.613121700753034959e-02
2.430580119527563435e-02 2.895826971663782723e-02
2.435114366715923281e-02 2.436580192287196231e-02
2.436842564730434119e-02 2.441506981462220754e-02
2.442784689509663529e-02 2.442784735582683928e-02
2.443211787991922401e-02 2.443700150147906994e-02
2.445873134177597302e-02 2.453890599870942046e-02
2.450327088501406958e-02 2.455698585225656386e-02
2.451632792758267482e-02 2.490666765885928349e-02
2.453058826964561387e-02 2.455930956626782222e-02
2.457097425339743735e-02 2.614095514322708688e-02
2.457476502339536739e-02 2.544365776255777187e-02
2.459294950427251547e-02 2.696181686256399548e-02
2.466085929477467367e-02 2.513713004844051607e-02
2.466551774468162331e-02 2.580175836611199244e-02
2.467793404013016514e-02 2.494446417181790318e-02
2.467869883470013431e-02 2.470290134327965403e-02
2.474675194600012285e-02 2.655886970650593940e-02
2.488348266817647439e-02 2.491012021676893007e-02
2.491837198937122203e-02 2.603526927161625010e-02
2.494329310428266069e-02 2.959954866406819610e-02
2.503932613818780212e-02 2.693472498990201122e-02
2.504169862520650922e-02 2.603136980596196595e-02
2.506122647289310210e-02 2.514119371805688744e-02
2.511089311764931262e-02 2.592001190128893212e-02
2.511612462295022274e-02 2.586238159456124078e-02
2.511968883760552426e-02 2.519346819055840597e-02
2.512633529913004676e-02 2.512635632904742719e-02
2.512960658153353885e-02 2.909176888975864919e-02
2.514962385942888859e-02 2.698538898822932380e-02
2.517380854290395334e-02 2.539292543765810789e-02
2.519968820950299268e-02 2.520730208638179842e-02
2.523744782826236113e-02 2.834588914820663011e-02
2.526409931527272973e-02 2.533070044920788730e-02
2.527771345546967960e-02 2.558372347972621627e-02
2.533000930955928154e-02 2.548268072058819736e-02
2.533804184550153896e-02 2.534232490923613718e-02
2.534195901109670759e-02 2.640241481352160677e-02
2.534751912425410245e-02 2.536111066835683436e-02
2.536471653426516926e-02 2.539399539188866642e-02
2.538085289859003460e-02 2.841107511431202257e-02
2.538392084213409242e-02 2.601875204834169439e-02
2.539080419509000958e-02 2.812808259974176189e-02
2.556733094734433415e-02 2.811385980043615285e-02
2.558222553938998417e-02 2.619841810811799482e-02
2.560805621439055102e-02 2.561080868279885792e-02
2.566476509755694774e-02 2.728805976172593573e-02
2.566480583330576701e-02 2.566663688965016912e-02
2.569403695264754761e-02 2.785868168509032100e-02
2.571970842013328318e-02 2.646582713742881218e-02
2.579609197825451575e-02 2.582772391313200092e-02
2.579939354667133353e-02 2.609012065670834185e-02
2.584975951717250961e-02 3.395811423737023910e-02
2.586076914021871384e-02 2.656792812461204745e-02
2.590481538101937695e-02 2.651138280846948234e-02
2.594232525320679800e-02 2.732391214531560905e-02
2.596468104586235198e-02 2.808167516867747168e-02
2.597510654917358983e-02 2.597774394536941575e-02
2.599774971257326830e-02 2.793867974896842646e-02
2.600261187687743364e-02 2.636072633369085025e-02
2.600431565478486876e-02 2.836027365462789884e-02
2.604534706435631883e-02 2.701314233399996698e-02
2.608259537242659659e-02 2.679789161213471868e-02
2.608340839743355372e-02 2.644841160830227814e-02
2.608811243798722992e-02 2.641214527201534573e-02
2.612657219302054121e-02 2.613538181597802740e-02
2.614732243292449895e-02 2.690347077608749166e-02
2.615424359551528008e-02 2.624327901897647100e-02
2.619860728609598594e-02 2.684817064026909575e-02
2.625323043290854474e-02 2.629212473413076664e-02
2.628613770716856785e-02 2.965402097521522076e-02
2.628793599870012099e-02 3.155312087867918891e-02
2.634290046149295739e-02 2.641924822439915138e-02
2.634873062105936095e-02 2.649642608383303774e-02
2.641419293880480773e-02 2.732994814905802608e-02
2.642998196946897901e-02 2.824122133504066920e-02
2.646687874851703925e-02 3.609129139196876057e-02
2.649818106383786120e-02 2.722539433666527203e-02
2.650274648318822271e-02 2.652686809220184197e-02
2.653059557258964640e-02 2.687021573436298646e-02
2.653337555519162325e-02 3.089915536987219297e-02
2.655079224695169535e-02 2.763772510728586262e-02
2.655891246983466819e-02 2.663476454803781826e-02
2.661608732995388027e-02 2.815913998557969047e-02
2.665130902276294234e-02 2.688524026562213315e-02
2.667666148809219942e-02 2.669513254860612569e-02
2.671650010493882912e-02 2.773321106542986358e-02
2.673894187753587948e-02 2.700915622850140127e-02
2.679808791469214316e-02 2.824111074319213613e-02
2.679938269422975014e-02 3.239770865318342824e-02
2.681945305867614038e-02 2.684590385282741368e-02
2.683660295323156766e-02 2.732722939868297701e-02
2.684601251297135532e-02 2.856706215203526703e-02
2.689628082777026710e-02 2.847326510568919805e-02
2.690426731190959098e-02 2.774273162600139966e-02
2.691210291877613181e-02 3.302033057891889944e-02
2.694122417444315062e-02 2.697018813318281805e-02
2.696388614110587292e-02 2.905129442293698933e-02
2.697901854038658315e-02 4.250574557758950850e-02
2.700802676787455309e-02 3.073931616642117462e-02
2.707517246988583662e-02 2.709827362364254644e-02
2.708147699974822881e-02 2.711138632855744635e-02
2.708838138782963118e-02 2.909277322662436743e-02
2.710132293905156281e-02 2.731478562896656054e-02
2.713021319917217553e-02 2.728532806531425506e-02
2.713261352007723462e-02 3.337899928305615438e-02
2.713528694549308118e-02 2.744500842630206647e-02
2.719559514973811376e-02 2.758444756987621371e-02
2.719748747991791379e-02 2.782482152742395132e-02
2.720015650392120996e-02 2.731053396611265310e-02
2.724067029014874686e-02 2.742580016425211903e-02
2.724429655279183779e-02 2.756503405049822580e-02
2.727371987112391788e-02 2.795405232300307227e-02
2.727916618834810153e-02 3.140273952688481945e-02
2.730210780114750851e-02 3.709429485072170130e-02
2.733901219006132019e-02 2.791879459144779377e-02
2.735044235557489156e-02 2.773000135766543264e-02
2.741094530768438051e-02 2.929955311074837823e-02
2.745116052040679280e-02 2.792500035875991257e-02
2.745918648135118115e-02 2.747786587651705054e-02
2.752355976886523142e-02 3.513077600884581542e-02
2.771233174214996278e-02 2.803120719982444067e-02
2.771282949867510254e-02 2.799619626534630146e-02
2.773096476219561596e-02 2.861087999875632296e-02
2.774342976398538191e-02 2.804731434370719839e-02
2.776897365094036299e-02 2.814524044555094182e-02
2.782328867867013555e-02 2.784022533364685636e-02
2.783759638653262800e-02 2.799218098810480823e-02
2.784843634416012126e-02 2.861417800440892514e-02
2.790034321526443928e-02 2.948457764100610376e-02
2.792279550250267167e-02 2.795771526209454155e-02
2.794903988870973272e-02 2.829910329571829614e-02
2.795626797593751128e-02 2.965605384257232260e-02
2.796848029181407680e-02 2.880852096312825489e-02
2.797167237876566764e-02 2.801817736973529621e-02
2.801349179693888788e-02 2.803117544635156180e-02
2.801843920313776271e-02 2.822692877281072002e-02
2.804116970193414396e-02 3.265155711750580142e-02
2.812940896034945432e-02 2.813630728882576468e-02
2.814745158385464213e-02 2.934028214853793767e-02
2.825452223795532625e-02 2.825892043950755175e-02
2.842747600693911955e-02 2.920307041318543143e-02
2.847262106808616522e-02 2.855663034624289151e-02
2.848888662563753282e-02 2.855286053935639223e-02
2.850763828192799665e-02 2.903444262948787560e-02
2.852238829317237448e-02 2.936660095098206705e-02
2.861094271934248520e-02 2.956312349276868714e-02
2.864605098165913522e-02 2.869459405539552185e-02
2.866152881302289068e-02 3.026573624846888577e-02
2.869157840162444434e-02 2.900036844759518173e-02
2.870590211688201637e-02 4.361100913190026768e-02
2.872433096554461579e-02 3.029524703936279165e-02
2.872668919278806993e-02 3.595007895632656297e-02
2.873463644844864370e-02 2.878652325767445258e-02
2.873786468919857159e-02 3.171877332537931943e-02
2.876762355927204792e-02 2.886871356559785398e-02
2.883367848964822969e-02 2.924200340470431772e-02
2.893051069875706913e-02 3.892111886185892211e-02
2.894745114904071978e-02 2.895686312772183246e-02
2.904082304750932320e-02 3.332874106939732323e-02
2.904312636642546186e-02 2.965894758732185582e-02
2.906914375695112546e-02 3.230852835830589492e-02
2.909409983810225947e-02 2.938338023674919031e-02
2.909802402980627561e-02 3.136570463821544003e-02
2.912672500085819113e-02 2.989103015426470764e-02
2.919549402396099877e-02 2.995162761107983060e-02
2.924475759144368886e-02 3.206438109796351521e-02
2.928577199789977187e-02 4.172680047254243019e-02
2.931014327272350728e-02 2.956418445853416579e-02
2.932749531111985067e-02 2.945264640660758340e-02
2.933030762587258977e-02 3.013755793832165533e-02
2.939873742421668379e-02 2.941482591208055553e-02
2.942691981063619289e-02 3.207026791158355122e-02
2.950986301736116188e-02 3.013692514679742335e-02
2.952247800277552417e-02 3.073078370880262880e-02
2.956196732678599559e-02 3.036541643618455993e-02
2.958361902885825109e-02 3.290028952257782746e-02
2.958942928012475021e-02 3.013517624626275981e-02
2.967738556843862313e-02 2.968137192539587257e-02
2.970771706325182199e-02 3.071852319800500233e-02
2.970976492505051497e-02 2.983724030463767371e-02
2.971137984818422728e-02 2.990723097773481665e-02
2.975512457962740595e-02 3.539903356782158478e-02
2.978493333491372824e-02 3.012505780335542754e-02
2.983727929430111600e-02 3.837055246947101983e-02
2.990093292853368903e-02 3.117176212116459441e-02
2.990724762378061882e-02 3.435765748694916133e-02
2.993366751965393160e-02 3.052719137459853141e-02
2.996651223396757865e-02 3.026472301298243142e-02
2.999101702148420506e-02 3.052704571252288709e-02
3.001473223084726721e-02 3.058904584568173518e-02
3.002681194872021050e-02 3.128559452726241419e-02
3.004417234818202581e-02 3.126961267278745987e-02
3.005437550342576411e-02 3.048874055479836379e-02
3.005862650431450137e-02 3.012832554794546425e-02
3.006819466199257135e-02 3.128723717916972319e-02
3.008783936323705319e-02 3.293977347055822291e-02
3.021809426635141405e-02 3.044130048453197457e-02
3.023194015354968220e-02 3.577752360317128927e-02
3.025440232947098490e-02 3.341789980497387319e-02
3.025657731736400985e-02 3.995629675990132468e-02
3.034736784853270600e-02 3.224379562216939110e-02
3.036649140964532700e-02 3.047540555634793355e-02
3.037109463605625406e-02 3.365562915429425733e-02
3.040120356035522220e-02 3.246358852673079942e-02
3.045278695745127703e-02 3.764665368243737265e-02
3.058439769584939474e-02 4.191510217127820959e-02
3.059474779693440935e-02 3.141993586331458255e-02
3.059585408501874076e-02 3.073341559874680912e-02
3.064762017348874115e-02 3.344031173492195697e-02
3.077303959440582867e-02 3.153256200335894516e-02
3.082262677259991687e-02 3.082329826960446967e-02
3.082800405115563788e-02 3.134865423029996323e-02
3.085013151540621015e-02 3.096644042355456775e-02
3.088274191368924754e-02 3.258946358659407794e-02
3.089713747711097733e-02 3.100727866359019244e-02
3.097195526106975849e-02 3.127853784766277540e-02
3.103921896323161289e-02 3.170816325189636936e-02
3.104741667403050284e-02 3.244458296091529831e-02
3.108919451186091185e-02 3.113621272625727646e-02
3.109936121005319604e-02 3.199803604576812593e-02
3.116653206653209954e-02 3.244301427178609282e-02
3.121098314526388889e-02 3.826122422778360788e-02
3.129867723989182560e-02 3.280729592872093370e-02
3.130484911232436773e-02 3.156557624302521597e-02
3.131201242799216966e-02 3.266545291184612398e-02
3.138750133456724711e-02 3.264217021621201170e-02
3.140819351413591531e-02 3.145765573037468538e-02
3.145553080971612292e-02 4.037535832844556943e-02
3.149327080590074573e-02 3.154543263641363532e-02
3.150336985125252315e-02 4.073708066334522787e-02
3.154799322499122344e-02 3.161361236768799043e-02
3.155831019834637319e-02 3.640180286602490156e-02
3.158895756801190918e-02 3.381926015167820154e-02
3.159333242175793588e-02 3.411049537694323119e-02
3.167096170340852335e-02 3.172037116670497342e-02
3.170583173498735252e-02 3.174798311061683559e-02
3.171019160272285642e-02 3.382672441218360221e-02
3.171375463901333902e-02 3.179634526857798293e-02
3.177993526017765941e-02 4.141309454159234488e-02
3.179378786802557200e-02 3.470477757428169774e-02
3.180767182615484162e-02 3.294883801892632691e-02
3.182195566916562468e-02 3.227815848420055589e-02
3.184500198357791828e-02 3.409414402908055031e-02
3.189028827655680104e-02 4.570608234739216569e-02
3.194311405674059301e-02 3.295692091429790194e-02
3.196163631988156728e-02 3.226871184081681054e-02
3.197173972431108235e-02 3.201532948440210385e-02
3.200621851117246147e-02 3.282893025780923846e-02
3.201203013537596426e-02 3.475376557060877447e-02
3.203671744611976541e-02 4.411962652069426755e-02
3.205991049337916787e-02 3.227326335887849285e-02
3.211462769574464221e-02 3.211571595598682050e-02
3.211706652101146975e-02 3.244686122776510584e-02
3.224101834841225367e-02 3.930580215925662257e-02
3.228765760918666378e-02 3.375085935586889102e-02
3.242455227423386016e-02 3.318322848064704511e-02
3.243097643198914609e-02 3.864978220037609130e-02
3.244578997134028170e-02 3.569379172030407582e-02
3.246865909276162865e-02 3.256357663594069279e-02
3.249522919822916966e-02 4.648576023808986823e-02
3.250861728216956903e-02 3.765755771495823967e-02
3.252401504031197238e-02 3.252629714863011084e-02
3.253901965208606806e-02 3.527691053458537063e-02
3.254511457912439426e-02 3.602858116766707863e-02
3.256602067795928007e-02 3.328120742064077930e-02
3.256800110029435535e-02 3.446761684824535543e-02
3.263311941681493883e-02 3.432002983905575733e-02
3.263669357922627245e-02 3.296019179104514585e-02
3.272400896187069308e-02 3.279842987851305097e-02
3.278002158893051493e-02 3.689498186276484598e-02
3.292128362370007333e-02 3.293136479146880485e-02
3.295627761563701269e-02 4.092780886660112721e-02
3.314103982633285345e-02 3.378197418442354522e-02
3.316048341940520949e-02 3.722729451312712518e-02
3.317647221145846731e-02 3.911314863396040536e-02
3.323603869407113637e-02 3.408021025249651642e-02
3.325434332650509944e-02 3.731839443936315476e-02
3.328001887840369849e-02 3.633582964919129799e-02
3.328365878598412569e-02 3.331410664883627942e-02
3.328845527143810268e-02 3.329749024415971231e-02
3.333088980180991256e-02 3.496209506778952952e-02
3.337927667825324463e-02 3.493817699594994192e-02
3.338816091336717362e-02 3.755808240208779319e-02
3.346468613343735882e-02 3.351264221591881282e-02
3.349648141163025922e-02 3.350649063662768795e-02
3.356791876560995952e-02 3.445505881068169907e-02
3.358643206664190667e-02 3.358867361074621694e-02
3.363878804480747997e-02 3.367760846102674233e-02
3.364690231016318617e-02 3.462088790184074394e-02
3.366152602172879649e-02 3.478874463490539554e-02
3.368103757481642757e-02 3.665749657193893840e-02
3.369768046446046383e-02 3.375371306028351198e-02
3.370536629362880926e-02 3.419072493901195026e-02
3.371923204139467417e-02 3.681428318132234229e-02
3.372681410573807187e-02 3.404253434145326773e-02
3.373609167382967539e-02 3.403264730749495925e-02
3.375496811230061650e-02 4.516681137921622208e-02
3.378467604289974585e-02 3.408690877608881037e-02
3.382769414220154758e-02 3.388696540136162255e-02
3.387868718618124164e-02 3.582094830141334396e-02
3.389871547402657087e-02 3.420612018865466092e-02
3.395152385281008378e-02 3.401328289062853505e-02
3.396990503462828798e-02 3.488576631945666112e-02
3.398782804656549222e-02 3.413811990268958430e-02
3.400297669038255394e-02 3.402117924971038293e-02
3.400828056769629459e-02 3.634836960465669120e-02
3.408879627698719467e-02 3.435707536895453440e-02
3.414739167443981566e-02 3.419267755916140239e-02
3.415036075295503626e-02 3.415053895746394952e-02
3.419255642983587418e-02 3.592752695722154638e-02
3.419604262573110870e-02 3.419663840693225321e-02
3.421954435667803190e-02 3.656744022602095856e-02
3.422928060283290247e-02 4.109213136013122741e-02
3.423162116711203629e-02 3.424227279766601378e-02
3.425125043235326128e-02 3.434552235657643143e-02
3.428416909612100327e-02 4.038864605390279916e-02
3.433807031593186926e-02 3.439207275414963433e-02
3.435936551310953685e-02 3.549278584296339939e-02
3.442886516746256759e-02 3.558954227052452124e-02
3.446001070644651859e-02 3.612716763686123905e-02
3.447509384163800067e-02 4.357568350084401604e-02
3.449016464121150427e-02 3.455230563835282737e-02
3.456163547011911752e-02 3.539211495542768371e-02
3.458091877842594392e-02 3.688153059402380501e-02
3.460211662974522345e-02 3.470377070659354940e-02
3.471150328925402817e-02 3.515532200465790874e-02
3.471906974605492441e-02 3.474434343399311620e-02
3.477209259233775968e-02 3.486823385281023063e-02
3.477930721203600223e-02 4.162291137718625300e-02
3.486910282016059820e-02 4.207225267246908484e-02
3.489803254885728845e-02 3.495862887506984151e-02
3.495113542984924770e-02 3.497548668999289623e-02
3.497611572866640012e-02 3.786523340079283456e-02
3.498263417582445078e-02 3.513470790186983689e-02
3.498776661934673016e-02 3.883995667976101324e-02
3.508859109441176544e-02 3.910775771097232956e-02
3.513386972273905423e-02 4.329755472348360140e-02
3.514613490661504247e-02 3.805557147680645180e-02
3.516894824540883757e-02 3.558837266355100587e-02
3.519687142834607152e-02 3.772994383504765792e-02
3.521141029922211091e-02 3.537716328140663724e-02
3.530486621354918253e-02 3.688082935842328103e-02
3.538499647399850900e-02 4.289131524010492830e-02
3.551514440431418479e-02 3.554741176076781778e-02
3.551802722235948562e-02 3.567394821040829195e-02
3.553444405709637460e-02 3.960999620793862613e-02
3.554525694355280263e-02 3.650710110193411406e-02
3.570100499155432622e-02 3.697365404655946625e-02
3.578155867839930004e-02 3.578377204103279363e-02
3.578785669563321753e-02 4.429180828254383057e-02
3.580429262691075393e-02 3.722803848600762799e-02
3.595146591246960177e-02 3.655709636772255799e-02
3.598488404060912887e-02 3.639682489415082406e-02
3.605949918632034984e-02 3.618874140200781936e-02
3.610931848612762562e-02 3.719475590552139693e-02
3.615787293042188599e-02 3.962436808280842687e-02
3.619840629381988056e-02 3.664534522584489418e-02
3.624541239365067224e-02 3.941007220470492400e-02
3.625449064867571763e-02 3.711927090646494065e-02
3.629998324543678295e-02 4.188124637072983963e-02
3.631183719338421795e-02 3.699177662724217192e-02
3.631756030359765963e-02 3.836706868931612918e-02
3.635246953205956144e-02 3.635683630578692704e-02
3.641101151679667497e-02 3.669412830152993937e-02
3.642400135943561768e-02 3.682570063539069433e-02
3.644541554565795816e-02 4.390034584722532496e-02
3.651293157305292303e-02 3.726287091586072409e-02
3.656930694168164520e-02 3.664333194722726311e-02
3.660200302624038587e-02 4.130719390564701471e-02
3.661018370850876308e-02 3.662103316738758718e-02
3.662585559489035109e-02 3.669245057151530875e-02
3.664873445737118485e-02 3.792520721825016344e-02
3.666382779605250469e-02 3.692143929168802130e-02
3.668324284599027568e-02 3.777482355991907542e-02
3.669375302229310049e-02 3.725123068914796415e-02
3.669738676316550846e-02 3.911489741038117612e-02
3.673395811190510729e-02 3.680055344471021284e-02
3.680510619960439267e-02 3.711128269668045182e-02
3.686257145988880435e-02 3.686462825571046320e-02
3.687352093761917665e-02 3.707248065520562380e-02
3.688882008978714572e-02 3.692643372686989223e-02
3.699960067189304869e-02 3.837784102272347175e-02
3.707433351845824954e-02 3.719646223524010475e-02
3.711574786107565971e-02 3.882681386107728061e-02
3.712252122603417609e-02 3.712271037984424260e-02
3.716336519955862339e-02 3.716443057661179133e-02
3.717574893500040500e-02 4.068734051051702688e-02
3.722016173878430617e-02 3.821624249738441587e-02
3.724283546592672967e-02 3.762971456930535447e-02
3.725155401411406331e-02 3.776281503242003013e-02
3.730697315144401727e-02 3.936910068952421266e-02
3.730961929053899090e-02 3.745945772964876658e-02
3.733166676732228850e-02 3.939210029755501469e-02
3.735978504214979706e-02 4.105714701122348959e-02
3.738398564810474500e-02 3.817182844343394721e-02
3.741680112768532712e-02 3.998101402838797475e-02
3.747525280456279889e-02 3.749616356235507125e-02
3.748212665435585872e-02 3.955325839076820338e-02
3.749445550322486748e-02 3.817467642961929614e-02
3.751082937345581042e-02 3.982484028008872329e-02
3.751475906800295218e-02 3.752479174493592029e-02
3.751914667124614522e-02 3.843581465506445277e-02
3.752799452405614772e-02 3.917875836138035722e-02
3.755083217206101748e-02 3.770012860501835428e-02
3.757359447158454407e-02 3.776955067421026296e-02
3.763159068617976527e-02 3.827250057322560683e-02
3.766237213760725844e-02 4.215454607457816416e-02
3.775801395156000440e-02 3.828080560768720719e-02
3.779744991874866428e-02 3.826012396541002974e-02
3.779917220609011613e-02 3.788351144751803817e-02
3.780358955199374787e-02 4.931573376587834040e-02
3.789236562289131915e-02 3.900603363714923166e-02
3.796061108385668376e-02 3.796170627251634067e-02
3.796885978154772995e-02 3.860419508847050263e-02
3.800066709357246414e-02 4.343654348825451428e-02
3.814059231027946972e-02 3.814068341231511422e-02
3.816837717221643889e-02 3.826621853325133660e-02
3.818112778499239274e-02 3.887715920342506987e-02
3.821855993689825259e-02 4.042902441259844937e-02
3.826811971974028448e-02 5.388338908831240281e-02
3.828076195563354794e-02 3.830935204154460594e-02
3.840165499743220662e-02 3.854229636074544413e-02
3.844692254563471939e-02 3.911135506133256445e-02
3.847176219366359867e-02 3.847625128534274547e-02
3.858075180013977035e-02 4.353630464646677384e-02
3.859843610719187329e-02 3.910337760194829149e-02
3.862986623054949498e-02 3.888910150082028339e-02
3.877548660089164684e-02 3.939063723993458527e-02
3.887227683193660022e-02 3.890583487271181279e-02
3.900026915367535429e-02 3.916450184533955270e-02
3.903370300754568922e-02 4.402054464619281626e-02
3.903433916558338157e-02 4.055455831269348665e-02
3.903949082886844224e-02 4.064387727437504538e-02
3.905036565598728193e-02 4.466358896212879043e-02
3.920245045670185668e-02 4.005738366454162508e-02
3.923422033463437597e-02 3.942381729879060326e-02
3.938253547690995227e-02 4.162906739028681552e-02
3.938301361510219978e-02 4.013287445467356163e-02
3.941702669730420133e-02 3.952062797066859673e-02
3.942681427232525709e-02 3.959822857867063145e-02
3.953000801201402015e-02 3.960284349392741848e-02
3.959136780634148894e-02 4.016282744177471220e-02
3.962140111868205777e-02 5.128241956354398501e-02
3.966430111564862859e-02 4.231377600647912018e-02
3.983276339434268370e-02 4.519069396943357214e-02
3.989529264923122320e-02 3.992045980539139782e-02
3.994586851778548359e-02 4.028608681022131238e-02
4.006087457027972948e-02 4.049188445936199865e-02
4.009531871415213111e-02 4.057345363185937970e-02
4.011602348498376908e-02 5.131694542237578288e-02
4.017916200257191928e-02 4.019489379451990363e-02
4.021327222092640347e-02 4.021626932775180380e-02
4.029004847947183915e-02 4.031494675189391252e-02
4.046501041750114047e-02 4.081620644739359510e-02
4.046796370979037494e-02 4.181641570828769500e-02
4.068085654657039446e-02 4.073502885040830579e-02
4.072293853960421567e-02 4.091030951246326514e-02
4.073725726570024547e-02 4.074997880817352730e-02
4.085414720293514129e-02 4.296021867093383767e-02
4.085551273849137577e-02 4.186198726149130411e-02
4.108394838392291637e-02 4.115815834683215352e-02
4.109874734807746066e-02 4.394358024545164804e-02
4.114601253457701030e-02 4.115050315587436003e-02
4.115161131808108691e-02 4.125055680845819001e-02
4.130420885158851696e-02 4.438657549643839489e-02
4.131096618244157331e-02 4.326609097441422996e-02
4.132858167529114557e-02 4.165493662802787628e-02
4.150562395714597896e-02 4.151552502134334827e-02
4.151693276375253983e-02 4.154383943608103147e-02
4.158718364961657560e-02 4.230754203015164860e-02
4.159553267483841882e-02 4.163688854553716789e-02
4.166196371665488452e-02 4.445122003977609870e-02
4.167653975298907243e-02 4.307027110310631540e-02
4.170342947473391904e-02 4.181174110577248748e-02
4.176017518062615647e-02 4.176795565971217622e-02
4.176543105577894960e-02 4.178462929716963287e-02
4.182819173345808661e-02 4.182820373757432236e-02
4.188685305430227962e-02 4.334056181533735286e-02
4.190372268379456006e-02 4.309720868992615583e-02
4.197559660467588966e-02 4.427444839884439598e-02
4.202508011499803825e-02 6.170208228439092585e-02
4.205122608330839201e-02 4.243791687965350889e-02
4.209406938426121791e-02 4.562545737731241863e-02
4.211497673184413232e-02 4.217378442587538939e-02
4.211981585304938602e-02 4.273220723131720272e-02
4.215231586191685309e-02 4.233424556949304252e-02
4.230840688984841003e-02 5.600208107636685251e-02
4.238158677819569425e-02 4.330220045762613740e-02
4.244307318581556909e-02 4.321648567534642355e-02
4.263586358880411264e-02 4.264361605425458918e-02
4.277809122085955013e-02 5.360812002611822780e-02
4.282182607811280128e-02 4.319947917856998415e-02
4.283881543725787805e-02 4.525430652109187213e-02
4.287596810461863361e-02 4.291411466081240106e-02
4.290356260231249774e-02 4.377529770599202646e-02
4.290545728938961745e-02 4.318617813510695902e-02
4.293227260715051091e-02 4.377777188194927060e-02
4.324679205149992850e-02 4.331643507853621261e-02
4.327926336512150085e-02 4.674562999867146185e-02
4.330172901497707921e-02 4.430866884796427069e-02
4.337814496642720258e-02 5.228187501223183209e-02
4.339891564433639992e-02 4.438530928087890126e-02
4.355800470181414585e-02 4.419904254500699875e-02
4.379030280623613658e-02 4.389558685455008380e-02
4.380790385248686802e-02 4.414008204118206186e-02
4.382227969253616601e-02 4.390503184167479644e-02
4.390559710837218382e-02 4.417883981704365248e-02
4.392218756258395307e-02 4.472862929463869430e-02
4.392301191416434630e-02 4.414421650817892950e-02
4.402025315171825132e-02 4.405259893458726705e-02
4.404480174555228805e-02 4.424228165606090141e-02
4.407994442189486911e-02 4.469359778564841595e-02
4.416105400841840306e-02 5.008109785934638375e-02
4.417497857075516204e-02 4.417531714436229162e-02
4.419221253492577883e-02 4.464810671629373950e-02
4.419832044877393395e-02 4.683777663094499527e-02
4.423033379354369271e-02 4.827747188048136379e-02
4.430775360418376385e-02 4.564048831192459715e-02
4.432173192777627557e-02 4.476163135284873251e-02
4.441612688514653268e-02 4.489467707510814282e-02
4.457635615583666056e-02 4.533432295524126437e-02
4.460293334512523827e-02 4.483536699456167757e-02
4.460634616099742183e-02 4.735738102316102566e-02
4.463493773170066486e-02 4.849423316792617067e-02
4.472370429284969889e-02 4.474943757768250902e-02
4.480049736928390369e-02 4.544459354588733374e-02
4.482041332676862944e-02 4.482497026071184665e-02
4.484176029798195989e-02 4.510460549585297574e-02
4.492778200721143922e-02 4.498284516152527973e-02
4.496074071487475565e-02 4.732061804728759924e-02
4.504775183056247689e-02 4.545203989766715552e-02
4.510342366366052597e-02 4.691879337785740539e-02
4.510345579209402295e-02 4.572762797634207649e-02
4.523332914823540579e-02 4.734887357314385148e-02
4.546545175149326046e-02 4.606272012847067304e-02
4.561557844443286935e-02 4.561863262839441907e-02
4.584594680525114901e-02 5.385795581850803815e-02
4.589615832591502353e-02 4.604400618232166315e-02
4.592063826086027062e-02 4.659043561495315039e-02
4.595341881309879944e-02 4.630384819133166047e-02
4.598073070233145432e-02 4.803812532405143942e-02
4.609813982408610122e-02 4.748655312280109647e-02
4.618760342981322042e-02 4.660886883196165703e-02
4.623235625647241498e-02 5.898007002807273413e-02
4.627324407405216528e-02 5.200208785935251515e-02
4.636132927911282980e-02 4.640207262499929791e-02
4.663563841970640861e-02 4.671274159612111981e-02
4.664738176126143748e-02 4.858691970460089077e-02
4.664823225456862787e-02 4.705097780430436694e-02
4.667903726811315629e-02 4.754280233525453453e-02
4.671673470822960278e-02 4.718824696614739439e-02
4.687627742542769399e-02 4.796842993877362127e-02
4.688388323964345905e-02 4.689639124496614714e-02
4.695210382490817153e-02 4.860360010355146282e-02
4.705248143941889727e-02 5.801111081003703512e-02
4.722689448161391385e-02 4.729326251915762225e-02
4.727188517293493680e-02 4.904032466868954443e-02
4.732407878415154090e-02 5.752977437800343985e-02
4.757162521058499322e-02 4.797997568335205659e-02
4.764758074321026604e-02 4.973952873837552552e-02
4.776847512164142384e-02 4.776926527753389690e-02
4.790484275888740040e-02 4.807855901452221664e-02
4.791949471980488234e-02 4.811336161628524538e-02
4.795072880451450165e-02 6.457558253352625732e-02
4.796383485317869122e-02 4.832840626060372347e-02
4.803099875491376181e-02 5.377870169559090252e-02
4.809840553816172037e-02 4.814185478992213940e-02
4.819080132234720981e-02 5.062111512522417950e-02
4.826515328120430104e-02 4.836440587467948776e-02
4.834981350045991499e-02 4.836887886081087107e-02
4.835003192810002903e-02 5.126802181146206117e-02
4.867601620248813987e-02 4.868771482474472390e-02
4.871449155987093299e-02 4.882813676348494308e-02
4.881384252599042101e-02 4.958608245607300236e-02
4.915244736432326095e-02 4.977618086537730774e-02
4.917199343237344672e-02 4.977787127228942149e-02
4.920011167186881529e-02 4.920088877738736099e-02
4.921541056567681899e-02 4.933765467086653062e-02
4.924544021333403937e-02 4.950793445775691914e-02
4.930792150505541871e-02 4.938822278480769351e-02
4.964228331414582973e-02 5.118337871418286722e-02
4.991312298482161042e-02 5.161178135633853747e-02
4.996274869620099396e-02 5.023898515972466394e-02
5.001612614216395525e-02 5.875792032129732723e-02
5.037712227761547562e-02 5.526117996887391220e-02
5.040066388860563878e-02 5.475150234822340894e-02
5.047178437977172666e-02 5.049295281406710606e-02
5.102667250215177364e-02 5.209585648518741396e-02
5.113517519437464631e-02 5.126529585677555567e-02
5.115972595004510820e-02 5.123634322615806813e-02
5.127957066569478056e-02 5.745406631785060503e-02
5.140059126118034366e-02 5.360921488565016657e-02
5.142023303734372802e-02 5.219536209317231917e-02
5.161834359958854951e-02 5.161835379557058040e-02
5.173256553421782394e-02 5.650864532967064813e-02
5.182206938356689191e-02 5.229615016875514832e-02
5.204369812950456614e-02 5.413664525975601244e-02
5.253476609061883545e-02 5.342882381583550361e-02
5.258454250163115823e-02 5.322691949771871101e-02
5.266498326239198863e-02 5.433308644282222599e-02
5.278938487256911588e-02 5.308463496052374248e-02
5.298115591812795067e-02 6.825977282574621774e-02
5.307598111734841695e-02 5.308920904221796355e-02
5.344977931328388082e-02 5.350059447869397189e-02
5.369921648914509349e-02 5.382270631546207107e-02
5.422154941800895467e-02 5.462010901228442350e-02
5.435790060672020946e-02 5.460251724193654344e-02
5.439796457291604798e-02 5.466777549012478282e-02
5.440023596975225584e-02 5.585906956369508791e-02
5.465393512979179608e-02 5.465711950836051047e-02
5.468618597455021657e-02 5.482011852377642602e-02
5.470801145606714322e-02 5.541317824140291892e-02
5.474369594705622011e-02 5.676895981214067494e-02
5.496811886035564421e-02 5.498486496804581153e-02
5.508586070075653651e-02 5.528931199508991395e-02
5.527253949125648935e-02 5.547435011709789948e-02
5.560234451931852367e-02 5.588988674068224444e-02
5.564248262184012112e-02 5.949391055527186722e-02
5.568515068414958691e-02 5.571628468703748727e-02
5.592054549181472295e-02 5.593167634780678299e-02
5.597237468628265405e-02 6.306642226728957634e-02
5.643533648563476418e-02 5.643692788797551735e-02
5.652938152510161851e-02 6.162165946671035316e-02
5.715707869607589836e-02 5.877178080514365577e-02
5.773145130477069092e-02 5.814404461334234803e-02
5.777595212646236683e-02 5.848797089917674025e-02
5.785861369629162476e-02 5.969764092423923002e-02
5.822836523570135148e-02 5.881731758042237079e-02
5.851973412645610634e-02 5.851978126517122514e-02
5.855621327046070523e-02 5.880680594886267959e-02
5.904176578644976248e-02 5.905019620952908777e-02
5.932343949368443919e-02 5.997038333953764316e-02
5.994216585814159115e-02 6.103670390202828311e-02
6.006592098055202333e-02 6.206953763607021834e-02
6.020278923794297743e-02 7.201254303310233862e-02
6.057105328306255920e-02 6.102517583131450429e-02
6.065400804376339106e-02 6.086406348743596262e-02
6.088559887501922979e-02 6.097517571120941032e-02
6.088897389213038247e-02 6.088975326735392851e-02
6.114810354069601800e-02 6.169234415424481449e-02
6.114984300158315261e-02 6.123359649986075126e-02
6.258571972832797925e-02 6.258746409363732943e-02
6.261816045025657418e-02 6.320614180335375198e-02
6.272795244355496014e-02 6.883860915338475828e-02
6.359251941156107701e-02 6.779933033151862298e-02
6.366667068448304823e-02 6.379702235872863891e-02
6.372241088935229336e-02 6.583339139605647039e-02
6.469220064883664245e-02 6.474779756806335607e-02
6.471845058966807507e-02 6.472214852014762654e-02
6.471933101456871229e-02 6.473248492045470537e-02
6.586227347209119842e-02 6.594988388021344461e-02
6.750957353351721979e-02 7.037919849469914668e-02
6.769530186909650249e-02 6.792009667165123388e-02
6.777723890039299981e-02 6.825884898560265202e-02
6.779416090896576985e-02 6.849167140166900758e-02
6.796584863448543179e-02 6.825347147139343429e-02
6.796928992196739350e-02 6.799319653918563244e-02
6.843080544697237311e-02 6.965376121789888797e-02
6.862359490444684684e-02 7.080015268128475592e-02
6.869946828107213743e-02 7.127702443698591406e-02
6.915291420950150925e-02 6.989394438492049777e-02
6.984281087991930925e-02 7.474846926579209461e-02
7.242508003341739664e-02 7.794169222931350560e-02
7.380216193963391735e-02 7.998586907908096510e-02
7.387611774451471880e-02 7.387611939356721058e-02
7.430839179732189048e-02 7.437404341866964141e-02
7.569671962702249901e-02 7.597900881012534247e-02
7.618468712627313177e-02 7.779943697191434027e-02
7.633692349586213011e-02 7.657460727221804264e-02
7.695194791335352447e-02 7.700678798580848361e-02
8.005869934622933393e-02 8.009161512904945657e-02
8.213609205216861053e-02 8.279084766337736767e-02
8.249447212107031968e-02 9.060827056459770656e-02
8.333089380440492078e-02 8.341530051869884554e-02
8.544086275397645702e-02 8.546661483445373853e-02
9.125076137793818043e-02 9.127247155410297963e-02
9.165208295004932670e-02 9.168076120722462585e-02
9.221956692091973218e-02 9.278030861648084437e-02
9.335026833556049619e-02 9.378060991487945086e-02
9.875324596126791588e-02 1.009331868581769542e-01
1.001615429126933160e-01 1.003519240514287730e-01
1.080487501576959941e-01 1.084357186309198723e-01
5.437031824646166855e-01 5.441757060010148361e-01
6.634536592819649803e-01 6.636854219911677566e-01
6.717555671448263155e-01 6.717840583938494703e-01
7.204020072389701879e-01 7.667331015916396542e-01
7.229497433176427235e-01 7.231522133787624540e-01
