2.800397554564724371e-04 3.028388576842232748e-04
5.128930898830262033e-04 5.217423148718227949e-04
5.251046569042788900e-04 5.348260542247417404e-04
6.154116437130425664e-04 6.230194778413967061e-04
8.262886920556316607e-04 8.304451906224327370e-04
2.196578484653273489e-03 2.207408542456052846e-03
3.352887770178838382e-03 3.437819588606620853e-03
3.803981789060371412e-03 4.121343046807690938e-03
3.847903883075412014e-03 4.570845141611720210e-03
3.859985929134557726e-03 3.860025039592578349e-03
3.913108857020617011e-03 4.239172523435946749e-03
4.105087877665467531e-03 4.201610665329215920e-03
4.526469108214917041e-03 4.529243399228402578e-03
5.097316529905591802e-03 5.911514930444835419e-03
5.683193439462915289e-03 5.729085348728590356e-03
5.861479493930409762e-03 6.192989629437764369e-03
6.142090934310881489e-03 6.144147891724008846e-03
6.213307645397167511e-03 6.278011810420973393e-03
6.749194861702639825e-03 6.779402801379377265e-03
6.752677840071941162e-03 7.377093308128487500e-03
6.834858937019612155e-03 7.093770436875630400e-03
6.919207731301452689e-03 9.284818742828998203e-03
6.973169685263658733e-03 7.343387466393308353e-03
7.240142119914787060e-03 7.240226501464636089e-03
7.285963700599033983e-03 8.070690111388825402e-03
7.401490264878427504e-03 7.406635046812756751e-03
7.554987807969278275e-03 7.770691364426519053e-03
7.720604691001964684e-03 7.731069067397338714e-03
7.970780573929659232e-03 8.032733501857720546e-03
8.131490923534212545e-03 8.387581434313404541e-03
8.228897150085373591e-03 9.004132210743346146e-03
8.239860340509198855e-03 8.372077838646057452e-03
8.338251031526133783e-03 8.518832601681932196e-03
8.587370758813075294e-03 8.604955754159274162e-03
8.623947188514462583e-03 9.403024787376160210e-03
8.832874666229196051e-03 1.017806297920839827e-02
9.084609122144687160e-03 9.619655159201280156e-03
9.098124626132004719e-03 9.583275950043344815e-03
9.210454640870828491e-03 1.008431870202780752e-02
9.249177355750318880e-03 9.268418229556207866e-03
9.378732271440211321e-03 9.684318612573012200e-03
9.405689680343234937e-03 9.418675636215517386e-03
9.724282840625455421e-03 9.871477585450649794e-03
9.877668714656369711e-03 9.885888549142837767e-03
9.891009880739383420e-03 1.009373302222906638e-02
1.003871979905722120e-02 1.009411598647642905e-02
1.032470876031330378e-02 1.181658612315512023e-02
1.036939141632708429e-02 1.046992923845149054e-02
1.045604824627291082e-02 1.054169557232734027e-02
1.062706169106242791e-02 1.115785593280943858e-02
1.067273365343888135e-02 1.194354467850782843e-02
1.067373142672494238e-02 1.140681511932260632e-02
1.077592939414621052e-02 1.080267482722627181e-02
1.078713180333572969e-02 1.211652585835408351e-02
1.080557794668863571e-02 1.085204292113591332e-02
1.110031806277726740e-02 1.116332120072279811e-02
1.117537844916619179e-02 1.166908182962471570e-02
1.119545105253582674e-02 1.242480984400354087e-02
1.121492856794226688e-02 1.175214066985777461e-02
1.122447843826429939e-02 1.122451262609446866e-02
1.124089628076471552e-02 1.148722472483952768e-02
1.125163387339591509e-02 1.378731588682811406e-02
1.148310763517586784e-02 1.166309612856642440e-02
1.152876201837989799e-02 1.153578696616855068e-02
1.158522250371032264e-02 1.312450580625248130e-02
1.169906584118402156e-02 1.171883146023329145e-02
1.192967514301496515e-02 1.271218668843291690e-02
1.202763381582774155e-02 1.207402045183906050e-02
1.204379105181469477e-02 1.250855573871773735e-02
1.215620430822442199e-02 1.537365383341591368e-02
1.237392977909878948e-02 1.252515182898948122e-02
1.241255211121741232e-02 1.249954821927041528e-02
1.242815495553730235e-02 1.242822700246799458e-02
1.244943086274680547e-02 1.447823530019442910e-02
1.254986353401138510e-02 1.269317422840107908e-02
1.259384262118315272e-02 1.271452500543653573e-02
1.279184320593287731e-02 1.701954240036282831e-02
1.295758030593880707e-02 1.316158536498546194e-02
1.297355665310515223e-02 1.530794235060915776e-02
1.307326534700426791e-02 1.307386818717600104e-02
1.309144971834335508e-02 1.394136383748795921e-02
1.315841290589544674e-02 1.359392671165068379e-02
1.316500998723664495e-02 1.368367402460166603e-02
1.327021637500568063e-02 1.369762438288520470e-02
1.336626396509703676e-02 1.361213290644988812e-02
1.337090784130399480e-02 1.401946531187288694e-02
1.341123253516962772e-02 1.444153040168401000e-02
1.349465113653366098e-02 1.383641212892170770e-02
1.350342957525179494e-02 1.355505718714482624e-02
1.368755291752864027e-02 1.370897978047951743e-02
1.374093967950347842e-02 1.381956645741744955e-02
1.381276103934345016e-02 1.462234192440078732e-02
1.381673026207468243e-02 1.618218410730773785e-02
1.385418448190397535e-02 1.385612176496613980e-02
1.388099715294372795e-02 1.526370146839346222e-02
1.393175942018800260e-02 1.575301180157079664e-02
1.398239678019049317e-02 1.858311448111162056e-02
1.415393478072235131e-02 1.470177811209831542e-02
1.419110026249493367e-02 1.454403534778691935e-02
1.437239355638854701e-02 1.618520233329859281e-02
1.446003941206956515e-02 1.479211898792938580e-02
1.446925760973744902e-02 1.461280537212233076e-02
1.469464590948712547e-02 1.569012894462112895e-02
1.470430124243651653e-02 1.476150615590822619e-02
1.474935594176442037e-02 1.502907999014945623e-02
1.478538935346932447e-02 1.482185149797944808e-02
1.487587754131215398e-02 1.942602591772787587e-02
1.488478664590408423e-02 1.615512633052320138e-02
1.489121727402563378e-02 1.547247342707959265e-02
1.493941397552713164e-02 1.499023454386684551e-02
1.500596780184204615e-02 1.592156231887707080e-02
1.502176789148865557e-02 2.100944969329321399e-02
1.507930272003776481e-02 1.508921362921662561e-02
1.510095298129258447e-02 1.512201054417126010e-02
1.513971547155054144e-02 1.616385687808716970e-02
1.529284281232040112e-02 1.578956560548559415e-02
1.529911218647592511e-02 1.595528932482225687e-02
1.539555172978967178e-02 1.598546131240775187e-02
1.546136677875869711e-02 1.648149833446859586e-02
1.559211603183011455e-02 1.628525448145942342e-02
1.584526361852600304e-02 1.895772794592797891e-02
1.590536155300159571e-02 1.590546308374780199e-02
1.596529718789514718e-02 1.620927347866272378e-02
1.628716969713997834e-02 1.716883252986984437e-02
1.629056309180016218e-02 1.699029600740723997e-02
1.642185967253286666e-02 1.654458030050087736e-02
1.643921681136651519e-02 1.646002757301250063e-02
1.647449853028659650e-02 2.205298769005320861e-02
1.660600510075879027e-02 2.576569788475212633e-02
1.678191091957557599e-02 1.680645198951852270e-02
1.678403740505307953e-02 1.746193185407453330e-02
1.681072120011463389e-02 1.719083583963955039e-02
1.683261847735923605e-02 1.769634129841047079e-02
1.693868822264986765e-02 1.786964578878999510e-02
1.698311004766019441e-02 1.740554123203178274e-02
1.699178887287017964e-02 1.807819539149030721e-02
1.708220127605854927e-02 1.820491990486848913e-02
1.720383942675849515e-02 1.737862258322835779e-02
1.738221035497724068e-02 2.053092916566856552e-02
1.740039890492362656e-02 1.740710311042615449e-02
1.741399502674377195e-02 1.799021237484267968e-02
1.760594767443333930e-02 1.794375254857730542e-02
1.764781500634760025e-02 1.764914260341519936e-02
1.765627742435518788e-02 1.775080055888733285e-02
1.775424666907459217e-02 1.778008233205118430e-02
1.775680830246148187e-02 1.776135498836578508e-02
1.776367542094529212e-02 1.781679194718617174e-02
1.776701925033922352e-02 1.776872320104959380e-02
1.788789356513593651e-02 1.809520719520144733e-02
1.795139404347608630e-02 1.813384913904858911e-02
1.795475389834953056e-02 1.796532271242290077e-02
1.797654617027974813e-02 1.809695701074359384e-02
1.798815401930570212e-02 1.800195624703899988e-02
1.799042578913772825e-02 1.850962293685910059e-02
1.807407026475352577e-02 2.033752186972672890e-02
1.807475993064856790e-02 1.856175801261446615e-02
1.809431316961747707e-02 1.816671758691725327e-02
1.818719709786076680e-02 2.187905603786583289e-02
1.819359396125430628e-02 1.863729498889930836e-02
1.822826384711306175e-02 1.878418769742831382e-02
1.823505963747572289e-02 1.852192769750939452e-02
1.825258930601979940e-02 3.135972326136770433e-02
1.826082971974366670e-02 1.879075852720318504e-02
1.828732305319792986e-02 1.859807866641968038e-02
1.840400136441599013e-02 1.840907298597821776e-02
1.845939124418416802e-02 1.944981382819302093e-02
1.851395331703751396e-02 1.900360137427639304e-02
1.851432887485147255e-02 1.862016242507672989e-02
1.859184809224039350e-02 1.918364369248475032e-02
1.865568776058044650e-02 1.886814964870626304e-02
1.865613882560563860e-02 1.867654487069055416e-02
1.878293180013801758e-02 1.942586415026856944e-02
1.879068265119502451e-02 2.280256768336114473e-02
1.884086981071277089e-02 2.010221955943312933e-02
1.898979223138151998e-02 1.926809412930882356e-02
1.904724931262070584e-02 2.053450401395527994e-02
1.912142206335483777e-02 2.134286790321386976e-02
1.913599337526573560e-02 1.926425428588724592e-02
1.922925801310038443e-02 2.013052600821034488e-02
1.925689743527101566e-02 1.930179437480387603e-02
1.926157093564765527e-02 1.987061154046953354e-02
1.927270795876954643e-02 1.927595329353110412e-02
1.931775625976120403e-02 1.934235997762853362e-02
1.932194760946746859e-02 2.012162535720444373e-02
1.934035040062365499e-02 1.940257540438437844e-02
1.935407424199186294e-02 2.092828029757384453e-02
1.947799360653462361e-02 1.963481545997754901e-02
1.949278044262263421e-02 2.201498168025394289e-02
1.949532446217160098e-02 2.134491895492424823e-02
1.954493903828901161e-02 2.296043037166970932e-02
1.956386738964194932e-02 2.119281125348384393e-02
1.956907554048126913e-02 2.177509496366207206e-02
1.962111793600004872e-02 2.013917712854328829e-02
1.965260907154007392e-02 2.044520283665608035e-02
1.980651638929445055e-02 1.985376841950688143e-02
1.985851421887860693e-02 1.988856945756226763e-02
1.987479767556038501e-02 2.004022238713890069e-02
1.991281351481843931e-02 2.003155577237279369e-02
1.991828791080197184e-02 2.093168318141958376e-02
1.997306371625382632e-02 2.452716964284315168e-02
2.002641249774315263e-02 2.142312758016615137e-02
2.015025428212753253e-02 2.067847970009210889e-02
2.020131981059224147e-02 2.156128887141358849e-02
2.025864778989087608e-02 2.042922672542220319e-02
2.026774630701733138e-02 2.027933811096459954e-02
2.029242917487657921e-02 2.588917221909226365e-02
2.030736489411859996e-02 2.035706553543045749e-02
2.035203935781403767e-02 2.058098656514421518e-02
2.036957664205303609e-02 2.076836633684495115e-02
2.038533585335595977e-02 2.048513930600886698e-02
2.040348914213200790e-02 2.230702995358403717e-02
2.045666003862739793e-02 2.100448913342529977e-02
2.046746138328099651e-02 2.119136536846112986e-02
2.053693565807649876e-02 2.054472511795239764e-02
2.056757270806778767e-02 2.341611278720585540e-02
2.063317458025207968e-02 2.068449743935810159e-02
2.063593304828457986e-02 2.068466391319830761e-02
2.073571225985727795e-02 2.114761470616488559e-02
2.076005721633348081e-02 2.200988647600067571e-02
2.079734624194913908e-02 2.139582915357673629e-02
2.084127602255485961e-02 2.248964971715458616e-02
2.085083498206362004e-02 2.480854917993896222e-02
2.097262908710267534e-02 2.256680494706204271e-02
2.100708395354803151e-02 2.108978768976204829e-02
2.104072761392805635e-02 2.165850890057557238e-02
2.107999799333126062e-02 2.740538664318564396e-02
2.114666543697097875e-02 2.252888172015245563e-02
2.114675916897387417e-02 2.124326178798952719e-02
2.115380681972752613e-02 2.200713014200601086e-02
2.123957741800381119e-02 2.241978263572877786e-02
2.131366319231708245e-02 2.148896544548613979e-02
2.134381152316817618e-02 2.154294268385727532e-02
2.141867272544951961e-02 2.144137880111048750e-02
2.143557719918231727e-02 2.145215722160517119e-02
2.150414598549829290e-02 2.216396464440028094e-02
2.152690281228416061e-02 2.352298984605258325e-02
2.153510829243440033e-02 2.392341210791089356e-02
2.155090194200523154e-02 2.193941578132979631e-02
2.155984982820881302e-02 2.238325345328209121e-02
2.156028416846432136e-02 2.156303262053842554e-02
2.174818401344980751e-02 2.209812936569869463e-02
2.178136743570704276e-02 2.294023821541050709e-02
2.178393195697739954e-02 2.215270381534084621e-02
2.179859493246895374e-02 2.342184695583770029e-02
2.183911043683443853e-02 2.226674335433730806e-02
2.184668798628684738e-02 2.187766588095800893e-02
2.186548130490216860e-02 3.032582130513643281e-02
2.191558674185766289e-02 3.121694617090624638e-02
2.192891864229728691e-02 2.284071610347031961e-02
2.195663371110868553e-02 2.230776505550650241e-02
2.196091471816315546e-02 2.198394430283698991e-02
2.206991648963607319e-02 2.419796969684920307e-02
2.212636652838336285e-02 2.344845074292787809e-02
2.216417348640637580e-02 2.218198765416718246e-02
2.217344860847201768e-02 2.220366215306726621e-02
2.217523959992459895e-02 2.499822489412092605e-02
2.225088295928799587e-02 2.282258270224342064e-02
2.240270858838849452e-02 2.275922151486711731e-02
2.247391214681366406e-02 2.602701637175131033e-02
2.251411329382134799e-02 2.256315002425347827e-02
2.251510652120965530e-02 2.392048219398167086e-02
2.261883014921614241e-02 2.605287917993050900e-02
2.262160059607431703e-02 2.666696308556113643e-02
2.263667497000980064e-02 2.540683594372043427e-02
2.267284892923157255e-02 2.281739611746422605e-02
2.267526930794855691e-02 2.546395868331112131e-02
2.267820768031365841e-02 2.268478573174269666e-02
2.270493133905675948e-02 2.450044468187958721e-02
2.282409940615239691e-02 2.372139915742501118e-02
2.285066969301357762e-02 2.318183914468090884e-02
2.285580301700697661e-02 2.304007043561655255e-02
2.291962177405478668e-02 2.316522685253872768e-02
2.294678278684959827e-02 2.859181587323150406e-02
2.296112386139673861e-02 2.312339362671668452e-02
2.297146898298358872e-02 2.309707338252248165e-02
2.298656733127102392e-02 2.300908743264925768e-02
2.302666319259819017e-02 2.358219554514236552e-02
2.309994921823649294e-02 2.490785275715593633e-02
2.318040159368539230e-02 2.322564227329372913e-02
2.322846391847747244e-02 2.345708634756913866e-02
2.322962289309947817e-02 2.359443183736923202e-02
2.323532782216111703e-02 2.429987117678823055e-02
2.324047579686833523e-02 2.329777105896709000e-02
2.329208860826845195e-02 2.760778482887569704e-02
2.330719284139138106e-02 2.342309746175231383e-02
2.344134026049772557e-02 2.738547950435952713e-02
2.350780452936909390e-02 2.379681653521500961e-02
2.354769235564416197e-02 2.356970700296096358e-02
2.357933779850971551e-02 2.466710990614717422e-02
2.360631075054131500e-02 2.402754603973916367e-02
2.365258055168139445e-02 2.589577718552501726e-02
2.371677260655566735e-02 2.386394483814380935e-02
2.375917013004195250e-02 3.108816480037353280e-02
2.396134056712034485e-02 2.430477581210333318e-02
2.401343904747743618e-02 2.423620322870949709e-02
2.402124227834060224e-02 2.579647994100621455e-02
2.406218766501276238e-02 2.428500338995757263e-02
2.406535608366017209e-02 2.422962161966651581e-02
2.408471473805428795e-02 2.588462059683439148e-02
2.409761461525662327e-02 2.450253355450351944e-02
2.413884027837191054e-02 2.553458753975315632e-02
2.424903746302519217e-02 2.452885876992210584e-02
2.432339984963156204e-02 2.432360015476701248e-02
2.437901505725011478e-02 2.554411920438065878e-02
2.441950449058490763e-02 2.450436834643690207e-02
2.444219709350148317e-02 2.451363976588986915e-02
2.445162827244332093e-02 2.448256602305599189e-02
2.446744611243594630e-02 2.615013714332986225e-02
2.448189479470023674e-02 2.448335047127551609e-02
2.456055936098271511e-02 2.709809212259743985e-02
2.456401409975689926e-02 2.462814578317925468e-02
2.460118617470164956e-02 2.734176680222379779e-02
2.463766786500069805e-02 3.079427658706358067e-02
2.483839117271504845e-02 2.495369657038840061e-02
2.495858002625625169e-02 2.598177592987348933e-02
2.496626088185927711e-02 2.601793620608400248e-02
2.501407859567653102e-02 2.935880751148962561e-02
2.509795688506262848e-02 2.648010801964189101e-02
2.512156175450399459e-02 2.524783196179271327e-02
2.518183395938260530e-02 2.613158504724502618e-02
2.518523421168411547e-02 2.735269807175230716e-02
2.531468586797550047e-02 2.642366661967798791e-02
2.536438937661023366e-02 2.562041485675422767e-02
2.540812840311797507e-02 2.734769176369857696e-02
2.551219399414823841e-02 2.691699289588461025e-02
2.554534429777052806e-02 2.573819233643800247e-02
2.560595989283684371e-02 2.563839954677443744e-02
2.583138122603510778e-02 2.587172750510841751e-02
2.584342446542286023e-02 2.697582902772077337e-02
2.584582524519105431e-02 2.619382882031618884e-02
2.588051159485001487e-02 2.872879919541933974e-02
2.588436259093859423e-02 2.589054639239453046e-02
2.599160127395826192e-02 2.629544032868798634e-02
2.602383169878687286e-02 2.700570314422077317e-02
2.614923197373399122e-02 2.622243457187828364e-02
2.625736994843065261e-02 2.627897300632536098e-02
2.646235499005152383e-02 3.491530410132295814e-02
2.649680090257005433e-02 2.826991749116561370e-02
2.661836778420320279e-02 2.823208913905487019e-02
2.671223126114123658e-02 2.671224703301764564e-02
2.675461704699260562e-02 2.675491577769836815e-02
2.694194930900928667e-02 2.834301830341110634e-02
2.714232448445092968e-02 3.594906987011300958e-02
2.715369815913307519e-02 2.817175080961945716e-02
2.723488742839913143e-02 2.770703017467169432e-02
2.732573158012551948e-02 2.771815843900522422e-02
2.737536618598293905e-02 3.301915673995255152e-02
2.746906594674615454e-02 2.796159821473351639e-02
2.747590131474714897e-02 2.751058940743399128e-02
2.757682004732843473e-02 3.262725627014554514e-02
2.775797678377094069e-02 2.923167025817052095e-02
2.787042358437466505e-02 2.836089912345165706e-02
2.788766501818201043e-02 2.984609756709849515e-02
2.789720229805477125e-02 2.861550352549829118e-02
2.813279050580808766e-02 2.830917608697843327e-02
2.838249795630192265e-02 2.876192834458246930e-02
2.843214151972963191e-02 2.894077113695053480e-02
2.844684255003494464e-02 2.919579577618995267e-02
2.847295167564412380e-02 2.848047065900045222e-02
2.851453479397687840e-02 2.884064591452051296e-02
2.861426731582185704e-02 2.862355769589514445e-02
2.864073671335141610e-02 2.867661294903526420e-02
2.865345319669722335e-02 2.870141879085144274e-02
2.875131451022758244e-02 3.069378186182758136e-02
2.877906280848646289e-02 3.027020804634801554e-02
2.897103769531487322e-02 3.052212683139517851e-02
2.897127654201920449e-02 2.984458490210816634e-02
2.910447845239261602e-02 2.918031424148051500e-02
2.912509053828676517e-02 2.943606670396235747e-02
2.914574183199783106e-02 2.915969702937118782e-02
2.915849919545622157e-02 2.932413885122835129e-02
2.928551111356421377e-02 2.949616342547271841e-02
2.930207421046761643e-02 2.934020160795004772e-02
2.934356915955662129e-02 2.935100192261107591e-02
2.939387175132885874e-02 3.050467201857501656e-02
2.954632452018928282e-02 3.275653781268452608e-02
2.955565474973785925e-02 3.851113739574335559e-02
2.960530747285523498e-02 2.963988840947436726e-02
2.960851970743299394e-02 2.975125050296954440e-02
2.961918208549549000e-02 2.981972112164337982e-02
2.967205837127177490e-02 3.022464125457054868e-02
2.967899701928471135e-02 3.191845069042224814e-02
2.978085726943558928e-02 3.031502452260547570e-02
2.987451467391721155e-02 3.067950578879007767e-02
2.992435715547947170e-02 3.219134015168967355e-02
2.994817607103242296e-02 3.062493133916079080e-02
2.996893334039052101e-02 3.011320583655194283e-02
2.999181464864823093e-02 3.446143777929207980e-02
3.001384011489878836e-02 3.060621867830675205e-02
3.002939920785594949e-02 3.365764168722208682e-02
3.007344455641919323e-02 3.016557051869831266e-02
3.013831042665230525e-02 3.400630821807379411e-02
3.023746707426443886e-02 3.043023660647990389e-02
3.032273668278447076e-02 3.171104097511979331e-02
3.032917307600244139e-02 3.101707365886207865e-02
3.045673156968952550e-02 3.158894744975014601e-02
3.060329412513391675e-02 3.104035993410807562e-02
3.068506807452769936e-02 3.326142154462484457e-02
3.072549044578132965e-02 3.543403146334257042e-02
3.072975725254986634e-02 3.390044486955320208e-02
3.075196805668354433e-02 3.196148491453706247e-02
3.082833229590969601e-02 3.092160675987357804e-02
3.084191268229657598e-02 3.134931311585106156e-02
3.084461057217287999e-02 3.428394810188410691e-02
3.090158383438043957e-02 3.093059804512163224e-02
3.102287770258463015e-02 3.102427480904817320e-02
3.104495050157031130e-02 3.105636130971954276e-02
3.111365092730854209e-02 3.329934775233462513e-02
3.117095728972162430e-02 3.134776882028719042e-02
3.123653664484222006e-02 3.272660889397848577e-02
3.123971602297460209e-02 3.161857960173945770e-02
3.125451688040335047e-02 3.125860536500606190e-02
3.130784805185909264e-02 3.250041066763725839e-02
3.133957620599230748e-02 3.357294249338997616e-02
3.137748183140726815e-02 3.181000683254692207e-02
3.152469111564668025e-02 3.490102366996342825e-02
3.153612648758838399e-02 3.228145697553407717e-02
3.163358341346844682e-02 4.201608764297991988e-02
3.171534533517279125e-02 3.345016464470010331e-02
3.188197797711557480e-02 3.294298272820714996e-02
3.188801618348753586e-02 3.300478923441532014e-02
3.200526694226699803e-02 3.218923912181236024e-02
3.204264093634503346e-02 3.489522903425181649e-02
3.210392345627126331e-02 3.372610933820659185e-02
3.210638494268654858e-02 3.296829772849983742e-02
3.215237498599737148e-02 3.236446112817023546e-02
3.228174376430283099e-02 3.264380642955619360e-02
3.228627763336473083e-02 3.254957858665025877e-02
3.233971511623585926e-02 3.473556988370005150e-02
3.243376891919290406e-02 3.979846621228490255e-02
3.254496189983855509e-02 3.255839796192257912e-02
3.260884635409588145e-02 3.294751545906406121e-02
3.277400987547157002e-02 3.297230774745374404e-02
3.279166237120138133e-02 3.478206371273787068e-02
3.284034537237218859e-02 3.284115085890671609e-02
3.284666338114866635e-02 3.848020689585061882e-02
3.285075833862295680e-02 3.688333172455834919e-02
3.297670968486314524e-02 3.665111624893131054e-02
3.299445669109118962e-02 3.603074220389901328e-02
3.306463061136408199e-02 3.781499522894014864e-02
3.318017270738352759e-02 3.318017768953982621e-02
3.318905845841726293e-02 3.762899534871004537e-02
3.323601864722086630e-02 3.325429355811318488e-02
3.323670519090304171e-02 3.457026594256112917e-02
3.334750965193604422e-02 3.378131028203663899e-02
3.337503775412525159e-02 3.369667714500809708e-02
3.339837266087624518e-02 4.120932512078476218e-02
3.341839023400124814e-02 3.366365117809203694e-02
3.347398994675191558e-02 3.348508676852140348e-02
3.350827486814824535e-02 3.416712656304039808e-02
3.355727887816636196e-02 3.356378581667061184e-02
3.357731984454791208e-02 3.387835539194555823e-02
3.359888268686234830e-02 3.400809931442733136e-02
3.361502147656515033e-02 3.832307379600215225e-02
3.361599212928228358e-02 5.323457784566427292e-02
3.364066769402845880e-02 3.467123144452652350e-02
3.369943574769101308e-02 4.167749466628053318e-02
3.378916867490919934e-02 3.423732824301383565e-02
3.380036305290916310e-02 3.847482263388497803e-02
3.390767823667095726e-02 3.396145678382512384e-02
3.391890506382848336e-02 3.510048703474450554e-02
3.392152600322577427e-02 3.515962138528815756e-02
3.395095976786318553e-02 3.445122597621296662e-02
3.395620177170674547e-02 3.408019298804180336e-02
3.406152945036929752e-02 3.439935196526298922e-02
3.411489390318628995e-02 4.389145880608637251e-02
3.414266787235306633e-02 3.564461336423447452e-02
3.420795905865392506e-02 3.618268934869851849e-02
3.426255738982812021e-02 4.397470209170455113e-02
3.428455277282036612e-02 3.505931330608058616e-02
3.436462664507579368e-02 3.507592195093513221e-02
3.439711927295118626e-02 3.501703777555911085e-02
3.440417536875448046e-02 3.455059047489382473e-02
3.442807748438782289e-02 3.444842327573792440e-02
3.445883321814884048e-02 3.522814012943824985e-02
3.460574920365933060e-02 4.299595361975747793e-02
3.461608134420814109e-02 3.603419581433282837e-02
3.463322596715965457e-02 4.399345837128174064e-02
3.463851812673039016e-02 3.464540705556506256e-02
3.472448442743104186e-02 3.518301661707357031e-02
3.473933554998315243e-02 3.502992863752160679e-02
3.474604727902051021e-02 3.532336262949829081e-02
3.477494482468630049e-02 3.507569963220996678e-02
3.477809881297674877e-02 4.522100093286252759e-02
3.478149527073370884e-02 4.073613390614472252e-02
3.487404862303026404e-02 3.517211504004404826e-02
3.488703279357759784e-02 3.489118820055787246e-02
3.489745050043972091e-02 3.503847682761528776e-02
3.492072767628338903e-02 3.587942572654468504e-02
3.509042593609004723e-02 3.514064401617378319e-02
3.519974026174842868e-02 3.521648284225107478e-02
3.525182315194295979e-02 3.569480834974366606e-02
3.526664678859351559e-02 3.610755178958836853e-02
3.533228875866195606e-02 3.648939664952392109e-02
3.534510958452474760e-02 5.253198026507921448e-02
3.535651857203907927e-02 3.821718318808343257e-02
3.536652430277232445e-02 3.743103378555332622e-02
3.537099124992762467e-02 3.570984264306678591e-02
3.541126998914038287e-02 3.576910964487470951e-02
3.543370828096580744e-02 3.670248143875699809e-02
3.545327670483782584e-02 4.412043768038717562e-02
3.545746020037184032e-02 3.832714389660026727e-02
3.553941602460714000e-02 3.696592298007068261e-02
3.568398451605614419e-02 4.401483428642733592e-02
3.573441746776434558e-02 3.576332084113270637e-02
3.573745317943827216e-02 3.575195317722745791e-02
3.579394069635528225e-02 3.597446869369078093e-02
3.582336709569865912e-02 3.664611497686422886e-02
3.583173250010090322e-02 4.112555333595263596e-02
3.584035950393707481e-02 3.663225135115916881e-02
3.591738881809432293e-02 4.639724258148453934e-02
3.595390932260731504e-02 3.620789092878662352e-02
3.601985195429949216e-02 4.036202737514369560e-02
3.602777033168537424e-02 3.769432532933327668e-02
3.607263037248010368e-02 3.860671095486342685e-02
3.613717958215884041e-02 3.661953788042381086e-02
3.615996376977931998e-02 3.733056130212544788e-02
3.624275997172156372e-02 3.793210549687856675e-02
3.627962008208362316e-02 3.862930736327186559e-02
3.633890885748298355e-02 4.880817856988935166e-02
3.634798586136022552e-02 3.687247224573764887e-02
3.635323488801011499e-02 3.636596674850134381e-02
3.638426364733161195e-02 3.751160709063029036e-02
3.639063009572651719e-02 3.642900323741651847e-02
3.640228389702136053e-02 3.774117029622377911e-02
3.644516358845047155e-02 3.659952550731373350e-02
3.648575402435819820e-02 4.494451622336029933e-02
3.653874829070090369e-02 4.194100946061764951e-02
3.658295543359893487e-02 3.666608982047826065e-02
3.665207230179266806e-02 3.685337369915856615e-02
3.666986131180361569e-02 4.519989693926896451e-02
3.667211593117183921e-02 3.928245052557469141e-02
3.674458043589391709e-02 4.406301153719747316e-02
3.674601176574194411e-02 3.861549748244209879e-02
3.677009925152704972e-02 3.746733233533131729e-02
3.683292498148049710e-02 4.501712879606075551e-02
3.683805264549985803e-02 4.092088370019106996e-02
3.688751502858796105e-02 4.281284901823274869e-02
3.698146823115954634e-02 3.761935177842223865e-02
3.710463045531066373e-02 3.740145512186287408e-02
3.711469553384721953e-02 3.824832028717812388e-02
3.716860217360696411e-02 3.822854701298229047e-02
3.718369719578232258e-02 3.764518336309299190e-02
3.720543840569962707e-02 3.805368471752015869e-02
3.722093589124274987e-02 3.732284874703027666e-02
3.729918087609682131e-02 4.017288250085524620e-02
3.732241704493497597e-02 3.743361702738023239e-02
3.733969842062437317e-02 3.734858025283466221e-02
3.737669251417504585e-02 4.294737515604585970e-02
3.737730165492698237e-02 4.866223872743240253e-02
3.742339319650810070e-02 3.818638124547169693e-02
3.744492835579190521e-02 3.760819107012911000e-02
3.749636648689497198e-02 3.750869150493706117e-02
3.759786611307245480e-02 3.869315366052812621e-02
3.763232618153704995e-02 4.005697593062072792e-02
3.771204873395973822e-02 3.797248783139098999e-02
3.771289830390189834e-02 3.889791185342186125e-02
3.777345760190263524e-02 4.124524002676071416e-02
3.782363598974325392e-02 3.811631118788757350e-02
3.787291854556411319e-02 3.791639797599159756e-02
3.791279636226570215e-02 3.906062822976146681e-02
3.791716348700480133e-02 3.880188271950896911e-02
3.803098861182615392e-02 3.843635427921891778e-02
3.805408887981907851e-02 4.212938499980293378e-02
3.812991053751014353e-02 4.267776505673873122e-02
3.817911503531948303e-02 3.897920072768433497e-02
3.820254622677112660e-02 3.823751695793781158e-02
3.826584363466684763e-02 4.200399869029260852e-02
3.838134912938789139e-02 4.345048396408175001e-02
3.840802999063223228e-02 3.873552100164014134e-02
3.849058862834919131e-02 4.186988707219337080e-02
3.849158009105493189e-02 3.899853091189569437e-02
3.855218513415863135e-02 4.291398178495556964e-02
3.858701023167021571e-02 4.691696683554205660e-02
3.861540920482646466e-02 4.474750356362211523e-02
3.867159299125201566e-02 3.972692817321285541e-02
3.875781615803068625e-02 4.221141061549633922e-02
3.879550805799216601e-02 3.897199051414808324e-02
3.881170217287867319e-02 3.900002285297816257e-02
3.882140048280276895e-02 4.229302823371262204e-02
3.882596993637385530e-02 4.068477188724403670e-02
3.888366887249565529e-02 4.452781077680027788e-02
3.894977386210756592e-02 3.939229847187464273e-02
3.903736661517358264e-02 3.992339119503496986e-02
3.911649090556804792e-02 3.936860895833742269e-02
3.917344759786336311e-02 4.101238595196174397e-02
3.924558555039067698e-02 3.969628179636649351e-02
3.944974752792373973e-02 4.034020031662358119e-02
3.945602614645225825e-02 3.959717907468954939e-02
3.954933827254592665e-02 3.959083336049175339e-02
3.957346395802948530e-02 4.072321807173225061e-02
3.960751194612292109e-02 4.192753313339001031e-02
3.961609673844435769e-02 5.632433834335054401e-02
3.964860098403873157e-02 4.022917745460108385e-02
3.978474440943556567e-02 4.185053926432597687e-02
3.978923398816085200e-02 4.097974899263234078e-02
3.981192434718010265e-02 4.101961180432572851e-02
3.981755450362470250e-02 4.092642278598778577e-02
3.992981833052174773e-02 4.365444733753214707e-02
3.993858408934069376e-02 4.008946881874088375e-02
3.995536088885655313e-02 4.010743166933702225e-02
3.998108115236225640e-02 4.579278659331060403e-02
4.000354827748275888e-02 4.672262408676324669e-02
4.015394060154528488e-02 4.015901563883265968e-02
4.025046494510204492e-02 4.913481563389536511e-02
4.026949374227122708e-02 4.095980229222525443e-02
4.032408793506099542e-02 4.034329060512645976e-02
4.033732875696378201e-02 4.038118020167025951e-02
4.040887842976823713e-02 4.135475910171662606e-02
4.041440253110117203e-02 4.141897611031231802e-02
4.067816483316299275e-02 4.316388813052248613e-02
4.071134359305487310e-02 4.127776498760047513e-02
4.071431743506370021e-02 4.119290386891097389e-02
4.074746467667324235e-02 4.107267069145396909e-02
4.078050165819848555e-02 4.096418838863820355e-02
4.082184983259133648e-02 4.089126706134129513e-02
4.086002565275378973e-02 4.835651835979139918e-02
4.104947556864162878e-02 4.499337904603113031e-02
4.108232902037620149e-02 5.289483811263065438e-02
4.109374518699134698e-02 4.172299643033080402e-02
4.115135384628598042e-02 4.639543105322250366e-02
4.122185710743239001e-02 4.131621516996263760e-02
4.122919556228690774e-02 4.165039528735055285e-02
4.122924391959056217e-02 4.640229778861744425e-02
4.135107937739530837e-02 4.377646912225749420e-02
4.142257118882014533e-02 4.142495167665637829e-02
4.149932674065628241e-02 4.897763281104081101e-02
4.159424667432256445e-02 4.183666505957506221e-02
4.163152183491701519e-02 4.200743146132829287e-02
4.166328847009059116e-02 4.905623167048978744e-02
4.178193472544576570e-02 4.178194751921610051e-02
4.182332029851272559e-02 5.185870837243124892e-02
4.185294697674291076e-02 5.099215403814789938e-02
4.186654562891369002e-02 4.903499925126472703e-02
4.188421635717276548e-02 4.212800559448409005e-02
4.198770257224536395e-02 4.330938065032879924e-02
4.198902889158744739e-02 5.110107608137472168e-02
4.203458662662598599e-02 5.101927977045957879e-02
4.215502909026490330e-02 4.215669666887394973e-02
4.217803406523361331e-02 4.561825541078908669e-02
4.220635221864119796e-02 4.259585797806303420e-02
4.221289382185867967e-02 4.337966424707662833e-02
4.233695322258018007e-02 4.499474544666841325e-02
4.239619593618391274e-02 4.249731302871700284e-02
4.262760317822879980e-02 4.519861452860924472e-02
4.264365925161802545e-02 4.464529544224773994e-02
4.265070043717003601e-02 4.305526945101750824e-02
4.265951102386786320e-02 4.305753719885031111e-02
4.268849337914298880e-02 4.307222972247334164e-02
4.270279591658554530e-02 4.337515459247339583e-02
4.272706686739590615e-02 4.470947570063974613e-02
4.273189720315526824e-02 4.741846064014773598e-02
4.280054419295450246e-02 4.280055619703588415e-02
4.280787195298085823e-02 4.291866605438607318e-02
4.284762658103659361e-02 4.293805176510621935e-02
4.292536267704685771e-02 4.296313965682674318e-02
4.306538354259974860e-02 4.499588363093622034e-02
4.306822498505692015e-02 4.348292004849320380e-02
4.308054630539542851e-02 4.801886549857219827e-02
4.308410289533728260e-02 4.545239628020877193e-02
4.309440055686869497e-02 4.311287310812791929e-02
4.317997019256049340e-02 4.340077024712347270e-02
4.325697715503830365e-02 4.509560722574179614e-02
4.328695969383011821e-02 4.793218341860604192e-02
4.350731229128059624e-02 4.443669722799194199e-02
4.351849654615098234e-02 4.355028940545790234e-02
4.355905181109327728e-02 4.401044244777591735e-02
4.361667543117493662e-02 4.415569624215217454e-02
4.370670216207613035e-02 4.389948526193759859e-02
4.381839555916881845e-02 5.318100075060661763e-02
4.404312604346380389e-02 4.443022297302399309e-02
4.406660150764361850e-02 4.680209589247828067e-02
4.412455074769418284e-02 4.491985680496239641e-02
4.418612112253352681e-02 4.420742336678996909e-02
4.422354366341758186e-02 4.432759312740996299e-02
4.423527578303038110e-02 4.620086522091812475e-02
4.427880447559309762e-02 4.430142060131375681e-02
4.445505654400904588e-02 4.445762386413183720e-02
4.463354322531392498e-02 4.471610060800655650e-02
4.472849708413528802e-02 4.537853600889390354e-02
4.473939169864311199e-02 4.481491087057079548e-02
4.478944950884207465e-02 4.483894285974992372e-02
4.486778279514988532e-02 4.493379302597691471e-02
4.496314646985763441e-02 4.881887350962395983e-02
4.500130463632854433e-02 4.586429651425076581e-02
4.511927762078857262e-02 4.586861113976754833e-02
4.521946413483711458e-02 4.526539746383188151e-02
4.527394408179903629e-02 4.907446427002846306e-02
4.546039389881346288e-02 4.593871380655384362e-02
4.547969796029652928e-02 5.174718944326860137e-02
4.560050544681125417e-02 5.466423815961229254e-02
4.567113364491431210e-02 4.666912224748640675e-02
4.570843437254114988e-02 4.751133742397036647e-02
4.579188818386984577e-02 4.824973366399715885e-02
4.582059454417716782e-02 4.609105414244746290e-02
4.584379887720418240e-02 4.677183920541670703e-02
4.593332701414632596e-02 4.984158706736906835e-02
4.594207060397333814e-02 4.774686439982567948e-02
4.599116610359639534e-02 4.979855807662636469e-02
4.605174697261540939e-02 4.683841764623151299e-02
4.613500701918540892e-02 5.264898316759998587e-02
4.617820913642686070e-02 7.100891275128311253e-02
4.618851502794454195e-02 4.650103578874914545e-02
4.619853016374525501e-02 4.939428354654584741e-02
4.620497441361852420e-02 4.800309426455805911e-02
4.624419831674242420e-02 4.663856990927430640e-02
4.626067055800158617e-02 4.739898770524143823e-02
4.632437866101191820e-02 4.637748658737063379e-02
4.645550732108642833e-02 4.701013448112063148e-02
4.646152513897701397e-02 4.671793207642242762e-02
4.655500499322781649e-02 4.665482193301786346e-02
4.660502796310684454e-02 4.661345188945683476e-02
4.664391600890351042e-02 4.667444952963835381e-02
4.665469259426561349e-02 4.669683822180222682e-02
4.667909369550559545e-02 4.679640642793526928e-02
4.682086701524138667e-02 5.175375503535138699e-02
4.686777491662396516e-02 4.714168700274125323e-02
4.692115774689441243e-02 4.702942643567401687e-02
4.692229756691863179e-02 4.718400749870260008e-02
4.693632349545130700e-02 4.693644750323606313e-02
4.706619979645184498e-02 4.706635897449988615e-02
4.708220528688931983e-02 5.038636258615852154e-02
4.710494395155310349e-02 4.783998190763942560e-02
4.725453369527556069e-02 4.858153881722782064e-02
4.757820461770416454e-02 4.911553171623785075e-02
4.790962993106803042e-02 4.814203159761334255e-02
4.806298345002465305e-02 4.838121245248076102e-02
4.810619153580583673e-02 4.887820342663239809e-02
4.810921398282516637e-02 4.916733243271748099e-02
4.811987384536559748e-02 4.812141578834858852e-02
4.815401693943101996e-02 5.019845102415826377e-02
4.833020874884824680e-02 4.885788867963086757e-02
4.834977746096656703e-02 4.909195429008136186e-02
4.849418336761444209e-02 5.575771946944490381e-02
4.850593664560308438e-02 4.855578472971223969e-02
4.855643651190485327e-02 4.856147647968375031e-02
4.870953377317581434e-02 4.933058587801473355e-02
4.872077249014152706e-02 4.961668778543350256e-02
4.875259769810106475e-02 6.018312023930420113e-02
4.879518340667214626e-02 5.015923382438118583e-02
4.890779650011271157e-02 4.891732805414154145e-02
4.893987091635063069e-02 5.445971190332854484e-02
4.898604296081261050e-02 4.901922313153074529e-02
4.921627121002199873e-02 4.931832583556339245e-02
4.924045952539621296e-02 5.219822257261862858e-02
4.925303414969642302e-02 5.032527308341463307e-02
4.926261024389236992e-02 5.482988477572257185e-02
4.934395529767170163e-02 4.951987675207000089e-02
4.935608225572488822e-02 4.944051793333213707e-02
4.936948342957087760e-02 5.006966683570460847e-02
4.950298902178788818e-02 5.019376520148351867e-02
4.962027501996495865e-02 4.977185818293427405e-02
4.972740007617786756e-02 4.973100792713523038e-02
4.978876562478234263e-02 5.065310012914075316e-02
4.986706770312508696e-02 5.051363748417498495e-02
4.990931360523506027e-02 7.733245400491646493e-02
5.003047517164113667e-02 5.443507151794611809e-02
5.003279545463303751e-02 5.012996988736672516e-02
5.028372829727999205e-02 5.048184955141257757e-02
5.054994533014554176e-02 5.055964907743766557e-02
5.057414163450911493e-02 5.248351152661438757e-02
5.058177464282580943e-02 5.093297254336340285e-02
5.061301486352221685e-02 5.130467052553105284e-02
5.065615910414372758e-02 5.070005118991338655e-02
5.136791490004274929e-02 5.195397233878471660e-02
5.145599456549085349e-02 5.146167970645172673e-02
5.151161911364465079e-02 5.850729345174471296e-02
5.157010773820973337e-02 5.322505395141309548e-02
5.171924563656840612e-02 5.179157280990320800e-02
5.197032853405710029e-02 5.542661698270691384e-02
5.197820595588819453e-02 5.302742631878294699e-02
5.227820865130754918e-02 5.228027345456304903e-02
5.235424028012269915e-02 5.351137817402303737e-02
5.257719336711201563e-02 5.306181827831442377e-02
5.271438062555008908e-02 7.154178995232696181e-02
5.279566727848480218e-02 5.281406403040513758e-02
5.283529218878206535e-02 5.339346101952283791e-02
5.294828306884629548e-02 5.302232454391906519e-02
5.326522903036728929e-02 5.327216437400078552e-02
5.336256989929644839e-02 5.506905592505013936e-02
5.356456236768143697e-02 5.753955474210298293e-02
5.368945498596692373e-02 5.408998624293054336e-02
5.395235840422993312e-02 5.430180337307195793e-02
5.407947835157176503e-02 5.907953300732517871e-02
5.409806577826166418e-02 5.424408327282030651e-02
5.410267992701770640e-02 6.096973123621288182e-02
5.416141197178006572e-02 5.536255522381160893e-02
5.418928976365217087e-02 5.453578702270840683e-02
5.429717736690787416e-02 5.553278032125922442e-02
5.461568955691902677e-02 5.595200296780298427e-02
5.469868032589661477e-02 5.536911520519072899e-02
5.475233457644077678e-02 5.607430507405320591e-02
5.478988169777462142e-02 5.488976280582233414e-02
5.487626427736660290e-02 5.514860733842504720e-02
5.569683702420989702e-02 5.611821487533938391e-02
5.582315969189530214e-02 6.396930597241286265e-02
5.598562836716558522e-02 6.579679686771272573e-02
5.610545150429355893e-02 5.610548504929676467e-02
5.613587026588189033e-02 5.693003222295080906e-02
5.626468380907832800e-02 5.636745136226400249e-02
5.654140978470334478e-02 5.754436676318876870e-02
5.670019180556502142e-02 6.747859135373948658e-02
5.675005817655626172e-02 5.676971922529259335e-02
5.677154817600895548e-02 5.727549455545088986e-02
5.679457381132672900e-02 5.683180384458265400e-02
5.681442872767240165e-02 6.011506781023077950e-02
5.684098990156653819e-02 5.701580082724107268e-02
5.688908449604615503e-02 6.240557319271124170e-02
5.693059107629456356e-02 5.770706725046045177e-02
5.701474126456746588e-02 5.759940840863257000e-02
5.720664102866025724e-02 5.759508796265100372e-02
5.741329474400366090e-02 5.747564622243547805e-02
5.759327383793412525e-02 5.759332231634729099e-02
5.772731323632698808e-02 5.883654050998787799e-02
5.786354122674523814e-02 6.091218273734171074e-02
5.796149172872917810e-02 5.798370086673287904e-02
5.809837555645483431e-02 5.816417934056495459e-02
5.843763782038647464e-02 5.844711527507251425e-02
5.846831068885330329e-02 5.846876749393910278e-02
5.852424759037504198e-02 7.261337971640111077e-02
5.852884664560419753e-02 5.857089823921722560e-02
5.872209970151516523e-02 5.949576703295524766e-02
5.875658225387676847e-02 5.876139161521978099e-02
5.889521018828838134e-02 5.898590258411730292e-02
5.896863903161470716e-02 6.265066083896132787e-02
5.912166202092310890e-02 6.020521181851291870e-02
5.929210724161799312e-02 6.139034565148315109e-02
5.950691081475411454e-02 5.965318270037058695e-02
5.952469712884020381e-02 5.971599258194788817e-02
5.952563024938915814e-02 6.170764309040412121e-02
5.958420686556294144e-02 6.081614114024221085e-02
5.983451786344705370e-02 6.123023709581484897e-02
5.987227063211930655e-02 6.027425420328715727e-02
6.002044690985727793e-02 6.002246565718595550e-02
6.064197385419047709e-02 6.240800536863794906e-02
6.146105503414104471e-02 6.158504350678757622e-02
6.150674177504564244e-02 6.210090222357700362e-02
6.160267078249744704e-02 6.380839007553634756e-02
6.171018006123956540e-02 6.194117282427816923e-02
6.183390800931640868e-02 6.529975130729638588e-02
6.194462464201978130e-02 6.409101399617429806e-02
6.197241104034331011e-02 6.199986397886615014e-02
6.198410965399278605e-02 6.268364739642257044e-02
6.205496919964576669e-02 7.275950273255576972e-02
6.233621430410186959e-02 6.918491683104541212e-02
6.239947323328953743e-02 6.481215616384551625e-02
6.281857222962769494e-02 7.530885504841557110e-02
6.303205592135831259e-02 6.417481834413152342e-02
6.355734113548383579e-02 6.500473983014677659e-02
6.365849974807469280e-02 6.365910077171678394e-02
6.370093784504640699e-02 6.429985300298877993e-02
6.376694170913789483e-02 6.823983184712964500e-02
6.399920389533546305e-02 6.407561228132645226e-02
6.418722576468205432e-02 6.560343302073824712e-02
6.425782007791744355e-02 6.433370807658833623e-02
6.438913988339940719e-02 6.439915088414634170e-02
6.440709708244096721e-02 6.445424651319861531e-02
6.454661183629047116e-02 6.613597428096976150e-02
6.469955903108300099e-02 6.521955672782438207e-02
6.541050085564473204e-02 6.559072819856676118e-02
6.594554631968171932e-02 6.618293787146471707e-02
6.608250462764851674e-02 6.670085399863676101e-02
6.622234772200723263e-02 6.661470254252481460e-02
6.659984371242826107e-02 7.175756976763639217e-02
6.745721607499825800e-02 6.837266634220555417e-02
6.826581437063160285e-02 8.185194432338833981e-02
6.837155235240276185e-02 7.030834364225282962e-02
6.849742066488750947e-02 6.992563744635307832e-02
6.863263451010075122e-02 7.187509004857574324e-02
6.900927744963157584e-02 6.900934551372168990e-02
6.910921914949828826e-02 7.914107272147881400e-02
6.918616379895489721e-02 7.227710575148024730e-02
6.957018463346190118e-02 7.047173583330229585e-02
6.962425367230380691e-02 6.989855911565813484e-02
6.968958357602873799e-02 7.131921808615693248e-02
7.032893025645489682e-02 7.091843408124764991e-02
7.051586223392067310e-02 8.057963843055486464e-02
7.086210802541891007e-02 7.225124085039838495e-02
7.105093142755694591e-02 7.159663440757979558e-02
7.121815899139802286e-02 7.122023254182487106e-02
7.144103303715478026e-02 9.716504282365755196e-02
7.144630998558799961e-02 7.154091326541597851e-02
7.152619339622544314e-02 7.291725889921034376e-02
7.177076150950541245e-02 7.412294364908579569e-02
7.178254292094105038e-02 7.195191318656127266e-02
7.198060970890791943e-02 7.198243806955810509e-02
7.255362430432625576e-02 7.281101234934192479e-02
7.265117101494696084e-02 7.352825584745389942e-02
7.266901752245646939e-02 7.268241456894586339e-02
7.278982974414240081e-02 7.295867766388121345e-02
7.296640596502733389e-02 8.819471859632081745e-02
7.329974362824313860e-02 7.402616838744695282e-02
7.339180962761929217e-02 7.340247591834073160e-02
7.355559877883570408e-02 7.697924011773132902e-02
7.404080935888132653e-02 7.859507122902212317e-02
7.414099618736445796e-02 7.420238901373556184e-02
7.447064731661301451e-02 7.505252107932801342e-02
7.450152261601704351e-02 7.635688870965996744e-02
7.475738551884610061e-02 7.626378300277773803e-02
7.487109200987804303e-02 8.541516951314623296e-02
7.489202618006451928e-02 7.820517737791976565e-02
7.543315988031135122e-02 7.719742416935619633e-02
7.603505665443535677e-02 7.668155909360847844e-02
7.605355292040440196e-02 8.504792912312153508e-02
7.606451945701545037e-02 7.617801173632193779e-02
7.665773560869412750e-02 7.696912857376898842e-02
7.733789554682324319e-02 7.734324208132886680e-02
7.740448903148949844e-02 7.742663165130410363e-02
7.745224476242176803e-02 7.984202874054134591e-02
7.760925091632532580e-02 8.148576384579823972e-02
7.800473751356834518e-02 8.489913704227618207e-02
7.826508731733609892e-02 7.844128080200271635e-02
7.856523638601856097e-02 7.861487435478878294e-02
7.861070615902976400e-02 7.910101038311313781e-02
7.947074384900298938e-02 7.982374974607917006e-02
7.950396333874308608e-02 8.132076994346573717e-02
7.953305266215492109e-02 7.954923988571029059e-02
7.964634641579325380e-02 8.065527664513963413e-02
8.010162754957389497e-02 8.337115867521230350e-02
8.050806219536717212e-02 8.253951404394747893e-02
8.065808952946365573e-02 8.219753312518214561e-02
8.155931620634307433e-02 8.162590503533243003e-02
8.222309569212045421e-02 8.223397452648718853e-02
8.288856230845415007e-02 8.567341783839910185e-02
8.299338961403164572e-02 8.881494763886782495e-02
8.442644714786282090e-02 8.446701599784753323e-02
8.488048826536395697e-02 8.579848539236112348e-02
8.520419061624552592e-02 8.583332690514945684e-02
8.527335997399931866e-02 8.528074984849348672e-02
8.631776672096286296e-02 8.872981419455995555e-02
8.698809372959297181e-02 8.960236796380136037e-02
8.748872043700106627e-02 8.748878878200704035e-02
8.765149960543217045e-02 9.409396906239576863e-02
8.834947466449848130e-02 8.860315070415132610e-02
8.880740843906269333e-02 8.907143671340388147e-02
8.990963521096119460e-02 9.042336890200508570e-02
9.051396175291803736e-02 9.896314971716888009e-02
9.091477051248608721e-02 9.110275672882688081e-02
9.200183159551987566e-02 9.201758231482054518e-02
9.247003609540213609e-02 9.264825524648841182e-02
9.257055783300609242e-02 9.275220391609984016e-02
9.278798449579651886e-02 9.281536296671089037e-02
9.397659869844768310e-02 9.406108790335214465e-02
9.415454812654525107e-02 9.557670163483401871e-02
9.454327097007346470e-02 9.588755248753098870e-02
9.486752257380794140e-02 9.581628442805095736e-02
9.541569730211291178e-02 9.560901364084438414e-02
9.557611680823194233e-02 9.564498546169679372e-02
9.700944344401649100e-02 9.747306769725223863e-02
1.014994265898238185e-01 1.022056562821724995e-01
1.028566589216675931e-01 1.033173148217766957e-01
1.042369503852945550e-01 1.043176167597789777e-01
1.094418872537553100e-01 1.110263617494426786e-01
1.109752337578436554e-01 1.210149757538545312e-01
1.111423207379521050e-01 1.112607979508872386e-01
1.114362978031811363e-01 1.118251297370338043e-01
1.142970553941577705e-01 1.142985165842578948e-01
1.154485173787724722e-01 1.161545795865409070e-01
1.163151902938811821e-01 1.194405656010822381e-01
1.166702243843782266e-01 1.170668518586307633e-01
1.236890705733069834e-01 1.237146781315379696e-01
1.695829830181574127e-01 1.788218931953909074e-01
