2.692236266080683116e-01 4.449427733608530833e-01
2.973528462466744071e-01 3.045994933823389927e-01
3.233605882716769631e-01 3.439037663626166030e-01
3.502907957303900144e-01 3.595492666976575769e-01
3.525237723326631878e-01 6.041448343555108069e-01
3.876441820844466202e-01 5.364836100156732401e-01
4.009224620441678155e-01 8.471585176343195966e-01
4.230865283691657153e-01 7.067519359441618576e-01
4.267801142267440562e-01 6.254509754032522295e-01
4.316053912473952758e-01 4.327840650597180039e-01
4.317765731261559159e-01 4.492191165247076956e-01
4.819526536289690521e-01 4.838216917451071963e-01
4.893437007804044003e-01 5.920890119636932347e-01
5.147800117136045461e-01 7.951213069791110977e-01
5.222217561567729094e-01 6.120766101837022966e-01
5.242685664608971452e-01 7.246657051281880646e-01
5.284854198715405182e-01 6.607464215166369836e-01
5.780886274822253368e-01 6.738257344321002540e-01
5.851514149524732478e-01 6.484131430173478705e-01
5.998091201996725852e-01 6.274957944855564795e-01
6.714510859276657806e-01 6.725927860339588893e-01
