5.079652964945369914e-02 6.091655286663311131e-02
5.248543134742075789e-02 6.191057453924447840e-02
5.571256739408624037e-02 5.786988350515656632e-02
5.685334440741121598e-02 5.943644583120200053e-02
6.283865262221914605e-02 6.334042132380779400e-02
6.535424871202424879e-02 8.145658209881899425e-02
6.554806055639976481e-02 8.043938995967109262e-02
6.912526865862296532e-02 7.046199293396758490e-02
6.935137952624258195e-02 7.063320591414629090e-02
7.082558700716623523e-02 9.737308803188098050e-02
7.258461750599697060e-02 9.383165515647065580e-02
7.438803919771248829e-02 7.576661036665514881e-02
7.519628778364612076e-02 7.818981093326261844e-02
7.537889039380661627e-02 7.876893700689285849e-02
7.588602346274371524e-02 9.156009719647965894e-02
7.665382910089370283e-02 8.705886311143079537e-02
7.727345771581795031e-02 1.026531718268013371e-01
7.788330215994483663e-02 7.870433631026570176e-02
7.800847788469322808e-02 8.420141287616964010e-02
7.846657117282625216e-02 9.881827714043990574e-02
8.074285902122943503e-02 8.838501481663264825e-02
8.187749039915696858e-02 8.467398718139027003e-02
8.313801597360806483e-02 8.422947759719949523e-02
8.492856019537826928e-02 1.033848091285752974e-01
8.559583552971063158e-02 9.099455187314273164e-02
8.647460732185605070e-02 1.280027593011849318e-01
8.667789829578741168e-02 1.017608938196349483e-01
8.811568197119036550e-02 9.038140937298784483e-02
8.851419910643203159e-02 1.266050579937162690e-01
8.870814935070263363e-02 1.071867757701743945e-01
8.873704048824114510e-02 9.841598307906254672e-02
8.904786214298633651e-02 1.120350898709366050e-01
8.930356151053497893e-02 2.035256746861983657e-01
8.948878940251590863e-02 1.250158638853031690e-01
8.962835020711933109e-02 1.003346742320125329e-01
8.963322697675675521e-02 1.180859349734250802e-01
8.969495725313091083e-02 1.290597233135255262e-01
8.972866417181839249e-02 9.666105315406196830e-02
9.026891349543769705e-02 1.910494585427880976e-01
9.222500316430067013e-02 9.588735882324980753e-02
9.273683352431164040e-02 1.109698348196112572e-01
9.341720176148624044e-02 1.450451478656372972e-01
9.362685311949002498e-02 9.582636207075295731e-02
9.389870874914230114e-02 1.927949533498909407e-01
9.406112443995651162e-02 9.601277372085835482e-02
9.421447276900758727e-02 1.354986503207975812e-01
9.510122948794762221e-02 1.384927958095146794e-01
9.578947197646280054e-02 1.022257759670558985e-01
9.594484729816865620e-02 1.055733008906043352e-01
9.681082255547944493e-02 1.204127200057045904e-01
9.831360378059471328e-02 1.071924461269673640e-01
9.872677574230709352e-02 1.611677543079504671e-01
9.946123912060512995e-02 1.185021144596914572e-01
9.963864818043105531e-02 1.254730731230064289e-01
9.994540354256779835e-02 1.245599045835612539e-01
1.003400238994362620e-01 1.189626830899744997e-01
1.004282313722437564e-01 1.038669561494896115e-01
1.006017043548207979e-01 1.026360200778842352e-01
1.007016999141267244e-01 1.331641509040565885e-01
1.011947154635004370e-01 1.846836072831286590e-01
1.016121392079928631e-01 1.492224520695870082e-01
1.017554911846578758e-01 1.222899645160882565e-01
1.021423154366633140e-01 1.372983832924231096e-01
1.024044812709524049e-01 1.251321129119876141e-01
1.024431710183785343e-01 2.380257110836106194e-01
1.024570470964299429e-01 1.111810241583616188e-01
1.026025310574444904e-01 1.044358947161986434e-01
1.033074357587312753e-01 1.505474243713612326e-01
1.034036675810465905e-01 1.601233387498719740e-01
1.050432383634667122e-01 1.126830396680278401e-01
1.052669178880614592e-01 1.117743412636354738e-01
1.052761376528677101e-01 2.063232730665679193e-01
1.060223848995277135e-01 1.425905183473649696e-01
1.060991393854746612e-01 1.129176971915247241e-01
1.062345695001531004e-01 1.134841761582448677e-01
1.079089807186853212e-01 1.337517100796750125e-01
1.080234360953914730e-01 1.779753887717513416e-01
1.083016720537323535e-01 1.139419274202569665e-01
1.086790320656292053e-01 1.581176459473801477e-01
1.094965355735389723e-01 1.366317258755520569e-01
1.096693262446483408e-01 1.237456167843413724e-01
1.101067245085455837e-01 1.620595396211487738e-01
1.105494327813102279e-01 2.453032536748587233e-01
1.105506221742538764e-01 1.480518926045834294e-01
1.115340837881446667e-01 1.149930887428744081e-01
1.115495007501296765e-01 1.358306192736007389e-01
1.117951118971005769e-01 1.150993734006765801e-01
1.126946565093553954e-01 1.657440555152263628e-01
1.128963938717206933e-01 1.157132289396571867e-01
1.129751545739974689e-01 1.361313160746739914e-01
1.134526122312264212e-01 1.812661564809867620e-01
1.136606320340948773e-01 1.192089607276169416e-01
1.138088566833960341e-01 1.482383139571122610e-01
1.138912413709847332e-01 1.608250407691035055e-01
1.149737791788243563e-01 1.272068900023234084e-01
1.150234029807189334e-01 1.656431592301397804e-01
1.150521382523447544e-01 1.225306759205699869e-01
1.164084671513015562e-01 1.267728795620503002e-01
1.169558145330746174e-01 1.629793494341303939e-01
1.169581668009073150e-01 1.338154026872759028e-01
1.170050356408000036e-01 1.927474830769205505e-01
1.177534837999860695e-01 1.308447936589461624e-01
1.184246950953228295e-01 1.896563926338764583e-01
1.191633393231671945e-01 1.295326384649131135e-01
1.198499507678636444e-01 1.404443314615358429e-01
1.206345544905385175e-01 1.750294794600486259e-01
1.218374501813910549e-01 1.221882029692589744e-01
1.233341118738719155e-01 1.397667285063332598e-01
1.244785054932271429e-01 1.320749345136907338e-01
1.248421859247264565e-01 1.857753961139104459e-01
1.257089736405199998e-01 1.477341511549992437e-01
1.258170493677203405e-01 1.414880916376849984e-01
1.260052890564836714e-01 1.591944229016225565e-01
1.277036188624095514e-01 1.297981306476044538e-01
1.279365177605969184e-01 2.473941773253962861e-01
1.279775838856766212e-01 1.402745232587827295e-01
1.284662833683588579e-01 1.814242505637820024e-01
1.288499522845474032e-01 1.352264990795631339e-01
1.288581424830504141e-01 2.118146685217892344e-01
1.289474452871118282e-01 1.346045416856114785e-01
1.295679876906997430e-01 1.719399766656383166e-01
1.298948599167475404e-01 1.342748492401377169e-01
1.303619602143535894e-01 1.682802713541556028e-01
1.308865779951946806e-01 1.352136276485117194e-01
1.313096177724156488e-01 1.324113588130786945e-01
1.317691738112328204e-01 1.637502205844443282e-01
1.330052847949083350e-01 1.638226670625609338e-01
1.330458650445227042e-01 1.338811748844424276e-01
1.336746600882636749e-01 1.418805467653798114e-01
1.337780059169256242e-01 1.481835384733785066e-01
1.337925097093161098e-01 1.415523192718058099e-01
1.341392082720073431e-01 1.386115724342034394e-01
1.357859401970465119e-01 1.401106778433238165e-01
1.392866284862780413e-01 1.394731819652401950e-01
1.399890327007320967e-01 1.535502419094093296e-01
1.425546047505945324e-01 1.466957226393489633e-01
1.430001511352433086e-01 1.505536130734624334e-01
1.454449468315076044e-01 1.480267124909212251e-01
1.468960807342225006e-01 2.212367799061849549e-01
1.473561545577055931e-01 1.822039377642257485e-01
1.497586983406134220e-01 1.915347405300986960e-01
1.525518541673415440e-01 1.713763921533162371e-01
1.532029481294406026e-01 1.548130396281080512e-01
1.549646218348821602e-01 1.622810986388284193e-01
1.584440794748858405e-01 1.917371296042929552e-01
1.740086700096877270e-01 1.868663329648549976e-01
2.328741365415590014e-01 2.331769996931999656e-01
