9.508249726835035776e-02 9.858247803608269355e-02
9.527521819541120984e-02 9.685813504066125013e-02
1.537944943638049067e-01 1.556301218140453690e-01
1.727871999467243957e-01 1.731500849780801266e-01
1.771688990592970026e-01 1.777024567861630600e-01
1.782744458939847787e-01 1.803607491897390447e-01
2.146643070084621463e-01 2.168194555639946508e-01
2.240221399945948322e-01 8.793089667703557488e-01
2.466193281673319526e-01 2.548469891962398259e-01
3.472111801580768375e-01 3.652730270128715651e-01
5.785026898717733346e-01 5.806015461265333633e-01
