1.072019081402690310e-01 1.167171775663006644e-01
1.199303674797987385e-01 1.201990597308459502e-01
1.269513001102431926e-01 1.275561107854470966e-01
1.489598308071407029e-01 1.527454475698905578e-01
1.610659019320778151e-01 1.622690096110950553e-01
1.884297330549887239e-01 1.942458896911714861e-01
1.893989714800823343e-01 1.923875452216285697e-01
1.900603146512087338e-01 1.930765423754257082e-01
2.359454516385044720e-01 9.128162497081755422e-01
2.419994602990380161e-01 2.442646158016851532e-01
7.788294707022972441e-01 8.046316965896024298e-01
