1.023520448194233240e-01 1.028275925626854770e-01
1.048732572001697255e-01 1.086757933053821706e-01
1.440414868485637712e-01 1.447922499239928107e-01
1.539674069528237099e-01 1.631713517343902353e-01
1.545943820995112628e-01 1.552008075613202365e-01
1.602690426905004906e-01 1.615609401297523062e-01
1.612387448147036828e-01 1.631432297488686622e-01
1.750712931311192988e-01 1.771193143215694654e-01
1.767199710406037738e-01 1.787950467976465174e-01
1.855849177202735512e-01 1.859388350715544258e-01
1.888353000012300831e-01 1.956065480443315852e-01
2.352799589612576403e-01 9.205931132050024779e-01
2.359590968747080353e-01 2.489522005158871509e-01
2.489028590605334712e-01 2.527558294106656556e-01
2.729228834361681622e-01 2.792431721001679690e-01
2.768628424158301460e-01 2.810236213463152555e-01
