0.000000000000000000e+00 6.770972429819108185e-02
0.000000000000000000e+00 6.596763623293305789e-02
0.000000000000000000e+00 8.631460679276288517e-02
0.000000000000000000e+00 5.634951516601614113e-02
0.000000000000000000e+00 7.791206857423424448e-02
0.000000000000000000e+00 7.713585498422700915e-02
0.000000000000000000e+00 7.607788002564902508e-02
0.000000000000000000e+00 6.667928834971358076e-02
0.000000000000000000e+00 6.455669246372355841e-02
0.000000000000000000e+00 5.832739136807604113e-02
0.000000000000000000e+00 9.909025450668637602e-02
0.000000000000000000e+00 5.583012367085986999e-02
0.000000000000000000e+00 8.643500206451143475e-02
0.000000000000000000e+00 9.887451696485606567e-02
0.000000000000000000e+00 5.867044184464271367e-02
0.000000000000000000e+00 7.515310051834904470e-02
0.000000000000000000e+00 5.491847105688490299e-02
0.000000000000000000e+00 6.896221295684065722e-02
0.000000000000000000e+00 7.092812731651945701e-02
0.000000000000000000e+00 8.735069391068270295e-02
0.000000000000000000e+00 8.208263795769962790e-02
0.000000000000000000e+00 6.674693694622481355e-02
0.000000000000000000e+00 1.001017042169927290e-01
0.000000000000000000e+00 6.281591720801123213e-02
0.000000000000000000e+00 7.085184154788431998e-02
0.000000000000000000e+00 4.324186736296945638e-02
0.000000000000000000e+00 9.502825141632553763e-02
0.000000000000000000e+00 1.034471771301440357e-01
0.000000000000000000e+00 6.640840943570479327e-02
0.000000000000000000e+00 9.444705884034848564e-02
0.000000000000000000e+00 9.649122701631260290e-02
0.000000000000000000e+00 7.056701401835090148e-02
0.000000000000000000e+00 7.448556843842922548e-02
0.000000000000000000e+00 7.090963830101178200e-02
0.000000000000000000e+00 6.427168893820703333e-02
0.000000000000000000e+00 6.251302206844255860e-02
0.000000000000000000e+00 8.029000751871105679e-02
0.000000000000000000e+00 6.673405483060755594e-02
0.000000000000000000e+00 5.193487199848201979e-02
0.000000000000000000e+00 6.568940782349931562e-02
0.000000000000000000e+00 2.633035209454161543e-02
0.000000000000000000e+00 4.206726256071446901e-02
0.000000000000000000e+00 5.500425350746704356e-02
0.000000000000000000e+00 4.367197549282184760e-02
0.000000000000000000e+00 6.544762036442966502e-02
0.000000000000000000e+00 4.350427249749404257e-02
0.000000000000000000e+00 1.006850572057117893e-01
0.000000000000000000e+00 5.828936475405363526e-02
0.000000000000000000e+00 3.401937034625837630e-02
0.000000000000000000e+00 3.527583174782600306e-02
0.000000000000000000e+00 9.028077978774788626e-02
0.000000000000000000e+00 6.234026400116873812e-02
0.000000000000000000e+00 6.326259272358430996e-02
0.000000000000000000e+00 5.383606030892940097e-02
0.000000000000000000e+00 8.445036229902126712e-02
0.000000000000000000e+00 7.899123868266717807e-02
0.000000000000000000e+00 3.242798297932943108e-02
0.000000000000000000e+00 5.632010250605276602e-02
0.000000000000000000e+00 9.930345678145198474e-02
0.000000000000000000e+00 5.856850781652982174e-02
0.000000000000000000e+00 4.126248256085068150e-02
0.000000000000000000e+00 4.577420486607343408e-02
0.000000000000000000e+00 6.749998807436377590e-02
0.000000000000000000e+00 7.183950326654001128e-02
0.000000000000000000e+00 4.956296470535086901e-02
0.000000000000000000e+00 7.058299974371164132e-02
0.000000000000000000e+00 7.924584679303803281e-02
0.000000000000000000e+00 3.876155337163195852e-02
0.000000000000000000e+00 6.056680466694475823e-02
0.000000000000000000e+00 6.620797860647614774e-02
0.000000000000000000e+00 4.607515428695593135e-02
0.000000000000000000e+00 6.048250576762294328e-02
0.000000000000000000e+00 8.573951999722514983e-02
0.000000000000000000e+00 6.470369437477228869e-02
0.000000000000000000e+00 2.247807881414520467e-02
0.000000000000000000e+00 9.575808851414181755e-02
0.000000000000000000e+00 6.442061450164594805e-02
0.000000000000000000e+00 5.886549031886593314e-02
0.000000000000000000e+00 8.254397737301095994e-02
0.000000000000000000e+00 9.620754844264120531e-02
0.000000000000000000e+00 3.295785730475180031e-02
0.000000000000000000e+00 8.261682273625298167e-02
0.000000000000000000e+00 4.650684804990207200e-02
0.000000000000000000e+00 6.144169789025317324e-02
0.000000000000000000e+00 5.400424568235096673e-02
0.000000000000000000e+00 6.911973679088875833e-02
0.000000000000000000e+00 6.197594644194355518e-02
0.000000000000000000e+00 3.803748038496944373e-02
0.000000000000000000e+00 1.178663061906671666e-01
0.000000000000000000e+00 4.549377379741511435e-02
0.000000000000000000e+00 6.641286483498630433e-02
0.000000000000000000e+00 5.597139742683197861e-02
0.000000000000000000e+00 5.597097583055141157e-02
0.000000000000000000e+00 6.491422093382523406e-02
0.000000000000000000e+00 7.270041573386816502e-02
0.000000000000000000e+00 3.706553478923728384e-03
0.000000000000000000e+00 9.223566394360055432e-02
0.000000000000000000e+00 4.185110191717230504e-02
0.000000000000000000e+00 5.118828092577924066e-02
0.000000000000000000e+00 7.978110233622495717e-02
0.000000000000000000e+00 2.762281222249614310e-02
0.000000000000000000e+00 3.602511713996738030e-02
0.000000000000000000e+00 8.122567376958396423e-02
0.000000000000000000e+00 7.044349159706324304e-02
0.000000000000000000e+00 9.414375675179136038e-02
0.000000000000000000e+00 6.868990147097561727e-02
0.000000000000000000e+00 1.054542946625942196e-01
0.000000000000000000e+00 6.804439742384793544e-02
0.000000000000000000e+00 8.346006448871308436e-02
0.000000000000000000e+00 6.672942166906553618e-02
0.000000000000000000e+00 7.416935640592001167e-02
0.000000000000000000e+00 2.856360346979711431e-02
0.000000000000000000e+00 5.394278290910851925e-02
0.000000000000000000e+00 8.979855295572446161e-02
0.000000000000000000e+00 5.297529282707603288e-02
0.000000000000000000e+00 8.305240349626674679e-02
0.000000000000000000e+00 8.084483701659286869e-02
0.000000000000000000e+00 4.806132511303323751e-02
0.000000000000000000e+00 9.740106328277084446e-02
0.000000000000000000e+00 5.389074633941410425e-02
0.000000000000000000e+00 5.405386657603583611e-02
0.000000000000000000e+00 8.948199015996187444e-02
0.000000000000000000e+00 6.503503481144969067e-02
0.000000000000000000e+00 5.808248108726179332e-02
0.000000000000000000e+00 7.145031320238236228e-02
0.000000000000000000e+00 4.620572660323463143e-02
0.000000000000000000e+00 4.028370651845599587e-02
0.000000000000000000e+00 4.068796453394929458e-02
0.000000000000000000e+00 4.876900252671281799e-02
0.000000000000000000e+00 4.307262752452931803e-02
0.000000000000000000e+00 5.763353908846539919e-02
0.000000000000000000e+00 5.376453914618472413e-02
0.000000000000000000e+00 6.824752965922102621e-02
0.000000000000000000e+00 5.975632832139134848e-02
0.000000000000000000e+00 9.302035109825403103e-02
0.000000000000000000e+00 5.875900222939196144e-02
0.000000000000000000e+00 4.245296773032025683e-02
0.000000000000000000e+00 6.309789521350203656e-02
0.000000000000000000e+00 3.077183434774371021e-02
0.000000000000000000e+00 5.957312324717915081e-02
0.000000000000000000e+00 1.000022218661547058e-01
0.000000000000000000e+00 9.340888231095262340e-02
0.000000000000000000e+00 6.436196158733362149e-02
0.000000000000000000e+00 7.377835108102197281e-02
0.000000000000000000e+00 2.571669917539244274e-02
0.000000000000000000e+00 9.923262247367416189e-02
0.000000000000000000e+00 4.098729040004775448e-02
0.000000000000000000e+00 6.482112129445967430e-02
0.000000000000000000e+00 5.103348750576115062e-02
0.000000000000000000e+00 5.414534068290927094e-02
0.000000000000000000e+00 6.466198947467795277e-02
0.000000000000000000e+00 7.303447150132275079e-02
0.000000000000000000e+00 7.989434338345693942e-02
0.000000000000000000e+00 2.412932191981259980e-02
0.000000000000000000e+00 4.410686974101501318e-02
0.000000000000000000e+00 2.821492720936273277e-02
0.000000000000000000e+00 3.669246575479416517e-02
0.000000000000000000e+00 5.158769433079769817e-02
0.000000000000000000e+00 4.071523717308082879e-02
0.000000000000000000e+00 3.128485361564617429e-02
0.000000000000000000e+00 3.050909249891325600e-02
0.000000000000000000e+00 1.945082604788271607e-02
0.000000000000000000e+00 6.622858197916926815e-02
0.000000000000000000e+00 3.150511577876078523e-02
0.000000000000000000e+00 3.990508414535241105e-02
0.000000000000000000e+00 3.457981396079184977e-02
0.000000000000000000e+00 7.337945812497521925e-02
0.000000000000000000e+00 3.166397520087479989e-02
0.000000000000000000e+00 6.123200729647743784e-02
0.000000000000000000e+00 3.611622617615467545e-02
0.000000000000000000e+00 2.681874680748555506e-02
0.000000000000000000e+00 6.188129506917977585e-02
0.000000000000000000e+00 5.632883076488488100e-02
0.000000000000000000e+00 4.965142176882886282e-02
0.000000000000000000e+00 7.293944812715706660e-02
0.000000000000000000e+00 6.384211026330577354e-02
0.000000000000000000e+00 9.795806108847258942e-02
0.000000000000000000e+00 8.104877342302016507e-02
0.000000000000000000e+00 4.251720303890001162e-02
0.000000000000000000e+00 4.903060707299075616e-02
0.000000000000000000e+00 6.578780284125058941e-02
0.000000000000000000e+00 6.441674102477172592e-02
0.000000000000000000e+00 4.885351843578456671e-02
0.000000000000000000e+00 8.009822441805680704e-02
0.000000000000000000e+00 2.339032927119330876e-02
0.000000000000000000e+00 4.607953894106476406e-02
0.000000000000000000e+00 3.828709064870384343e-02
0.000000000000000000e+00 5.599446918154592223e-02
0.000000000000000000e+00 6.253604956146317784e-02
0.000000000000000000e+00 3.986919953823405555e-02
0.000000000000000000e+00 8.390000675013516152e-02
0.000000000000000000e+00 3.195730370406675569e-02
0.000000000000000000e+00 3.267975205582100695e-02
0.000000000000000000e+00 6.225186104602133813e-02
0.000000000000000000e+00 2.598643313558747850e-02
0.000000000000000000e+00 3.391042176609228992e-02
0.000000000000000000e+00 9.070825806590361584e-02
0.000000000000000000e+00 6.360510464741285508e-02
0.000000000000000000e+00 3.704394962995348484e-02
0.000000000000000000e+00 3.402919734891703130e-02
0.000000000000000000e+00 3.113843830297995802e-02
0.000000000000000000e+00 4.378370556495549126e-02
0.000000000000000000e+00 6.952824411221668333e-02
0.000000000000000000e+00 5.061729899223218337e-02
0.000000000000000000e+00 6.040359435349967193e-02
0.000000000000000000e+00 5.068754750519365720e-02
0.000000000000000000e+00 6.093781941579032302e-02
0.000000000000000000e+00 3.293839734883321352e-02
0.000000000000000000e+00 5.950835159331684110e-02
0.000000000000000000e+00 5.944862374889485490e-02
0.000000000000000000e+00 4.234934047560853093e-02
0.000000000000000000e+00 4.265361892859723114e-02
0.000000000000000000e+00 3.828701425785209500e-02
0.000000000000000000e+00 1.404810795991601018e-02
0.000000000000000000e+00 4.020541410149892914e-02
0.000000000000000000e+00 2.333793365305867132e-02
0.000000000000000000e+00 4.125804737153271340e-02
0.000000000000000000e+00 5.332295465959257380e-02
0.000000000000000000e+00 2.266090287898412520e-02
0.000000000000000000e+00 7.107998502912588057e-02
0.000000000000000000e+00 4.969424293446566415e-02
0.000000000000000000e+00 5.605999942995884555e-02
0.000000000000000000e+00 5.500758697639142325e-02
0.000000000000000000e+00 4.524075032473260510e-02
0.000000000000000000e+00 2.516549697218713189e-02
0.000000000000000000e+00 3.603758188022507941e-02
0.000000000000000000e+00 8.450100322892101223e-02
0.000000000000000000e+00 3.646802505987977588e-02
0.000000000000000000e+00 5.521266226465897792e-02
0.000000000000000000e+00 5.078265760354976760e-02
0.000000000000000000e+00 5.697520600456869311e-02
0.000000000000000000e+00 9.933454718327074107e-02
0.000000000000000000e+00 5.244683252313592225e-02
0.000000000000000000e+00 6.835237352269066258e-02
0.000000000000000000e+00 2.966332088386841245e-02
0.000000000000000000e+00 8.817610692838812048e-02
0.000000000000000000e+00 2.808802963818538695e-02
0.000000000000000000e+00 8.225237734897282438e-02
0.000000000000000000e+00 4.577243401608294820e-02
0.000000000000000000e+00 4.721485772022015331e-02
0.000000000000000000e+00 9.840702376454130151e-02
0.000000000000000000e+00 8.504210801688248667e-02
0.000000000000000000e+00 5.140594007899412093e-02
0.000000000000000000e+00 4.149112324606223784e-02
0.000000000000000000e+00 5.167095237859092166e-02
0.000000000000000000e+00 7.536727563964037979e-02
0.000000000000000000e+00 6.956661753560386408e-02
0.000000000000000000e+00 2.996231144700973320e-02
0.000000000000000000e+00 2.446783632966728281e-02
0.000000000000000000e+00 5.860291165449718620e-02
0.000000000000000000e+00 4.579129247067637715e-02
0.000000000000000000e+00 5.272003778898990550e-02
0.000000000000000000e+00 5.395401547824753979e-02
0.000000000000000000e+00 9.708631159568975599e-02
0.000000000000000000e+00 5.809086208509664506e-02
0.000000000000000000e+00 6.728662023421563831e-02
0.000000000000000000e+00 6.139007312003814942e-02
0.000000000000000000e+00 5.009933550522821522e-02
0.000000000000000000e+00 6.063010274759112611e-02
0.000000000000000000e+00 4.936984364324222690e-02
0.000000000000000000e+00 4.590687024509100544e-02
0.000000000000000000e+00 4.673621017672767441e-02
0.000000000000000000e+00 6.936947646950621105e-02
0.000000000000000000e+00 5.928424246236260742e-02
0.000000000000000000e+00 7.928229160915299667e-02
0.000000000000000000e+00 5.259483047894741858e-02
0.000000000000000000e+00 4.709941714113383832e-02
0.000000000000000000e+00 4.510555282490335410e-02
0.000000000000000000e+00 6.884548230828535509e-02
0.000000000000000000e+00 4.109348669679778465e-02
0.000000000000000000e+00 4.126935095710420470e-02
0.000000000000000000e+00 6.978150695245610713e-02
0.000000000000000000e+00 6.456042293937010179e-02
0.000000000000000000e+00 2.508261673062007341e-02
0.000000000000000000e+00 2.219894880087288844e-02
0.000000000000000000e+00 2.969164010676572651e-02
0.000000000000000000e+00 3.723942751425281250e-02
0.000000000000000000e+00 7.444286275642680861e-02
0.000000000000000000e+00 8.576604813033500418e-02
0.000000000000000000e+00 5.587332714966049968e-02
0.000000000000000000e+00 3.105287612840915493e-02
0.000000000000000000e+00 9.433842839160701266e-02
0.000000000000000000e+00 7.965142204478532773e-02
0.000000000000000000e+00 2.258795371250334194e-02
0.000000000000000000e+00 5.606073889449147973e-02
0.000000000000000000e+00 3.832568413053277778e-02
0.000000000000000000e+00 7.548719519176241843e-02
0.000000000000000000e+00 4.855198466992422662e-02
0.000000000000000000e+00 6.381763555185909764e-02
0.000000000000000000e+00 6.814441860645428783e-02
0.000000000000000000e+00 5.911784783313015629e-02
0.000000000000000000e+00 7.048778103440418719e-02
0.000000000000000000e+00 1.935275928103852988e-02
0.000000000000000000e+00 4.591007514869260148e-02
0.000000000000000000e+00 4.463910645013700884e-02
0.000000000000000000e+00 6.674560799994679050e-02
0.000000000000000000e+00 7.193649484432287911e-02
0.000000000000000000e+00 3.430689344859177980e-02
0.000000000000000000e+00 4.404156581234371787e-02
0.000000000000000000e+00 5.203048798470727432e-02
0.000000000000000000e+00 8.183137808715543193e-02
0.000000000000000000e+00 1.624030133595919662e-02
0.000000000000000000e+00 2.900456263405185725e-02
0.000000000000000000e+00 8.911872143009348657e-02
0.000000000000000000e+00 4.695870707665459470e-02
0.000000000000000000e+00 8.298504791957221627e-02
0.000000000000000000e+00 6.084704637616333844e-02
0.000000000000000000e+00 6.336508782075424284e-02
0.000000000000000000e+00 1.590095906459501607e-02
0.000000000000000000e+00 4.080820612405738207e-02
0.000000000000000000e+00 5.085696905415841573e-02
0.000000000000000000e+00 3.845890130636282073e-02
0.000000000000000000e+00 4.837814425357427062e-02
0.000000000000000000e+00 4.556526325210733669e-02
0.000000000000000000e+00 5.636901877503992103e-02
0.000000000000000000e+00 4.930256721437979023e-02
0.000000000000000000e+00 6.515389225490976488e-02
0.000000000000000000e+00 4.986620125718435603e-02
0.000000000000000000e+00 7.432570006412152208e-02
0.000000000000000000e+00 4.595028514697526573e-02
0.000000000000000000e+00 4.255190677411611888e-02
0.000000000000000000e+00 5.166496981776522168e-02
0.000000000000000000e+00 1.062888729013897332e-01
0.000000000000000000e+00 4.064087261015360969e-02
0.000000000000000000e+00 4.777739555314242798e-02
0.000000000000000000e+00 5.572195747432953650e-02
0.000000000000000000e+00 2.999364846398627077e-02
0.000000000000000000e+00 7.157988602047971050e-02
0.000000000000000000e+00 1.216191464389517786e-02
0.000000000000000000e+00 4.513602657739983898e-02
0.000000000000000000e+00 5.432690483459684527e-02
0.000000000000000000e+00 3.773390570152621026e-02
0.000000000000000000e+00 5.715366933050881892e-02
0.000000000000000000e+00 3.732783819731037150e-02
0.000000000000000000e+00 4.866870492842361590e-02
0.000000000000000000e+00 2.959405955343307956e-02
0.000000000000000000e+00 6.551019437212855789e-02
0.000000000000000000e+00 3.487730513927453369e-02
0.000000000000000000e+00 2.923307377611885152e-02
0.000000000000000000e+00 4.657083579748585306e-02
0.000000000000000000e+00 6.318710094942811550e-02
0.000000000000000000e+00 6.862634673952651421e-02
0.000000000000000000e+00 6.421308719998586323e-02
0.000000000000000000e+00 2.786543414778328009e-02
0.000000000000000000e+00 4.912989591522140542e-02
0.000000000000000000e+00 7.401900979978509598e-02
0.000000000000000000e+00 1.919518064935370541e-02
0.000000000000000000e+00 2.722872630808251260e-02
0.000000000000000000e+00 4.973094116555586836e-02
0.000000000000000000e+00 4.022135135159834313e-02
0.000000000000000000e+00 4.339874192369728989e-02
0.000000000000000000e+00 3.310092031057909612e-02
0.000000000000000000e+00 8.588912240676831178e-02
0.000000000000000000e+00 6.234550390249640750e-02
0.000000000000000000e+00 6.641505587076609873e-02
0.000000000000000000e+00 2.905571286060015454e-02
0.000000000000000000e+00 4.640295414082262065e-02
0.000000000000000000e+00 2.478853447872733998e-02
0.000000000000000000e+00 4.176982134987883982e-02
0.000000000000000000e+00 4.444379329457699701e-02
0.000000000000000000e+00 7.898202548842805926e-02
0.000000000000000000e+00 4.356064346563096046e-02
0.000000000000000000e+00 4.046806424839428928e-02
0.000000000000000000e+00 3.060254446418437385e-02
0.000000000000000000e+00 3.470415200821093393e-02
0.000000000000000000e+00 4.532606736395176916e-02
0.000000000000000000e+00 5.375715565553725039e-02
0.000000000000000000e+00 4.146900721603064000e-02
0.000000000000000000e+00 8.440829262782688358e-02
0.000000000000000000e+00 7.533245559386625434e-02
0.000000000000000000e+00 5.295857945273797079e-02
0.000000000000000000e+00 4.514006023649673460e-02
0.000000000000000000e+00 3.246206827911581050e-02
0.000000000000000000e+00 5.822075998524118418e-02
0.000000000000000000e+00 6.805565037158849140e-02
0.000000000000000000e+00 8.715617891693377972e-02
0.000000000000000000e+00 3.571101381204443842e-02
0.000000000000000000e+00 5.197339359095291822e-02
0.000000000000000000e+00 6.153895694060479427e-02
0.000000000000000000e+00 8.282584225075396989e-02
0.000000000000000000e+00 3.139879321406475327e-02
0.000000000000000000e+00 4.179643659700104513e-02
0.000000000000000000e+00 4.687378602632260444e-02
0.000000000000000000e+00 3.608363775763712145e-02
0.000000000000000000e+00 9.752327914938692388e-02
0.000000000000000000e+00 4.626683214720359039e-02
0.000000000000000000e+00 4.881433055038815472e-02
0.000000000000000000e+00 2.179604532794745739e-02
0.000000000000000000e+00 2.927521463080538094e-02
0.000000000000000000e+00 1.984155456576118526e-02
0.000000000000000000e+00 6.022507090259245771e-02
0.000000000000000000e+00 1.853735217816387254e-02
0.000000000000000000e+00 4.927069865928553755e-02
0.000000000000000000e+00 6.739658312246972482e-02
0.000000000000000000e+00 5.062007955873736031e-02
0.000000000000000000e+00 6.470480254004813692e-02
0.000000000000000000e+00 3.758251530017090586e-02
0.000000000000000000e+00 5.656226702761963515e-02
0.000000000000000000e+00 7.953345856717078388e-02
0.000000000000000000e+00 3.384422716222397487e-02
0.000000000000000000e+00 3.956330579140115988e-02
0.000000000000000000e+00 2.963015756482899679e-02
0.000000000000000000e+00 3.778959649369929841e-02
0.000000000000000000e+00 5.330110226480406360e-02
0.000000000000000000e+00 5.496714751841887819e-02
0.000000000000000000e+00 4.436012041448673254e-02
0.000000000000000000e+00 4.822682315614192777e-02
0.000000000000000000e+00 7.789822962666508033e-02
0.000000000000000000e+00 4.537551613565638658e-02
0.000000000000000000e+00 1.719442353793485326e-02
0.000000000000000000e+00 5.154596817214448373e-02
0.000000000000000000e+00 3.433826140058102161e-02
0.000000000000000000e+00 3.569924710907654980e-02
0.000000000000000000e+00 4.843385013193945293e-02
0.000000000000000000e+00 8.525716207480166231e-02
0.000000000000000000e+00 3.792710637084781983e-02
0.000000000000000000e+00 1.807172688267390248e-02
0.000000000000000000e+00 6.866487835447050714e-02
0.000000000000000000e+00 6.390695691496202369e-02
0.000000000000000000e+00 7.453401492773395476e-02
0.000000000000000000e+00 2.935500114078424053e-02
0.000000000000000000e+00 3.127045411080886517e-02
0.000000000000000000e+00 4.108103554770529964e-02
0.000000000000000000e+00 4.771782020240713379e-02
0.000000000000000000e+00 4.258710649084253286e-02
0.000000000000000000e+00 8.241063770057385773e-02
0.000000000000000000e+00 1.483599882868886881e-02
0.000000000000000000e+00 4.316187102561124672e-02
0.000000000000000000e+00 5.353591226576969592e-02
0.000000000000000000e+00 1.997734537649237252e-02
0.000000000000000000e+00 3.824038663938296445e-02
0.000000000000000000e+00 3.176442546783384696e-02
0.000000000000000000e+00 4.861300275693199863e-02
0.000000000000000000e+00 2.854489106466041523e-02
0.000000000000000000e+00 4.420477810214402947e-02
0.000000000000000000e+00 6.222174087191909009e-02
0.000000000000000000e+00 9.667151665452096421e-02
0.000000000000000000e+00 5.094192675925125757e-02
0.000000000000000000e+00 3.513044445315792463e-02
0.000000000000000000e+00 2.241946141808281306e-02
0.000000000000000000e+00 4.760499019481935490e-02
0.000000000000000000e+00 4.797007576716356969e-02
0.000000000000000000e+00 2.978380217894183168e-02
0.000000000000000000e+00 6.804366071552307715e-02
0.000000000000000000e+00 2.344910421765488556e-02
0.000000000000000000e+00 1.944683104055059536e-02
0.000000000000000000e+00 5.494190620466463115e-02
0.000000000000000000e+00 5.140802935388130018e-02
0.000000000000000000e+00 8.790687956443206386e-02
0.000000000000000000e+00 3.791191664864817373e-02
0.000000000000000000e+00 7.268412598818338455e-02
0.000000000000000000e+00 2.537955034148139249e-02
0.000000000000000000e+00 1.088729855274803010e-01
0.000000000000000000e+00 1.085380415142003264e-02
0.000000000000000000e+00 6.873884408259474388e-02
0.000000000000000000e+00 4.876787990521139204e-02
0.000000000000000000e+00 4.079407588431393367e-02
0.000000000000000000e+00 4.337191114140583753e-02
0.000000000000000000e+00 6.905921673070657130e-02
0.000000000000000000e+00 6.743192481831121465e-02
0.000000000000000000e+00 2.494342920490540821e-02
0.000000000000000000e+00 2.350061373937916559e-02
0.000000000000000000e+00 4.954337294996207647e-02
0.000000000000000000e+00 8.052605195163990703e-02
0.000000000000000000e+00 5.188090056942249589e-02
0.000000000000000000e+00 5.809447850170210148e-02
0.000000000000000000e+00 2.927507137247948796e-02
0.000000000000000000e+00 6.250898916739303091e-02
0.000000000000000000e+00 4.519357895594691699e-02
0.000000000000000000e+00 7.268227902792451234e-02
0.000000000000000000e+00 4.704547196805754228e-02
0.000000000000000000e+00 4.960296826641619888e-02
0.000000000000000000e+00 5.404071173987288340e-02
0.000000000000000000e+00 2.520475430238342668e-02
0.000000000000000000e+00 4.718146110016169931e-02
0.000000000000000000e+00 3.563598027642663618e-02
0.000000000000000000e+00 5.975866405398694292e-02
0.000000000000000000e+00 2.467991957719063711e-02
0.000000000000000000e+00 7.088573036301490382e-02
0.000000000000000000e+00 5.865697615853007751e-02
0.000000000000000000e+00 1.313823851329603415e-02
0.000000000000000000e+00 2.366281835318821344e-02
0.000000000000000000e+00 1.999511708542215174e-02
0.000000000000000000e+00 3.109949985612132234e-02
0.000000000000000000e+00 2.937124843100109850e-02
0.000000000000000000e+00 5.353468355580919685e-02
0.000000000000000000e+00 5.314232238182511892e-02
0.000000000000000000e+00 2.702666431590040885e-02
0.000000000000000000e+00 5.478087014896188683e-02
0.000000000000000000e+00 1.529632631431241188e-02
0.000000000000000000e+00 3.569966386416272702e-02
0.000000000000000000e+00 1.723958757623793303e-02
0.000000000000000000e+00 6.052050034725554861e-02
0.000000000000000000e+00 6.834429612837071566e-02
0.000000000000000000e+00 4.071484626196236745e-02
0.000000000000000000e+00 7.876418599567021339e-02
0.000000000000000000e+00 5.738124663178174878e-02
0.000000000000000000e+00 3.411039363986814038e-02
0.000000000000000000e+00 5.041482991283434412e-02
