9.403739727679938376e-02 9.867549117148910476e-02
9.454333359006056314e-02 1.001733835646635151e-01
9.512318139143204065e-02 9.600864890006489960e-02
9.588663226774123138e-02 9.809464093897732329e-02
1.049260501521137590e-01 1.092787402439173994e-01
1.099952908540572233e-01 1.199560663352576551e-01
1.102888509586664179e-01 1.107719991088311623e-01
1.124476553445973998e-01 1.151952714165126318e-01
1.210423049867283274e-01 1.251706583853789134e-01
1.220088739704435071e-01 1.309496876743030669e-01
1.307166502300128319e-01 1.425432788768024595e-01
1.309044305796483454e-01 1.327622623364592691e-01
1.331544412920555587e-01 1.348627438858786554e-01
1.352387928643102866e-01 1.362339241639333176e-01
1.445562489565142550e-01 1.574822289411621501e-01
1.472012364241626070e-01 1.477023462522575048e-01
1.505420537921246527e-01 1.520565476341567412e-01
1.508520520921771413e-01 1.518463435218475044e-01
1.517855961975796419e-01 1.548502850323565383e-01
1.534019528833675261e-01 1.564637909130337790e-01
1.558533650880177535e-01 1.585588876807527414e-01
1.581605603850300135e-01 1.583021030423220621e-01
1.595858157319636483e-01 1.641222209104729879e-01
1.661308531805370248e-01 1.695304058022340798e-01
1.693500886282972018e-01 1.813789466263989458e-01
1.696813205379091027e-01 1.800769611644698620e-01
1.712854110600218749e-01 1.789346284423098676e-01
1.750414624968289756e-01 1.762171219193137128e-01
1.758261690933161925e-01 1.799380560906038429e-01
1.838758731412551140e-01 1.875018577890631977e-01
1.848957703415797516e-01 1.898265030470853709e-01
1.878564912996314451e-01 1.941940024341747284e-01
1.951612202557660436e-01 1.972227694610338422e-01
1.966558949565375136e-01 2.006241194417202889e-01
2.014762846088053450e-01 2.538102834417534370e-01
2.029033078061000528e-01 2.057879188024320793e-01
2.030413013605961714e-01 2.561457909510855280e-01
2.113861071085822163e-01 2.203345789157736823e-01
2.121214811770907038e-01 2.570630905529108778e-01
2.124898108782348471e-01 2.362256943212341920e-01
2.184705985032749376e-01 2.316253687417297313e-01
2.193346700078983580e-01 2.200701482884964699e-01
2.222247175721688006e-01 2.300682714974043586e-01
2.297514834878874590e-01 2.862831224426327092e-01
2.317046965298465988e-01 2.535907159157378410e-01
2.321543232029749104e-01 2.409648645537502132e-01
2.327550822992865975e-01 2.333692636240171092e-01
2.418225652277875559e-01 2.844909057434896749e-01
2.521463916786179094e-01 2.586779419518662193e-01
2.637133461868548245e-01 2.781837306111005770e-01
2.746679833400799686e-01 2.752550101507080238e-01
