3.867656884766181025e-02 4.040196118070871201e-02
4.152388146683099607e-02 4.433285168234177287e-02
4.514232104224774611e-02 4.905406094865828737e-02
4.606213823404162883e-02 5.364182320746748583e-02
4.711703571332749585e-02 5.250867040770427346e-02
4.774230395564429963e-02 4.843296710428935531e-02
5.175965704970175718e-02 5.249899505873131811e-02
5.195282506438506087e-02 5.275324665504838029e-02
5.486555447209074537e-02 5.508679700603476281e-02
5.596314366775079902e-02 5.916421233856627993e-02
5.603239753861705141e-02 5.605001325202596529e-02
6.258258828210416791e-02 7.229251366219674457e-02
6.298525640325582098e-02 6.638210856048505637e-02
6.351620926718314075e-02 8.601129508331394058e-02
6.398118494997860617e-02 9.777356814475640645e-02
6.473196148712113962e-02 9.814133551317603954e-02
6.481066762734667697e-02 7.338355614063550580e-02
6.515412014808869001e-02 7.392488941444766426e-02
6.549107061642475691e-02 6.854646607848069451e-02
6.567074752134637039e-02 7.758301117343149866e-02
6.672092883311026013e-02 7.534230293589745664e-02
6.761519327386102118e-02 7.382731836405802273e-02
6.883138984201805921e-02 7.237478204928850245e-02
6.933024894957068307e-02 2.090919910936420989e-01
6.955222820518894289e-02 7.175981387202057249e-02
7.102794439540195681e-02 8.350904620913668364e-02
7.177808491364599808e-02 1.383967142455867494e-01
7.229129695309707837e-02 1.012903881373773962e-01
7.262184106672302242e-02 7.270644273550673498e-02
7.287617691462046354e-02 7.507445678318866444e-02
7.293793396508990723e-02 7.854878502009401964e-02
7.339600744197240234e-02 8.874815826413413877e-02
7.342973715420847425e-02 9.156698874600022187e-02
7.451174724637903146e-02 1.113037898077387650e-01
7.505140205373740658e-02 7.732797869424745674e-02
7.675791476405240121e-02 9.030651057607140542e-02
7.731243303045308435e-02 7.920080861452857834e-02
7.737988460126031531e-02 9.335942670819447065e-02
7.784011766745992100e-02 1.451486772417675541e-01
7.784756091937698741e-02 9.343473203805553740e-02
7.806645462041947314e-02 8.982576740713806018e-02
7.830040291651785278e-02 1.213094387834454668e-01
7.841547211474159118e-02 8.078395690842567201e-02
7.845914940746115396e-02 8.649340044607962963e-02
7.856664757853347447e-02 9.379987138377381128e-02
7.856807397002099624e-02 8.094737779150215640e-02
7.875714716393614201e-02 9.629623419322527744e-02
7.902382853536583929e-02 8.370771671130364244e-02
7.908421299776863256e-02 8.697041890983499279e-02
7.918622326405698464e-02 8.171625175208591108e-02
8.033950160118882855e-02 8.430238941643186656e-02
8.068532358332224097e-02 9.323764853018892684e-02
8.181180063631404709e-02 2.045246133084590023e-01
8.196053172016841415e-02 1.050221627967954097e-01
8.228830668418225802e-02 1.220088739704435071e-01
8.231340934248780605e-02 1.330945678596852366e-01
8.235184232571139684e-02 1.123986251467191666e-01
8.305018641537022239e-02 8.305758650967932921e-02
8.308371775432968342e-02 1.060301507957364248e-01
8.314457776452084670e-02 9.285620990142047504e-02
8.324492811828530792e-02 8.532999504070254426e-02
8.333420132245467071e-02 1.000370073581575425e-01
8.355907138688600799e-02 9.325276871661340727e-02
8.395355351687706913e-02 8.854200091483470370e-02
8.396423290731819256e-02 8.652552532427451593e-02
8.404331370617215691e-02 1.006245088569762136e-01
8.423917538443449760e-02 8.727304823007465961e-02
8.441986673039122979e-02 1.062765652629153318e-01
8.461877938697623391e-02 9.051017634920069388e-02
8.520898495552214902e-02 1.132543700924994318e-01
8.525310869944080494e-02 8.995002443420883897e-02
8.545601810947280053e-02 1.017482712918912763e-01
8.586191183705849106e-02 9.385649186914919728e-02
8.589892384090495880e-02 1.299276778930251453e-01
8.631425830248198872e-02 9.080339262236102049e-02
8.638993073516558485e-02 1.081214800293185396e-01
8.644984981650061240e-02 9.228668483336675832e-02
8.774433912377940792e-02 9.279326962407617729e-02
8.781185079370026902e-02 9.604633240729044952e-02
8.783993644354601282e-02 1.296586482661217787e-01
8.804111927781348157e-02 8.951707453553782445e-02
8.846223872091329987e-02 1.225822763955012884e-01
8.870461357764519716e-02 1.024091389075790504e-01
8.874317589377631044e-02 8.908948249420202414e-02
8.899502371641769549e-02 1.154393825828412962e-01
8.921221365837769812e-02 1.459648216815617738e-01
9.012491444328975254e-02 1.148563642815510488e-01
9.043021136329487675e-02 1.174766511034548155e-01
9.179293255115750227e-02 9.733862429215983658e-02
9.240946005336823921e-02 1.003480734632221927e-01
9.245217094887979437e-02 9.865336571966858148e-02
9.252690290743208201e-02 1.862795070721912361e-01
9.418822304725212036e-02 9.864666307676507595e-02
9.449367496621537132e-02 1.229493062957782851e-01
9.461899709629648103e-02 9.801756895477550802e-02
9.477391022322700920e-02 1.567328739394178438e-01
9.532681091719384658e-02 1.060301507957364248e-01
9.545725518411474209e-02 1.053854239557199118e-01
9.598940748742283702e-02 1.020567859533827448e-01
9.607039058913206808e-02 1.052741503189718181e-01
9.736582441642172014e-02 1.123501313482984376e-01
9.773504412321340484e-02 1.065095049111343950e-01
9.775305302003309271e-02 1.084060219987287160e-01
9.783962821257585762e-02 9.963239221005286417e-02
9.845428581315314454e-02 1.706227402281358385e-01
9.885920088449454135e-02 1.514590735902835439e-01
9.932326718429893009e-02 1.223580813846383147e-01
9.984063272245810583e-02 1.094826673229337549e-01
9.986709313550380662e-02 2.151962847964163095e-01
9.995712480855850623e-02 1.061937481337988376e-01
1.004785420982832883e-01 1.116903688520105298e-01
1.014011485740948515e-01 1.333928835153906645e-01
1.033329442536827375e-01 1.180609173518057248e-01
1.033554171805642352e-01 1.258240461846823754e-01
1.039510466304699177e-01 1.207851406245286363e-01
1.043559306920985585e-01 1.942144629599721339e-01
1.052889554352818280e-01 1.347304094149035791e-01
1.056042665701148880e-01 1.281708451771449431e-01
1.061434880940332892e-01 1.075826204829436888e-01
1.077281625491266909e-01 1.268904407023276337e-01
1.082598114353823388e-01 1.903370275869443184e-01
1.084505654502142813e-01 2.093096392752984702e-01
1.088842056427211658e-01 1.091494024161267090e-01
1.089294223673767104e-01 1.854244571520483331e-01
1.097474464311988668e-01 1.187151344503813294e-01
1.102371371406186962e-01 1.439890267688333503e-01
1.104478291661760980e-01 1.424538125954152301e-01
1.108889116458779134e-01 1.388887228323660294e-01
1.109207486500815715e-01 1.176763797893630725e-01
1.114973360777371525e-01 1.253853083841910687e-01
1.119692658700647409e-01 1.393967942485287159e-01
1.145922512815273908e-01 1.229773904553453645e-01
1.150587976712055677e-01 2.056924887325496942e-01
1.151342118530635922e-01 1.212125525409710469e-01
1.156820467383569973e-01 1.790065697869979155e-01
1.157711055877983092e-01 1.268248501994002631e-01
1.159915748841626321e-01 1.413562935327331294e-01
1.162330417364944996e-01 1.334560018823193195e-01
1.170814075794290310e-01 1.197424151072526144e-01
1.175678452326473639e-01 1.949689990011084229e-01
1.178651762427909977e-01 1.303932593242526361e-01
1.180752795966076296e-01 1.377809068842407725e-01
1.190608872353709768e-01 1.210643163184703663e-01
1.191717121503155785e-01 1.220349526091868420e-01
1.192668228702801481e-01 1.237393268983935785e-01
1.195047039255561216e-01 1.244289806674393067e-01
1.206326142886174208e-01 1.889059520935571501e-01
1.206858214832417370e-01 1.629412374227768301e-01
1.216482137509161815e-01 1.249548087925736739e-01
1.236214447889143198e-01 1.837227175107167543e-01
1.247642020609082136e-01 1.266697008126458635e-01
1.251472161392146731e-01 1.362759345849978154e-01
1.260295664351750722e-01 1.479490979670510242e-01
1.271077884259791957e-01 1.465530042041693626e-01
1.278005178725175328e-01 1.427944030181086399e-01
1.284024535058651273e-01 1.327966826557197833e-01
1.285352756622887282e-01 1.350332905395168481e-01
1.303406664652000668e-01 1.369599602147320572e-01
1.303716865697004679e-01 1.556279361667398387e-01
1.314858564575119293e-01 1.457147791838989126e-01
1.315340685947524180e-01 1.421561623515313899e-01
1.319370424463190972e-01 1.369673295334212781e-01
1.378514543051242713e-01 1.428211902170086756e-01
1.385250086534068614e-01 1.439890267688333503e-01
1.389373646422197850e-01 1.438545509308252479e-01
1.495788777151401960e-01 1.707873268776674558e-01
1.530171942329818513e-01 1.589159327507746466e-01
1.610282269649036813e-01 1.664805018971143302e-01
1.721212705524375886e-01 1.754338936843557462e-01
2.016665181913814275e-01 2.039443058873030012e-01
2.243264841931335574e-01 2.289559276811469202e-01
