6.479311391269156062e-02 6.642244609048945925e-02
7.284715471286205835e-02 8.141981783581969667e-02
9.042324298881870837e-02 9.072720464700601006e-02
9.059608860625666116e-02 9.508190548819671351e-02
9.344444604421284217e-02 9.861337377917073210e-02
1.014309125700815911e-01 1.048414781474796831e-01
1.014309125700815911e-01 1.047248605448626024e-01
1.055724344523279179e-01 1.087424992240307170e-01
1.065061651860844671e-01 1.093054478393243462e-01
1.077001958174136631e-01 1.109390441577051689e-01
1.086532884572849467e-01 1.187142370633555155e-01
1.090081280633177080e-01 1.124545032957049023e-01
1.125419907005980047e-01 1.146281265803242300e-01
1.136201800766290654e-01 1.168418007363923317e-01
1.138943456122476355e-01 1.164124806370088194e-01
1.150575913521333232e-01 1.243253346043594609e-01
1.172634128115174063e-01 1.174591051230084449e-01
1.191982720963082470e-01 1.215197100238924327e-01
1.227774136308498604e-01 1.229441526484831571e-01
1.239494119661342653e-01 1.260874567793109358e-01
1.298036840212721810e-01 1.370175195855529715e-01
1.313455283308018473e-01 1.383923536773374596e-01
1.394154480952498332e-01 1.426614132668112267e-01
1.445055329425211643e-01 1.547328893846042219e-01
1.449209732980250021e-01 1.462661791800747568e-01
1.453073515776701075e-01 1.472617524384566279e-01
1.482522362064479793e-01 1.576770864164737940e-01
1.533245280753636752e-01 1.591627152556459035e-01
1.603112277861691581e-01 1.608908526219204882e-01
1.620450306526057538e-01 1.630726671955365081e-01
1.743168537174882848e-01 1.831247522400261396e-01
1.814976818643688761e-01 1.819275278457126999e-01
1.825146774908349423e-01 1.854899263952818345e-01
2.032858093648198250e-01 2.936607384125369813e-01
2.039504124271524499e-01 2.378898438271933036e-01
2.055324706939683221e-01 2.118056975138056519e-01
2.055324706939683221e-01 2.171088287149900709e-01
2.100058718708762429e-01 2.118009945666942950e-01
2.111965461002326960e-01 2.995598532987105433e-01
2.128644398691908191e-01 2.355094379461933896e-01
2.147954998826886452e-01 2.179432906261706271e-01
2.168574727555477311e-01 2.636058377178370771e-01
2.169086909395307183e-01 2.439552511118779354e-01
2.201864110480866166e-01 2.214771542120882730e-01
2.211646501953686839e-01 2.416596209197986456e-01
2.231524600153553251e-01 2.240727875726474250e-01
2.276936004063336294e-01 2.468640799024456878e-01
2.512467718298329600e-01 2.771354923047672503e-01
2.541420586277169380e-01 2.607685461356116785e-01
2.560744219832089552e-01 2.598117685071129612e-01
2.701798379774852932e-01 2.719995726774701028e-01
