6.770364371488686583e-02 7.160500004630149240e-02
7.337155507803455601e-02 7.614064629655560579e-02
8.228559449816548466e-02 8.306760778803529144e-02
1.173222392936404124e-01 1.201425341426722443e-01
1.205374091751203885e-01 1.215456655166994859e-01
1.272991450336428965e-01 1.278121014462128002e-01
1.422917375232357617e-01 1.438028801096254694e-01
1.508426463864264988e-01 1.582314869404891911e-01
1.522434480219699293e-01 1.530276679953112007e-01
1.573660363092530545e-01 1.642061234546606241e-01
1.593516838590196272e-01 1.710062978877584794e-01
1.757896977451493536e-01 1.823755328275881993e-01
2.616050583454939127e-01 3.066570840219707272e-01
2.616218131863189966e-01 3.003746230278495633e-01
2.651040665838229060e-01 3.004674898942939487e-01
2.687751978006090448e-01 2.883093548048040189e-01
2.696395079399981354e-01 3.030746257015141110e-01
2.701928187694904171e-01 2.707086426268364154e-01
2.724195206887494725e-01 2.887321951348478244e-01
2.731302912093520052e-01 2.968224258350472544e-01
2.760869672605849590e-01 2.956054378606221555e-01
2.780393234611687747e-01 2.835346285886308770e-01
2.789548575772876071e-01 2.822373391295903144e-01
2.804050176778647430e-01 2.964048456909629814e-01
2.857304412052292797e-01 2.938626247540795378e-01
2.863020308469682029e-01 2.928501733156530507e-01
3.043167306076154932e-01 3.056273140291923540e-01
