9.480302753685601602e-02 9.658726456411469152e-02
9.945509818302851468e-02 1.004032535508060653e-01
1.079036703294734140e-01 1.123827015918039823e-01
1.132124652985664198e-01 1.134864486697962083e-01
1.161463558788057709e-01 1.197377118665834267e-01
1.199788690319236462e-01 1.260439926949454559e-01
1.212260071882062112e-01 1.270630379940813348e-01
1.264568060353212786e-01 1.367138508153192544e-01
1.272086116228802188e-01 1.294230708789031181e-01
1.319956804108400050e-01 1.320380935691690960e-01
1.328416429963827361e-01 1.434558392816644712e-01
1.431557743432083918e-01 1.456102734570217105e-01
1.476561395976838109e-01 1.552751766319875049e-01
1.511033320484164721e-01 1.542017437004816749e-01
1.530945427551671234e-01 1.547792547980474942e-01
1.587177198353626750e-01 1.610870917654646794e-01
1.677728315270889392e-01 1.701946103138717581e-01
1.688770790065262928e-01 1.708095745985870884e-01
1.715583312411557426e-01 1.791944777339388173e-01
1.716828161444010070e-01 1.769363412513385303e-01
1.728665351314288279e-01 1.863636874018010370e-01
1.787133533571234056e-01 1.859706119879538933e-01
1.891370504116183238e-01 2.050325630713098202e-01
1.954409424747240720e-01 2.722541801936274597e-01
1.979634261364340841e-01 1.987069132374552349e-01
1.988617774328239329e-01 2.151970902859844381e-01
2.109763359492007606e-01 2.160158612290258573e-01
2.119969408189583682e-01 2.338765301317465017e-01
2.135796132073041753e-01 2.852463395708964011e-01
2.205607430515602596e-01 2.465615889031967656e-01
2.235003248911699159e-01 2.253977506469513614e-01
2.236206080884124703e-01 2.829327307828582438e-01
2.265233386640962132e-01 2.604955866299481504e-01
2.331615751981473139e-01 2.375608737374830803e-01
2.368170729972503274e-01 2.455946973230396790e-01
2.418076269694630909e-01 2.614749655873265799e-01
2.444440313348080762e-01 2.629044649603438644e-01
2.497652720923326797e-01 2.586387227491211416e-01
2.588443841547664603e-01 2.600087529669339870e-01
2.627420593221996281e-01 2.684657866271054072e-01
2.635788045421045278e-01 2.716789833566750634e-01
2.769759886242217362e-01 2.796430290388600692e-01
3.182542277667720909e-01 3.210669475216071378e-01
