5.209034136845535484e-02 6.270794622452538492e-02
5.302443630658468243e-02 6.993140903374134298e-02
5.383765260655413304e-02 7.363948849825922849e-02
5.488557148795176338e-02 6.224300624818779326e-02
5.504498916860368907e-02 6.237752029329127895e-02
5.610043140633434733e-02 6.868485026354434475e-02
5.685963747782676186e-02 6.461757987339235287e-02
6.012403857074902908e-02 6.514715205788895735e-02
6.161384640753706649e-02 6.229131374056640080e-02
6.201563122252361920e-02 6.311512334075555786e-02
6.256776514920865673e-02 8.896058742196433222e-02
6.334280062834497793e-02 6.704730582975131081e-02
6.396466006823343931e-02 6.547996063397013011e-02
6.493009446941289120e-02 7.228579308967411632e-02
6.494184344255810037e-02 9.005549570842119600e-02
6.507181928151425931e-02 7.205022641702521491e-02
6.561064632630900229e-02 9.146048691068239811e-02
6.571388236271219485e-02 8.692497603411751539e-02
6.608038984310508901e-02 7.169754272603225120e-02
6.634818188733437871e-02 7.840748258714506924e-02
6.726522164767956280e-02 7.572939904349362816e-02
6.727537343054329488e-02 6.938646053426593407e-02
6.899311789769772829e-02 8.641353258213071986e-02
6.986714655120900008e-02 8.914027904400617652e-02
7.014056586466899113e-02 7.838836046293878868e-02
7.095007472170278273e-02 9.198521526472480669e-02
7.113611420435077271e-02 7.379202265457258936e-02
7.116157340506537587e-02 7.291763822147592777e-02
7.124095681408069980e-02 8.466123131760253107e-02
7.175161178975017484e-02 7.546687450678082887e-02
7.271397455895278750e-02 2.089673024485281805e-01
7.412094524894746739e-02 9.774640896766435827e-02
7.462754060277627943e-02 8.086818791109080806e-02
7.486831380282127357e-02 8.188175105050049529e-02
7.583966881151586736e-02 8.077836115631212288e-02
7.593793940972702605e-02 8.625635886438165478e-02
7.621483230730199954e-02 8.061907503108454998e-02
7.627314574489545140e-02 1.095133952094245189e-01
7.629592184742567396e-02 1.155485209761614451e-01
7.707082580231898461e-02 1.000475550929876695e-01
7.711780048790767284e-02 7.987651897697607695e-02
7.726423995682733803e-02 9.106605226129729780e-02
7.774370478010364516e-02 7.878202278543602888e-02
7.813559421777035996e-02 9.393824561596872402e-02
7.869841092775427260e-02 8.405788960503401963e-02
7.933171417388604207e-02 8.150895349137816936e-02
7.989907130964056525e-02 8.268701067750676426e-02
8.114524818187555943e-02 9.492381297505531057e-02
8.139407047296065567e-02 1.227064228672896662e-01
8.164612663723763708e-02 8.358884103638490604e-02
8.173351404221172734e-02 9.071688274686555420e-02
8.184851203662898977e-02 8.341958229301300876e-02
8.199556237016546179e-02 9.279943701021789448e-02
8.350664287707003364e-02 9.067331154642735425e-02
8.365031094843838888e-02 1.096355868974226433e-01
8.406362302004397047e-02 9.493927324699545645e-02
8.438829536031625111e-02 9.129422887831306621e-02
8.475876897878274752e-02 1.338885225466680817e-01
8.502049698333746797e-02 1.170131068082923276e-01
8.509409632691374015e-02 1.453013074887958000e-01
8.591385670062136326e-02 9.496907209169484776e-02
8.602577973741393214e-02 1.031704240949764262e-01
8.606232961538705373e-02 1.984573630858935123e-01
8.608944387895589578e-02 8.725417361493889579e-02
8.621776174514171609e-02 9.614480014816836895e-02
8.689175680023790427e-02 1.537718266857169280e-01
8.830250813683246380e-02 9.123959279847761172e-02
8.834728677574855971e-02 1.354577147000033954e-01
8.860953607209878791e-02 9.465070447156281874e-02
8.906851917077938940e-02 1.043646168176724509e-01
8.955666164594965062e-02 1.088664453619698491e-01
8.960281657339141947e-02 1.198952404653791659e-01
8.974142709780134897e-02 1.045509648793105512e-01
9.098300317489223243e-02 1.508918523403741108e-01
9.105374733040329238e-02 9.298139780317518643e-02
9.125137909079701626e-02 1.300027683756221908e-01
9.129919614608580924e-02 9.594928009075336106e-02
9.156060952116412688e-02 9.208580151391859703e-02
9.172236998596261515e-02 1.144106962122680010e-01
9.295304489955094618e-02 1.028612195908360089e-01
9.316054666613379776e-02 1.106278802218293306e-01
9.334335971949229982e-02 1.777407682801709354e-01
9.362754964551575632e-02 1.030816455008414373e-01
9.365341840917935923e-02 1.085506145440217340e-01
9.438454578742881684e-02 1.567231347029314492e-01
9.488263111446927633e-02 1.461363055042999293e-01
9.520709835079509131e-02 1.959056668233588316e-01
9.543285945803885173e-02 1.241577886242676426e-01
9.547234125703424334e-02 1.125494150327335519e-01
9.667005298171697791e-02 1.158381330794127778e-01
9.690668713785474675e-02 1.012769207480362921e-01
9.693301447567025109e-02 1.135436811730067691e-01
9.697117161981244626e-02 1.000640317385641243e-01
9.719544741331163917e-02 1.435074804071500565e-01
9.728545838731979256e-02 1.113694980978406079e-01
9.754932537330664177e-02 1.122518953889013876e-01
9.801288284528342221e-02 1.945933731124268040e-01
9.816725569052214828e-02 1.337823446093917290e-01
9.839872594188431298e-02 1.289775197076923896e-01
9.883087499654122365e-02 1.687005662547399476e-01
9.916090227440256533e-02 1.201494631208886582e-01
9.925941633676231557e-02 1.047081527335383677e-01
1.002465104943284363e-01 1.060891275058006705e-01
1.005504213158300159e-01 1.125808262063529297e-01
1.017819565858115033e-01 1.442116792435897688e-01
1.018595176229516314e-01 1.393453562933243406e-01
1.022201293677190842e-01 1.357615315823854363e-01
1.023110330099485238e-01 1.073731809380778779e-01
1.027006310252188137e-01 1.415697247450235507e-01
1.037098915921088882e-01 1.085484708754906463e-01
1.039073743441725484e-01 1.045100186656933300e-01
1.043050154162407789e-01 1.386153340030887027e-01
1.058482206166025258e-01 1.251008305514372254e-01
1.060736942730052257e-01 1.936439982805055748e-01
1.061297998527697406e-01 1.134676456317021825e-01
1.065044804311702648e-01 1.413577966393008423e-01
1.065320378697780374e-01 1.121344677770044068e-01
1.065345241522009934e-01 1.112019562872609973e-01
1.066449993011910208e-01 1.291329669841596861e-01
1.075111525033720927e-01 1.094695388858784868e-01
1.076480575213084739e-01 1.085433125092398754e-01
1.077849358069553620e-01 1.085758368295718646e-01
1.078145621194836895e-01 1.363143884693626684e-01
1.083265772069550992e-01 1.428694481519495463e-01
1.085488354526868565e-01 1.806734037461965037e-01
1.087559924747963924e-01 1.448142016879024885e-01
1.087579738973091931e-01 1.258035359149825005e-01
1.090397475592796150e-01 1.295063074318510143e-01
1.093618262759536441e-01 1.733115800740506196e-01
1.093972371295908325e-01 1.134776396365858586e-01
1.103847011089108127e-01 1.244200459321638669e-01
1.105168988422550597e-01 1.471262335287366885e-01
1.122173834828818217e-01 1.131354852511016473e-01
1.125150768526768652e-01 1.338503741018511606e-01
1.130744780117767107e-01 1.370936368458998411e-01
1.137533151421232097e-01 1.845616729103105036e-01
1.156456899252945869e-01 1.188057136923291873e-01
1.164840590555104166e-01 1.375911069327932779e-01
1.170216976838149153e-01 1.202179565724919436e-01
1.172619965756575566e-01 1.260850441204163785e-01
1.176051407371404844e-01 1.241531831363488214e-01
1.183115601840733083e-01 1.589314781661833320e-01
1.187260534978941823e-01 1.247459430101186123e-01
1.188933829883167537e-01 1.201933779242341099e-01
1.191152266133211901e-01 1.224422691275207781e-01
1.202961194387051347e-01 1.204037624141304635e-01
1.208339309111090831e-01 1.776784661359463169e-01
1.210861811196816268e-01 1.451718467129983203e-01
1.220333077900237484e-01 1.256065991523198644e-01
1.221825048759044297e-01 1.275307990921953905e-01
1.224490197144393333e-01 1.254690454487620566e-01
1.237258996105122799e-01 1.288787465659744502e-01
1.249784750638516101e-01 1.264553426722908047e-01
1.252064805844471662e-01 1.544927958268778045e-01
1.252861337310102463e-01 1.562511759690332347e-01
1.266122431318439379e-01 1.506567518236048286e-01
1.302169527383880698e-01 1.400215745284655311e-01
1.335747366137062520e-01 1.368124364273224647e-01
1.348282358066321129e-01 1.522386448938265191e-01
1.408471108387752135e-01 1.504387911975405556e-01
1.408928734315872122e-01 1.454915234457487272e-01
1.427610320445699688e-01 1.431202187767364187e-01
1.429039217910561543e-01 1.451378301000192661e-01
1.436661704705067821e-01 1.569776723446444089e-01
1.516451106363136681e-01 1.849656445373267788e-01
1.617018355144552166e-01 1.796765513930981828e-01
1.623981857159385034e-01 1.741119674471346412e-01
1.699737994285777654e-01 1.918983237533321007e-01
