4.248652053804038986e-02 4.679256746424969443e-02
5.407209780117787357e-02 5.484592016338561693e-02
5.548885322277817556e-02 6.545704295508819603e-02
5.567240890369590939e-02 5.704730019792177836e-02
5.705131048767635160e-02 6.145055307710821368e-02
5.744055181115268610e-02 7.632766930840367836e-02
5.939706865686167347e-02 6.020262848457366700e-02
6.010824089791125258e-02 7.474161585027719323e-02
6.230900101253277618e-02 7.632766930840367836e-02
6.523585571868890931e-02 6.858292877292103407e-02
6.566842821674227781e-02 7.557882823368344827e-02
6.742982354675848555e-02 6.806938274702979685e-02
6.804046664200667782e-02 7.968674341037025599e-02
6.818620301821397278e-02 8.533994855114042377e-02
6.921582028739774184e-02 1.030195802177460290e-01
6.931033217083493181e-02 8.959404513608955345e-02
6.948329540839839891e-02 7.110550649688940350e-02
7.045151481809869276e-02 1.001280649346178858e-01
7.097756170096537753e-02 8.725803084297838186e-02
7.105925576363270046e-02 8.137877701941444164e-02
7.117010408218228668e-02 8.561553483628263350e-02
7.133728738171964123e-02 1.042388486917304041e-01
7.253145953948987590e-02 8.505445525147800612e-02
7.274406670263641739e-02 8.474128993478868832e-02
7.275890774384773108e-02 7.970935749315945229e-02
7.295482357442749366e-02 9.061550157092254643e-02
7.394052793542443824e-02 1.049964495723264279e-01
7.432810483525147116e-02 8.205290132158142569e-02
7.448702603603547800e-02 7.665266804189774241e-02
7.455308608694910522e-02 8.077503071489079700e-02
7.460092698029612002e-02 7.566260812408656666e-02
7.485398757420383409e-02 7.794515786768642374e-02
7.504768165479294706e-02 8.451326932183918228e-02
7.541719548305748921e-02 7.733458548854534043e-02
7.596889118394502260e-02 8.142651778971495002e-02
7.621300194382496507e-02 1.102227693582043810e-01
7.637879201717308331e-02 1.050675274683260524e-01
7.745874624105322792e-02 9.108409309094474271e-02
7.777455027382949859e-02 9.126940247520352878e-02
7.847527327769790451e-02 7.893663879689068186e-02
7.847817039216008206e-02 8.015385145153826330e-02
7.861519333586242109e-02 1.048809091225670620e-01
7.887799204038209444e-02 1.010703376255541325e-01
7.953915175665206283e-02 1.171715578742422159e-01
7.984999513968230045e-02 9.679924689316446451e-02
8.011143842344306543e-02 8.713965720282873528e-02
8.034980647542949717e-02 1.459389280314502546e-01
8.050440546220714866e-02 2.431035480554846473e-01
8.054890843020666436e-02 1.038680208973752489e-01
8.113355198118579747e-02 8.282560599413456293e-02
8.126511714608057602e-02 8.498083118846393169e-02
8.131347376290794238e-02 8.915978290625486968e-02
8.132692416939774072e-02 9.554931825046968086e-02
8.137363698004104751e-02 9.445588202618557250e-02
8.162607963214670026e-02 8.592542529241115057e-02
8.175411595732963443e-02 9.374129061802308205e-02
8.210953138741915180e-02 8.357264420248833314e-02
8.212371551298990047e-02 1.042351292512681410e-01
8.230369460494281475e-02 9.632109172803349217e-02
8.235107765580455819e-02 8.646996444769927681e-02
8.267057758716339633e-02 9.515746671080334285e-02
8.268700693261762935e-02 8.684509649254439079e-02
8.291934242236709274e-02 9.895265884056796135e-02
8.374121538372146512e-02 1.321340624282167919e-01
8.388699287558044893e-02 9.344242040540934324e-02
8.422530879415912608e-02 9.166302047193358726e-02
8.449031150107767785e-02 9.892166069265040385e-02
8.475665186632148906e-02 9.328969977826014059e-02
8.488134522815585226e-02 1.049765539397427838e-01
8.490731351938651805e-02 9.230207387951139264e-02
8.497553283998174334e-02 1.088386773748191705e-01
8.498023721604483494e-02 9.472408084208921997e-02
8.523696000119701521e-02 1.107999925059939134e-01
8.534097961375290697e-02 1.096645805757690412e-01
8.542527471518827908e-02 8.833977028933347186e-02
8.544245579352489905e-02 1.202894777901442058e-01
8.569034417113551017e-02 8.590762403264851077e-02
8.574941121861213988e-02 9.592853403387213707e-02
8.635541202454063980e-02 9.164961841964640310e-02
8.641137168779944311e-02 9.606647866930399793e-02
8.643356097342799749e-02 9.240158410130150379e-02
8.644071605890139842e-02 1.208276808110378964e-01
8.656517315466694118e-02 8.994828325519298173e-02
8.695010439877198793e-02 8.913651678780983023e-02
8.724622561010267341e-02 9.147750831736219113e-02
8.739616326969786020e-02 8.824711947337487983e-02
8.742288621463896459e-02 9.410130818406120534e-02
8.742940778153772408e-02 1.138282010053098259e-01
8.888050926803284235e-02 9.403228430602138255e-02
8.940183939410266400e-02 1.211945481292536209e-01
8.958351909976174088e-02 1.194758090054160310e-01
8.982699608031684269e-02 1.014950244399717427e-01
9.010321378326625885e-02 9.141530395710621704e-02
9.046218625843419070e-02 1.025775698648058037e-01
9.057741488770033877e-02 1.048144475847245655e-01
9.086464907509933520e-02 9.163525146814052724e-02
9.158022816173193303e-02 1.933460261296423843e-01
9.205228401047543807e-02 9.796699357653033957e-02
9.226060597223648130e-02 9.312928770948027124e-02
9.276531672786948735e-02 9.458307344759277202e-02
9.286675416224168811e-02 9.466604088844572662e-02
9.307995697284369985e-02 1.643563588516723517e-01
9.356070076167570526e-02 1.027724638950780756e-01
9.376487404007712023e-02 9.749290532697138523e-02
9.426361014772781377e-02 1.093005849772749616e-01
9.432386814530042962e-02 1.853757093386849408e-01
9.503069571427730233e-02 9.638788045634522073e-02
9.514132675544317852e-02 9.770988860699590661e-02
9.527381055122410847e-02 1.634845099290314629e-01
9.528414511837418610e-02 1.034163079480464459e-01
9.587267939095156510e-02 9.942873788302303284e-02
9.601619017863094463e-02 1.041680351378968250e-01
9.603405433530733115e-02 1.446211034087380165e-01
9.606208275436775579e-02 1.634918047784942874e-01
9.650898483543543516e-02 1.016410434175692157e-01
9.691762828185726542e-02 1.242358938336649843e-01
9.721654810799194857e-02 1.232917989551391841e-01
9.741091962296645479e-02 1.248774331533485937e-01
9.768445311740237003e-02 1.060320993621694519e-01
9.793491579356890242e-02 1.146372652638571327e-01
9.891549871354954337e-02 1.280784207038064837e-01
9.907546502913022746e-02 1.682429242715763329e-01
9.975858110218378816e-02 1.111347070693399358e-01
9.983942173703148903e-02 1.256063472272540560e-01
9.987277478731677871e-02 1.771732155116408358e-01
9.990000651078435878e-02 1.391924554017101856e-01
9.997335241063790012e-02 1.177760587457042929e-01
1.008548188927110290e-01 1.241492552111808922e-01
1.010281888673549427e-01 1.204902143294142580e-01
1.015208181958102557e-01 1.194365633387170084e-01
1.021592818818368303e-01 1.925050640211413422e-01
1.023178546158072799e-01 1.024521692532576328e-01
1.025998439329438017e-01 1.042887275214213622e-01
1.026344533262109199e-01 1.492938905418544904e-01
1.027041357637118318e-01 1.058978809160854989e-01
1.042582252466866810e-01 1.107823157946487558e-01
1.049770972752243625e-01 1.726103790550605199e-01
1.054082611467334896e-01 1.749680841956294808e-01
1.054347481853518814e-01 1.164432427154962341e-01
1.055340739183507764e-01 1.061689138983218095e-01
1.057149498066106696e-01 1.865765746003756054e-01
1.059232229533262487e-01 1.158120986732226187e-01
1.062331724825259227e-01 1.178842179506761761e-01
1.073944449920828936e-01 1.102950996831060237e-01
1.077087528859797944e-01 1.307043722606779923e-01
1.083253410342851358e-01 1.346216244308502674e-01
1.087002986429043000e-01 1.568706402681710466e-01
1.099383967660750444e-01 1.101857922251792271e-01
1.101052912870604250e-01 1.393929935793176422e-01
1.104171342846397841e-01 1.306653686722777374e-01
1.105803207687673789e-01 1.540176318858619553e-01
1.112005695164034053e-01 1.140278261019564143e-01
1.114070404401619058e-01 1.588767791881504077e-01
1.117434687512249142e-01 1.217153254402310592e-01
1.125610549067908722e-01 1.187878699623926143e-01
1.132450292403784503e-01 1.568375559275998476e-01
1.135193192941302970e-01 1.208449419406786157e-01
1.138394251757217784e-01 1.321139425877324025e-01
1.163515327346434647e-01 1.224728305967150571e-01
1.171401041266399851e-01 1.456328603756818496e-01
1.174353456719304384e-01 1.652992565581075934e-01
1.186710737314481262e-01 1.889339762245803855e-01
1.199068152493057010e-01 1.375116937073828094e-01
1.199409966519037196e-01 1.225222085597816035e-01
1.202729295507851681e-01 1.275457409584768720e-01
1.206261310354848348e-01 1.296300981545410735e-01
1.232787492262280155e-01 1.306283483111332910e-01
1.266857777839136834e-01 1.430642003351745850e-01
1.301129301841873198e-01 1.358297152852556422e-01
1.317543659525301503e-01 1.466290143979829264e-01
1.318167289816860044e-01 1.455814223503957838e-01
1.339012512197742810e-01 1.348102681121798596e-01
1.368144071250426697e-01 1.525340238465700271e-01
1.369761552320017672e-01 1.370835323050990373e-01
1.370423984551637775e-01 1.401304482559335707e-01
1.373507011642647879e-01 1.668274752753708956e-01
1.400030029946123522e-01 1.468220960380477169e-01
1.434467515766868484e-01 1.443170033498841764e-01
1.435900369346794214e-01 1.484909548354322595e-01
1.468894734953777592e-01 1.474251590274088808e-01
1.475200939481351725e-01 1.536833564720499201e-01
1.494732737456095917e-01 1.532521977096530374e-01
1.538713644588342033e-01 1.540734605915873856e-01
1.570358456726663188e-01 1.633231550194752801e-01
1.633731599821793001e-01 1.640024821802264776e-01
1.634502885427356056e-01 1.634918047784942874e-01
