7.775133367772030235e-02 7.875130731408934437e-02
8.274526017000471967e-02 8.414128930425150699e-02
9.189164691177577338e-02 9.213589633416717495e-02
9.656628499344389882e-02 9.676732271211771486e-02
9.845636023991000130e-02 1.022936000654010719e-01
1.004461874327871457e-01 1.014797173537382302e-01
1.048609933671556527e-01 1.149148345294048607e-01
1.126008151941844393e-01 1.151916544237615442e-01
1.141473745184848759e-01 1.198618178232427889e-01
1.142426110817778145e-01 1.169381742981048522e-01
1.156312282658379098e-01 1.191330529283205347e-01
1.195026151228058969e-01 1.240473761110010564e-01
1.209159460751181719e-01 1.269344302087318521e-01
1.221125795344271819e-01 1.224408176435839712e-01
1.250502222086631310e-01 1.291683020780149405e-01
1.302447403726907371e-01 1.350952742499013648e-01
1.309941796327264152e-01 1.324049045426698157e-01
1.373247213882816398e-01 1.389407966326841604e-01
1.407148174254966022e-01 1.420165159158329193e-01
1.572533418401287353e-01 1.607414050280200901e-01
1.579290753742253473e-01 1.616235030541366413e-01
1.584484110329978657e-01 1.652457311028959486e-01
1.596574195371281146e-01 1.647924448506920547e-01
1.633062570454850426e-01 1.651018063213735843e-01
1.643276017314053150e-01 1.659371623762240511e-01
1.721353342174513634e-01 1.744592373027438192e-01
1.826319450684142087e-01 1.845024664969862060e-01
1.891335791853700488e-01 1.923087091126702286e-01
1.907076166968101893e-01 2.034244215437939207e-01
1.961268114222767533e-01 2.013501333452254738e-01
2.008135920132908536e-01 2.105744735747302476e-01
2.039416321767869023e-01 2.221418021001891341e-01
2.070821580307447007e-01 2.796200223178306743e-01
2.075503784970542109e-01 2.464735173785713718e-01
2.076066137994136973e-01 2.479540627985229173e-01
2.117600984697358135e-01 2.644150408023971943e-01
2.126889874469488906e-01 2.751294973444253222e-01
2.137339223830662382e-01 2.440636900864965042e-01
2.174035959542885976e-01 2.580029147155843972e-01
2.182421217530975677e-01 2.192156408838084880e-01
2.226216408586631779e-01 2.298542298750152202e-01
2.240624803927336872e-01 2.403532040435206463e-01
2.301866461268987640e-01 2.609772581740664177e-01
2.302421006258141556e-01 2.394781314438937936e-01
2.336367672191566880e-01 2.618208729179727912e-01
2.397042636150022166e-01 2.490691511653242707e-01
2.399628790880982687e-01 2.533512882712531944e-01
2.426439781362319803e-01 2.519975119727008162e-01
2.519308361721990241e-01 2.709594892897773666e-01
2.527556165386697362e-01 2.704161291066281558e-01
2.577253215881576964e-01 2.590025239619074271e-01
