7.979757339037438224e-02 8.026059037739281810e-02
9.008921263499944376e-02 9.384854195814652800e-02
9.616662543344021985e-02 1.006926851453750910e-01
9.705779131711242402e-02 9.756964523036741610e-02
1.049370854095317412e-01 1.092251560015262413e-01
1.090470504877241176e-01 1.204622822104152724e-01
1.090470504877241176e-01 1.191193199852730866e-01
1.136147059778438023e-01 1.143338474659053999e-01
1.143543639255670263e-01 1.210322768547998362e-01
1.213483027189053570e-01 1.214286205902348759e-01
1.232909034755519662e-01 1.243189210652286131e-01
1.253558284353888663e-01 1.317711364408519770e-01
1.276382328960544432e-01 1.297030215500227790e-01
1.291801488398861830e-01 1.302896332854044381e-01
1.306096445428833464e-01 1.339795990349168797e-01
1.319082148416252653e-01 1.412510217996049700e-01
1.330453798438551993e-01 1.364951121209606322e-01
1.344137448434023774e-01 1.446753764415396604e-01
1.372930245996798471e-01 1.455699678308814693e-01
1.386843567272953714e-01 1.448578957407208045e-01
1.389085012987795742e-01 1.391832641285436212e-01
1.509552516562499003e-01 1.631665954797434648e-01
1.524208327441108346e-01 1.546941878375765467e-01
1.532927023447228088e-01 1.599970255297940014e-01
1.550972847274736666e-01 1.559800738322029423e-01
1.570872369638410260e-01 1.592668369228014968e-01
1.586653095870833030e-01 1.605810506956969475e-01
1.603269868753306182e-01 1.629212668710892375e-01
1.720585654776053408e-01 1.726745060830665868e-01
1.775036810467764403e-01 1.785987744515893649e-01
1.779124894272235968e-01 1.845996376292965702e-01
1.837916204503672601e-01 2.456739048284276028e-01
1.933454825124615306e-01 1.941908692674064740e-01
1.960582760768056210e-01 1.976122817101247930e-01
2.032882947430769971e-01 2.549062013129007043e-01
2.052882350920746390e-01 2.137678110665811038e-01
2.052882350920746390e-01 2.481277086251184871e-01
2.066488037207872552e-01 2.507500490152604344e-01
2.098064516525205148e-01 2.116916263967996426e-01
2.116327072339355686e-01 2.183836550153916145e-01
2.127693572428420998e-01 2.845179241382104762e-01
2.156316162841340478e-01 2.226491864052983216e-01
2.168685939094492643e-01 2.226163161805018997e-01
2.213082087731818859e-01 2.898355653537468268e-01
2.216793043873012126e-01 2.254439745089059643e-01
2.240010344737105308e-01 2.449902366292850409e-01
2.245891078054954026e-01 2.511855656859299235e-01
2.262240445142840450e-01 2.324823895526950956e-01
2.324771518482314780e-01 2.528338263934425401e-01
2.328249319346641644e-01 2.690015505743778013e-01
2.335128839445108351e-01 2.347231382030710856e-01
2.338350693069282948e-01 2.372135998794775158e-01
2.500848681000912843e-01 2.542558917387267026e-01
