2.570840816667857576e-02 2.848695762725399552e-02
3.117788005614277255e-02 3.890295395050396426e-02
4.548461676417601268e-02 4.908866405838016589e-02
4.691166979292989841e-02 5.154642486515208927e-02
4.780330348894208659e-02 5.088210129149388361e-02
5.065553452684162794e-02 5.417048207006007476e-02
5.115945698205344450e-02 5.655346946333766889e-02
5.157136916566431445e-02 6.181571130338874009e-02
5.230778458769665129e-02 5.503746360829697010e-02
5.276307325241505475e-02 5.559563125690154817e-02
5.313083371204034566e-02 6.182071751079452893e-02
5.379202731671619414e-02 6.401699735583739337e-02
5.389553207606190277e-02 5.469119943997561434e-02
5.656280443159313748e-02 7.479226503485252031e-02
5.668890349576710674e-02 5.802678016915460701e-02
5.759974112513022854e-02 7.667238471629291008e-02
5.919697952021283488e-02 6.440599811846368927e-02
5.971704270251260854e-02 7.041584454087619627e-02
6.236364077805394562e-02 6.665189985875161205e-02
6.237707939405898877e-02 6.499004048223154528e-02
6.276723348693796778e-02 7.184005243599300705e-02
6.287783108286859601e-02 9.268212948884167746e-02
6.375894633728322602e-02 8.540070548503020387e-02
6.538093988637602716e-02 8.055405729444853336e-02
6.548289800020833107e-02 9.396046361205209752e-02
6.601535535584997227e-02 8.571127518954442526e-02
6.626078269716922930e-02 7.386175884694953786e-02
6.668474947487922078e-02 7.543443579039221802e-02
6.681099655532700410e-02 8.040020866490296680e-02
6.704953054868435791e-02 8.537569308957877745e-02
6.758295329134098028e-02 1.012958979603218457e-01
6.826254434371517577e-02 7.144352680778431885e-02
6.903422566583486408e-02 7.763416090402187886e-02
6.994005400441836995e-02 8.277377187137208159e-02
7.010727872493917323e-02 7.889584699756235775e-02
7.013860124256826589e-02 7.025280961159303950e-02
7.115054084810246149e-02 8.306624126812531261e-02
7.118043610578272951e-02 1.260775074474660973e-01
7.139656350013230679e-02 2.651279990779010776e-01
7.176135374786932197e-02 1.222424591712307496e-01
7.203482115944423447e-02 9.518919694916141983e-02
7.205182537710798363e-02 8.469476995294122901e-02
7.264691513506668641e-02 7.870476849355818871e-02
7.393939136964514103e-02 9.565173987029895741e-02
7.395855410270918417e-02 2.510955143059884209e-01
7.429833864532101040e-02 7.486796848267643356e-02
7.501397377291353641e-02 1.007202560766416594e-01
7.565103831864140871e-02 8.797769890318685171e-02
7.569794702927769292e-02 8.354421947654054603e-02
7.587365028327594518e-02 1.129837024884550872e-01
7.680355998944139728e-02 1.179656650874652962e-01
7.684398827658479869e-02 1.422296011247423941e-01
7.728965657587032190e-02 1.157901912946128348e-01
7.818708759292247734e-02 8.600901173340994021e-02
7.835194722280340585e-02 8.414393515949007696e-02
7.869769537922934044e-02 8.464818946945458500e-02
7.871791121982744943e-02 1.094447641388323345e-01
7.896262862004120586e-02 1.481088835875432608e-01
7.927507264793533237e-02 1.320804260379297990e-01
7.955024076346227380e-02 1.003367564743972984e-01
7.990802544048473954e-02 1.405918133044852247e-01
8.035002631559180764e-02 8.038910009193342421e-02
8.046601067545285091e-02 8.212342938057680397e-02
8.083257270645745340e-02 1.971693694879595449e-01
8.109498858137738353e-02 9.629565242511638201e-02
8.122223827938955532e-02 1.047176028454200603e-01
8.165391036626469534e-02 8.450720070370366932e-02
8.295966577317320789e-02 9.149118183685464589e-02
8.342576978712780422e-02 1.148238016609543638e-01
8.441680738060881872e-02 9.233630199161682595e-02
8.457201270563381723e-02 1.067455072918029185e-01
8.517275774156980728e-02 8.788994230958019349e-02
8.530419509350561924e-02 9.617540478807655446e-02
8.628755814910371580e-02 9.548465035405953594e-02
8.631717184937014176e-02 1.008810230684806519e-01
8.687503368716581464e-02 9.677847240187234523e-02
8.705961392816558009e-02 1.438376291655566186e-01
8.735731110107512742e-02 1.262945106366965553e-01
8.759584257404313956e-02 9.409552705939110140e-02
8.791675500255789755e-02 1.010877010017814243e-01
8.831108429267162108e-02 1.060255838182343063e-01
8.873002505646637728e-02 1.228233973015221137e-01
8.889685725816945383e-02 9.136634624229700297e-02
8.969111895580873794e-02 9.046279247662299128e-02
8.983503458604555347e-02 1.023108614692383733e-01
8.986649415050526613e-02 1.062028075434909569e-01
9.039250168629880955e-02 9.358851416156738212e-02
9.044399190761524820e-02 9.921492889023020290e-02
9.122469037994197782e-02 1.839360493010307185e-01
9.157848414913143109e-02 1.053318196589553557e-01
9.178447400963608838e-02 9.789668640254073351e-02
9.301927774619253575e-02 1.117450257206639014e-01
9.307565661554373371e-02 1.030198959253498525e-01
9.410248983834738901e-02 1.060103835648526782e-01
9.462192980123708408e-02 1.035791390588920446e-01
9.533031404601745307e-02 1.340029477877897612e-01
9.536313274184082811e-02 1.552758063774272723e-01
9.566733880486745500e-02 1.862401819213532206e-01
9.576107231251444751e-02 1.156472812064208988e-01
9.582135533509586467e-02 1.470339026424880013e-01
9.644476812779806396e-02 1.842199485254496782e-01
9.703647668277758098e-02 2.018886413771338040e-01
9.756697246870328633e-02 9.930607101542351933e-02
9.790224279416964714e-02 1.881620621465431020e-01
9.841239470169703407e-02 1.516697612316111887e-01
9.862677909780623309e-02 1.035688879107880267e-01
1.003311220337704951e-01 1.311116696610541976e-01
1.005989440377699218e-01 1.847052042065162047e-01
1.013488463091335445e-01 1.419325049267691485e-01
1.016468132291510479e-01 1.076326418413473263e-01
1.017574422748358798e-01 1.423687023308272126e-01
1.021276919615392159e-01 1.662469541686392438e-01
1.023440207172122557e-01 1.473397111970216611e-01
1.026137467906385603e-01 1.065835457096632327e-01
1.027988537341217867e-01 1.062818205416003192e-01
1.031487132306214555e-01 1.150808042820406218e-01
1.043117865145832129e-01 1.048490272452121813e-01
1.043185856732936762e-01 1.095469052692010642e-01
1.047631549273955187e-01 1.178389699655356115e-01
1.049936988685578193e-01 1.139781002521503273e-01
1.058056835566803383e-01 1.232077246308215940e-01
1.080559754490491575e-01 1.935097033145304624e-01
1.087260417181388494e-01 1.675424559483726372e-01
1.095339515753320780e-01 1.259546806211679082e-01
1.112599439908066867e-01 1.224531528266790265e-01
1.130670026074435397e-01 1.687073378085333919e-01
1.157086558426979189e-01 1.224325632359909433e-01
1.169243644601628412e-01 1.180265733859615224e-01
1.177432794073163813e-01 1.420522889067218908e-01
1.180800852923718641e-01 1.359310639937731657e-01
1.203815011663884882e-01 1.224606376665267199e-01
1.253052656424855638e-01 1.357733214236866714e-01
1.278098901287299805e-01 1.850236830643504082e-01
1.309310128501682546e-01 1.498174323131045982e-01
1.329729602636828822e-01 1.821940476522147245e-01
1.480528997401389102e-01 1.708636365420674597e-01
1.520572359834712339e-01 1.577967719758375242e-01
1.605297440708677859e-01 1.776791722452621125e-01
1.609525098122545905e-01 1.638394256958701778e-01
1.686270147562620170e-01 1.741226043849576910e-01
