4.226089974712216729e-02 4.781830321862729632e-02
4.708122770407844465e-02 5.215153331433182438e-02
5.129344335342093247e-02 5.911102508812127870e-02
5.161349345420221391e-02 5.950622844572860115e-02
5.205463903802209913e-02 6.115598175104776379e-02
5.326019840759728396e-02 6.529598335891324823e-02
5.433246245412939879e-02 6.140506645414956638e-02
5.499397867075010021e-02 6.793348058821728486e-02
5.573212491238742350e-02 6.328364901009472798e-02
5.614244516555261938e-02 5.762575609140416222e-02
5.652500393728299849e-02 5.856544423836013841e-02
5.706592074049541413e-02 6.562611240497465137e-02
5.958948990715798311e-02 6.992684746370396442e-02
6.025779761731078071e-02 6.907817799418142224e-02
6.225620927792594600e-02 6.323384590415412343e-02
6.255595911135107545e-02 6.901032045942792625e-02
6.272611267687974723e-02 6.978735940249537750e-02
6.481172927650950821e-02 6.748776413696284948e-02
6.505033300773020721e-02 8.776043235678085419e-02
6.619314765437391002e-02 7.528129337376240904e-02
6.810520687443423482e-02 1.043355484430468078e-01
7.043431721093153242e-02 7.183315763144221267e-02
7.102514603039906949e-02 7.311660051569414398e-02
7.129579121572765521e-02 9.718809948177456470e-02
7.281626660191868605e-02 8.208610536298573124e-02
7.408555847012929241e-02 1.083995662233881441e-01
7.426378540408090645e-02 8.979353203600069777e-02
7.513383219698141491e-02 9.980637099327042960e-02
7.587180885717212386e-02 9.854590068753230070e-02
7.625281974162040344e-02 9.424413614480359191e-02
7.642836383615596307e-02 8.824241230007946746e-02
7.679616171070138830e-02 1.123853420049367863e-01
7.682814643025548396e-02 1.102133412379762006e-01
7.735036592990780779e-02 8.481513224628760284e-02
7.740761395607215212e-02 1.422763015289102706e-01
7.837786105744336262e-02 9.277572391757939185e-02
7.872024487419564120e-02 9.050151191754807201e-02
7.873145732459979618e-02 1.058771547788257272e-01
7.921069647468802211e-02 9.890432583949340661e-02
7.994076643078608380e-02 9.186463633317198951e-02
8.038462096846279992e-02 8.445769339088267380e-02
8.171081852626004005e-02 9.783387276915657405e-02
8.396926735363037519e-02 9.486597177388425561e-02
8.407755879873483884e-02 1.105884287209259603e-01
8.461772818518648043e-02 1.092484479341187947e-01
8.469601512197957871e-02 1.063390346907227280e-01
8.503175473809057583e-02 9.897384371544912240e-02
8.515053174494079113e-02 1.349401306860111560e-01
8.538995486587480643e-02 1.147797274221480091e-01
8.563885015897382269e-02 8.589307795456109507e-02
8.604599210280973465e-02 1.062979811845519151e-01
8.648303584642853814e-02 1.129257971573987135e-01
8.655687333875490552e-02 9.322914169308195442e-02
8.665339876143965392e-02 1.049613608399800890e-01
8.690023173030007875e-02 1.909329826118612294e-01
8.693273603822933293e-02 8.738880507362241368e-02
8.727099995497500373e-02 1.029731069666777327e-01
8.859909846853514237e-02 1.043431658691862662e-01
8.860193074593573914e-02 1.028236936713182170e-01
8.867091715202808644e-02 1.135372644040569673e-01
8.901379780535553787e-02 8.963212955262861437e-02
8.936046784604151361e-02 9.465315895641165933e-02
8.976456730704641951e-02 9.318190172685318629e-02
9.044392069597126382e-02 1.046057671621482277e-01
9.087567276401915806e-02 1.050498532004380536e-01
9.099105769331511384e-02 9.837806580469063422e-02
9.101932967672064778e-02 1.168279856646138454e-01
9.151006427352181838e-02 1.050040712020551409e-01
9.207367559031326421e-02 9.867665166159235446e-02
9.221764324780343247e-02 1.212818746039684009e-01
9.293387248908883957e-02 1.324458288893980706e-01
9.395655512053541214e-02 1.507097091991869975e-01
9.425724439490303086e-02 1.157632395711552242e-01
9.426113712179781667e-02 1.399547271629038026e-01
9.476179539007872910e-02 2.096409873821801773e-01
9.549401422713724163e-02 1.014302127091317868e-01
9.571286658572711326e-02 1.329121756808330501e-01
9.572556419743634415e-02 1.428776281531222436e-01
9.581315753605483543e-02 1.140683137358636245e-01
9.606401815770490571e-02 9.840793998680377741e-02
9.653689435771453664e-02 1.010687226232049457e-01
9.665683517869699815e-02 1.309158754230952404e-01
9.704641920428737356e-02 1.063408598129143567e-01
9.750274230970140676e-02 1.043916318497869478e-01
9.769224682057373044e-02 1.104651221949075196e-01
9.796136413277273247e-02 1.398862156787403777e-01
9.803107624153704902e-02 1.200881871084268221e-01
9.814833660261229609e-02 1.323992886484753884e-01
9.863943247809399406e-02 1.031930540658883011e-01
9.929942246914728876e-02 1.094260864784226683e-01
9.930550598737088175e-02 1.066529318892249778e-01
9.931317796186632518e-02 1.042689565375980731e-01
9.982543871894380971e-02 1.071894965877629724e-01
9.986832572735239444e-02 1.219226076474859144e-01
9.988226105371267316e-02 1.030801184024734418e-01
1.000522438254715929e-01 1.941342828949054466e-01
1.008372524496745914e-01 1.105631306630024679e-01
1.011190018556697712e-01 1.254022993957189247e-01
1.011595134533802565e-01 1.120963894932861943e-01
1.013173209281153647e-01 1.107941512556276376e-01
1.014573343828638341e-01 1.196592799280960101e-01
1.014757988142695466e-01 1.027879340872977082e-01
1.018120781296913274e-01 1.226892287738054477e-01
1.028548620870041869e-01 1.257780034818694881e-01
1.028830550572874258e-01 1.208982256760302298e-01
1.034571432162651045e-01 1.474752259826873080e-01
1.037036552315099142e-01 1.085458430402144875e-01
1.038811542866400761e-01 1.795751190549127740e-01
1.050183542535031572e-01 1.148516988940727207e-01
1.051461460812388449e-01 1.185242213548830664e-01
1.053189404091223608e-01 1.094064909023866605e-01
1.053217232283735899e-01 1.762985560304249633e-01
1.054071902666385424e-01 1.461768935182544138e-01
1.057005266960357875e-01 1.150995288070197631e-01
1.057189544966158912e-01 1.264962280027869812e-01
1.057433387078821202e-01 1.460554335933062498e-01
1.057452514040144176e-01 1.424160488997597007e-01
1.059496044889557120e-01 1.310939529537342441e-01
1.064626305856297556e-01 1.066833601802415488e-01
1.067630273660769985e-01 1.124081757774122448e-01
1.068140184964566503e-01 1.189689147903469357e-01
1.072710589172839457e-01 1.169705597701964084e-01
1.074666100053495860e-01 1.122525772293529872e-01
1.078518953005064979e-01 1.094064909023866605e-01
1.081221373113973733e-01 1.687984847509573783e-01
1.084568714379111620e-01 1.271180039227638170e-01
1.085306209326709487e-01 1.692139109375842276e-01
1.085316960541180265e-01 1.247284658309228689e-01
1.086028351300835498e-01 1.087497668181261479e-01
1.090870424201004357e-01 1.117848075455795814e-01
1.102027669766708212e-01 1.151405021154928987e-01
1.106770926682448114e-01 1.307521723930532009e-01
1.110873697516795849e-01 1.239061154295624384e-01
1.113497319996509388e-01 1.130780969353653159e-01
1.114073346196387260e-01 1.116739391071655818e-01
1.120133919701092745e-01 1.483102269175008148e-01
1.121622212939019925e-01 1.126906974393328542e-01
1.123902568288804721e-01 1.238960295251433780e-01
1.124891486303894184e-01 1.241454904883848021e-01
1.125992094345216049e-01 1.268777286711600116e-01
1.128810952129933737e-01 1.136160834806433095e-01
1.133633364236765750e-01 1.166121802491139336e-01
1.143597120629233493e-01 1.255192107263918277e-01
1.145691339032115508e-01 1.735845566755896685e-01
1.145883489515916870e-01 1.383203639031782839e-01
1.152768346318273768e-01 1.424319405035808506e-01
1.162437550555047577e-01 1.277504011605347378e-01
1.163773925567867101e-01 1.527638927067177244e-01
1.165237602019435353e-01 1.498807511018836192e-01
1.165641765452001821e-01 1.383046179613578175e-01
1.171483575000081406e-01 1.235039156418745315e-01
1.171850568847901536e-01 1.354725739752704328e-01
1.173083770807149540e-01 1.271738309914871023e-01
1.173585648510693802e-01 1.380666652591104604e-01
1.178138085423285908e-01 1.211054836933783824e-01
1.184614582847175607e-01 1.363518939716079348e-01
1.196451664803213355e-01 1.611798849318600568e-01
1.199770079312568183e-01 1.275669994035776578e-01
1.209335786263046053e-01 1.824093722013624963e-01
1.218765920241275946e-01 1.315671664941445163e-01
1.232676599478602503e-01 1.317899136017643136e-01
1.236111079421054748e-01 1.664236162969142674e-01
1.244345817361877660e-01 1.281104410167703822e-01
1.245107901627266478e-01 1.344107987464470133e-01
1.251227384822585775e-01 1.346551593042133177e-01
1.256068182566417724e-01 1.256778246509265007e-01
1.263562678199674771e-01 1.268777286711600116e-01
1.266188022693028326e-01 1.313935988706761704e-01
1.270571248246888107e-01 1.408385136386536840e-01
1.310883757435611086e-01 1.329837142821362894e-01
1.329870399538734815e-01 1.449846042096651633e-01
1.331348268584408856e-01 1.427672206040435376e-01
1.362828718030242303e-01 1.610452082961099651e-01
1.384936239636405664e-01 1.443789288257115999e-01
1.409013739869911797e-01 1.752172469669557309e-01
1.412534081610377079e-01 1.855019374664375331e-01
1.438574398899383211e-01 1.527620404054855774e-01
1.475146574609791927e-01 1.615808638177282652e-01
1.506334271892563192e-01 1.682638535461147278e-01
1.511947982992496442e-01 1.568194423297580853e-01
1.539565622896749142e-01 1.550775209351271111e-01
1.585335251847146132e-01 1.611012451169591408e-01
1.587435636791627303e-01 1.724835741886949769e-01
1.612716113993621636e-01 1.707418960694466470e-01
1.622714477515882769e-01 1.642043950283880172e-01
1.628496006629844006e-01 1.643808530071865226e-01
1.702238751316540177e-01 1.861584929482422990e-01
2.025988625599965676e-01 2.082412257679848722e-01
