0.000000000000000000e+00 8.285733701277166185e-02
0.000000000000000000e+00 8.196044871680654986e-02
0.000000000000000000e+00 7.581042433932612401e-02
0.000000000000000000e+00 8.457469541018300396e-02
0.000000000000000000e+00 5.265220376480184150e-02
0.000000000000000000e+00 6.972353643189359296e-02
0.000000000000000000e+00 5.802237234094185375e-02
0.000000000000000000e+00 9.998153736129947178e-02
0.000000000000000000e+00 9.015882546628142813e-02
0.000000000000000000e+00 5.705164354121344816e-02
0.000000000000000000e+00 6.864514106250639569e-02
0.000000000000000000e+00 4.810863180350630208e-02
0.000000000000000000e+00 7.301571543215920612e-02
0.000000000000000000e+00 7.275728558686217484e-02
0.000000000000000000e+00 8.338244084155571612e-02
0.000000000000000000e+00 9.111515212185263002e-02
0.000000000000000000e+00 5.401049221913036685e-02
0.000000000000000000e+00 3.398955530617144699e-02
0.000000000000000000e+00 9.321471872003815606e-02
0.000000000000000000e+00 6.108726626685401229e-02
0.000000000000000000e+00 6.487615814272691683e-02
0.000000000000000000e+00 4.782090909661210199e-02
0.000000000000000000e+00 8.181897171690541426e-02
0.000000000000000000e+00 7.242424421739784846e-02
0.000000000000000000e+00 8.974712964396441839e-02
0.000000000000000000e+00 1.010545671465866574e-01
0.000000000000000000e+00 9.367321237671492884e-02
0.000000000000000000e+00 7.641165829369080120e-02
0.000000000000000000e+00 7.540734970810532289e-02
0.000000000000000000e+00 5.834810381457949946e-02
0.000000000000000000e+00 7.255731682905854074e-02
0.000000000000000000e+00 8.150487923073804208e-02
0.000000000000000000e+00 7.763242120223920462e-02
0.000000000000000000e+00 9.997205862707563007e-02
0.000000000000000000e+00 7.135050551195601387e-02
0.000000000000000000e+00 8.964222344623624938e-02
0.000000000000000000e+00 5.598460809185304421e-02
0.000000000000000000e+00 4.579408360047451665e-02
0.000000000000000000e+00 4.994975096827556499e-02
0.000000000000000000e+00 6.317395981524916160e-02
0.000000000000000000e+00 6.059414787704910099e-02
0.000000000000000000e+00 6.897908287390612514e-02
0.000000000000000000e+00 7.372197189864659883e-02
0.000000000000000000e+00 8.142002148802680861e-02
0.000000000000000000e+00 7.058220614965386719e-02
0.000000000000000000e+00 6.247215885174443872e-02
0.000000000000000000e+00 8.715690090178521143e-02
0.000000000000000000e+00 6.204831416003724759e-02
0.000000000000000000e+00 4.310544979954758493e-02
0.000000000000000000e+00 8.337386812361251287e-02
0.000000000000000000e+00 5.296875817374216422e-02
0.000000000000000000e+00 6.290434356202154187e-02
0.000000000000000000e+00 8.105752004591962323e-02
0.000000000000000000e+00 7.470267552798008637e-02
0.000000000000000000e+00 8.903501763458326890e-02
0.000000000000000000e+00 6.712052437037192842e-02
0.000000000000000000e+00 7.372937685269534414e-02
0.000000000000000000e+00 6.837496439961372741e-02
0.000000000000000000e+00 4.402010528893817581e-02
0.000000000000000000e+00 6.249787615174186295e-02
0.000000000000000000e+00 9.599261788699006703e-02
0.000000000000000000e+00 7.261411119622764032e-02
0.000000000000000000e+00 9.909973747585988646e-02
0.000000000000000000e+00 4.554203279352413841e-02
0.000000000000000000e+00 5.599929530845822179e-02
0.000000000000000000e+00 4.400971902233383193e-02
0.000000000000000000e+00 6.164495471380893044e-02
0.000000000000000000e+00 3.065293428871939882e-02
0.000000000000000000e+00 3.377063008026060659e-02
0.000000000000000000e+00 9.297711993798594976e-02
0.000000000000000000e+00 8.047233358087813038e-02
0.000000000000000000e+00 8.911329595121462999e-02
0.000000000000000000e+00 4.484959030944563052e-02
0.000000000000000000e+00 5.605480256614205764e-02
0.000000000000000000e+00 6.728283875795929014e-02
0.000000000000000000e+00 7.725038401719498682e-02
0.000000000000000000e+00 8.922624623640409980e-02
0.000000000000000000e+00 3.284150616707675469e-02
0.000000000000000000e+00 4.463738576668312141e-02
0.000000000000000000e+00 7.494459615623161319e-02
0.000000000000000000e+00 6.898103549113214494e-02
0.000000000000000000e+00 7.831979328273548646e-02
0.000000000000000000e+00 4.513957203509605387e-02
0.000000000000000000e+00 5.688973926027841160e-02
0.000000000000000000e+00 7.779125534061402669e-02
0.000000000000000000e+00 8.847086971707064651e-02
0.000000000000000000e+00 6.614980223017213889e-02
0.000000000000000000e+00 6.116002154874904118e-02
0.000000000000000000e+00 5.958179651594341930e-02
0.000000000000000000e+00 7.074231478541401219e-02
0.000000000000000000e+00 6.999428048687737769e-02
0.000000000000000000e+00 3.161759209466855763e-02
0.000000000000000000e+00 3.605504924283414736e-02
0.000000000000000000e+00 7.337725266005608316e-02
0.000000000000000000e+00 3.745034706667296764e-02
0.000000000000000000e+00 7.107248131911991784e-02
0.000000000000000000e+00 4.981281924849054882e-02
0.000000000000000000e+00 7.770891783003212872e-02
0.000000000000000000e+00 7.850320796324539163e-02
0.000000000000000000e+00 7.653594720554580955e-02
0.000000000000000000e+00 9.006181439389206178e-02
0.000000000000000000e+00 8.431821753440636724e-02
0.000000000000000000e+00 5.205369292494429340e-02
0.000000000000000000e+00 3.280378629745576285e-02
0.000000000000000000e+00 4.821800267190619327e-02
0.000000000000000000e+00 6.955257021467801948e-02
0.000000000000000000e+00 6.048744068783570155e-02
0.000000000000000000e+00 6.440593602165130271e-02
0.000000000000000000e+00 7.752552501345416625e-02
0.000000000000000000e+00 4.374992742219870057e-02
0.000000000000000000e+00 6.507827552879445754e-02
0.000000000000000000e+00 4.274351690836097201e-02
0.000000000000000000e+00 2.281120986894962649e-02
0.000000000000000000e+00 6.475269343002798550e-02
0.000000000000000000e+00 6.139696878365145244e-02
0.000000000000000000e+00 5.005836261490211048e-02
0.000000000000000000e+00 7.164447077875189807e-02
0.000000000000000000e+00 8.250900082700106386e-02
0.000000000000000000e+00 3.382499289246519020e-02
0.000000000000000000e+00 5.260215138842132959e-02
0.000000000000000000e+00 3.214872204263120870e-02
0.000000000000000000e+00 5.648350476154195832e-02
0.000000000000000000e+00 4.452697088477846482e-02
0.000000000000000000e+00 7.261748837217678332e-02
0.000000000000000000e+00 7.290510918892598169e-02
0.000000000000000000e+00 5.468120626080193170e-02
0.000000000000000000e+00 5.578906578716179288e-02
0.000000000000000000e+00 1.076928431294084526e-01
0.000000000000000000e+00 7.366314044403235450e-02
0.000000000000000000e+00 7.374224266773450609e-02
0.000000000000000000e+00 8.006526516002988869e-02
0.000000000000000000e+00 5.126462962836182691e-02
0.000000000000000000e+00 6.196725038470152908e-02
0.000000000000000000e+00 4.426886120745231190e-02
0.000000000000000000e+00 6.028462618805150580e-02
0.000000000000000000e+00 2.641104767106759732e-02
0.000000000000000000e+00 5.295207563402938578e-02
0.000000000000000000e+00 7.430404436230650389e-02
0.000000000000000000e+00 8.974402538720098466e-02
0.000000000000000000e+00 9.464796999235096375e-02
0.000000000000000000e+00 7.701256661423336314e-02
0.000000000000000000e+00 6.054366399920738800e-02
0.000000000000000000e+00 8.414995652643868229e-02
0.000000000000000000e+00 3.923079424986990887e-02
0.000000000000000000e+00 8.159082621104399302e-02
0.000000000000000000e+00 3.467837989174807345e-02
0.000000000000000000e+00 6.081983547158873599e-02
0.000000000000000000e+00 6.211844297383836005e-02
0.000000000000000000e+00 5.213059821123297577e-02
0.000000000000000000e+00 5.553621862794216185e-02
0.000000000000000000e+00 9.740283796247246884e-02
0.000000000000000000e+00 6.740438319533881284e-02
0.000000000000000000e+00 5.502778451756028949e-02
0.000000000000000000e+00 5.730302217923792518e-02
0.000000000000000000e+00 8.500575546903710311e-02
0.000000000000000000e+00 7.264038351364034141e-02
0.000000000000000000e+00 3.608214483354930252e-02
0.000000000000000000e+00 3.205371750525167623e-02
0.000000000000000000e+00 4.804990980195878586e-02
0.000000000000000000e+00 7.524379877964111618e-02
0.000000000000000000e+00 3.890403248372104744e-02
0.000000000000000000e+00 8.118755696783946929e-02
0.000000000000000000e+00 4.602018607042685644e-02
0.000000000000000000e+00 4.322746823369263275e-02
0.000000000000000000e+00 3.890938427470128774e-02
0.000000000000000000e+00 6.799833945485345144e-02
0.000000000000000000e+00 5.987331285996159991e-02
0.000000000000000000e+00 5.130972734387020950e-02
0.000000000000000000e+00 6.888402198410432942e-02
0.000000000000000000e+00 2.728628922961107497e-02
0.000000000000000000e+00 6.611477981191629660e-02
0.000000000000000000e+00 7.766281626339434363e-02
0.000000000000000000e+00 1.613863979037788096e-02
0.000000000000000000e+00 7.324494510381342194e-02
0.000000000000000000e+00 4.468641035950175061e-02
0.000000000000000000e+00 5.810743665305555944e-02
0.000000000000000000e+00 4.594808748670779763e-02
0.000000000000000000e+00 5.154955782005923859e-02
0.000000000000000000e+00 6.816737133189521014e-02
0.000000000000000000e+00 5.135150866450536450e-02
0.000000000000000000e+00 4.141072161343014452e-02
0.000000000000000000e+00 4.576915006807066866e-02
0.000000000000000000e+00 5.870561089339380173e-02
0.000000000000000000e+00 6.047753445966405628e-02
0.000000000000000000e+00 2.915108224992182459e-02
0.000000000000000000e+00 4.273904933405064249e-02
0.000000000000000000e+00 3.820693690484181643e-02
0.000000000000000000e+00 8.469929456695574066e-02
0.000000000000000000e+00 5.326892251487262697e-02
0.000000000000000000e+00 6.540303832119273575e-02
0.000000000000000000e+00 7.454290779434080694e-02
0.000000000000000000e+00 5.606403170766000033e-02
0.000000000000000000e+00 9.253207802948090754e-02
0.000000000000000000e+00 7.126890907341022763e-02
0.000000000000000000e+00 5.105622387128722767e-02
0.000000000000000000e+00 1.355388725044144420e-02
0.000000000000000000e+00 7.911140596923096902e-02
0.000000000000000000e+00 4.126494823854370830e-02
0.000000000000000000e+00 7.388228434981213011e-02
0.000000000000000000e+00 3.510214262837564603e-02
0.000000000000000000e+00 5.075223004005489230e-02
0.000000000000000000e+00 8.450573509800395067e-02
0.000000000000000000e+00 5.168053136608186104e-02
0.000000000000000000e+00 5.745150991793993023e-02
0.000000000000000000e+00 6.407011005963672567e-02
0.000000000000000000e+00 5.044728421013292691e-02
0.000000000000000000e+00 7.507712591716905748e-02
0.000000000000000000e+00 6.597398066597981448e-02
0.000000000000000000e+00 5.320418536845632207e-02
0.000000000000000000e+00 4.041771051458514785e-02
0.000000000000000000e+00 5.257969199424974982e-02
0.000000000000000000e+00 7.197903451669047936e-02
0.000000000000000000e+00 8.037717846355153795e-02
0.000000000000000000e+00 4.174943230360907143e-02
0.000000000000000000e+00 6.359101675074915749e-02
0.000000000000000000e+00 2.924428199060424144e-02
0.000000000000000000e+00 3.942221896338943266e-02
0.000000000000000000e+00 7.583151764017909136e-02
0.000000000000000000e+00 4.688244833920764826e-02
0.000000000000000000e+00 4.517860671994178290e-02
0.000000000000000000e+00 5.978308880378521706e-02
0.000000000000000000e+00 6.901901478781306831e-02
0.000000000000000000e+00 8.750826090358272691e-02
0.000000000000000000e+00 6.940100615801778061e-02
0.000000000000000000e+00 6.282435929653791551e-02
0.000000000000000000e+00 6.209600541264499729e-02
0.000000000000000000e+00 9.326185564210336121e-02
0.000000000000000000e+00 7.020709550559317558e-02
0.000000000000000000e+00 9.564731447454741589e-03
0.000000000000000000e+00 4.562511553989180568e-02
0.000000000000000000e+00 3.195907869373277449e-02
0.000000000000000000e+00 1.778423323621017987e-02
0.000000000000000000e+00 4.152044688206940615e-02
0.000000000000000000e+00 5.403437367534391633e-02
0.000000000000000000e+00 2.354122876139527060e-02
0.000000000000000000e+00 4.629001791817605876e-02
0.000000000000000000e+00 5.531231599508379393e-02
0.000000000000000000e+00 1.985695292779129928e-02
0.000000000000000000e+00 5.983304072567516285e-02
0.000000000000000000e+00 7.586203710257211075e-02
0.000000000000000000e+00 2.375216825650374938e-02
0.000000000000000000e+00 8.405261469786123874e-02
0.000000000000000000e+00 5.779362563056901492e-02
0.000000000000000000e+00 3.922619819950264736e-02
0.000000000000000000e+00 3.711029338414018053e-02
0.000000000000000000e+00 4.040817451396408466e-02
0.000000000000000000e+00 4.965913338805944682e-02
0.000000000000000000e+00 1.339893317966475532e-02
0.000000000000000000e+00 3.402583411880586578e-02
0.000000000000000000e+00 9.588345284326722784e-02
0.000000000000000000e+00 3.288901430955021299e-02
0.000000000000000000e+00 5.721984367208408917e-02
0.000000000000000000e+00 4.010257880911296396e-02
0.000000000000000000e+00 2.603876303142249604e-02
0.000000000000000000e+00 4.922682722997549776e-02
0.000000000000000000e+00 2.473170823003808041e-02
0.000000000000000000e+00 6.987208724537234683e-02
0.000000000000000000e+00 2.811432963062516360e-02
0.000000000000000000e+00 5.404377895517689656e-02
0.000000000000000000e+00 6.722206486743351195e-02
0.000000000000000000e+00 6.520525520191061686e-02
0.000000000000000000e+00 6.618991001755217263e-02
0.000000000000000000e+00 6.426661035259123578e-02
0.000000000000000000e+00 7.006429561762368696e-02
0.000000000000000000e+00 5.286473222826024165e-02
0.000000000000000000e+00 5.050261956613639330e-02
0.000000000000000000e+00 1.966931893564010173e-02
0.000000000000000000e+00 6.345393664885082274e-02
0.000000000000000000e+00 4.247658011393575656e-02
0.000000000000000000e+00 2.129280963859050621e-02
0.000000000000000000e+00 6.739830376817092239e-02
0.000000000000000000e+00 5.319575261221447249e-02
0.000000000000000000e+00 6.643659873616064582e-02
0.000000000000000000e+00 3.922828569903520635e-02
0.000000000000000000e+00 5.291023982258366565e-02
0.000000000000000000e+00 4.742700345025423203e-02
0.000000000000000000e+00 4.606667076455409071e-02
0.000000000000000000e+00 1.086475563779187026e-01
0.000000000000000000e+00 6.076902116804407117e-02
0.000000000000000000e+00 5.097973322354436981e-02
0.000000000000000000e+00 5.242979656995030990e-02
0.000000000000000000e+00 3.892836927943791464e-02
0.000000000000000000e+00 1.536654829969129679e-02
0.000000000000000000e+00 7.558323387898392698e-02
0.000000000000000000e+00 6.923401927203338968e-02
0.000000000000000000e+00 1.774661575182024525e-02
0.000000000000000000e+00 9.122730601199953437e-02
0.000000000000000000e+00 5.954634520339455173e-02
0.000000000000000000e+00 5.507010848321785418e-02
0.000000000000000000e+00 2.074713418866022674e-02
0.000000000000000000e+00 6.177811986255055815e-02
0.000000000000000000e+00 3.587031541205452922e-02
0.000000000000000000e+00 7.842126640307270358e-02
0.000000000000000000e+00 6.517993014007412989e-02
0.000000000000000000e+00 5.235014685636735221e-02
0.000000000000000000e+00 1.105467209662472916e-01
0.000000000000000000e+00 6.331735607758583184e-02
0.000000000000000000e+00 3.875205316812423834e-02
0.000000000000000000e+00 7.865833091400538379e-02
0.000000000000000000e+00 1.116793822095688560e-01
0.000000000000000000e+00 3.493399863632225266e-02
0.000000000000000000e+00 3.540672238621688644e-02
0.000000000000000000e+00 5.608061304077417014e-02
0.000000000000000000e+00 2.540856872652166518e-02
0.000000000000000000e+00 7.691957939866470029e-02
0.000000000000000000e+00 3.075992107891915850e-02
0.000000000000000000e+00 4.169819631385410924e-02
0.000000000000000000e+00 3.050763912103434533e-02
0.000000000000000000e+00 2.864556425381065141e-02
0.000000000000000000e+00 4.942101971059604387e-02
0.000000000000000000e+00 4.712455046295515454e-02
0.000000000000000000e+00 7.031643083882008205e-02
0.000000000000000000e+00 5.219443152440816219e-02
0.000000000000000000e+00 7.226726652153449282e-02
0.000000000000000000e+00 7.704855651610227618e-02
0.000000000000000000e+00 2.480171448901867873e-02
0.000000000000000000e+00 5.043733240864907430e-02
0.000000000000000000e+00 6.548443882772965463e-02
0.000000000000000000e+00 5.613259064670647613e-02
0.000000000000000000e+00 4.751127858483450428e-02
0.000000000000000000e+00 6.712106074092488717e-02
0.000000000000000000e+00 3.964126746634866888e-02
0.000000000000000000e+00 2.382838693552206608e-02
0.000000000000000000e+00 7.433842861207895503e-02
0.000000000000000000e+00 4.988876801543648543e-02
0.000000000000000000e+00 3.142799994884614562e-02
0.000000000000000000e+00 4.584358324419539332e-02
0.000000000000000000e+00 6.472513380593551691e-02
0.000000000000000000e+00 6.050364099431434356e-02
0.000000000000000000e+00 6.766640363777724765e-02
0.000000000000000000e+00 4.590410141376061182e-02
0.000000000000000000e+00 4.666170965636306373e-02
0.000000000000000000e+00 2.082775150895312816e-02
0.000000000000000000e+00 7.345429058720717719e-02
0.000000000000000000e+00 7.604443686999642904e-02
0.000000000000000000e+00 6.460534836619738486e-02
0.000000000000000000e+00 6.112367393251087050e-02
0.000000000000000000e+00 3.435429514029062631e-02
0.000000000000000000e+00 4.493451428606130837e-02
0.000000000000000000e+00 7.269531611287866069e-02
0.000000000000000000e+00 4.615149528742496648e-02
0.000000000000000000e+00 7.116937179961638216e-02
0.000000000000000000e+00 6.415020573186236419e-02
0.000000000000000000e+00 3.319728744866175252e-02
0.000000000000000000e+00 7.859914282889512993e-02
0.000000000000000000e+00 4.154756403275308707e-02
0.000000000000000000e+00 2.325746388534002604e-02
0.000000000000000000e+00 4.669482067117916579e-02
0.000000000000000000e+00 5.768870817382137223e-02
0.000000000000000000e+00 4.577083446218683377e-02
0.000000000000000000e+00 4.503075093649087229e-02
0.000000000000000000e+00 7.588653784138647829e-02
0.000000000000000000e+00 7.608915309561073426e-02
0.000000000000000000e+00 3.783725095352157008e-02
0.000000000000000000e+00 3.027500149834677287e-02
0.000000000000000000e+00 6.323882592540884529e-02
0.000000000000000000e+00 6.729685557710535226e-02
0.000000000000000000e+00 4.411078258650311112e-02
0.000000000000000000e+00 4.731571897323915560e-02
0.000000000000000000e+00 5.841070557109313832e-02
0.000000000000000000e+00 2.950228659615292820e-02
0.000000000000000000e+00 8.855953594327564335e-03
0.000000000000000000e+00 5.729191814151467915e-02
0.000000000000000000e+00 4.426634370283057812e-02
0.000000000000000000e+00 5.107156594492211210e-02
0.000000000000000000e+00 4.058760962007420398e-02
0.000000000000000000e+00 5.497374996630671057e-02
0.000000000000000000e+00 4.849991436761677543e-02
0.000000000000000000e+00 4.564030547261772874e-02
0.000000000000000000e+00 1.038683879109112210e-02
0.000000000000000000e+00 3.713554236047730828e-02
0.000000000000000000e+00 3.435604485397862617e-02
0.000000000000000000e+00 2.833986428138129260e-02
0.000000000000000000e+00 1.893436748909267317e-02
0.000000000000000000e+00 1.336878990986015321e-02
0.000000000000000000e+00 2.632289549213762125e-02
0.000000000000000000e+00 8.889871693137364750e-02
0.000000000000000000e+00 6.218488568683637474e-02
0.000000000000000000e+00 4.829104072729778485e-02
0.000000000000000000e+00 6.681956855752185787e-02
0.000000000000000000e+00 2.151324048712250150e-02
0.000000000000000000e+00 2.890158230349332974e-02
0.000000000000000000e+00 2.961273571337413174e-02
0.000000000000000000e+00 5.553076775214488281e-02
0.000000000000000000e+00 3.236419129435340325e-02
0.000000000000000000e+00 4.781601332530820841e-02
0.000000000000000000e+00 1.653034915421722900e-02
0.000000000000000000e+00 5.875968561228517295e-02
0.000000000000000000e+00 2.290340241469942389e-02
0.000000000000000000e+00 4.805936751949573676e-02
0.000000000000000000e+00 7.167080879209154765e-02
0.000000000000000000e+00 7.280944835859222419e-02
0.000000000000000000e+00 1.918923768826638968e-02
0.000000000000000000e+00 5.409650627722450977e-02
0.000000000000000000e+00 6.596821501178475045e-02
0.000000000000000000e+00 4.716553353295092899e-02
0.000000000000000000e+00 2.876419906425404030e-02
0.000000000000000000e+00 4.607998026067414155e-02
0.000000000000000000e+00 4.834763418748400793e-02
0.000000000000000000e+00 2.190205291969257728e-02
0.000000000000000000e+00 4.285434805665475771e-02
0.000000000000000000e+00 4.653732209060208735e-02
0.000000000000000000e+00 5.878863041829378994e-02
0.000000000000000000e+00 4.482448656334152987e-02
0.000000000000000000e+00 3.711116737943073729e-02
0.000000000000000000e+00 2.485006783229008059e-02
0.000000000000000000e+00 4.957606468343146028e-02
0.000000000000000000e+00 4.636915755632090019e-02
0.000000000000000000e+00 6.449095888242369068e-02
0.000000000000000000e+00 6.443933507799209925e-02
0.000000000000000000e+00 5.154482594115256805e-02
0.000000000000000000e+00 5.772222667023176740e-02
0.000000000000000000e+00 5.591477550734416657e-02
0.000000000000000000e+00 2.380904160121851895e-02
0.000000000000000000e+00 6.768992320273915786e-02
0.000000000000000000e+00 6.920995651077183064e-02
0.000000000000000000e+00 3.486598991772921902e-02
0.000000000000000000e+00 4.089808247718923484e-02
0.000000000000000000e+00 2.016894011049830127e-02
0.000000000000000000e+00 5.298728633093306717e-02
0.000000000000000000e+00 2.401666321213571584e-02
0.000000000000000000e+00 4.142485846061993993e-02
0.000000000000000000e+00 1.781564011991657731e-02
0.000000000000000000e+00 5.367741197980931134e-02
0.000000000000000000e+00 4.225600081590553947e-02
0.000000000000000000e+00 2.373341328615940701e-02
0.000000000000000000e+00 3.778041313603213575e-02
0.000000000000000000e+00 4.123088089514227034e-02
0.000000000000000000e+00 8.490771762394043465e-02
0.000000000000000000e+00 5.264348336580382259e-02
0.000000000000000000e+00 3.154583731097711924e-02
0.000000000000000000e+00 5.239505414360737245e-02
0.000000000000000000e+00 5.129867549106183200e-02
0.000000000000000000e+00 3.686363836199585409e-02
0.000000000000000000e+00 6.236626026283432350e-02
0.000000000000000000e+00 7.343523003388457981e-02
0.000000000000000000e+00 6.234191501788346329e-02
0.000000000000000000e+00 5.289614339772373552e-02
0.000000000000000000e+00 6.146845912000853049e-03
0.000000000000000000e+00 3.245929800936003112e-02
0.000000000000000000e+00 4.694637573884904297e-02
0.000000000000000000e+00 6.045631452334153388e-02
0.000000000000000000e+00 5.709264266785572112e-02
0.000000000000000000e+00 5.211378363358579180e-02
0.000000000000000000e+00 7.118148341870371432e-02
0.000000000000000000e+00 1.689391683743289574e-02
0.000000000000000000e+00 2.640142982963486137e-02
0.000000000000000000e+00 6.534141579084629115e-02
0.000000000000000000e+00 7.040973626427521337e-02
0.000000000000000000e+00 1.947454487913859514e-02
0.000000000000000000e+00 4.226042570817815924e-02
0.000000000000000000e+00 3.465817436732294976e-02
0.000000000000000000e+00 2.851557768434481374e-02
0.000000000000000000e+00 5.460667744851928351e-02
0.000000000000000000e+00 3.253221712571405244e-02
0.000000000000000000e+00 5.420473616842778897e-02
0.000000000000000000e+00 2.093164623008745770e-02
0.000000000000000000e+00 2.035594045409067770e-02
0.000000000000000000e+00 1.597001286368739115e-02
0.000000000000000000e+00 5.986960924182840177e-02
0.000000000000000000e+00 2.881461047172181877e-02
0.000000000000000000e+00 3.840901294487399087e-02
0.000000000000000000e+00 8.377508823126265936e-02
0.000000000000000000e+00 6.316077794546615110e-02
0.000000000000000000e+00 5.735855307962177407e-02
0.000000000000000000e+00 7.889790391454201690e-02
0.000000000000000000e+00 5.489948877078989348e-02
0.000000000000000000e+00 8.725114237999022360e-02
0.000000000000000000e+00 4.341643920761909664e-02
0.000000000000000000e+00 5.512084699033865248e-02
0.000000000000000000e+00 4.946773074452383984e-02
0.000000000000000000e+00 4.843842437452062361e-02
0.000000000000000000e+00 4.629566026321091377e-02
0.000000000000000000e+00 7.751455464030947151e-02
0.000000000000000000e+00 2.294353155614436285e-02
0.000000000000000000e+00 6.577058087786319396e-02
0.000000000000000000e+00 3.292243545334477134e-02
0.000000000000000000e+00 2.685700005675637630e-02
0.000000000000000000e+00 5.329906064770947860e-02
0.000000000000000000e+00 3.374989740312941966e-02
0.000000000000000000e+00 3.745867579479581627e-02
0.000000000000000000e+00 6.083333628278415200e-02
0.000000000000000000e+00 6.497457990445774934e-02
0.000000000000000000e+00 4.939705413715467230e-02
0.000000000000000000e+00 3.233815384706096446e-02
0.000000000000000000e+00 7.279836772324921323e-02
0.000000000000000000e+00 5.569531834632532319e-02
0.000000000000000000e+00 5.233718538497060535e-02
0.000000000000000000e+00 4.399330762503077252e-02
0.000000000000000000e+00 2.615375701306578426e-02
0.000000000000000000e+00 5.994100638321726848e-02
0.000000000000000000e+00 2.701989625703221307e-02
0.000000000000000000e+00 4.020929386452290477e-02
0.000000000000000000e+00 3.461454627143576573e-02
0.000000000000000000e+00 2.685005361525320128e-02
0.000000000000000000e+00 1.682674002915970218e-02
0.000000000000000000e+00 2.250500147320021183e-02
0.000000000000000000e+00 4.068308270035322916e-02
0.000000000000000000e+00 1.688151250391522681e-02
