4.686326839574162786e-04 4.802670192169327204e-04
6.426973480564567194e-04 6.527603138032941725e-04
7.784267701113135093e-04 7.906424734448858722e-04
9.345707251302439551e-04 9.510335897912917599e-04
9.661828291641756878e-04 1.022042824936155109e-03
9.942170406017894393e-04 9.967286103896356476e-04
1.004714092889625980e-03 1.032741397721381217e-03
1.146672560195299926e-03 1.154681467070972894e-03
1.161656401337340157e-03 1.205568377297369306e-03
1.273347306727940767e-03 1.337079684878656307e-03
1.335727161994138684e-03 1.482131788453502821e-03
1.356481907537501405e-03 1.549571633717360076e-03
1.384712558340752504e-03 1.393400618760577431e-03
1.390397719723007351e-03 1.441309242482247815e-03
1.409044997167964008e-03 1.428967951414060553e-03
1.474162375973742806e-03 1.479955631298757656e-03
1.726921765483566476e-03 2.218085053349532539e-03
1.728206141238246068e-03 1.764556456885418194e-03
1.786105186979505301e-03 1.948330211726522019e-03
1.884315181307942523e-03 1.916989841931845441e-03
1.897537766484629160e-03 2.001481989798767520e-03
1.974994370428305099e-03 2.072615275186558310e-03
1.978629359290653197e-03 2.048079720615552431e-03
1.983194958315928971e-03 2.031429011759220728e-03
2.014935686381872162e-03 2.027868572548551050e-03
2.023794554383661140e-03 2.026001179049117910e-03
2.037301627804608689e-03 2.537047850373318810e-03
2.046703459430061680e-03 2.119418648678773540e-03
2.067422793491770737e-03 2.076270005987373643e-03
2.154638409274092867e-03 2.209899228620045616e-03
2.169474470156074024e-03 2.204715569363404834e-03
2.203576444772062121e-03 2.570993974038694035e-03
2.217824907898087623e-03 2.784256641119394263e-03
2.254557784243130421e-03 2.453309293885526463e-03
2.304263803705823652e-03 2.435688787333934683e-03
2.400062495730412998e-03 3.026753765738283627e-03
2.407575040070160204e-03 2.462998184626394131e-03
2.412773011671252941e-03 2.502476148620067647e-03
2.417309631532745234e-03 2.763872707279353257e-03
2.434914925576653778e-03 3.139098552233624603e-03
2.438372583568919165e-03 3.263874137590649753e-03
2.444376660972086366e-03 2.476666968269504703e-03
2.456962799552583898e-03 2.466915478401797424e-03
2.539497718692328675e-03 2.842457662954967889e-03
2.586219836688657438e-03 3.004379113153893537e-03
2.599974385645133571e-03 2.604388361525847035e-03
2.600026885962692606e-03 2.616600018771661051e-03
2.619857832227982016e-03 2.651874665412999252e-03
2.644465783364021577e-03 2.846500262176407826e-03
2.721726958105098564e-03 2.802481060609528143e-03
2.745604918761794088e-03 2.745809212791889675e-03
2.767546756828495342e-03 2.883578929926265688e-03
2.775229748472631680e-03 2.792398614641501079e-03
2.821971935340202801e-03 2.880423518306326688e-03
2.905782363396197665e-03 3.069356697613376001e-03
2.913362725364416605e-03 2.915478390508878699e-03
2.970084939820907301e-03 2.970085245314438380e-03
2.973364899670512176e-03 3.335380585511988055e-03
3.143963046957610596e-03 3.172691208905959858e-03
3.170603399073339615e-03 3.543179751013334020e-03
3.171443535955583651e-03 3.818350852308039119e-03
3.181507253761414744e-03 3.181903754369764387e-03
3.210976739873322265e-03 3.212508953818582480e-03
3.214617869882958976e-03 3.224923901044885605e-03
3.375046796687159421e-03 3.581134272502249204e-03
3.389577995588360405e-03 3.440587736268161181e-03
3.443849545231210570e-03 3.443893569649940020e-03
3.482601344838114760e-03 3.601167097923554418e-03
3.589343188900365449e-03 4.077267245688897916e-03
3.732805801731078291e-03 3.838174430351124281e-03
3.749085401538718165e-03 3.775475928104551470e-03
3.910108685650613355e-03 3.913418500995218506e-03
3.920174057363479646e-03 3.936749307290645858e-03
4.031047587548445936e-03 4.035151724098937770e-03
4.036536525213660180e-03 4.611000909175923430e-03
4.142201424947364492e-03 4.168418609510126521e-03
4.143458279672941960e-03 4.143462987576462982e-03
4.144665918049907430e-03 4.328308961227381874e-03
4.149057311712292528e-03 4.661628152376055476e-03
4.167409685923075674e-03 4.378321954362269022e-03
4.248895166291696487e-03 4.263013549320455835e-03
4.277645242087796049e-03 4.298239912402073738e-03
4.290591169464833508e-03 4.354045762498301442e-03
4.323497951430329417e-03 4.442680215463455304e-03
4.435044223862785913e-03 5.425875310155958350e-03
4.477078014751641535e-03 4.529343885469108537e-03
4.492392040054169616e-03 4.823382249573402066e-03
4.497394540496097576e-03 4.662013223417868849e-03
4.508206717033422933e-03 5.674842014143787090e-03
4.531259370424780414e-03 4.989095159725433215e-03
4.569391488212808626e-03 4.750999854399833543e-03
4.574162925567853803e-03 4.731382872524919625e-03
4.620088621574255233e-03 5.036365882754616045e-03
4.659620361607567408e-03 4.713332497170554490e-03
4.689795034345505681e-03 4.731900653800039970e-03
4.698653483614818015e-03 4.799496193994826597e-03
4.698740309663847377e-03 6.043691517023411404e-03
4.714960225367198672e-03 4.742129866542298296e-03
4.799576891198627758e-03 5.313330980920487855e-03
4.805745295678783696e-03 4.886817612427344845e-03
4.836281304491398675e-03 6.126841795258733056e-03
4.846515697902061687e-03 5.940186702717435534e-03
4.908770629708203784e-03 4.974062403435015878e-03
4.918353715214137355e-03 4.964063978643724548e-03
4.924747818424085599e-03 5.995788867582035886e-03
5.042301148079922357e-03 5.066244540895155184e-03
5.071862354772271354e-03 5.095261562888914533e-03
5.096428389677542907e-03 5.506933662281891101e-03
5.097230927729927939e-03 5.480807040030310530e-03
5.117986610040902058e-03 5.122723747114413771e-03
5.125574633617019024e-03 5.180722212140819252e-03
5.152571472349199572e-03 5.162060344332683459e-03
5.173094962928946258e-03 5.269268950150011316e-03
5.205749143997346132e-03 5.954333073373471383e-03
5.245387391929865091e-03 5.425771314963052407e-03
5.248506132098102427e-03 5.255769576872512845e-03
5.288800856110337754e-03 5.388518327617158356e-03
5.290895219373406046e-03 5.370898762746672932e-03
5.316627192282231788e-03 5.666499008243319410e-03
5.328454527885718474e-03 5.552049645227308955e-03
5.336615366224008866e-03 5.360325856810908667e-03
5.339448659915151281e-03 6.088002412401626214e-03
5.349830399112874557e-03 5.370623042078259864e-03
5.364192254384008915e-03 5.370980741492650291e-03
5.407542508055493066e-03 5.856786844885467254e-03
5.424098539346225260e-03 5.755782291506486570e-03
5.438226255742496622e-03 5.453509488298144588e-03
5.452095012567716517e-03 5.502832950327369785e-03
5.464649543423548590e-03 5.466400940960469863e-03
5.476826622478702007e-03 5.644880553574659759e-03
5.481170332188228800e-03 5.612200014326375504e-03
5.516443379773887032e-03 5.915687111663736619e-03
5.525824015928626834e-03 5.542466877370652058e-03
5.526324494223446883e-03 5.731398183131307389e-03
5.557019293370388593e-03 5.563406503296091342e-03
5.574976451432552514e-03 5.877227717679414654e-03
5.581474164278421926e-03 5.854783113099138250e-03
5.586561943572023771e-03 6.223256744864587471e-03
5.651803336553485983e-03 6.680792862319396945e-03
5.701771927922170968e-03 5.729370553278870758e-03
5.702744558703702268e-03 5.773509493396052766e-03
5.723965935106092515e-03 5.861099939320010485e-03
5.777852683050877999e-03 6.939653718085792705e-03
5.787724818816080211e-03 5.798683658931665097e-03
5.800848273207113992e-03 5.843977442003718548e-03
5.808052011999458898e-03 6.023772868810835061e-03
5.819199501300287465e-03 5.819620542176559899e-03
5.837293367602262341e-03 6.146604229589979797e-03
5.843053310113382852e-03 5.861963853323898070e-03
5.858036044430959405e-03 5.993867191821974048e-03
5.884490282261387907e-03 6.554794693026630079e-03
5.887396771675211180e-03 6.439409312131594981e-03
5.914441140944362400e-03 6.067706206567005656e-03
5.926500725751055951e-03 6.041253643203440063e-03
5.936358792503300050e-03 5.973277780550985752e-03
5.961349179213985133e-03 6.279503092740983811e-03
6.024680007654258443e-03 6.092446287596771544e-03
6.071467249792386091e-03 6.135863189956217503e-03
6.104312629832131520e-03 6.107307026701641953e-03
6.109563717028438506e-03 6.183066897123408630e-03
6.169226839050001229e-03 6.265014869109134660e-03
6.178734405888718431e-03 6.267158310579737379e-03
6.238243835370021508e-03 6.547850109211288475e-03
6.266009342670992611e-03 7.632854070765191130e-03
6.269956260301880885e-03 6.291177290321336643e-03
6.369099838163957104e-03 7.126438179523897180e-03
6.436899974398086789e-03 6.552637829335842233e-03
6.442817921326775277e-03 6.542985521979816435e-03
6.480031137970258294e-03 6.515335054721234191e-03
6.521106806241231367e-03 6.538649822112013558e-03
6.540741850526004750e-03 8.169511202128153585e-03
6.551754019175462344e-03 6.711545407128584502e-03
6.563405227188019719e-03 6.570193844562605828e-03
6.574974083597057151e-03 6.943655802602184332e-03
6.613173982822775389e-03 7.056361303021753233e-03
6.614321837161047345e-03 6.793832290625361967e-03
6.688797807605748567e-03 8.041358777489727300e-03
6.708004234976078575e-03 6.933336936753697194e-03
6.711457642915482670e-03 6.717025989752542676e-03
6.727324585980171308e-03 6.814805646132456735e-03
6.744335964509014930e-03 6.821898095344218482e-03
6.760010900404679959e-03 7.071783668040895927e-03
6.792660656210910107e-03 6.861890585205929552e-03
6.810621319220605020e-03 7.163331750303316217e-03
6.826502007553602626e-03 7.200114249186326601e-03
6.842421055279532260e-03 6.935848450913656774e-03
6.871765666727550938e-03 7.397554576168629929e-03
6.886501521889026520e-03 7.179097350035979104e-03
6.902464401412759451e-03 6.906171422060947834e-03
6.907738007234895915e-03 7.456489455159310588e-03
6.969628925188721923e-03 8.051282160703925744e-03
7.057368771860581154e-03 7.237602019664115052e-03
7.060429492470460255e-03 7.069635826120665260e-03
7.078913956119108411e-03 7.448403719538474951e-03
7.082597236736378268e-03 8.375642115474972449e-03
7.091842108533448832e-03 8.664145127119991449e-03
7.106366831850562636e-03 7.147765091072641984e-03
7.116280837752865344e-03 7.681447396409330809e-03
7.129878759318605472e-03 7.176962042252548954e-03
7.149681257418518537e-03 7.216388575786268286e-03
7.152574175590592498e-03 7.370577608089415311e-03
7.189486441793348573e-03 7.944489009062867535e-03
7.211288625911824700e-03 7.325965744680360166e-03
7.226373380656090327e-03 7.725577899676689883e-03
7.248695097343276980e-03 7.294529470195988165e-03
7.257697948224015386e-03 7.601839663195116871e-03
7.299214618824198531e-03 8.436384631223082381e-03
7.325656421579476892e-03 7.801700005838840650e-03
7.332578789995589097e-03 7.875405767928571679e-03
7.337211133687790605e-03 7.344209394093413265e-03
7.343272152109348201e-03 7.798527863005787902e-03
7.355517933219823251e-03 7.785021048058436179e-03
7.477598908673150843e-03 7.612325425999482732e-03
7.492320092712602582e-03 7.528334586314116422e-03
7.513124927383298991e-03 7.539925070467263374e-03
7.517411359300292528e-03 7.529543958344600378e-03
7.527653999467804127e-03 9.140068618944088147e-03
7.649252971803529623e-03 7.991617519386299065e-03
7.692421446987681745e-03 7.741533209135687162e-03
7.766928043153864362e-03 9.328204228358781200e-03
7.778072733324343548e-03 8.229436919344195953e-03
7.801460912120454332e-03 7.982630174032159451e-03
7.885090742134325328e-03 7.932730487676816281e-03
7.885511992857599517e-03 9.039157757443275557e-03
7.902988192097528536e-03 8.317761830058122835e-03
7.904434257302184880e-03 8.196486635185100053e-03
7.915341406484692477e-03 7.916667675487161493e-03
7.916891813848456194e-03 7.975145714067080963e-03
7.942085435637145918e-03 8.428845018208685341e-03
7.973837464495182881e-03 8.567064057248975628e-03
7.980306458040591078e-03 1.366050126727450659e-02
7.997465973374175141e-03 9.114942559650111853e-03
8.006728573908855617e-03 8.064159010939845815e-03
8.010235638419439808e-03 8.748697301411709551e-03
8.020652214142503719e-03 8.173749442379514216e-03
8.027884892922646301e-03 1.215759918240829317e-02
8.036820610790990776e-03 8.054656549936608720e-03
8.046586543935398128e-03 8.210985069923550095e-03
8.061064587094797854e-03 8.323310819587157253e-03
8.063751043135315710e-03 8.113654843357916147e-03
8.077955457040720752e-03 8.309310132599771748e-03
8.090389153154999013e-03 8.399798697581563681e-03
8.097757663775091014e-03 8.697749378770536915e-03
8.103247334281568626e-03 8.596701751050275786e-03
8.107175706412214633e-03 8.280301800299134582e-03
8.118165091029963185e-03 8.177774045339042050e-03
8.165677372495004985e-03 9.568579725031495578e-03
8.169123888812510059e-03 8.281252713780270364e-03
8.173464995637310521e-03 8.239476077452900782e-03
8.178628986805472692e-03 8.377472884104900791e-03
8.223629127828419386e-03 8.654179546763339156e-03
8.225223821262263313e-03 8.225364560259755889e-03
8.225778233840075337e-03 8.226059092345012688e-03
8.247592585634913598e-03 1.417126732870717040e-02
8.255188695897227105e-03 8.272344031869006617e-03
8.269616353734240283e-03 8.274909640558436585e-03
8.291544653056840894e-03 8.293282152243118197e-03
8.299217567229528331e-03 8.355723893584413725e-03
8.318934960501747633e-03 8.548007176189106535e-03
8.335968435908005028e-03 8.336752290072604182e-03
8.363118912680813852e-03 9.652562652561947135e-03
8.376521570795209329e-03 1.123486986623262532e-02
8.397646455635038309e-03 1.146410299585720431e-02
8.401329787485336403e-03 9.305707925133511332e-03
8.402862503847696729e-03 8.775076119250347154e-03
8.405106718048605680e-03 1.014395467964869166e-02
8.405772025307305453e-03 8.412093924252078345e-03
8.438528448835226625e-03 8.449728734348680922e-03
8.450661186434430330e-03 1.112994940050697316e-02
8.455573573745097521e-03 8.633173167062635489e-03
8.464485951040021799e-03 8.484569956198962856e-03
8.471125298402548687e-03 8.531959732345733086e-03
8.479522556329353866e-03 8.496702632870110558e-03
8.505070282578089391e-03 8.635839744374883969e-03
8.506780798742582736e-03 8.716622762791862919e-03
8.519792657877927472e-03 9.524281019803784373e-03
8.525516022912302608e-03 9.777772118610751975e-03
8.534727347875843348e-03 8.887249456587465596e-03
8.538784482361286982e-03 8.545612619333843932e-03
8.573541804723184417e-03 8.605279977152187690e-03
8.604774283178604627e-03 8.768011723103841595e-03
8.631817246912615316e-03 9.540547323481014461e-03
8.635717360852404600e-03 8.924210077358323001e-03
8.637858297405322586e-03 9.580022998913802906e-03
8.662301227573245693e-03 8.854622016072930674e-03
8.662585141171918329e-03 8.664899777919014140e-03
8.681195679547929270e-03 9.568006191625970727e-03
8.687184910095289633e-03 8.687196853125722304e-03
8.698443293838871784e-03 9.592561290408887359e-03
8.726421051100304374e-03 1.018770573384849068e-02
8.757071244153607006e-03 8.965730236512899423e-03
8.757755118573242251e-03 8.901200279324252701e-03
8.770414670490559589e-03 8.779480629825706442e-03
8.773670972730178430e-03 8.840770433822803601e-03
8.797152676716258474e-03 9.199898675319737387e-03
8.816722109502522428e-03 8.818308001663294898e-03
8.827906309415196537e-03 8.857912166513879845e-03
8.891406018463634403e-03 1.117460022821225446e-02
8.902105219624107529e-03 8.908225843132520916e-03
8.933554486249347878e-03 9.086692014454852626e-03
8.956334199766548612e-03 9.029741652039307079e-03
8.966146240836091880e-03 9.288137596936524645e-03
9.011668721177777674e-03 9.251474804146031863e-03
9.047267457671851268e-03 9.096297184244143963e-03
9.056165378805563007e-03 1.334358824600629170e-02
9.091287929519076272e-03 9.202031562402237033e-03
9.102679401883220084e-03 9.146980231115287366e-03
9.117250263486293901e-03 9.602611994256153582e-03
9.138422250142507614e-03 9.240527839456041254e-03
9.141628372151058834e-03 9.260821560275200176e-03
9.166733005064302969e-03 9.602071477256085563e-03
9.180068749354480806e-03 9.537154814742807019e-03
9.206553408547727899e-03 9.481795395343831784e-03
9.225246535679161933e-03 9.227700053523904197e-03
9.261071485426798644e-03 9.380132855540431261e-03
9.290276130583700193e-03 1.021449130336233961e-02
9.331816767824638661e-03 1.124306466063721560e-02
9.346076528240784484e-03 1.017250007737824889e-02
9.350082889732604444e-03 9.876116438907142289e-03
9.394872572570326513e-03 9.691412520476823042e-03
9.420250914129475045e-03 9.899806001238119560e-03
9.445650233445275143e-03 9.496006412275579539e-03
9.467765746176162039e-03 1.330959242646448729e-02
9.472566105494566180e-03 9.564753642503531772e-03
9.481756772478089346e-03 1.055867477942407442e-02
9.515000516510626824e-03 1.194133410119907826e-02
9.558969385037530131e-03 9.564371091205597225e-03
9.571529213330548166e-03 9.895626743356781760e-03
9.590928231126651105e-03 9.747476323783695745e-03
9.628209250912558512e-03 1.067436051254138166e-02
9.631787153273712460e-03 1.007903681075521078e-02
9.672197037382824700e-03 9.843780687692125358e-03
9.724560706553284778e-03 1.010930840389513696e-02
9.739793180307472140e-03 1.200919437092580130e-02
9.768862185541600865e-03 9.788853132084593400e-03
9.779334913177596678e-03 9.833450464442674080e-03
9.841231885502958049e-03 1.088595556840119341e-02
9.852001152161820458e-03 9.895083367750830486e-03
9.856056603160932850e-03 1.010865160506141565e-02
9.872642917710840529e-03 1.125061037128874224e-02
9.881779360091113434e-03 9.881941358005160228e-03
9.889570992821452092e-03 9.898643609081559866e-03
9.898085021469367126e-03 1.121916247728620836e-02
9.941375794227954796e-03 1.119969398276269255e-02
9.947230181293035753e-03 1.347200778362435576e-02
9.947765584741991712e-03 1.010834569486211698e-02
9.956906420975712366e-03 1.000759875566819591e-02
9.964088589091660286e-03 1.001272103301786842e-02
9.982867487064485401e-03 1.009824328161207374e-02
1.001042446647545762e-02 1.265913321121421922e-02
1.004047352375578815e-02 1.036413163078123666e-02
1.005092005363486356e-02 1.063173812519232694e-02
1.005374083948551434e-02 1.008157350486258048e-02
1.008821924658190664e-02 1.017588690604642049e-02
1.011828696129804007e-02 1.309032634423109437e-02
1.017250027378184020e-02 1.092151562464110937e-02
1.019603148890816172e-02 1.031508220914640304e-02
1.035171825344014494e-02 1.310279689153235130e-02
1.035959106205546452e-02 1.061032356781351806e-02
1.036128618839391932e-02 1.084935616616027228e-02
1.039414401621769832e-02 1.055622879967335094e-02
1.049035861393439809e-02 1.393994507541092796e-02
1.049929949062532869e-02 1.079919264556775983e-02
1.050347303910063174e-02 1.488899935904151352e-02
1.053218967144000338e-02 1.059420150157211471e-02
1.055905508049688468e-02 1.143992617179885075e-02
1.058610038279346466e-02 1.166002777615579057e-02
1.063177652013222799e-02 1.405499538462623606e-02
1.063430578905800311e-02 1.070117911047718459e-02
1.064838002866340741e-02 1.091224138983208636e-02
1.066054616080565343e-02 1.104170007028315928e-02
1.069890400097997518e-02 1.139493513205747446e-02
1.070542210731496510e-02 1.155750108855428150e-02
1.071771657856098771e-02 1.129568006839201666e-02
1.073922581655188668e-02 1.105866499325977061e-02
1.074358269137166977e-02 1.080967848853717217e-02
1.074590421677690082e-02 1.278278315110849273e-02
1.075370976334213621e-02 1.150692020609030662e-02
1.075607230590726847e-02 1.128576049044763621e-02
1.076822974594405374e-02 1.102547367266981659e-02
1.079088740223792947e-02 1.081539822811027757e-02
1.079226669461623260e-02 1.098617928543991693e-02
1.080506879786298675e-02 1.293827873921248039e-02
1.080723311162660148e-02 1.088736022501564545e-02
1.080767088108548248e-02 1.138498410171865857e-02
1.088919080213848062e-02 1.130499226451625074e-02
1.089129667942422171e-02 1.257659197763359368e-02
1.091766607025135977e-02 1.109786176316988372e-02
1.093413568794201172e-02 1.094226963379568533e-02
1.094629892161259194e-02 1.099014009220729976e-02
1.094630766495543334e-02 1.094723424708887727e-02
1.094981523193226496e-02 1.094989851809935813e-02
1.095428698003598871e-02 1.239144898485207945e-02
1.099399347970258026e-02 1.146700105281122165e-02
1.100956562171043207e-02 1.704134396387007103e-02
1.103215985851212569e-02 1.116578775550161433e-02
1.105725909359394493e-02 1.360299986221646766e-02
1.106424513203247383e-02 1.136851157596672351e-02
1.107025812612591822e-02 1.229462907267642180e-02
1.114357419538901731e-02 1.114358024030089218e-02
1.114934185560842103e-02 1.127795120583837372e-02
1.115631960605219936e-02 1.195014364029403295e-02
1.115789473641562619e-02 1.116237656745952024e-02
1.117183841116226387e-02 1.119945183973782184e-02
1.117635011269389397e-02 1.132786448771046749e-02
1.122037069749636136e-02 1.280226845844370000e-02
1.126393560440986340e-02 1.143928114109087416e-02
1.126453428293707967e-02 1.192220699762656412e-02
1.126808726125387572e-02 1.126909908780363880e-02
1.127513499178675258e-02 1.195264361857404332e-02
1.128740560796643276e-02 1.139752165006739128e-02
1.131664801991157446e-02 1.181000959466669761e-02
1.132243707456667171e-02 1.140346165593903414e-02
1.133760994875938899e-02 1.134997731730316879e-02
1.134787674761386471e-02 1.137210478904217628e-02
1.137047219374867808e-02 1.137314163362999724e-02
1.137073045463236898e-02 1.137211316539570895e-02
1.138065040102931476e-02 1.138138686200819427e-02
1.138697814549205316e-02 1.142549392858386095e-02
1.141207868387066407e-02 1.177897805686222744e-02
1.141882431113620290e-02 1.348143032437579963e-02
1.143956604168214555e-02 1.179944485235681975e-02
1.149053754286458347e-02 1.160335081961913657e-02
1.149166529338022970e-02 1.150029274207936200e-02
1.152980077777325529e-02 1.153113198935230843e-02
1.153230936216442966e-02 1.164368937450171657e-02
1.154439964525600000e-02 1.154839929324878896e-02
1.156657206573314181e-02 1.157386755719766111e-02
1.156951343896687155e-02 1.164164098414480902e-02
1.158978972407852942e-02 1.158995081490739147e-02
1.160905679561795474e-02 1.180653377870462609e-02
1.161691898613326397e-02 1.542171319771772249e-02
1.163336079160710509e-02 1.312705233009481449e-02
1.164064833606054741e-02 1.184040496519172050e-02
1.164357501983568667e-02 1.749176918079123691e-02
1.167413170908996115e-02 1.173341318086677451e-02
1.169225466271840534e-02 1.169247853172175784e-02
1.170043624686608295e-02 1.235805048676278523e-02
1.176531408763091882e-02 1.256768320358568267e-02
1.177470136169240719e-02 1.177772443994274353e-02
1.180258625325626524e-02 1.199344807062713292e-02
1.182663358045287806e-02 1.205476648700950539e-02
1.183427780758692163e-02 1.223868789144619100e-02
1.185565449971072959e-02 1.313480418376591560e-02
1.186159967934309091e-02 1.241327810830446764e-02
1.187917463167556011e-02 1.190245682986841753e-02
1.188654665334219762e-02 1.189382340766239991e-02
1.188672477216586726e-02 1.332168491963927476e-02
1.189558998187377481e-02 1.228184306558673285e-02
1.190759092575211821e-02 1.283716223820417605e-02
1.190975170961684586e-02 1.191742801702192975e-02
1.192396377858804396e-02 1.213594101462358264e-02
1.194997734185667890e-02 1.215855909439171254e-02
1.195974416031340970e-02 1.196160174202306331e-02
1.196028344253508013e-02 1.206729393789693003e-02
1.198426380362208575e-02 1.288230137486809368e-02
1.201651457393811302e-02 1.237837173918275926e-02
1.204827414233576241e-02 1.292879311688386809e-02
1.204957273126095775e-02 1.229249230129873631e-02
1.208089518753508070e-02 1.296040140638680428e-02
1.208434467080458062e-02 1.262715801728680164e-02
1.210338237616409747e-02 1.292730099816313642e-02
1.211604669930605241e-02 1.280016547932159160e-02
1.212734964125234717e-02 1.227289075951521272e-02
1.214787505657391985e-02 1.217768619673018776e-02
1.214790534926826586e-02 1.298696965548606919e-02
1.215995611587256109e-02 1.339142180054981625e-02
1.217710164866795362e-02 1.217898017675467584e-02
1.218363301575402409e-02 1.377004267722224326e-02
1.219595961821253079e-02 1.226014658463771625e-02
1.219911105874857751e-02 1.230047344362431537e-02
1.223244354690866155e-02 1.255347196083531763e-02
1.225591522955821015e-02 1.227611255406168070e-02
1.229166105095138954e-02 1.308399234761756062e-02
1.232468250311767079e-02 1.241738868763647870e-02
1.232836706039045459e-02 1.257165076024025982e-02
1.233260901339141430e-02 1.233862718663750017e-02
1.236705568563245018e-02 1.611289147940102306e-02
1.238801587380358032e-02 1.810763589427688905e-02
1.242089664685524369e-02 1.333654457076502084e-02
1.242612218110458397e-02 1.338467825287509815e-02
1.243571875769751943e-02 1.246095241472572335e-02
1.244468654365553893e-02 1.471970745460419831e-02
1.245042557275947634e-02 1.294796270290629776e-02
1.248765875207650047e-02 1.264932076774987792e-02
1.251879556189297582e-02 1.257461116991893599e-02
1.256177873406862447e-02 1.263307483852116504e-02
1.256263153268689231e-02 1.350446909764919066e-02
1.257925779551036238e-02 1.381761439830911722e-02
1.258797318153161496e-02 1.260030647382694678e-02
1.260178873271819606e-02 1.340916324500872163e-02
1.262848104839792325e-02 1.284022831567578800e-02
1.263468248379536786e-02 1.270432775959762402e-02
1.264257762987306202e-02 1.271533932903778745e-02
1.264383418765865907e-02 1.265394799536260877e-02
1.266302175393491623e-02 2.230814862924008352e-02
1.269961613541328686e-02 1.315090745113751611e-02
1.270631599165320501e-02 1.270881124988340778e-02
1.272788997789278155e-02 1.636757656316130752e-02
1.275771330002256967e-02 1.277427446741875687e-02
1.276402558669600604e-02 1.280961335121052341e-02
1.277352920642646668e-02 1.296890129089170972e-02
1.278991110205090175e-02 1.363198055529382668e-02
1.280911580030017968e-02 1.296001418697571850e-02
1.287221965958470007e-02 1.357738203918059695e-02
1.287865783536988953e-02 1.291828796385159281e-02
1.288021970929376266e-02 1.300924150413480286e-02
1.288685617112035608e-02 1.350895217045094271e-02
1.289340247627578616e-02 1.315793080017059469e-02
1.291760989818752266e-02 1.340574426713963055e-02
1.292093279821560949e-02 1.621761588320698444e-02
1.294571373620828462e-02 1.358998755148771269e-02
1.298303006285308342e-02 1.677526681198470912e-02
1.298609461314796654e-02 1.384617436532235672e-02
1.303668789500545162e-02 1.316122310577053263e-02
1.305979794897727149e-02 1.306203285818872094e-02
1.310013022946684980e-02 1.373817912335285538e-02
1.311750246135826893e-02 1.671073349172187347e-02
1.313680343965813180e-02 1.349342586407521749e-02
1.317300618923869168e-02 1.317955730214130997e-02
1.317556495279408914e-02 1.322816214387177725e-02
1.317741746136784700e-02 1.317803872954478178e-02
1.321143551342339982e-02 1.331728404966837573e-02
1.322467940304099601e-02 1.397263808312163187e-02
1.324826450206839992e-02 1.324919622283403202e-02
1.326319933592496995e-02 1.327425863900949868e-02
1.327701295894491255e-02 1.327838573911374782e-02
1.328701617874432708e-02 1.328977905392450705e-02
1.330693716288236343e-02 1.332194201175897902e-02
1.330733952242015017e-02 1.391147331031931944e-02
1.333183235601657392e-02 1.805486534337335386e-02
1.335836157121062483e-02 1.336341187322560159e-02
1.337240292295498005e-02 1.340759057646028103e-02
1.337443065366063916e-02 1.338782282350701493e-02
1.339705844687125343e-02 1.339717025407542034e-02
1.339904572258588354e-02 1.388555015211044574e-02
1.341299815754660486e-02 1.346453747410322234e-02
1.341825708331026608e-02 1.432705708507342642e-02
1.341947556100986892e-02 1.385383881758553426e-02
1.342396078074370967e-02 1.863198855900993073e-02
1.343376117455322497e-02 1.368916540404973604e-02
1.344954007318848246e-02 1.450015501706516940e-02
1.346079618098697424e-02 1.346377828102631770e-02
1.347507924577240682e-02 1.355738418158758049e-02
1.348385459629068868e-02 1.353699156700499846e-02
1.349941079835484392e-02 1.729886915724679342e-02
1.350787576417352212e-02 1.388474493905725304e-02
1.351516666366551177e-02 1.487225151419493269e-02
1.351561616980456910e-02 1.362435690651629498e-02
1.351612239848643156e-02 1.432692747781065361e-02
1.355412993712086338e-02 1.363254262985884660e-02
1.357628739490733885e-02 1.370306177968756353e-02
1.357650499119927509e-02 1.462854521000168419e-02
1.362655072689057147e-02 1.378235147082006000e-02
1.365287928231388379e-02 1.404911664118630235e-02
1.370418825334913417e-02 1.380100501926367906e-02
1.370657674741137914e-02 1.448922849825148851e-02
1.370687654183241205e-02 1.373120316441555668e-02
1.372988190572773173e-02 1.489941484550966547e-02
1.375561401514540164e-02 1.399807525118440012e-02
1.375659030640232101e-02 1.379681181449855451e-02
1.377909474231088331e-02 1.524518538610980002e-02
1.378435562621193808e-02 1.403333984138378961e-02
1.380889886465591979e-02 1.648849443822145502e-02
1.381496610516231779e-02 1.383303525796967734e-02
1.384277480478220655e-02 1.506603241805781236e-02
1.384677807015407755e-02 1.402529444489851625e-02
1.385227067302297575e-02 1.486808615503468212e-02
1.386553463480457923e-02 1.386554408713582508e-02
1.388820843328679097e-02 1.398114683144705168e-02
1.392210740649800493e-02 1.392219593857777632e-02
1.392387251099228007e-02 1.432375832683565990e-02
1.392743617144991987e-02 1.537823532428223873e-02
1.393081557040769074e-02 1.886034490577635087e-02
1.394172087820878640e-02 1.584068124161271129e-02
1.396479482860489216e-02 1.622861836189012918e-02
1.397606170248502470e-02 1.397785088079468024e-02
1.399984375405484774e-02 1.483844581188184346e-02
1.410170814291858594e-02 1.577642958829366185e-02
1.411652393708501610e-02 1.433118346195056715e-02
1.418604072112799978e-02 1.424443097654053657e-02
1.420323552061546375e-02 1.559071274122441481e-02
1.420380163499862514e-02 1.619659064236470339e-02
1.422137331273841052e-02 1.422264365003314719e-02
1.424290943584790962e-02 1.425039432513981567e-02
1.427905444928761168e-02 1.430267951453210486e-02
1.429413309807254541e-02 1.433114895897413983e-02
1.435274698477862106e-02 2.008472879647386217e-02
1.437731482749036484e-02 1.636715359320921326e-02
1.440289709969476417e-02 1.480427532607999502e-02
1.440583173023018623e-02 1.616021780070779623e-02
1.441161047406818232e-02 1.477273924580242183e-02
1.447119317742409303e-02 1.452679821220217299e-02
1.447175588099336788e-02 1.470831819311025322e-02
1.447826386542841286e-02 1.449088306153764084e-02
1.448036151615548703e-02 1.481911823915845611e-02
1.448282800175689639e-02 1.449684031012004291e-02
1.450522853867912930e-02 1.450816052580630906e-02
1.452547966102037125e-02 1.453036701550368924e-02
1.454875399113727749e-02 1.482534718750560566e-02
1.456445962523116033e-02 1.589904372934343446e-02
1.458374605028917199e-02 1.476190976554022337e-02
1.461176458017373302e-02 2.002461796880914899e-02
1.461510455692757553e-02 1.461795059647460863e-02
1.463814359302607025e-02 1.473876106471359339e-02
1.470308093405943949e-02 1.470371233032139423e-02
1.472867482616596613e-02 1.479015528044600597e-02
1.473967834788758070e-02 1.522955892518786970e-02
1.475977979928135009e-02 1.486077551218832789e-02
1.478123044877928394e-02 1.478311016049183024e-02
1.479388702863536353e-02 2.283455020935636418e-02
1.479396855256512322e-02 1.530979801597472274e-02
1.481406572894577479e-02 1.538666841975071253e-02
1.483606347247269988e-02 1.483756692476825671e-02
1.485144568651806246e-02 1.508489538784330009e-02
1.489949311900869849e-02 1.490461001583849067e-02
1.490429174552498209e-02 1.609715867642110346e-02
1.495933701246837666e-02 1.529301621434889062e-02
1.496089486482420072e-02 1.604780910996828069e-02
1.497490482562854712e-02 1.501537937106166808e-02
1.500993773346819340e-02 1.613457333775605851e-02
1.503646677683182463e-02 1.504805336627660327e-02
1.504644152846001774e-02 1.529839088998519170e-02
1.506002512602787682e-02 1.574281758531184683e-02
1.506038325892008860e-02 1.522130908128314399e-02
1.506229544474272861e-02 1.621499045449837501e-02
1.507905820003863952e-02 1.576771422043485651e-02
1.508790364430258671e-02 2.163874843236831408e-02
1.513179924615310964e-02 1.519673422450521991e-02
1.514069504269011969e-02 1.553637384401354571e-02
1.516915438921223082e-02 1.538146423251467339e-02
1.520214776614395302e-02 1.599251434488542165e-02
1.520340083632584598e-02 1.535266908788326598e-02
1.523798975865903009e-02 1.529794149692997179e-02
1.524011505144553386e-02 1.527162343047815639e-02
1.524745926840912272e-02 1.820964739539681840e-02
1.524940036457983136e-02 1.537155721894826153e-02
1.525084124736415282e-02 1.569363831468753925e-02
1.527913062839357690e-02 1.681602986395640958e-02
1.528311761236192563e-02 1.610555387142467362e-02
1.530366184649864167e-02 1.871901314656491261e-02
1.531986245585351993e-02 1.533184641965163429e-02
1.532094458977312224e-02 1.719505819987652423e-02
1.532252125870799987e-02 1.566959591833499282e-02
1.533218241771990356e-02 1.569283871875177400e-02
1.536336699978061923e-02 1.542175703864223126e-02
1.539610916557467533e-02 1.617193486666100924e-02
1.542522931024386743e-02 1.543519118590067421e-02
1.543721349778261545e-02 1.546790474673778205e-02
1.547256600090436002e-02 1.660964144208631338e-02
1.548518298517645442e-02 1.997408050663575241e-02
1.551219435636022777e-02 1.567723414091210313e-02
1.552490394109219164e-02 1.552564221202914693e-02
1.552636883229815967e-02 1.652431444963809587e-02
1.553155440021629537e-02 1.570011067897450138e-02
1.554559146611445529e-02 1.613871317257403390e-02
1.556240268613250793e-02 1.581669859577187684e-02
1.556369641957911464e-02 1.722135697087401329e-02
1.557390289422104848e-02 1.644801263116965617e-02
1.561488496756074235e-02 1.571476313584457135e-02
1.565774254158402989e-02 1.618899231722749008e-02
1.567995812615892784e-02 1.603792619483382711e-02
1.568063810611286871e-02 1.632808245234208810e-02
1.571321401103581428e-02 1.602292775315672380e-02
1.571392617992882490e-02 2.028357108955404497e-02
1.571853228122854426e-02 1.592112419159962336e-02
1.572926755573014757e-02 1.576643271873743105e-02
1.574355204037785477e-02 1.585455434362877114e-02
1.574646971827912967e-02 1.681809403850592632e-02
1.575532235904153477e-02 1.576051290002792107e-02
1.576625216675019495e-02 1.576631481557913550e-02
1.578015387990562221e-02 1.580479275243789825e-02
1.581892083446208297e-02 1.587519921577832532e-02
1.582605332628291353e-02 1.629921370141953693e-02
1.584968132896941509e-02 1.610114417456053743e-02
1.587887158157392370e-02 1.615994277056940348e-02
1.588195630098819880e-02 1.611725056628531688e-02
1.588948847148029253e-02 1.685772847503964542e-02
1.589460974580391567e-02 2.124274076513998563e-02
1.590055409657284771e-02 1.590072562498022132e-02
1.592115009462505629e-02 1.601381119648933107e-02
1.593067554599801941e-02 1.986126159289303139e-02
1.594005788463891127e-02 1.948456074216032077e-02
1.594716524990143908e-02 1.594729408422345882e-02
1.595186803238074838e-02 1.658668296946184950e-02
1.595521924824206891e-02 1.687242894113408914e-02
1.598372984173807021e-02 2.082936109635855418e-02
1.599602550857526229e-02 1.617386156126712771e-02
1.602973962292049068e-02 1.615298694958524142e-02
1.603276459632518858e-02 2.020544451888334203e-02
1.604950533370345933e-02 1.797109892624091862e-02
1.608087855916215392e-02 1.635843259496313346e-02
1.608245770723906037e-02 1.608342038186710149e-02
1.608752391755554137e-02 1.678320327827093061e-02
1.609074969692012025e-02 1.627132783320060089e-02
1.609327956558484485e-02 1.609505296792777471e-02
1.613289583013469142e-02 1.817537272385226499e-02
1.613824019018749237e-02 1.758845655453276230e-02
1.615067579084099661e-02 1.623158694637462374e-02
1.617557196227154340e-02 1.744970002516461546e-02
1.617614092130719231e-02 1.618392522093016830e-02
1.617861558976864400e-02 1.675136942240609481e-02
1.621171081344905882e-02 1.626478536742893485e-02
1.621311648942619019e-02 1.765396072657295784e-02
1.621366057098863611e-02 1.621370218730166721e-02
1.622836614870552460e-02 1.640622925366664805e-02
1.624509044796140778e-02 1.625299195663137269e-02
1.627272216972593111e-02 1.740862793136839851e-02
1.627756898373837469e-02 1.684951946011702811e-02
1.629245404656209928e-02 1.644024752193481292e-02
1.630477847304467875e-02 1.631145999370973640e-02
1.630821473787980036e-02 1.699842403858423112e-02
1.636808077353209268e-02 1.638300625566886659e-02
1.643084099792577885e-02 1.872970420039520717e-02
1.649326551082587466e-02 1.652930271538665882e-02
1.650889810124329601e-02 1.732082339514947472e-02
1.651191601899561212e-02 1.660194756863796889e-02
1.652406884649333663e-02 1.745001176817694011e-02
1.652682534525026087e-02 1.667835501274744434e-02
1.655168402858035390e-02 1.683152810381657177e-02
1.655213004711709665e-02 1.655397702066552582e-02
1.657379176180710095e-02 1.755018007286458445e-02
1.661206867990728045e-02 1.710081555718875532e-02
1.662402742115109619e-02 1.662411520702647416e-02
1.666408501346581736e-02 1.685446881685241996e-02
1.673687827396897615e-02 1.678656377740096739e-02
1.679233245133202046e-02 1.915567904671218458e-02
1.679268228104591892e-02 1.680348393633858406e-02
1.681261764147815724e-02 1.898991309652528492e-02
1.681290265880827639e-02 1.694384646884057946e-02
1.681321261480300464e-02 1.745087160724462585e-02
1.682534309441887158e-02 1.683246336599899390e-02
1.683369276267052475e-02 2.134813089524590160e-02
1.685865585761181507e-02 1.980476275181042647e-02
1.685924467575130453e-02 1.708199567005007011e-02
1.686716784384178353e-02 1.860867283782009426e-02
1.687123011715867607e-02 2.072808285960598546e-02
1.688915554177454134e-02 1.717390669447605919e-02
1.690223624230428531e-02 2.270461655965517675e-02
1.690949671007227137e-02 1.694990057047232254e-02
1.691262922600747509e-02 1.748388608342246742e-02
1.691776205349222392e-02 1.711699509631856367e-02
1.692363840229955951e-02 2.199963779589208038e-02
1.695602439703353809e-02 1.835358360606957270e-02
1.695932342929162492e-02 1.884529025655060433e-02
1.696462398245410577e-02 1.700927736305058585e-02
1.698058993584658158e-02 1.727211233045099215e-02
1.699217617528369847e-02 1.701683287891423910e-02
1.703739201935169228e-02 1.743684749797357394e-02
1.705560491609451473e-02 1.765408078481399065e-02
1.705579217275502227e-02 1.714441459022173625e-02
1.707469707667357006e-02 1.831347435507190216e-02
1.716248986054897882e-02 1.726988101762906222e-02
1.721830149345429314e-02 2.132421495837029390e-02
1.723085212337129371e-02 1.947815367954078974e-02
1.723864304078085927e-02 1.896872178352778174e-02
1.724390730905045119e-02 1.732701315741306397e-02
1.734704925496947589e-02 1.869338251043310348e-02
1.734723062845923772e-02 1.986704877989077522e-02
1.742382312080005199e-02 1.838514005791232891e-02
1.742861395105474789e-02 1.748985320622242420e-02
1.744121597912691099e-02 1.773987577420547967e-02
1.746064043498302132e-02 1.772278338192848426e-02
1.747149585792983142e-02 1.829323233523418718e-02
1.748808174946803184e-02 2.189019919426949887e-02
1.749627731835572478e-02 1.774422871601726362e-02
1.751148642956537257e-02 1.986413548831551801e-02
1.752362755237866707e-02 1.758456939309463105e-02
1.754893214347283750e-02 1.898095727365669769e-02
1.755816462393423871e-02 1.756869747281707139e-02
1.757766648177737021e-02 2.002620562071240687e-02
1.757906594434891986e-02 2.035720926161431812e-02
1.758358228480692842e-02 1.761200614205451695e-02
1.761740341716213146e-02 1.763697811688053757e-02
1.762025248933056509e-02 1.775954212007946689e-02
1.762559495578807159e-02 1.800158525382421909e-02
1.762936763349065225e-02 1.766604200688984966e-02
1.763631683854327906e-02 1.876879719924961359e-02
1.767934028377303804e-02 1.844201149865734579e-02
1.769427424991478273e-02 1.783625279480972534e-02
1.769817719013393881e-02 1.791129541431699460e-02
1.770130590088937056e-02 1.788144365086527868e-02
1.773300913399033368e-02 1.969978556900220390e-02
1.775697423274679235e-02 1.786053033501564663e-02
1.782962351841579918e-02 1.783084811132191680e-02
1.786545986336493183e-02 2.115037781293277810e-02
1.791551400753364082e-02 2.462571134618456864e-02
1.795603886803957827e-02 1.819468795881227369e-02
1.802917789565606707e-02 1.805589999546680993e-02
1.803701307208124827e-02 1.929694688617289086e-02
1.804996595700423742e-02 1.808608707932089429e-02
1.807470704479641893e-02 1.951650550549283505e-02
1.808792000020600227e-02 1.837241961156585099e-02
1.809405962666561438e-02 1.872324095392130863e-02
1.810301306158668133e-02 2.346362558003108056e-02
1.812923171812955495e-02 1.813463374259138838e-02
1.813509337423154649e-02 1.879661168818704681e-02
1.814068674557922645e-02 1.827922436312441612e-02
1.817748406791051471e-02 2.218628593912104138e-02
1.819009891078798846e-02 1.850774941555451136e-02
1.822672322837605441e-02 1.854212588709925474e-02
1.822777210986921761e-02 1.858499513092571817e-02
1.823195177434842884e-02 1.826975793967716352e-02
1.824099953888720996e-02 1.882230333696248079e-02
1.824230099342768682e-02 2.585696372194638479e-02
1.828205356648004987e-02 1.954135306974429803e-02
1.830865995185076978e-02 2.012001009990535896e-02
1.840183136359638955e-02 1.941656898959033192e-02
1.840836796490166044e-02 1.843717699334524243e-02
1.841166930089626133e-02 1.897089631870213164e-02
1.843767866404075889e-02 1.884464973256823328e-02
1.844909456888931681e-02 1.855441267678419742e-02
1.847366981160029550e-02 1.888569067252282227e-02
1.847813410481596169e-02 1.847855182494889323e-02
1.849716995437832023e-02 1.857382709800409898e-02
1.850891424833003493e-02 1.860757475030156913e-02
1.852884130338667071e-02 1.855845392606332925e-02
1.854714434144886376e-02 2.225311166867799048e-02
1.854867342246737522e-02 2.011515845928888921e-02
1.855014008201110592e-02 1.877952133011294780e-02
1.855817218733516946e-02 1.962871906663973473e-02
1.857991005235553467e-02 1.938589180827881078e-02
1.858110482264635488e-02 2.062810057859431473e-02
1.858685150419368826e-02 2.006329201514751512e-02
1.865781425347875708e-02 1.971237610542172711e-02
1.868836050840162050e-02 1.905795245434757992e-02
1.870373416489859095e-02 1.875134899253017365e-02
1.871388956515111432e-02 1.891303036425962328e-02
1.878430592761924645e-02 1.880380785213364367e-02
1.879043657382280588e-02 1.989111199986574527e-02
1.883211737636417832e-02 1.901215589094285702e-02
1.883640669342536919e-02 1.919035740740606885e-02
1.887049047376859745e-02 2.064381102408931884e-02
1.888330781813732720e-02 1.942669960529734563e-02
1.888892246221950469e-02 1.992408556816728515e-02
1.891724406341087697e-02 2.424373616708250592e-02
1.892790309084281183e-02 1.970487409796983086e-02
1.894968302306790711e-02 1.894988218154289306e-02
1.896155987283626790e-02 2.046173966091856949e-02
1.896611037253388005e-02 1.911981110271421952e-02
1.899749475349766029e-02 1.918799196244456648e-02
1.900895536744226164e-02 1.906074154217109531e-02
1.901289844874437876e-02 1.949460162816534642e-02
1.902641882228321007e-02 1.965370503679054678e-02
1.904778955727369841e-02 2.052769072586925481e-02
1.905098148222398799e-02 1.969734769149245404e-02
1.905446246255949883e-02 1.987258932514581605e-02
1.908934489208084437e-02 1.957229783175957680e-02
1.909634149449778578e-02 2.404942384375121853e-02
1.922603662548771561e-02 1.987908354394636590e-02
1.923595402669980164e-02 1.925029941362637123e-02
1.923876658755929725e-02 1.928579563207627467e-02
1.925994023640170347e-02 1.996696144622188765e-02
1.926219524641763908e-02 2.013813546001780308e-02
1.927515330302460167e-02 1.944572961498959932e-02
1.930056727683581233e-02 1.937221630002175163e-02
1.931516349172761673e-02 1.956717254659188013e-02
1.933143526003180263e-02 1.960612519720344310e-02
1.936473003619000252e-02 2.042139492094997497e-02
1.936653921259321592e-02 2.002980331910643799e-02
1.937489065830504814e-02 2.252978265424893448e-02
1.937555499324334490e-02 1.938806763675768666e-02
1.940651141337106089e-02 1.940958827784329196e-02
1.942335448661037384e-02 2.011281979077900184e-02
1.945201042951660506e-02 1.961367801563631066e-02
1.948275557907315839e-02 2.076933696465605925e-02
1.948684510034443332e-02 2.161109438615552159e-02
1.951547893530934663e-02 1.951726391840763464e-02
1.952465828532526024e-02 2.005388765205362578e-02
1.953309596097268022e-02 2.022653943149309297e-02
1.955365437693884489e-02 1.966964269389408215e-02
1.955414876937745447e-02 1.981895841101346742e-02
1.955804295154262365e-02 1.982382227319228959e-02
1.958107349095909722e-02 2.015542629165702204e-02
1.961288013162873489e-02 1.970766482430764965e-02
1.963768996243115544e-02 1.987364008979315699e-02
1.970321829584192885e-02 2.051862418994985712e-02
1.970599580155004901e-02 2.014705131972873917e-02
1.973482531569432583e-02 1.974385498572044789e-02
1.975716436572160645e-02 2.041915714519021430e-02
1.978148509803918931e-02 2.177521396849491434e-02
1.987084679888150712e-02 2.042485491577985049e-02
1.990656550758325080e-02 2.116211941690089929e-02
1.994844513242837597e-02 1.997830354912171272e-02
1.997129389884138087e-02 2.012980401427325386e-02
1.997627489467404885e-02 2.184344806437591574e-02
2.000211794374562660e-02 2.988201021219343695e-02
2.002807231201301011e-02 2.407389205687705466e-02
2.004883683673427258e-02 2.004913038780019655e-02
2.008025560259629055e-02 2.030570014419546057e-02
2.012462137639907389e-02 2.126541037623648142e-02
2.012623128425217178e-02 2.173980084429342693e-02
2.014868647960605871e-02 2.579963629815898440e-02
2.017175394238829300e-02 2.017748210986114454e-02
2.018459579929892875e-02 2.074295656969604371e-02
2.019084097914994672e-02 2.560327969120343092e-02
2.021338891294585660e-02 2.034290926509776595e-02
2.022138954689328000e-02 2.023354150757719280e-02
2.026122415294299636e-02 2.103411902771368941e-02
2.026605801968250908e-02 2.286740444877444906e-02
2.029471766177940589e-02 2.029619126482939268e-02
2.032251515636344236e-02 2.303698000475852894e-02
2.038706884597776131e-02 2.063746728919803319e-02
2.040669831270843990e-02 2.040759249296782846e-02
2.052582261073439274e-02 2.052645384867913050e-02
2.053941307139832764e-02 2.056230924725084910e-02
2.064449799990483378e-02 2.113805405544650143e-02
2.067781241143121229e-02 2.079571782132348667e-02
2.068489060974107799e-02 2.070659899693334458e-02
2.072284827692290332e-02 2.082206940194861189e-02
2.076396340908310406e-02 2.292306080345095365e-02
2.080692412818015494e-02 2.227257766219019330e-02
2.084341831454597158e-02 2.086207400934189660e-02
2.086723068490509841e-02 2.156865537035265040e-02
2.088567741217506324e-02 2.089224533214117940e-02
2.092113169501967629e-02 2.121450996630892122e-02
2.092748250803251955e-02 2.097329208872001152e-02
2.094293091989238645e-02 2.094898597925644312e-02
2.097122246442227958e-02 2.151935782901846783e-02
2.097754786871839500e-02 2.139676602221907836e-02
2.098739786665368770e-02 2.108975070777462796e-02
2.099267420168566406e-02 2.339345186533424784e-02
2.104159898656326327e-02 2.111841487955706809e-02
2.104384623165219195e-02 2.160649658135810683e-02
2.104625725553900539e-02 2.232919075540476875e-02
2.111103727252498091e-02 2.131358840952389880e-02
2.117633425377172737e-02 2.123405729694359534e-02
2.117661558806664679e-02 2.153179196987065405e-02
2.118788322514682243e-02 2.142716345855101567e-02
2.118987212450586938e-02 2.126938566417351656e-02
2.119493021974367883e-02 2.119523051587730855e-02
2.120770600323595642e-02 2.345013934320098678e-02
2.129999509589130396e-02 2.134688716405362674e-02
2.135552083589163305e-02 2.138221970417602050e-02
2.136546226891893052e-02 2.146507858232157839e-02
2.138851837699603034e-02 2.143187144086229970e-02
2.142851481325625321e-02 2.145999214751216286e-02
2.146784049896834426e-02 2.147979800344061371e-02
2.147942795598851290e-02 2.386764563853316368e-02
2.151666040202721356e-02 2.530792928518902848e-02
2.157034738038652102e-02 2.160440293944270243e-02
2.161168342635957570e-02 2.163239962637203417e-02
2.161716208144864176e-02 2.176001109106056458e-02
2.162760420693574104e-02 2.195286203570262148e-02
2.169617762645097495e-02 2.433381337925401289e-02
2.171009375536903790e-02 2.332736001240670598e-02
2.179036831188741266e-02 2.193251598797741481e-02
2.179224265805960320e-02 2.225373909465570149e-02
2.179640866957699430e-02 2.208665687489557924e-02
2.181736210622781807e-02 2.501423471778739874e-02
2.184770474375816868e-02 2.571421581536664086e-02
2.189477118075786391e-02 2.277454514920638703e-02
2.190773477645421505e-02 2.202932448635866111e-02
2.196796129860984284e-02 2.196962369968712830e-02
2.198959610621954372e-02 2.199819894107292798e-02
2.199851772026836100e-02 2.266187383218211046e-02
2.208122334921948371e-02 2.225607204696436470e-02
2.210624231787240018e-02 2.217230905120393808e-02
2.213055042050441137e-02 2.227793319585189002e-02
2.217690047479748197e-02 2.309060896301504476e-02
2.224137105879859730e-02 2.485031773953962075e-02
2.227095965531097205e-02 2.253173308961007454e-02
2.227598704538507474e-02 2.248808924984178892e-02
2.234005406487951650e-02 2.234874303226612458e-02
2.234074605953898646e-02 2.293813870569179000e-02
2.240832808123459710e-02 2.378973055719494842e-02
2.241034984865973925e-02 2.241498175004464494e-02
2.244727552793891398e-02 2.369690240770162826e-02
2.251931263999554581e-02 2.257655519768258720e-02
2.258546609298460808e-02 2.307615639215775463e-02
2.261370351292836534e-02 2.261550329346659338e-02
2.262000588010001229e-02 2.269314233226635280e-02
2.270779842753265984e-02 2.309759889396669971e-02
2.273689470143757871e-02 2.682458160979619630e-02
2.275354372978352982e-02 2.666100497006150885e-02
2.280049537625132572e-02 2.316714887970043255e-02
2.286399163685625194e-02 2.300679252762183671e-02
2.294170874955733103e-02 2.294277691829240198e-02
2.294921840683073963e-02 2.301503227542249161e-02
2.295812597955709453e-02 2.299971450370118589e-02
2.299911919280302891e-02 2.306772440020753503e-02
2.301081254528919082e-02 2.344636382809607220e-02
2.301757633446829127e-02 2.301777233157882574e-02
2.302586516322399288e-02 2.364191674123848272e-02
2.305374088090951512e-02 2.366181964787145847e-02
2.308480912355921968e-02 2.317749117083677673e-02
2.312393401634965304e-02 2.318699300731772578e-02
2.317399462418980732e-02 2.430365353940452597e-02
2.323295904388630873e-02 2.342557652460919640e-02
2.329819196065114131e-02 2.394130652720241614e-02
2.331035784305868219e-02 2.342501978853165148e-02
2.339825548829136889e-02 2.353836502179067203e-02
2.342117599289020996e-02 2.515770682230721381e-02
2.343294996842585146e-02 2.386931755700507848e-02
2.346474127723736577e-02 2.435671443008628062e-02
2.346978475058249247e-02 2.349319268138802541e-02
2.354140648614849035e-02 2.358509610686991900e-02
2.355427277253291374e-02 2.376298974584051260e-02
2.357511574329573811e-02 2.632981927112156353e-02
2.358293845373117884e-02 2.358553667996654904e-02
2.369120619831706701e-02 2.373249070273631897e-02
2.380176868660604378e-02 2.406695463916268957e-02
2.381985965504256758e-02 2.412029817645255578e-02
2.382392343519728478e-02 2.387948461829086239e-02
2.383513427723208886e-02 2.389648343061069949e-02
2.388667715178462506e-02 2.600158536487924901e-02
2.399721492231737113e-02 2.400372750055398616e-02
2.400504695318756224e-02 2.409225554057709343e-02
2.405832167711285247e-02 2.409082658597111459e-02
2.408629282684729075e-02 2.441309267783410217e-02
2.414151419542052979e-02 2.453752679418233495e-02
2.418314129401087295e-02 2.491604540106565069e-02
2.419721005501229011e-02 2.440171202469606365e-02
2.439532791788774288e-02 2.439966342271750188e-02
2.446642506235569003e-02 2.447296734515767500e-02
2.447053274939776230e-02 2.507105518696077506e-02
2.455880405772483538e-02 2.529747316069092672e-02
2.466538217163602789e-02 2.466697342611645985e-02
2.470339900164391853e-02 2.588908743112792663e-02
2.474910084006336913e-02 2.474912125751503947e-02
2.477688393164188124e-02 2.575940209984942803e-02
2.482792136930770874e-02 3.153650333158757035e-02
2.484317468594304801e-02 2.507457022760256615e-02
2.488754894726968175e-02 2.490309429601668401e-02
2.496672617352077225e-02 2.509623523530057215e-02
2.497269402289367321e-02 2.519924479274230841e-02
2.497926954975676975e-02 2.627434959745830745e-02
2.504824770732982583e-02 2.508971218576522971e-02
2.514967138065665395e-02 2.556497789958817740e-02
2.515853089407165885e-02 2.588496580206830350e-02
2.516757476443977001e-02 2.532040354382856379e-02
2.517959081196526408e-02 2.551773287980157318e-02
2.523375934822966529e-02 2.535560665105766540e-02
2.534626271370253245e-02 2.562571621853957163e-02
2.542090069643054492e-02 2.682465098225436662e-02
2.550347310718034319e-02 2.550462136209096994e-02
2.566754136717082357e-02 2.578607387484741983e-02
2.582840869024407432e-02 2.585801028521480735e-02
2.586557519684149625e-02 2.589640710762918310e-02
2.602810983473295009e-02 2.603490867440506548e-02
2.604768094491284255e-02 2.623023471652980235e-02
2.613386914507824857e-02 2.620989174534275531e-02
2.634241325343272822e-02 2.664986822263269023e-02
2.641884582483162644e-02 2.642448964719229174e-02
2.642656528522152604e-02 2.764043525390185232e-02
2.643354542950039979e-02 2.646155421444581352e-02
2.649883098766875333e-02 2.650151685237873284e-02
2.652421392640667147e-02 2.785473319559666344e-02
2.677348934531072200e-02 3.530141171475133927e-02
2.681079401047855096e-02 2.764209545005788179e-02
2.688606822472377339e-02 2.737626998362162681e-02
2.712354789966736970e-02 2.715783623450268580e-02
2.724988279757619911e-02 2.963657137628474339e-02
2.734341160122566450e-02 2.761848369004316420e-02
2.778678051050327905e-02 2.831656390053444508e-02
2.834896501788594300e-02 2.840460118805578776e-02
2.839288578989353218e-02 2.839705341448145112e-02
2.845159358722262888e-02 2.873001116228039373e-02
2.882153722861521133e-02 2.883746547994774090e-02
2.890587075770583922e-02 2.896828144792678444e-02
2.921080033420688990e-02 2.942938907016639377e-02
2.924161827347403902e-02 2.934460058871911359e-02
2.934912756026590228e-02 2.934991396090390336e-02
2.940412799611523409e-02 2.940474069807365656e-02
2.941729580495814830e-02 2.977006474734376906e-02
2.948610466906246078e-02 2.948643372654388001e-02
2.959602123343653413e-02 3.098073991032358754e-02
2.960108571437295236e-02 2.981311599368084014e-02
2.970720277677831034e-02 2.989296803625808574e-02
2.992250537423145687e-02 2.992896390320455222e-02
2.998109549007103858e-02 3.161373608326649431e-02
3.014183199009072209e-02 3.014197777591781993e-02
3.020356805083764321e-02 3.045897894617948659e-02
3.033123595486853646e-02 3.088605397986373194e-02
3.046151773035185584e-02 3.079133098620786060e-02
3.050495625490164814e-02 3.052354217013075743e-02
3.074436237258711124e-02 3.120316721308936253e-02
3.120923968338079613e-02 3.153185583756660387e-02
3.142986653895902399e-02 3.170628791789252554e-02
3.179161662542295125e-02 3.183603420753552266e-02
3.215155047742441347e-02 3.217570048096892593e-02
3.263949462865991386e-02 3.799060931087071963e-02
3.375408541924446171e-02 3.738884105692354132e-02
3.389230126593575920e-02 3.405934013098883134e-02
3.432189778685196951e-02 3.447585271257052469e-02
3.529832883154175593e-02 3.546838452987868123e-02
3.682530566420162688e-02 3.685793499762271552e-02
3.715074482860938887e-02 3.719918334940246207e-02
3.750644518655973231e-02 3.852598985704665246e-02
3.811324163730004516e-02 3.840235022611315774e-02
3.860473167051127474e-02 3.861936881081522166e-02
3.869832488150531241e-02 3.883290368832002099e-02
3.906943171091113026e-02 4.094632755823774534e-02
4.149560952763235028e-02 4.192597589563840099e-02
3.545885632277064325e-01 3.551141469948953522e-01
