9.211154556319573134e-04 9.897890021940006569e-04
2.470205077633953576e-03 2.733952191605069915e-03
2.585030740629195439e-03 2.702346052866246105e-03
2.610331094529400389e-03 2.634625214504166413e-03
2.644037550566053808e-03 2.751229846869016754e-03
2.813923093363814801e-03 2.908431387832303115e-03
3.042771872926629522e-03 3.079734195268095734e-03
3.224699781857479509e-03 3.683144538432366142e-03
3.349415769014051341e-03 3.717564631541795447e-03
3.377837895373713394e-03 3.427471137847874251e-03
3.400018453261590030e-03 3.593758104789305553e-03
3.456961916783820449e-03 3.671284492544043231e-03
3.501634016554732842e-03 3.616934610764905265e-03
3.606824452495911628e-03 4.065041555389196579e-03
3.722331136183197262e-03 3.984024765178362584e-03
3.949516829028464071e-03 3.960839327694326388e-03
3.984164276534982521e-03 4.057733346445335960e-03
4.004358014272771729e-03 4.005264369954855512e-03
4.198058088365846062e-03 4.514929646466371745e-03
4.200148222507739566e-03 4.205279521180450494e-03
4.207946277993587954e-03 4.208641038870680924e-03
4.477069203530500800e-03 4.789909688205837984e-03
4.545583751570715994e-03 4.615841242490936920e-03
4.702436194468085674e-03 5.059118192637068225e-03
4.746008273747101720e-03 4.754179305975964921e-03
4.853193426532772213e-03 4.989395636804790958e-03
4.953555005140714354e-03 5.008902120112256919e-03
5.196863706003822594e-03 5.719651727763635889e-03
5.237939491333440563e-03 5.716479777417050011e-03
5.275457565419786402e-03 5.328024609865710665e-03
5.327277432594601687e-03 5.390523869513388737e-03
5.407972445180363533e-03 5.772073296082065076e-03
5.419007049635845771e-03 5.469239987925427100e-03
5.436840509021165571e-03 5.445422205311858770e-03
5.481195834325927260e-03 5.493726938651864559e-03
5.510448902595837736e-03 5.517930507155360993e-03
5.692259544117441068e-03 5.716453773527905603e-03
5.772616052403097865e-03 5.778203590674420818e-03
5.877202071266894937e-03 6.055220729078164207e-03
5.937494594983322785e-03 5.944260797633500737e-03
5.999990394939486681e-03 6.004930518427219026e-03
6.090052299578469115e-03 6.212770352042772809e-03
6.094625135665747082e-03 6.139333658525644895e-03
6.442333471592730752e-03 7.854762283255972005e-03
6.826161630954887156e-03 7.595939454351531561e-03
6.915688780390559162e-03 7.555394360236495147e-03
7.005560893740423768e-03 7.060350418775141260e-03
7.014306418403894530e-03 7.129123114412021754e-03
7.059271143074980458e-03 7.783523314374291881e-03
7.099216947008543839e-03 7.145831240438067083e-03
7.244159161610809819e-03 7.709428173785166753e-03
7.259050279392744581e-03 7.674479979748516367e-03
7.262365144417545423e-03 7.509973662840578948e-03
7.284658683687027410e-03 7.289385574064437268e-03
7.360710309541541180e-03 7.573649955095458457e-03
7.464972890556175085e-03 8.001348261559562344e-03
7.484828603925440700e-03 7.685997452849094996e-03
7.551075555882565647e-03 8.104757709884682915e-03
7.614244987202606167e-03 9.185378967617742127e-03
7.645384370613086088e-03 9.725264984537809743e-03
7.646824856274185220e-03 7.798604261156807764e-03
7.654095678933645064e-03 7.654382508610755448e-03
7.755952473518871668e-03 7.766550097373641805e-03
7.924836588646799046e-03 8.004325020241467858e-03
7.972887537271400663e-03 8.432888238137066853e-03
7.976189886436030330e-03 8.065313738100949453e-03
8.073855451453681303e-03 8.191187718652351984e-03
8.100552964835980654e-03 8.111636004414283369e-03
8.367887147391764660e-03 8.500773889847396819e-03
8.405651982938562236e-03 8.531000705596805331e-03
8.428288126523178145e-03 8.559698270573453532e-03
8.463290963961667482e-03 8.537318168950380065e-03
8.514380323963434416e-03 8.515185155514196774e-03
8.562348013117433362e-03 8.657748534284340561e-03
8.568294957760149572e-03 8.569046240112841370e-03
8.672644034032723007e-03 1.051964788046192215e-02
8.723756157596082930e-03 9.119874072844705998e-03
8.779908352173607447e-03 8.805161212897360049e-03
8.799824968376572867e-03 9.159916115938479889e-03
8.939773551398647045e-03 8.939988722873336985e-03
9.058898294948705340e-03 9.575983067030089529e-03
9.103852085748598277e-03 9.928883340987341988e-03
9.140866299073140480e-03 9.438459976977762317e-03
9.195203831437842937e-03 9.221861500684038968e-03
9.652222104180707696e-03 9.728040748841671262e-03
9.655393930695340202e-03 9.655893703272648912e-03
9.756639670426741143e-03 1.075893730059163285e-02
9.803672745389756249e-03 9.808348870624759505e-03
9.955306506164987232e-03 1.031160482279469028e-02
9.963991661747131218e-03 9.968541513394204787e-03
1.001158418267350525e-02 1.099970262589642159e-02
1.003928764077385155e-02 1.011703147428185193e-02
1.026572202649371490e-02 1.066078801775354953e-02
1.048170018274013210e-02 1.128742204400372783e-02
1.061666453755127394e-02 1.077853401121799289e-02
1.064682588282467139e-02 1.139792561933702410e-02
1.072287924897082426e-02 1.311164983313295278e-02
1.074095741172819210e-02 1.159258909830338316e-02
1.074985911417091801e-02 1.283856349569418090e-02
1.081307077445033300e-02 1.109181139325276025e-02
1.094893939033315944e-02 1.166377560376343110e-02
1.096712688695823494e-02 1.097735612553422772e-02
1.107747264438931761e-02 1.120556140952173874e-02
1.120092658442417045e-02 1.135578380130749555e-02
1.120869079337259711e-02 1.136960085256452646e-02
1.127818985697971212e-02 1.127822352587524307e-02
1.135088981630960267e-02 1.159204055205870741e-02
1.136678130969904880e-02 1.136698626098552392e-02
1.137628480061010118e-02 1.182467503398311297e-02
1.149053734457276647e-02 1.149874027319025029e-02
1.164572172130661463e-02 1.173234404844457346e-02
1.170697783074801414e-02 1.248477123204071171e-02
1.176688973127770765e-02 1.196575133584668743e-02
1.180481602100195461e-02 1.274329940845734220e-02
1.185136326846869884e-02 1.300948746575590273e-02
1.185906273996548653e-02 1.187008602214057948e-02
1.199938549531575326e-02 1.279468130518036061e-02
1.204533141011955404e-02 1.269407475803061187e-02
1.217972089279043164e-02 1.222672754498916811e-02
1.247891723435894454e-02 1.317613956930307507e-02
1.252562046517646452e-02 1.271963918246733771e-02
1.254540242669770385e-02 1.284615747314931181e-02
1.256814647741840048e-02 1.281148864833456420e-02
1.263204911614894746e-02 1.298115207295742236e-02
1.268702464801367384e-02 1.314483697400352889e-02
1.277752786196629554e-02 1.477302092810967027e-02
1.287968109173072938e-02 1.348246692425462273e-02
1.289287327503958573e-02 1.613805321604671120e-02
1.291069126800551900e-02 1.295764942475670541e-02
1.294943277433225834e-02 1.870210952853525177e-02
1.312325771246282066e-02 1.709535634521600761e-02
1.313288641166868338e-02 1.500746410702065957e-02
1.328098489338293622e-02 1.433185148853542527e-02
1.342235679577352681e-02 1.361488387642753595e-02
1.347581173661034290e-02 1.821002508296777622e-02
1.347901693144800371e-02 1.366397285510201690e-02
1.353928832865668001e-02 1.527659915293953959e-02
1.364465405158602450e-02 1.567792483154440211e-02
1.366287435598656681e-02 1.401533434355682617e-02
1.381832022272329145e-02 1.387712844255122903e-02
1.385636554495741149e-02 1.394464221439991117e-02
1.388933422899051029e-02 1.486516181333278133e-02
1.394848181836836655e-02 1.463446542368321800e-02
1.396371287022154031e-02 1.465259064121900850e-02
1.399255429148888764e-02 1.402494804656113751e-02
1.399631882152522697e-02 1.412522226985462974e-02
1.403609066595762865e-02 1.454925149833557509e-02
1.409829740470234030e-02 1.437658180992040791e-02
1.412573562387107497e-02 1.587970512753385591e-02
1.414597154631785057e-02 1.918429537565841461e-02
1.414795302874325561e-02 1.720144018588026097e-02
1.415581437502260245e-02 1.585333243467055772e-02
1.419611863487761291e-02 1.554194285124916274e-02
1.420037255514690344e-02 1.521527139972332632e-02
1.433247232711652719e-02 1.535562399725155271e-02
1.434835077177117231e-02 1.445820795663066601e-02
1.436005978977644530e-02 1.558413699376889026e-02
1.436356175051617737e-02 1.461501010515158135e-02
1.440507030972813275e-02 1.540039181541800507e-02
1.448343961915503700e-02 1.726916714518069926e-02
1.467036026444107182e-02 1.514203724302841739e-02
1.499747908259807354e-02 1.500823896116818858e-02
1.506621036238732850e-02 1.562641136466526304e-02
1.523942600121102296e-02 1.591415154783421687e-02
1.528826037782861184e-02 1.529648827177535614e-02
1.538769288411468567e-02 1.546612738984710737e-02
1.541420334737759155e-02 1.541726723633620767e-02
1.545383168759911427e-02 2.075650856261212346e-02
1.550068473828942854e-02 1.551437099565378813e-02
1.554597357685705630e-02 1.673100323873492543e-02
1.556071604623489833e-02 1.664682471726515803e-02
1.558209678651831069e-02 1.654714317309654084e-02
1.559699530482473902e-02 2.992903474678254572e-02
1.562634057981912919e-02 1.562637291534436923e-02
1.568647948127994962e-02 1.685970434551293737e-02
1.571653321666770936e-02 1.802283753886368273e-02
1.572793815870988585e-02 1.582998907959971835e-02
1.576524863128202572e-02 1.587487079747542870e-02
1.576807413857014492e-02 1.678418109974961700e-02
1.586588432337175669e-02 1.812956098790526049e-02
1.597238597997099191e-02 1.597976924568608736e-02
1.599149658274797922e-02 2.008591261536582517e-02
1.623532761741075872e-02 1.655765911543339436e-02
1.623851037845702380e-02 1.902103109553712756e-02
1.644214508083381016e-02 1.706459208288343271e-02
1.645969483624725241e-02 1.646508745339606700e-02
1.653938041378994264e-02 2.005252991992502107e-02
1.671480255298342377e-02 1.721769565518410303e-02
1.676946548149292268e-02 1.679208128720836163e-02
1.680954356917836040e-02 1.681187778865708693e-02
1.681775475572909809e-02 1.837875089339373672e-02
1.696017066437206094e-02 1.714966379858248735e-02
1.698068355547392022e-02 2.020291304952667039e-02
1.698931824285096134e-02 1.715780935786548334e-02
1.699914023480930333e-02 1.712783661006959252e-02
1.710141095988059606e-02 1.725190473547269163e-02
1.714009431783716092e-02 1.844426772536036235e-02
1.714219234215073190e-02 1.804049752837893345e-02
1.717170435830661993e-02 1.717333769493283729e-02
1.723450518899220449e-02 1.759655748602509048e-02
1.724866759421679954e-02 1.742741815007995201e-02
1.732476768924148813e-02 1.768549596674468330e-02
1.734079657552916459e-02 1.740795483629224358e-02
1.739810450151790464e-02 1.773666149370899114e-02
1.740586287861125778e-02 1.829427365475671044e-02
1.740848285183320063e-02 1.851057402920553568e-02
1.741277535060014453e-02 2.017862576761103241e-02
1.745188938969641571e-02 1.747463933816467696e-02
1.748067971450916955e-02 1.856296231652226209e-02
1.763997309365003888e-02 1.849026683098257615e-02
1.767527124786668485e-02 1.788495951483311946e-02
1.769284532752138026e-02 2.168492508032522983e-02
1.772879013278846894e-02 2.020228913018037517e-02
1.777887790263564527e-02 1.798481920560904973e-02
1.780300166604286208e-02 1.828040456656730012e-02
1.784386927883018295e-02 1.819891990321448674e-02
1.786681980943314457e-02 1.880300115645855419e-02
1.790732221706613919e-02 1.795870111361103430e-02
1.790885688073017012e-02 1.807816342562031456e-02
1.796041356253285509e-02 2.045947973960297872e-02
1.796795477022953766e-02 1.911989089368271166e-02
1.810319335754872333e-02 1.944111819590996562e-02
1.810710038610801806e-02 1.840523878175922418e-02
1.813431329679075429e-02 2.267348175632211832e-02
1.818620998599545374e-02 2.038565457042536971e-02
1.819945125371358330e-02 1.840050486668223795e-02
1.832149850386245379e-02 1.922238951288177816e-02
1.833408425519494206e-02 2.012948220298753019e-02
1.845289542411374453e-02 1.867175080399034737e-02
1.847413642541946566e-02 2.568220288500155241e-02
1.859409799483616524e-02 2.134324807075490063e-02
1.859409986512398222e-02 1.861672915680587584e-02
1.861565916395243811e-02 1.861591837685752648e-02
1.865723532584822111e-02 1.915467857426946321e-02
1.875335745110674052e-02 1.875410072147916732e-02
1.875767280083324648e-02 2.137198892416204352e-02
1.884646499887714446e-02 1.902741958675534598e-02
1.889865479279236732e-02 2.040358928859819718e-02
1.891465028366641141e-02 1.911642719173046664e-02
1.894577003356264291e-02 2.606405835916001529e-02
1.897976065282031000e-02 1.910324064068643496e-02
1.900489431253308756e-02 2.594044854163321534e-02
1.905131106739217997e-02 1.929364295527729450e-02
1.906305742778434051e-02 1.951026911175852974e-02
1.906681887498233932e-02 1.952329350437286698e-02
1.912238768535146072e-02 1.916888172418378805e-02
1.915974211942085559e-02 1.982437822344018663e-02
1.917942642748719437e-02 1.966645267947791584e-02
1.918549688609542600e-02 2.162839279593972014e-02
1.919310150378520860e-02 2.087076460524233540e-02
1.934705143198392485e-02 2.595831742697550168e-02
1.935676273214474719e-02 1.994242365025768876e-02
1.944797768678836053e-02 2.028441138144741404e-02
1.947090841569584438e-02 1.967147775034892854e-02
1.947453349859814067e-02 2.305128138182919659e-02
1.947741989674749152e-02 1.989659979745767374e-02
1.949226946744790634e-02 1.949531655095047486e-02
1.952620434295512450e-02 2.105881621656154751e-02
1.953409359952269775e-02 1.967856757815832774e-02
1.953457679178552397e-02 1.953778698085810450e-02
1.953870761406453771e-02 2.433459716432833167e-02
1.959345341152702452e-02 2.138280217795678409e-02
1.963779666046431074e-02 1.968503036659263045e-02
1.970903661556310318e-02 1.990665083896043033e-02
1.971477148214051053e-02 1.998485570185985424e-02
1.972646049598906354e-02 2.001268072701969242e-02
1.978578885440828924e-02 2.095043009837949458e-02
1.982611508516987642e-02 2.101167765678637819e-02
1.986068802153016788e-02 1.998585581038098136e-02
1.992554805814359536e-02 1.992852948121015891e-02
1.997980155412766926e-02 2.244622920869566995e-02
2.004916918616557811e-02 2.034305179585511186e-02
2.007290634678188593e-02 2.007367353521007092e-02
2.010716575213995078e-02 2.013594734405686759e-02
2.013487035399450994e-02 2.017135662625509779e-02
2.017769048111067373e-02 2.076910870623825678e-02
2.019230045001749185e-02 2.168822763108160107e-02
2.026344690883226038e-02 2.066764024017988394e-02
2.032988847550306483e-02 2.033066774969632950e-02
2.033158644264324369e-02 2.033163688395398308e-02
2.033218276378996950e-02 2.181917443681330102e-02
2.043985799562849856e-02 2.183235604156089776e-02
2.044176616558151388e-02 2.177214675118402387e-02
2.045951748659205136e-02 2.046974604019518792e-02
2.048386286997665520e-02 2.049275138767672061e-02
2.050982728471311203e-02 2.067402241366694121e-02
2.051336270212026497e-02 2.071166249599861939e-02
2.055156824877043750e-02 2.224785084911768893e-02
2.056318489053026582e-02 2.066884523306409052e-02
2.059810022683855601e-02 2.065065855193866026e-02
2.064043814772491270e-02 2.141197360044073614e-02
2.070025258844992999e-02 2.257941215618381944e-02
2.070881797859152121e-02 2.866233855949178871e-02
2.074511586538480001e-02 2.089801205415867461e-02
2.074961472793122527e-02 2.189384493246961105e-02
2.084064687226607621e-02 2.284542747509077376e-02
2.086607749476587434e-02 2.596710465876589033e-02
2.096062260387732135e-02 2.433705207840384729e-02
2.107892610707742115e-02 2.155638522145903596e-02
2.109199651377224524e-02 2.117675330922961716e-02
2.113484163899672502e-02 2.188956056477190520e-02
2.115718236972726971e-02 2.148633842829965335e-02
2.119899920917684213e-02 2.129226134661968070e-02
2.121706039705113095e-02 2.140782182467346542e-02
2.121846023676345061e-02 2.210974946633320268e-02
2.140646021799133547e-02 2.153888484386845895e-02
2.140923173004951469e-02 2.141224730858104497e-02
2.156232161595698221e-02 2.189666362744099523e-02
2.157129921504737438e-02 2.158998800221240133e-02
2.159511865122145172e-02 2.166695090732012260e-02
2.162748804487803905e-02 2.235996553148592719e-02
2.162936844318715662e-02 2.216364872673519740e-02
2.163229591693884360e-02 2.169253995459023351e-02
2.165207806192207679e-02 2.305267697012826356e-02
2.168358596732816376e-02 2.243241149050248517e-02
2.173845584980160783e-02 2.175552515743645055e-02
2.175111760802656696e-02 2.227350241017670915e-02
2.184505162216823435e-02 2.418881800551237610e-02
2.187180481022700865e-02 2.187187244147130796e-02
2.189808874434347880e-02 2.207206642063818877e-02
2.193931116443521151e-02 2.246305272845732642e-02
2.195865687905657754e-02 2.390057629338970119e-02
2.222026442574805138e-02 2.222419328182612119e-02
2.228776176137796036e-02 2.280140111882042811e-02
2.233787119158762990e-02 2.370752570006820145e-02
2.238166333816387493e-02 2.293406700558530201e-02
2.247434031022287754e-02 2.249991063141940778e-02
2.248324287763948243e-02 2.292745683764759249e-02
2.248519885248235692e-02 2.346684009095250517e-02
2.262228626688423186e-02 2.323159308819340921e-02
2.263033358632252426e-02 2.327614367523951275e-02
2.265477294154938717e-02 2.609619723935338240e-02
2.272063918857010131e-02 2.325482380597012136e-02
2.274697012184575401e-02 2.371845163994365166e-02
2.277248466230813104e-02 2.277719212763140363e-02
2.279462412466169013e-02 3.073713037185533958e-02
2.288351510406502407e-02 2.900278812426833677e-02
2.292591828669238163e-02 2.316195908584745000e-02
2.295041207885351389e-02 2.390042334293385543e-02
2.297918780691148369e-02 2.405299687271894929e-02
2.298876032988479354e-02 2.313768631162826939e-02
2.302942644881879677e-02 2.303390767990491292e-02
2.308235881754256563e-02 2.308377234829717822e-02
2.317876729541828995e-02 2.351512335039416049e-02
2.320435303498635457e-02 2.352521273587625250e-02
2.320533626914400571e-02 2.360645740953146512e-02
2.326968287985579573e-02 2.453715905739929301e-02
2.338381384651517375e-02 2.424799861232198456e-02
2.338411575394726619e-02 2.338551708773402640e-02
2.346542169284379642e-02 2.402088075738155123e-02
2.349791413513217103e-02 2.445497645101486414e-02
2.353947845106625983e-02 2.394004974313414594e-02
2.356905107989513623e-02 2.687629604246655896e-02
2.358228118017154096e-02 2.610193540868017623e-02
2.360830106724595007e-02 2.361453804090224429e-02
2.360916558620109254e-02 2.366929587649326677e-02
2.362127369438507540e-02 2.580026481242753134e-02
2.370993527035602719e-02 2.523842376948120386e-02
2.381968780865555482e-02 2.397834134176552584e-02
2.382446228159786766e-02 2.497338421343379619e-02
2.383837726585856173e-02 2.852027675227756381e-02
2.384081266339471705e-02 2.419987162149168924e-02
2.385495716255589538e-02 2.390503993795553561e-02
2.387888726521085123e-02 2.398057132912759237e-02
2.394486459978337548e-02 3.008152759286522593e-02
2.397494100134446929e-02 2.401777466022137278e-02
2.403266118321878420e-02 2.410063654679953787e-02
2.403515591792600159e-02 2.980962349844224271e-02
2.411257470874353728e-02 2.510152467857850248e-02
2.411456275069660121e-02 3.240356117731545138e-02
2.412737784557841131e-02 2.454520209859849950e-02
2.414133480233145862e-02 2.480801271720305470e-02
2.414880742300827207e-02 3.478421391145965214e-02
2.418688094294473706e-02 2.463731043964586739e-02
2.422255177400891787e-02 2.422255181972849183e-02
2.425227065345815849e-02 2.518288108905420569e-02
2.430097680226532206e-02 2.505362842597622097e-02
2.430341689825947157e-02 2.483614294238370435e-02
2.439913339311189019e-02 2.534079578086035137e-02
2.441203831584132233e-02 2.465941723257797369e-02
2.449946739046438698e-02 2.618782442247893916e-02
2.451054516584392703e-02 2.515564498480520050e-02
2.457206440328024016e-02 2.545283005976479995e-02
2.459841275094884483e-02 3.172005322079821110e-02
2.461383290598059478e-02 2.546178870810201361e-02
2.464556594247619900e-02 2.596193845402558487e-02
2.470247114256602164e-02 2.542282592869548469e-02
2.485849539724867968e-02 2.486398466099621826e-02
2.487078447544921120e-02 2.542427322198599973e-02
2.488446625642311630e-02 2.626326646864249673e-02
2.491571571943593591e-02 2.497469311859303043e-02
2.499389876445123893e-02 2.858072764221949655e-02
2.499870068289936076e-02 2.500624886734523905e-02
2.504135656375426969e-02 2.765217005226387401e-02
2.504817702147955905e-02 2.635625417634861190e-02
2.506797225728423298e-02 2.813048437108164879e-02
2.509036173103545639e-02 2.520210840911982220e-02
2.510215878463227523e-02 2.704533841370900318e-02
2.516781425973497327e-02 3.172094382549455610e-02
2.520608679061081894e-02 2.556327254779140398e-02
2.525198331722237899e-02 2.635245724505372658e-02
2.526270223281293012e-02 2.637722648335427342e-02
2.533489747057388400e-02 2.997214885441657622e-02
2.534364460099323632e-02 2.596386314082820349e-02
2.537230947175031850e-02 2.655667700563224196e-02
2.540256889408125385e-02 2.550896158085490598e-02
2.542912299364625747e-02 2.709507750177015881e-02
2.543745967482736667e-02 2.668520266540965608e-02
2.548237179974163422e-02 2.823444709298842878e-02
2.552827053031438490e-02 2.977374920843746040e-02
2.555768191103589479e-02 2.672819531847089522e-02
2.557394627842067211e-02 2.565837240667572655e-02
2.564317122569437918e-02 3.880912182555280171e-02
2.566344786873958617e-02 3.469965127726083037e-02
2.567542093799088029e-02 2.571852436996021132e-02
2.567771983566925764e-02 2.742704936203590321e-02
2.569138362392724834e-02 2.704511974269170616e-02
2.570314800374197753e-02 3.531315940331299780e-02
2.574032968061725629e-02 2.612658694948148674e-02
2.575651647447714521e-02 3.181343873295156693e-02
2.575752958215649091e-02 2.751603037575118399e-02
2.578640688044306697e-02 3.186539648945567460e-02
2.583037839929092083e-02 2.587327040108151552e-02
2.585744616018353231e-02 2.812975243249704257e-02
2.602037166043109570e-02 2.605906887055152443e-02
2.603990178140937542e-02 2.608456098132434786e-02
2.606109207353452667e-02 2.810928126261886401e-02
2.614813071983513454e-02 2.641005573700458756e-02
2.627919715702138614e-02 2.688644824897262753e-02
2.646464649742954686e-02 3.382112507397800477e-02
2.650307913344019176e-02 2.660270243687805347e-02
2.652541041431173696e-02 2.687001335054153839e-02
2.664298427071227007e-02 2.670245248714563785e-02
2.675335883325289515e-02 2.675544030872246612e-02
2.680926049908984726e-02 2.961931164661368854e-02
2.686074457017443781e-02 2.702716616705590560e-02
2.689918880240255508e-02 2.702140500208610741e-02
2.691983566797489374e-02 2.743265158486754215e-02
2.696720555667678210e-02 2.904467819782046573e-02
2.707786237154519854e-02 3.452181585561963501e-02
2.725563007671045687e-02 2.810441152747986115e-02
2.729640955779710082e-02 2.824362812328546496e-02
2.734727215107130363e-02 2.915448375067268560e-02
2.740451316531407680e-02 3.991570945469762044e-02
2.742989920023476344e-02 2.744148959609925623e-02
2.770152433149256424e-02 3.782034690173783492e-02
2.775003602414697831e-02 2.776005205670442968e-02
2.775336417578628742e-02 2.823521433131868236e-02
2.781295284217483524e-02 2.781450312475770500e-02
2.783542707580094130e-02 2.855885432336384422e-02
2.787483844985280679e-02 2.822725230458546924e-02
2.788798805078166951e-02 3.011042889135707654e-02
2.796307567655911125e-02 2.796493143532141276e-02
2.801547084970645515e-02 2.936773762671474747e-02
2.806649851922756247e-02 2.850953379636756227e-02
2.810480720718903230e-02 3.374685045272309697e-02
2.818298168096304568e-02 2.822588408899403753e-02
2.822450630991662004e-02 3.070639045496832004e-02
2.823190518717912795e-02 3.133645996498702485e-02
2.823651552479086377e-02 2.824277127267039653e-02
2.833935037432888313e-02 2.966708840837101527e-02
2.835281504512563236e-02 3.030806664019124186e-02
2.839262024928638009e-02 2.902164219252095431e-02
2.844945815141826026e-02 3.043073515401620299e-02
2.850358553071178497e-02 2.861771634386657548e-02
2.854325191024909697e-02 3.065103201562130106e-02
2.855850599102812207e-02 3.159465538597866496e-02
2.862029506373963555e-02 2.933677951092240541e-02
2.863611868109878708e-02 2.998302848998935996e-02
2.867424320486998759e-02 2.884565913385040564e-02
2.872277362402882520e-02 3.588022267962563683e-02
2.873339751267978137e-02 3.337584380727648403e-02
2.882229114491709557e-02 4.309833686525462587e-02
2.882283942648042330e-02 2.882634310500248320e-02
2.883541685891020945e-02 3.409904152014930218e-02
2.892939409390707720e-02 2.964285194761921358e-02
2.894190879101855851e-02 2.939875768079393617e-02
2.894449136386801139e-02 3.048765470493981777e-02
2.896622681591613097e-02 4.810496364757357868e-02
2.900394573279468577e-02 3.006735285612984615e-02
2.902792158397768038e-02 3.072942381263623485e-02
2.903265827714914329e-02 2.944455873198948553e-02
2.903498331343459110e-02 2.949531136009968593e-02
2.912777857100013607e-02 3.322075112700483002e-02
2.912803318342504014e-02 2.929819239321734131e-02
2.920857235810239705e-02 3.287600044902018459e-02
2.921731256811872096e-02 3.387357887685193969e-02
2.926930496821485150e-02 2.965318537523077905e-02
2.934678189875907992e-02 2.953203424206181371e-02
2.947423495734056292e-02 3.142935012001066980e-02
2.949872286627473056e-02 3.084133020891733148e-02
2.952880868571626863e-02 2.967366672746062778e-02
2.954239964789302439e-02 3.040179539188794453e-02
2.955280122638145185e-02 3.076206688350864235e-02
2.955643513225159752e-02 3.197172862048799913e-02
2.969357571848081981e-02 3.100902473971670070e-02
2.971800840641984631e-02 3.229838076048417023e-02
2.973587199745852602e-02 3.223732349115356749e-02
2.976148813417097902e-02 3.077410944662392275e-02
2.978620388376031908e-02 3.352474835746593884e-02
2.988339231240984620e-02 2.992019582749707793e-02
2.990564250133710689e-02 3.000713136121316640e-02
2.999077813985544586e-02 3.015006364394583194e-02
3.001587794986904784e-02 3.198095486517674862e-02
3.005603340207154903e-02 3.021384972916549283e-02
3.011912728637177600e-02 3.028131629706858410e-02
3.016692319498004080e-02 3.032016531364192108e-02
3.019150781505150136e-02 3.165258578035195364e-02
3.030317271266045123e-02 3.030374716063703733e-02
3.030509949666093314e-02 3.229525469463422060e-02
3.033363579362948273e-02 3.825355078165432188e-02
3.038466835405268657e-02 3.198012250128174500e-02
3.039243746783962599e-02 3.040174460231049453e-02
3.043894778049962418e-02 3.118885960874373531e-02
3.044770224674492320e-02 3.053613275204795224e-02
3.046011003954361696e-02 3.057012308861404778e-02
3.046840790750762057e-02 3.269950022479245488e-02
3.047921363044141241e-02 3.050986969080294112e-02
3.051086625420602189e-02 3.127572971742915292e-02
3.051266240559070975e-02 3.061960155895144739e-02
3.054404966042510716e-02 4.477183069621899075e-02
3.055688055444293755e-02 3.102294004223956486e-02
3.060256049845738388e-02 3.307460056480698157e-02
3.062645330125816565e-02 3.145231531317899121e-02
3.070207840126997281e-02 3.179242698592995436e-02
3.071334305635873077e-02 3.086475380081329933e-02
3.072079727101328234e-02 3.165334589780591235e-02
3.072123425405689362e-02 3.205308977354069666e-02
3.095450255133797360e-02 3.096397907976576949e-02
3.096907183534840582e-02 3.112287470989777774e-02
3.112342807203029305e-02 3.136017593416193239e-02
3.116710437031695868e-02 3.117170458649789339e-02
3.118061698351574235e-02 3.142585132174786910e-02
3.124873717297122974e-02 4.185903999465080683e-02
3.128050608505808516e-02 3.132914282422840507e-02
3.131154613081379989e-02 3.793536140976984383e-02
3.134985072384234572e-02 3.820321857948363875e-02
3.136994322604751834e-02 3.601633522808016241e-02
3.137696818050574737e-02 3.151275310636987570e-02
3.140812932786803818e-02 4.038794988973549299e-02
3.146717700760844755e-02 3.233027566045743040e-02
3.148196561100973651e-02 4.276262011016906950e-02
3.148474130794915588e-02 3.260851217193132950e-02
3.154375024322119553e-02 3.315805320841468118e-02
3.157928260004385507e-02 3.272247272799175266e-02
3.159760497419649566e-02 3.222737679902046293e-02
3.159760616623209784e-02 3.243136223692263259e-02
3.162138556715732296e-02 3.199740233867787165e-02
3.164660544946269749e-02 3.166638621986794799e-02
3.168514920444466532e-02 3.178722258968456893e-02
3.171282462857605983e-02 4.111757845494013602e-02
3.176894508581645099e-02 3.340469405585020507e-02
3.183018598396344934e-02 3.300285502975314200e-02
3.184223105151354205e-02 3.776161645651814752e-02
3.203321660764623519e-02 3.204387291902078411e-02
3.210082290224876289e-02 3.211294684919505094e-02
3.216683223201066699e-02 4.999436755882678135e-02
3.220403385666511381e-02 3.254437948965611949e-02
3.222002142753909587e-02 3.236084739029342766e-02
3.226072937590140216e-02 3.912464932569927056e-02
3.240027695056391793e-02 3.255483177244897913e-02
3.242330532215684236e-02 3.253829002039877738e-02
3.246797818310400568e-02 3.287136605580134874e-02
3.252155469325866688e-02 3.482201703820763522e-02
3.260298777968855671e-02 3.643938039778822635e-02
3.263070604975654154e-02 3.749648215302121834e-02
3.263275913825849917e-02 3.271245828230792685e-02
3.263638728220852325e-02 3.695001372982635590e-02
3.270977272074981207e-02 3.273897323927574959e-02
3.272025727113707372e-02 3.440775380526490956e-02
3.284079488036440592e-02 3.347437229643721729e-02
3.288594655787534238e-02 3.299371761081586890e-02
3.293625905167972545e-02 3.376808017864304373e-02
3.294568456960463021e-02 3.819244189074946089e-02
3.296171806661826048e-02 3.334738916776265605e-02
3.296950990604746723e-02 3.308966342836466151e-02
3.299908720000431506e-02 3.310117706697211781e-02
3.305003985536404676e-02 3.410176688837901482e-02
3.306872791671593148e-02 3.469804760346324041e-02
3.310137068440492658e-02 3.498370933994273541e-02
3.318733698728036641e-02 3.332203809211749246e-02
3.324711230450792809e-02 3.330787997487150848e-02
3.324757445508636639e-02 3.408169041968937829e-02
3.345947977681363456e-02 3.365253182567365386e-02
3.346912789091656404e-02 3.459764167957192493e-02
3.347521713129520543e-02 3.496062187180200287e-02
3.349665344809961420e-02 3.351435582357526616e-02
3.349882615133466246e-02 3.362074808353813365e-02
3.350695986303309226e-02 3.643641297519658456e-02
3.352016052752204017e-02 3.375866627845514750e-02
3.363622918914939419e-02 3.449623198202115409e-02
3.364397336562532925e-02 3.737614063379804397e-02
3.365930325884820135e-02 3.382664678227434440e-02
3.368254353150802738e-02 3.762415024342482400e-02
3.368895055405474875e-02 3.468008712525724735e-02
3.369510371155821221e-02 3.453159596119780711e-02
3.371213888902888783e-02 4.330410551546612363e-02
3.374123316634645292e-02 3.476286529745570286e-02
3.376875322280589731e-02 3.887826202912093854e-02
3.377601548491123568e-02 3.377615839631888106e-02
3.380589877750410366e-02 3.433300157332872665e-02
3.381116442839218750e-02 3.568524798887231370e-02
3.384214021853666071e-02 3.384252732993649204e-02
3.388084105814580249e-02 3.412518681629947426e-02
3.389292869567490929e-02 4.219738535032290655e-02
3.392072018779546810e-02 3.580872969417792789e-02
3.392557292754617981e-02 3.400070887647548001e-02
3.397954519691299968e-02 3.397978912315247069e-02
3.403622078811641832e-02 3.516962953014340226e-02
3.404084051899408658e-02 3.510993107278551073e-02
3.404114214988350484e-02 3.719544231354926511e-02
3.404454680200817707e-02 3.434600819503975250e-02
3.412586486767928834e-02 3.577620958965170572e-02
3.417769059961058703e-02 3.468759991221076477e-02
3.424309450210905742e-02 3.482331624150972194e-02
3.424696101285155947e-02 3.992324856999269339e-02
3.448940483187542400e-02 3.966839175163844322e-02
3.449705095876445110e-02 3.498620129022440850e-02
3.452200930074288826e-02 3.888475927908877777e-02
3.457345804911376996e-02 3.460584789642462411e-02
3.465376007395228053e-02 3.860914389868554120e-02
3.471232719415474899e-02 3.679931344605148064e-02
3.478780611081180169e-02 3.479659113577201340e-02
3.479544541253132978e-02 3.549941205419860496e-02
3.484750947774962332e-02 5.094392824733830899e-02
3.490851031955960471e-02 3.600508741662206136e-02
3.493195572739325044e-02 3.493632634423705224e-02
3.495042927092661261e-02 3.501073647386749449e-02
3.496746792802012116e-02 3.938070854214460736e-02
3.498227602828778843e-02 3.501046280828726265e-02
3.499780771745608643e-02 3.590416941349001273e-02
3.510578003193814967e-02 3.529996451515757250e-02
3.518918529289018909e-02 3.768235372796287230e-02
3.526047283155423623e-02 4.450688421329170030e-02
3.542889711283754572e-02 3.614941340685711574e-02
3.545023676516720346e-02 3.721355989629249877e-02
3.547231217448298946e-02 3.754549693627166895e-02
3.548260019431700302e-02 3.667301995949041188e-02
3.550240992753896790e-02 3.687680320197312539e-02
3.558080239509043424e-02 3.709294616142490286e-02
3.561564088814544310e-02 3.598363548222268532e-02
3.566108712815464765e-02 4.430524803280901092e-02
3.572983556008287043e-02 3.843197352526893373e-02
3.577278091668408683e-02 3.614799458946427180e-02
3.577345001079477310e-02 3.834542919591157895e-02
3.577993120591221182e-02 3.749345406356238003e-02
3.584627036491370988e-02 3.596627157454809071e-02
3.586203316574557848e-02 3.599527844471592242e-02
3.588939202236753057e-02 3.612704211961743905e-02
3.598851564166698214e-02 3.824899249218627340e-02
3.608937789822486836e-02 3.689761688545822177e-02
3.609217831593292125e-02 3.671086540805924142e-02
3.611733997159539272e-02 3.654542583750888113e-02
3.621207378013747979e-02 4.097802412908690961e-02
3.622218827285787757e-02 3.682257499519078076e-02
3.622405330273876373e-02 3.630583300535722424e-02
3.624950578298344328e-02 3.652714802646887110e-02
3.628254139639205955e-02 3.977824935476727969e-02
3.628837779626303828e-02 3.658698479278964938e-02
3.630753327239723272e-02 3.811762954501477646e-02
3.634476687808605583e-02 4.106646554906151492e-02
3.637693454002340065e-02 3.671420744693439792e-02
3.639055585206794202e-02 3.639179763766108716e-02
3.639960933850149016e-02 4.246400223866036300e-02
3.641110790803881586e-02 5.203588439703638741e-02
3.651897236249317114e-02 3.657551408147445560e-02
3.655693978951781581e-02 3.675050911327983061e-02
3.664618722857837518e-02 3.941539100942824392e-02
3.671211080441899588e-02 3.686978668865533576e-02
3.674868617261214249e-02 3.721707101678216334e-02
3.676530301767709508e-02 3.787174739509278909e-02
3.680781851716626724e-02 3.710916214978941807e-02
3.685660769297915279e-02 3.864186464864694665e-02
3.686716757991868182e-02 3.743457843640270177e-02
3.689445706477833403e-02 3.715528441839938828e-02
3.691189176074351902e-02 4.597575323667227321e-02
3.695998427914709561e-02 4.544563508245654665e-02
3.697486005643042112e-02 3.737061668475713527e-02
3.703198475837878728e-02 3.712820699651386835e-02
3.709748609142187598e-02 3.716772480718937011e-02
3.710590906787001458e-02 3.715791324539013951e-02
3.712987377571864978e-02 3.730630466844971072e-02
3.716104042042864958e-02 3.722657648130320296e-02
3.728525268467802051e-02 4.210275674482419350e-02
3.731975792952565291e-02 3.789308866125965652e-02
3.732477058321433810e-02 4.630743754028462250e-02
3.735952552002311938e-02 3.752026545493063886e-02
3.746733623728255164e-02 3.824850876486686480e-02
3.747642953278099154e-02 3.749005120503708099e-02
3.749351106334501693e-02 3.948468303264551088e-02
3.753651674459482918e-02 4.171786986543363218e-02
3.755324232038395604e-02 3.787107279492633871e-02
3.760003150474829775e-02 3.761093520635069853e-02
3.763030197513387437e-02 3.798084476807071785e-02
3.769456693125060320e-02 3.845055885204906598e-02
3.771205149103146193e-02 4.679548293979602508e-02
3.772153278582077857e-02 4.449839415512376467e-02
3.775121344030792081e-02 3.927077518126190908e-02
3.775505859927606733e-02 3.777000136243804235e-02
3.777192716091435504e-02 4.316375169816912688e-02
3.778300616615811597e-02 3.814791600000163457e-02
3.781577020509385711e-02 3.973208807493516792e-02
3.781856430157009424e-02 4.097232924151010536e-02
3.784061039999212644e-02 3.925952335698386364e-02
3.789338805678589550e-02 4.657083037786186736e-02
3.789793473757637615e-02 4.816488668931522693e-02
3.795684042310878969e-02 3.840076740500909802e-02
3.795687739477667660e-02 3.805146856757912754e-02
3.797017249824383156e-02 3.976433209837130361e-02
3.797581852385417678e-02 3.865542177518294098e-02
3.806701598501376765e-02 4.469523761517821964e-02
3.808228577575278884e-02 3.992051639170284688e-02
3.810307525091822384e-02 4.030169489567829444e-02
3.825652665878724601e-02 3.829708683477442421e-02
3.834728306310623835e-02 5.187542737525616815e-02
3.839280377911167413e-02 3.842733186789362015e-02
3.852812144133586914e-02 3.898796966158455529e-02
3.853473314354440710e-02 4.009187107521987314e-02
3.860552427158232131e-02 3.963242280593765737e-02
3.862615946851664234e-02 3.868077100602113766e-02
3.864164829808473117e-02 4.778690119867942676e-02
3.868256431347252833e-02 3.955329134617355247e-02
3.870866636556929974e-02 3.890938774283731610e-02
3.875704205928719864e-02 4.222068520464411501e-02
3.891700418584435883e-02 3.893495006870555109e-02
3.896339278101971365e-02 4.971051947589734399e-02
3.899352830585396668e-02 3.921425661253939710e-02
3.909143568926667228e-02 3.945432513871374725e-02
3.914108353712699578e-02 4.283178938976912181e-02
3.920100022359710584e-02 3.957444584765703460e-02
3.922547498704775926e-02 4.052256759881026071e-02
3.928200433400472202e-02 4.024254614273120589e-02
3.931964135308050473e-02 4.344922545767469779e-02
3.934959042773097937e-02 4.342886243711294864e-02
3.935657634719445103e-02 3.935937836140222107e-02
3.940138816653477455e-02 4.072885866550158412e-02
3.943221274306512453e-02 4.151954681188596563e-02
3.949783141024954675e-02 4.192034648476949954e-02
3.953776268883848338e-02 4.468622818596305196e-02
3.955375315837274947e-02 4.330127202607011311e-02
3.955577544399610512e-02 3.958673142896140112e-02
3.966008853660776823e-02 4.180524455085623398e-02
3.983699812425369607e-02 4.332661794325214782e-02
3.986983033179183900e-02 4.015797147974178860e-02
3.990237498782844838e-02 4.087179699116869069e-02
3.990735199350736728e-02 4.005650389790960109e-02
3.991769524595894375e-02 4.010254730349458591e-02
3.995893302513040674e-02 4.037660344222666203e-02
3.996227536589463253e-02 4.000430424514168221e-02
3.999076266771526417e-02 4.423278813417806654e-02
4.001463042643607637e-02 4.014638097843525183e-02
4.007996421919666347e-02 5.554099215099613657e-02
4.008719872804252654e-02 4.519331767275017869e-02
4.008791303131169215e-02 4.080889186940098168e-02
4.023503165497552964e-02 4.320521019643640964e-02
4.025239200246891885e-02 4.067183459366718878e-02
4.035293715572908779e-02 4.057006814677224099e-02
4.038302421893370797e-02 4.058327792118900795e-02
4.038406097310254239e-02 4.490225754616548881e-02
4.041800179951946653e-02 4.049346472055406765e-02
4.046887962278670342e-02 4.098052751900566060e-02
4.057538571455028553e-02 4.123996785275034493e-02
4.061015594245926535e-02 4.087711935598314222e-02
4.069548429031105002e-02 4.205258538465543594e-02
4.073570593530118078e-02 4.103360952067698630e-02
4.078205264198361130e-02 4.649553359467840929e-02
4.082954950531075128e-02 4.138606560821615071e-02
4.091962719510008201e-02 4.305146159976021986e-02
4.095233606862066361e-02 4.100769720864250872e-02
4.097536671152229165e-02 4.097890880608637959e-02
4.100463741969079257e-02 4.393542641735141002e-02
4.101011754288543670e-02 4.110517708289155442e-02
4.102306149685910897e-02 4.279543585499688552e-02
4.105341180887125269e-02 4.121603803676086170e-02
4.109754608752600596e-02 4.689707975111263166e-02
4.113324130302790232e-02 4.168274057732763299e-02
4.113896137712991230e-02 4.327299930681773044e-02
4.117783989375319031e-02 4.146730025382384249e-02
4.126634017294349838e-02 4.126662913805916738e-02
4.127241271660675448e-02 4.127886812607969858e-02
4.128876693468996883e-02 4.130777510845810852e-02
4.129868946920112888e-02 4.309732146804707426e-02
4.136133057237167954e-02 4.138700584826655871e-02
4.142477739784417023e-02 4.142711136039197578e-02
4.149223659180058255e-02 4.149262632432973441e-02
4.152416599817649462e-02 4.302988928519255185e-02
4.153901489414131565e-02 4.178292476473205452e-02
4.161725081478544197e-02 4.240597042354271595e-02
4.171186813977024316e-02 4.171187081124624885e-02
4.184653249649659956e-02 4.519979245903270326e-02
4.192886520854023635e-02 4.197979462106681686e-02
4.205504448819026575e-02 4.208237363014258325e-02
4.212242491747576756e-02 4.898438872146734790e-02
4.214521396825106347e-02 4.245808940487466598e-02
4.217454093760381051e-02 4.218220300525196004e-02
4.221493933732855391e-02 4.593251135446193428e-02
4.223330551829489188e-02 4.229279501312804834e-02
4.226851655961956500e-02 4.405637834757486493e-02
4.234478050212842071e-02 4.271307962968669270e-02
4.237662877980302029e-02 4.255481929832966026e-02
4.242337383929201122e-02 4.246154173169909563e-02
4.250827822932047584e-02 4.443203571876327973e-02
4.254140577735211759e-02 4.254579511729116720e-02
4.254378150237771855e-02 4.263293062236939851e-02
4.254458040952566883e-02 4.262772410239436954e-02
4.263385870888906221e-02 5.111469808556948213e-02
4.266740788201169726e-02 4.380067275889681921e-02
4.270812159028900684e-02 4.612268893910088235e-02
4.279431557170955414e-02 4.282579349637214566e-02
4.288087749835816503e-02 4.308677410955381176e-02
4.288444594867043408e-02 4.490007190069743304e-02
4.305412864128455724e-02 4.448926706785910623e-02
4.306116522805091690e-02 4.728749985027861508e-02
4.310070795226850909e-02 4.314407538432638023e-02
4.317431154189250303e-02 4.472069210061481448e-02
4.319700972346111889e-02 4.466052233795576171e-02
4.321053550199374649e-02 4.354868165630832594e-02
4.322711425636037441e-02 4.351643023515276709e-02
4.323194480369565301e-02 4.640181482943791375e-02
4.328514173681832777e-02 4.333890448197762202e-02
4.329339728926023118e-02 4.361685855349267671e-02
4.329544208296230712e-02 4.787386238364338409e-02
4.332990977467404692e-02 4.345120502962984688e-02
4.333702010139259958e-02 4.441706271691267527e-02
4.337342719598932805e-02 4.420797828473204544e-02
4.339394288367492275e-02 4.346760198436125378e-02
4.341792493277665116e-02 4.471260180667719492e-02
4.345474677108902839e-02 4.345488958441524885e-02
4.355436291603388688e-02 4.447702085094587532e-02
4.356302256065972683e-02 4.415395094972855705e-02
4.357282416685875903e-02 4.421882145727267649e-02
4.364929718448822688e-02 4.630677717458466652e-02
4.384350200358542310e-02 4.438285417975255248e-02
4.388669565668504996e-02 4.400730594994809591e-02
4.390682242369771393e-02 4.953124537557204721e-02
4.393148491936114952e-02 4.393154875824423211e-02
4.393639180196128730e-02 4.411854702223339669e-02
4.399927334256919370e-02 5.235507830502104942e-02
4.400758239372707520e-02 4.418084175470735064e-02
4.404240913077281383e-02 4.473618106593584692e-02
4.411538091018222391e-02 4.459933076883047104e-02
4.419944200050982680e-02 5.132815716346454671e-02
4.435479233216779726e-02 4.435482284682483456e-02
4.444754987863624995e-02 4.543770028311073378e-02
4.445029628223217538e-02 5.369869418806532541e-02
4.456329970928040590e-02 4.519231570992424812e-02
4.461775125681359533e-02 4.462132557514533748e-02
4.479221465166946525e-02 4.508979616134825563e-02
4.480078166820240793e-02 4.654665181991234080e-02
4.486238093849828634e-02 4.747195989934595295e-02
4.491608517072948753e-02 4.673419997069835907e-02
4.503239535815355132e-02 4.510254170861565520e-02
4.521422895936536013e-02 4.533301674193829928e-02
4.530822783427808365e-02 4.885164192816387335e-02
4.538549421774316917e-02 4.611857281113594664e-02
4.546449916806081376e-02 4.635432093243931767e-02
4.548976232821250187e-02 4.657559573776751810e-02
4.555879902707285489e-02 4.584286007762675835e-02
4.558979067370030891e-02 4.831304203197444441e-02
4.559984729725900104e-02 4.843500945921206530e-02
4.568874827257879412e-02 4.656509463393943005e-02
4.570528127606444946e-02 4.722825703858273688e-02
4.570866793957815283e-02 5.595356764714358444e-02
4.571912506528632431e-02 4.577071156047889805e-02
4.584545487083838827e-02 4.835077246556914593e-02
4.586445258954515575e-02 5.060702108903755714e-02
4.587737565997875022e-02 4.642438645103575540e-02
4.587808559118179697e-02 4.664193469810343912e-02
4.614141215480326019e-02 4.641563007966636317e-02
4.616760109417309549e-02 5.094326678675806241e-02
4.647542389617619063e-02 5.760422753035574633e-02
4.653637701344709443e-02 4.655567642411590629e-02
4.657417248540028643e-02 4.755007667092308460e-02
4.661345138532624333e-02 4.951239282021389909e-02
4.672932289983425941e-02 4.744765962597351228e-02
4.699117016700097432e-02 4.738229659082663497e-02
4.702775800087507369e-02 4.760928707835903467e-02
4.715153763278910615e-02 4.771956164201535122e-02
4.717110217659333665e-02 4.819242441948546479e-02
4.718531867517597456e-02 4.832841621837628138e-02
4.719952885750161586e-02 4.721944257883137902e-02
4.723785373755533257e-02 4.726036803767739297e-02
4.730885217192183634e-02 4.850923390725232071e-02
4.746859490878332921e-02 4.805791123776170792e-02
4.760900294398467958e-02 4.769376125151841839e-02
4.771977152538611072e-02 4.950805639775127803e-02
4.775080559500864685e-02 4.797915076152572261e-02
4.775283434874036392e-02 4.779304856889260433e-02
4.785028296556970151e-02 4.785399811575498374e-02
4.794113507575449573e-02 6.171722146728519931e-02
4.795088625386322717e-02 4.833865635218579510e-02
4.805229066042544794e-02 4.806452433625699877e-02
4.805984226746239790e-02 4.814451173559291391e-02
4.817400391315931202e-02 4.999277355520161115e-02
4.843853919202154024e-02 5.284989725771626484e-02
4.853855239008525446e-02 4.859442520900333212e-02
4.859078497131905094e-02 4.955850562597387265e-02
4.865361583775473786e-02 4.880629864633345000e-02
4.867708578755162996e-02 4.871775861869164642e-02
4.873442470857655001e-02 4.901867687580318406e-02
4.876478163702795132e-02 4.911066391713592161e-02
4.882632028674410013e-02 5.297960606335286315e-02
4.892291584608164656e-02 4.895182441068515050e-02
4.892801076137467953e-02 4.948361873259232713e-02
4.911358539175762067e-02 4.996693117598267203e-02
4.915461264975285599e-02 5.181608653022077432e-02
4.924696533131402154e-02 5.512248295056219882e-02
4.936590178469840717e-02 5.701975210887831602e-02
4.938449212628157753e-02 5.189880700294616234e-02
4.939680884203068861e-02 5.090376007307494122e-02
4.943420932763729903e-02 5.038905256958765844e-02
4.943829268020748235e-02 4.944241421398327258e-02
4.952548050443589950e-02 5.073757193709040741e-02
4.971689051696791956e-02 5.063918916477273130e-02
4.981182757885730533e-02 5.631848567511110737e-02
4.981510165896998327e-02 4.981516400069860295e-02
4.988360802944971639e-02 5.440566731418688268e-02
5.000698247523069351e-02 5.201305067187082798e-02
5.002957659579682081e-02 5.003258216215469151e-02
5.009927359785475154e-02 5.020584205873561412e-02
5.025305038840299082e-02 5.026426323797202056e-02
5.042698489805452072e-02 5.046076143774613082e-02
5.046847053747385153e-02 5.514696965645945331e-02
5.070565706151684143e-02 5.075426099946507563e-02
5.078723742925807944e-02 5.125866917856115174e-02
5.082212886307754113e-02 5.110045247203488794e-02
5.086678940670819743e-02 5.106472949356242325e-02
5.093402486129017248e-02 5.588219984216954983e-02
5.094305234080920286e-02 5.471920271554479853e-02
5.105401580760302038e-02 5.215763679792327634e-02
5.109496820411461165e-02 5.748213317270092076e-02
5.122254886062577867e-02 5.377116892155257843e-02
5.141666163441008935e-02 5.154721086454855383e-02
5.165122581865799756e-02 5.165578807546565565e-02
5.167854473108043911e-02 5.168339306580355813e-02
5.169350993714832976e-02 5.169351640946447113e-02
5.174913809480867488e-02 5.243304238057530653e-02
5.184692095715377758e-02 5.199954763839492039e-02
5.186910017548271995e-02 5.476331815665527042e-02
5.190845049233125397e-02 5.254311756469921130e-02
5.195217121625050893e-02 5.236199266562278909e-02
5.234221804472004302e-02 5.239067540530151224e-02
5.247562053161941575e-02 5.542734200711409154e-02
5.275005742673836984e-02 5.336910798087363128e-02
5.290594305480614268e-02 5.326726668498477091e-02
5.291823579425913165e-02 5.309098340650905690e-02
5.294391571396750429e-02 6.530314099643740045e-02
5.312054788418429929e-02 5.325712472287701810e-02
5.316103249678116177e-02 5.398359917728044743e-02
5.318827876161216772e-02 5.437610748656530185e-02
5.327273287814827257e-02 5.365613371547541671e-02
5.331991674098460893e-02 5.333230774122313389e-02
5.338997125465028831e-02 5.734413224498730033e-02
5.357387554059443030e-02 5.395752291240730331e-02
5.364919746953523277e-02 5.367278982804950249e-02
5.371782836634841213e-02 5.392385173320971697e-02
5.400101486513606691e-02 5.418927542512080170e-02
5.414209935104764143e-02 5.421078387817768879e-02
5.435694025688998093e-02 6.273761169736179200e-02
5.472568554320195872e-02 5.644510465673552302e-02
5.472850026801850259e-02 5.570998098941756099e-02
5.473040604584757801e-02 5.487332676365119788e-02
5.477206381392467349e-02 5.482535194880915758e-02
5.485789165427659014e-02 5.486716389273874755e-02
5.486175398394509822e-02 5.487983624047833298e-02
5.486262048260522745e-02 6.198099042532269343e-02
5.487793410117544624e-02 5.491809922910479563e-02
5.502573053957165311e-02 5.601878195336641719e-02
5.530429086844707715e-02 5.558491788427069591e-02
5.537024155956581095e-02 5.540387360547548157e-02
5.548938707568507045e-02 5.663764829284346353e-02
5.553489421976137708e-02 5.747496327266537336e-02
5.592623524197313373e-02 5.615827194063272715e-02
5.603359459175091123e-02 5.654669176161046529e-02
5.617209502434902801e-02 5.623092245144267753e-02
5.649030316180993910e-02 5.743172430713710391e-02
5.649341614563880426e-02 5.742140954604858794e-02
5.662792467016204701e-02 6.431880964881762919e-02
5.686021071044255332e-02 5.693793932666667279e-02
5.689622757800961994e-02 5.704929657271704674e-02
5.702970428151526300e-02 5.711575938457660873e-02
5.704759611713215717e-02 5.768648213112822359e-02
5.724774600691989040e-02 5.812288550430611683e-02
5.804229737714736159e-02 5.996196558434058882e-02
5.875199800023427066e-02 5.885555709781026962e-02
5.900412656446046150e-02 6.027363695927383247e-02
5.917608761881601454e-02 6.978093168572954696e-02
5.934451495860128267e-02 5.946001319800380686e-02
5.961888796982799804e-02 5.962028137406001627e-02
6.063905465532076766e-02 6.120741162209732827e-02
6.119113463338721887e-02 6.136225746494867322e-02
6.185252811545269985e-02 6.229534091999930356e-02
6.187237734043551929e-02 6.258952824246347135e-02
6.217172329193254576e-02 6.218106794106422613e-02
6.222217563577382010e-02 6.364805255518804494e-02
6.226296120763567810e-02 6.236624857884512374e-02
6.438510809374586863e-02 6.447803731268231253e-02
6.439364396562914650e-02 6.486812490427630584e-02
6.528851463087870233e-02 6.556351894718220885e-02
6.537221713551485958e-02 6.671220128580930553e-02
6.555503233311628375e-02 6.559927638441021003e-02
6.571584587437928615e-02 6.583796111790035654e-02
6.611387571081736581e-02 6.617842395540338152e-02
6.636731853141208948e-02 6.638904318854385589e-02
6.657132007517142791e-02 6.662016314527921534e-02
6.659012265803561370e-02 6.721215552753215250e-02
6.805658011494886139e-02 6.824325798313947422e-02
6.832128587093717897e-02 6.914212909226034875e-02
6.834700577629911067e-02 7.367641143916728308e-02
6.858447007478975233e-02 6.860605923998353006e-02
7.013163524222937317e-02 7.102849255261749206e-02
7.617088737947096122e-02 7.621037893646567807e-02
7.763762589185518870e-02 7.771459408093389643e-02
8.156121308679755710e-01 8.159687313000986153e-01
8.254642697889312819e-01 8.706901304858674084e-01
8.269649205281435211e-01 8.270160314825955039e-01
