0.000000000000000000e+00 2.983799819704838208e-02
0.000000000000000000e+00 3.641358273308505783e-02
0.000000000000000000e+00 2.359617118071080308e-02
0.000000000000000000e+00 2.394704393676021573e-02
0.000000000000000000e+00 2.955856852878844740e-02
0.000000000000000000e+00 2.221704587499672215e-02
0.000000000000000000e+00 1.970426139144768399e-02
0.000000000000000000e+00 1.834998560793472261e-02
0.000000000000000000e+00 1.681739618233937111e-02
0.000000000000000000e+00 1.971622537046375037e-02
0.000000000000000000e+00 2.015816209743097678e-02
0.000000000000000000e+00 1.216881027432966181e-02
0.000000000000000000e+00 1.082880513843347513e-02
0.000000000000000000e+00 1.956482007772993026e-02
0.000000000000000000e+00 3.420116504938417595e-02
0.000000000000000000e+00 1.436505404733240052e-02
0.000000000000000000e+00 2.395030842749445998e-02
0.000000000000000000e+00 1.139235459295393979e-02
0.000000000000000000e+00 1.091163717151928669e-02
0.000000000000000000e+00 2.562046550816518900e-02
0.000000000000000000e+00 1.105479261258232940e-02
0.000000000000000000e+00 1.646717175365972757e-02
0.000000000000000000e+00 1.323263290557092665e-02
0.000000000000000000e+00 2.804195999124608346e-02
0.000000000000000000e+00 8.780595665550162271e-03
0.000000000000000000e+00 5.207846042934140968e-03
0.000000000000000000e+00 1.680399563647594352e-02
0.000000000000000000e+00 1.517846272424852594e-02
0.000000000000000000e+00 1.047069959169408260e-02
0.000000000000000000e+00 3.623497829162756079e-03
0.000000000000000000e+00 1.850416370191362500e-02
0.000000000000000000e+00 2.460928127214876207e-02
0.000000000000000000e+00 6.641141816067096422e-03
0.000000000000000000e+00 3.579738369307924883e-02
0.000000000000000000e+00 1.008663798403344747e-02
0.000000000000000000e+00 3.308102363861853412e-02
0.000000000000000000e+00 4.429095828835330310e-03
0.000000000000000000e+00 1.936220820995340416e-02
0.000000000000000000e+00 1.667603895952276746e-02
0.000000000000000000e+00 1.397179738772895419e-02
0.000000000000000000e+00 1.929884655554727976e-02
0.000000000000000000e+00 1.168697991187336513e-02
0.000000000000000000e+00 1.105369389231990358e-02
0.000000000000000000e+00 1.907855148526623260e-02
0.000000000000000000e+00 8.970365913458615281e-03
0.000000000000000000e+00 1.717832851485309731e-02
0.000000000000000000e+00 6.346693707119110267e-03
0.000000000000000000e+00 2.483729483251052167e-02
0.000000000000000000e+00 2.988702470895028898e-02
0.000000000000000000e+00 3.842275094503868477e-02
0.000000000000000000e+00 6.215939227733383553e-03
0.000000000000000000e+00 2.336776188826817507e-02
0.000000000000000000e+00 2.233495289346350623e-02
0.000000000000000000e+00 5.489699461234624940e-03
0.000000000000000000e+00 1.363833122954658493e-02
0.000000000000000000e+00 1.796518627777064434e-02
0.000000000000000000e+00 8.875579637466556732e-03
0.000000000000000000e+00 3.403879420806220357e-02
0.000000000000000000e+00 1.155172304930173789e-02
0.000000000000000000e+00 2.994844645060230556e-02
0.000000000000000000e+00 2.501224687095688140e-02
0.000000000000000000e+00 2.631787735135491385e-02
0.000000000000000000e+00 3.987978137023018461e-03
0.000000000000000000e+00 1.342714922179767852e-02
0.000000000000000000e+00 1.801782064047060053e-02
0.000000000000000000e+00 2.434309606188877692e-02
0.000000000000000000e+00 7.610336186327003836e-03
0.000000000000000000e+00 1.545310041846268551e-02
0.000000000000000000e+00 3.665911480836132191e-02
0.000000000000000000e+00 9.066717700523561213e-03
0.000000000000000000e+00 2.430922775240544620e-02
0.000000000000000000e+00 1.421078998937569220e-02
0.000000000000000000e+00 9.003336486967650903e-03
0.000000000000000000e+00 7.971361955471151575e-03
0.000000000000000000e+00 2.906697145018284634e-02
0.000000000000000000e+00 1.934678134098531980e-03
0.000000000000000000e+00 1.349194256192123333e-02
0.000000000000000000e+00 5.974410874253950794e-03
0.000000000000000000e+00 3.089733717086971115e-02
0.000000000000000000e+00 2.712472555426454976e-02
0.000000000000000000e+00 1.952351077981076197e-02
0.000000000000000000e+00 4.403573101463915430e-03
0.000000000000000000e+00 1.120326775183827853e-02
0.000000000000000000e+00 1.965611396354626991e-02
0.000000000000000000e+00 2.303755758508829396e-02
0.000000000000000000e+00 1.911778537990333968e-02
0.000000000000000000e+00 2.320659014661971553e-02
0.000000000000000000e+00 3.093355724561308931e-02
0.000000000000000000e+00 7.048014753685410971e-03
0.000000000000000000e+00 5.315667687060346598e-03
0.000000000000000000e+00 2.136740880279332233e-02
0.000000000000000000e+00 1.517413803342056340e-02
0.000000000000000000e+00 7.837739744325455254e-03
0.000000000000000000e+00 7.403996101254328201e-03
0.000000000000000000e+00 1.522896466455819428e-02
0.000000000000000000e+00 2.002008476158799455e-02
0.000000000000000000e+00 6.445574022790452606e-03
0.000000000000000000e+00 1.976536054910011178e-02
0.000000000000000000e+00 1.754446411718901117e-02
0.000000000000000000e+00 1.647530616608556403e-02
0.000000000000000000e+00 2.182056693035836631e-02
0.000000000000000000e+00 2.631838214940128429e-02
0.000000000000000000e+00 9.878819960402610359e-03
0.000000000000000000e+00 1.532190079903439882e-02
0.000000000000000000e+00 2.177172329484805546e-02
0.000000000000000000e+00 1.361998867204577274e-02
0.000000000000000000e+00 2.706316444845114841e-02
0.000000000000000000e+00 5.881107088075853903e-03
0.000000000000000000e+00 9.276332447947097798e-03
0.000000000000000000e+00 3.026041105659268982e-02
0.000000000000000000e+00 2.314600863372659814e-02
0.000000000000000000e+00 2.259746175387910422e-02
0.000000000000000000e+00 1.372122737510324958e-02
0.000000000000000000e+00 3.532740494457486252e-02
0.000000000000000000e+00 5.122831440472239845e-03
0.000000000000000000e+00 2.113297237263744334e-03
0.000000000000000000e+00 2.419906352199266072e-02
0.000000000000000000e+00 1.536894779823211321e-02
0.000000000000000000e+00 2.030225565749459865e-02
0.000000000000000000e+00 1.571218773322409501e-02
0.000000000000000000e+00 2.893344932645581374e-03
0.000000000000000000e+00 2.512577127898527052e-02
0.000000000000000000e+00 4.420652265902267480e-02
0.000000000000000000e+00 1.037686830355381666e-02
0.000000000000000000e+00 2.478225620238702631e-02
0.000000000000000000e+00 1.132855277116896417e-02
0.000000000000000000e+00 3.583495834433784305e-02
0.000000000000000000e+00 3.009694535340520088e-02
0.000000000000000000e+00 2.261389048282569370e-02
0.000000000000000000e+00 1.778788339606540009e-02
0.000000000000000000e+00 9.549007621271992166e-03
0.000000000000000000e+00 2.818575942514591967e-02
0.000000000000000000e+00 2.386719248159011042e-02
0.000000000000000000e+00 2.623797899999761804e-02
0.000000000000000000e+00 1.733111185896271667e-02
0.000000000000000000e+00 2.403844648261482808e-02
0.000000000000000000e+00 3.415217254487258863e-03
0.000000000000000000e+00 2.176194981006542711e-02
0.000000000000000000e+00 2.291554596807101121e-02
0.000000000000000000e+00 6.161035544871460053e-03
0.000000000000000000e+00 3.898478017512754107e-02
0.000000000000000000e+00 3.018979956817363294e-02
0.000000000000000000e+00 1.893080962822650190e-02
0.000000000000000000e+00 1.285327407428913347e-02
0.000000000000000000e+00 3.022731432447588185e-02
0.000000000000000000e+00 3.737592098911655947e-02
0.000000000000000000e+00 1.916540902972283661e-02
0.000000000000000000e+00 6.348292792511882679e-03
0.000000000000000000e+00 2.466447541950307631e-03
0.000000000000000000e+00 1.253581798373595152e-02
0.000000000000000000e+00 1.174529842364659127e-02
0.000000000000000000e+00 3.687335402456165534e-02
0.000000000000000000e+00 2.419700644811280041e-02
0.000000000000000000e+00 2.027818469968598047e-02
0.000000000000000000e+00 2.780678416638777961e-02
0.000000000000000000e+00 1.189886259411067522e-03
0.000000000000000000e+00 3.481774572797816537e-03
0.000000000000000000e+00 8.607442905849927925e-03
0.000000000000000000e+00 4.621594156283245595e-03
0.000000000000000000e+00 8.913920983765252076e-03
0.000000000000000000e+00 4.158013648963614084e-03
0.000000000000000000e+00 4.758666981850952042e-03
0.000000000000000000e+00 6.676628585560907478e-03
0.000000000000000000e+00 1.577110515117569056e-02
0.000000000000000000e+00 1.757984455684399872e-02
0.000000000000000000e+00 1.700046250136206735e-02
0.000000000000000000e+00 2.249014691850599254e-02
0.000000000000000000e+00 2.617413619146663831e-02
0.000000000000000000e+00 9.021429362543725156e-03
0.000000000000000000e+00 1.184972049716768658e-02
0.000000000000000000e+00 1.968109692597681815e-02
0.000000000000000000e+00 2.056850274753867572e-02
0.000000000000000000e+00 9.192371115588928582e-03
0.000000000000000000e+00 1.870248878046336383e-02
0.000000000000000000e+00 2.210585278751878158e-02
0.000000000000000000e+00 8.278643267209073037e-03
0.000000000000000000e+00 8.573090730101675522e-03
0.000000000000000000e+00 1.758721847841766134e-02
0.000000000000000000e+00 1.565094296999645224e-02
0.000000000000000000e+00 1.643753166652503483e-02
0.000000000000000000e+00 3.426764426744873665e-02
0.000000000000000000e+00 7.066756697858522264e-03
0.000000000000000000e+00 1.485289347861865061e-02
0.000000000000000000e+00 1.728347156504177196e-02
0.000000000000000000e+00 4.705957744410850865e-03
0.000000000000000000e+00 3.485527283300838500e-03
0.000000000000000000e+00 4.493998627640864545e-03
0.000000000000000000e+00 1.306939680083735525e-02
0.000000000000000000e+00 1.948959688366208934e-02
0.000000000000000000e+00 4.537463066068076617e-03
0.000000000000000000e+00 2.106806156806715485e-02
0.000000000000000000e+00 2.092110289754007396e-02
0.000000000000000000e+00 1.242842142888976424e-02
0.000000000000000000e+00 7.262327594381771077e-03
0.000000000000000000e+00 2.030358107829356717e-02
0.000000000000000000e+00 1.244525537749104072e-02
0.000000000000000000e+00 1.910801971079956890e-02
0.000000000000000000e+00 2.422717848495991103e-02
0.000000000000000000e+00 1.213347691372963777e-02
0.000000000000000000e+00 1.154058483078343467e-02
0.000000000000000000e+00 2.731482892206368862e-02
0.000000000000000000e+00 1.251947076495620557e-02
0.000000000000000000e+00 1.632691323035343964e-02
0.000000000000000000e+00 8.793968611920317466e-03
0.000000000000000000e+00 3.268299553434161897e-02
0.000000000000000000e+00 2.059572752598102033e-02
0.000000000000000000e+00 1.947985616751981425e-02
0.000000000000000000e+00 2.071829684624709733e-02
0.000000000000000000e+00 2.571164743756424939e-02
0.000000000000000000e+00 1.706194688524690847e-02
0.000000000000000000e+00 2.418798686526742875e-02
0.000000000000000000e+00 6.711972477990200449e-03
0.000000000000000000e+00 2.450298694646574002e-02
0.000000000000000000e+00 1.175422831153340349e-02
0.000000000000000000e+00 8.327249408322778476e-03
0.000000000000000000e+00 1.524249484222237050e-02
0.000000000000000000e+00 2.556452892877360966e-02
0.000000000000000000e+00 1.347353940638314380e-02
0.000000000000000000e+00 1.276547722730862928e-02
0.000000000000000000e+00 1.653953443703288020e-02
0.000000000000000000e+00 1.504775656632248611e-02
0.000000000000000000e+00 2.989752044119654492e-02
0.000000000000000000e+00 8.393561333573914054e-03
0.000000000000000000e+00 3.096140021328103176e-03
0.000000000000000000e+00 8.676389680468313270e-03
0.000000000000000000e+00 5.667765802665238918e-03
0.000000000000000000e+00 8.150731428192468930e-03
0.000000000000000000e+00 1.474963596571001768e-02
0.000000000000000000e+00 1.526330310704432716e-02
0.000000000000000000e+00 7.367601306464393457e-03
0.000000000000000000e+00 3.131758389799754738e-02
0.000000000000000000e+00 1.846668871007397378e-02
0.000000000000000000e+00 2.607263180646625031e-02
0.000000000000000000e+00 7.880552530461732569e-03
0.000000000000000000e+00 4.145313461576488156e-04
0.000000000000000000e+00 2.843422081486833911e-02
0.000000000000000000e+00 7.346001323574659694e-03
0.000000000000000000e+00 1.918216244526544170e-02
0.000000000000000000e+00 6.258820964762634373e-03
0.000000000000000000e+00 1.914023404712553167e-02
0.000000000000000000e+00 1.329606266908771317e-02
0.000000000000000000e+00 7.046597227510149539e-03
0.000000000000000000e+00 1.249656213252098996e-02
0.000000000000000000e+00 1.242536485029644561e-02
0.000000000000000000e+00 1.371820302007397893e-02
0.000000000000000000e+00 2.506294368431067829e-02
0.000000000000000000e+00 1.190662096949047719e-02
0.000000000000000000e+00 1.635833056370608260e-02
0.000000000000000000e+00 1.286835840353929040e-02
0.000000000000000000e+00 1.653456042656555047e-02
0.000000000000000000e+00 1.203993355738554143e-02
0.000000000000000000e+00 1.396252769534410583e-02
0.000000000000000000e+00 1.838103469079888780e-02
0.000000000000000000e+00 1.486977663756140419e-02
0.000000000000000000e+00 2.866850629292424027e-02
0.000000000000000000e+00 5.857267349763850897e-03
0.000000000000000000e+00 2.398874121758957922e-02
0.000000000000000000e+00 1.528363091789353666e-02
0.000000000000000000e+00 1.903267378027303711e-02
0.000000000000000000e+00 3.632377856310325254e-02
0.000000000000000000e+00 3.939908729087759562e-03
0.000000000000000000e+00 2.274652057401689922e-02
0.000000000000000000e+00 1.362964115693425906e-03
0.000000000000000000e+00 3.044504287354232383e-03
0.000000000000000000e+00 6.717942338503793756e-03
0.000000000000000000e+00 1.225290256343504122e-02
0.000000000000000000e+00 1.238424120789461541e-02
0.000000000000000000e+00 1.435399990717074574e-02
0.000000000000000000e+00 2.789694870164679142e-03
0.000000000000000000e+00 8.294990411517362203e-03
0.000000000000000000e+00 2.203408254000107161e-02
0.000000000000000000e+00 1.610372302474314885e-02
0.000000000000000000e+00 1.606835554887883072e-02
0.000000000000000000e+00 4.308620956596988932e-02
0.000000000000000000e+00 3.980089981842194896e-02
0.000000000000000000e+00 5.776333955675535051e-03
0.000000000000000000e+00 5.248671974986133387e-03
0.000000000000000000e+00 7.917020916310858469e-01
0.000000000000000000e+00 3.282234879477395617e-02
0.000000000000000000e+00 1.970982396127878358e-02
0.000000000000000000e+00 2.079380990523654188e-02
0.000000000000000000e+00 2.005015488607524501e-02
0.000000000000000000e+00 2.229146013427751177e-02
0.000000000000000000e+00 1.454361229165776828e-02
0.000000000000000000e+00 1.406913404207897796e-02
0.000000000000000000e+00 1.518448438048311533e-02
0.000000000000000000e+00 1.720905944903236215e-02
0.000000000000000000e+00 3.089085686444128023e-02
0.000000000000000000e+00 1.898765237056836142e-02
0.000000000000000000e+00 1.977920333523948762e-02
0.000000000000000000e+00 1.906995285635601153e-02
0.000000000000000000e+00 1.443508232592252173e-02
0.000000000000000000e+00 4.679364227526350284e-03
0.000000000000000000e+00 2.301074639522602064e-02
0.000000000000000000e+00 1.773608782207258469e-02
0.000000000000000000e+00 1.571620982543798020e-02
0.000000000000000000e+00 2.242359368199113578e-02
0.000000000000000000e+00 1.873520581157577664e-02
0.000000000000000000e+00 1.711132840125707474e-02
0.000000000000000000e+00 3.407037057384271206e-02
0.000000000000000000e+00 1.240329276406521540e-02
0.000000000000000000e+00 1.941568609670321285e-02
0.000000000000000000e+00 6.131568183567744773e-03
0.000000000000000000e+00 3.021317081101459242e-03
0.000000000000000000e+00 1.156850001311470269e-02
0.000000000000000000e+00 2.828684363238885557e-02
0.000000000000000000e+00 2.891191568837256712e-02
0.000000000000000000e+00 3.642560048526593403e-02
0.000000000000000000e+00 2.183050698413537688e-02
0.000000000000000000e+00 1.557286614014481013e-02
0.000000000000000000e+00 9.201800674664289276e-03
0.000000000000000000e+00 1.595380955505138268e-02
0.000000000000000000e+00 2.831118790589519374e-02
0.000000000000000000e+00 1.915755004573822112e-02
0.000000000000000000e+00 3.271631277668725357e-02
0.000000000000000000e+00 1.589875535995615222e-02
0.000000000000000000e+00 2.363414651305163761e-02
0.000000000000000000e+00 2.455251251740753204e-02
0.000000000000000000e+00 1.587258796445521064e-02
0.000000000000000000e+00 5.127637915366396390e-03
0.000000000000000000e+00 1.274850717951319344e-02
0.000000000000000000e+00 2.981226778031706090e-02
0.000000000000000000e+00 1.190549693547176754e-02
0.000000000000000000e+00 1.267416652519586483e-02
0.000000000000000000e+00 1.016665014189397850e-03
0.000000000000000000e+00 2.219719112014232817e-02
0.000000000000000000e+00 1.175220275593684589e-02
0.000000000000000000e+00 7.838528973900892429e-04
0.000000000000000000e+00 1.658413718211427731e-02
0.000000000000000000e+00 4.351857401655508974e-03
0.000000000000000000e+00 2.132223676807038296e-02
0.000000000000000000e+00 1.147917660091329894e-02
0.000000000000000000e+00 1.344497405263759757e-02
0.000000000000000000e+00 1.876034579377527586e-02
0.000000000000000000e+00 1.065768190622121830e-02
0.000000000000000000e+00 5.719831551723277181e-03
0.000000000000000000e+00 1.106520399645049071e-02
0.000000000000000000e+00 1.810616078769460013e-02
0.000000000000000000e+00 1.369261234522808034e-02
0.000000000000000000e+00 1.875361075358396648e-02
0.000000000000000000e+00 1.494089534610744049e-02
0.000000000000000000e+00 1.498610407513496605e-02
0.000000000000000000e+00 3.540469665542705924e-02
0.000000000000000000e+00 1.400189837885482298e-02
0.000000000000000000e+00 1.431913756197251975e-02
0.000000000000000000e+00 9.693236369609481082e-03
0.000000000000000000e+00 9.503547561304996616e-03
0.000000000000000000e+00 2.898474581412970388e-02
0.000000000000000000e+00 2.135871758049863803e-02
0.000000000000000000e+00 6.041806570714671094e-03
0.000000000000000000e+00 3.630250126753155511e-03
0.000000000000000000e+00 2.061516791285274153e-02
0.000000000000000000e+00 1.377243355170318546e-02
0.000000000000000000e+00 7.362484394507711957e-03
0.000000000000000000e+00 9.489911716990500137e-03
0.000000000000000000e+00 9.647921030701469419e-03
0.000000000000000000e+00 5.910533097148980633e-03
0.000000000000000000e+00 2.371041018201455047e-02
0.000000000000000000e+00 4.681486822242950270e-03
0.000000000000000000e+00 3.007753196271162333e-02
0.000000000000000000e+00 1.720949066209020648e-02
0.000000000000000000e+00 9.162223357910375537e-03
0.000000000000000000e+00 7.861905489362972649e-03
0.000000000000000000e+00 2.004946355453488677e-02
0.000000000000000000e+00 1.789596246192519044e-02
0.000000000000000000e+00 2.161669317909273649e-02
0.000000000000000000e+00 1.539463041149983190e-02
0.000000000000000000e+00 1.836740095843220413e-02
0.000000000000000000e+00 4.839993141878465993e-02
0.000000000000000000e+00 9.950998634066390500e-03
0.000000000000000000e+00 1.779209188555981244e-02
0.000000000000000000e+00 1.245352069316853216e-02
0.000000000000000000e+00 1.358902908058208514e-02
0.000000000000000000e+00 2.969199806688679194e-02
0.000000000000000000e+00 1.297658315569908197e-02
0.000000000000000000e+00 3.321531125459607076e-03
0.000000000000000000e+00 2.122923144873253495e-02
0.000000000000000000e+00 7.906410094154683182e-03
0.000000000000000000e+00 2.068083575989056871e-02
0.000000000000000000e+00 1.143711808990059697e-02
0.000000000000000000e+00 2.144623753683738265e-03
0.000000000000000000e+00 3.328694131404521389e-02
0.000000000000000000e+00 1.656359188617910483e-02
0.000000000000000000e+00 4.238490328384405745e-03
0.000000000000000000e+00 2.434816236518322005e-02
0.000000000000000000e+00 7.652647198761432928e-03
0.000000000000000000e+00 1.360606486272173017e-02
0.000000000000000000e+00 2.236043022455192625e-02
0.000000000000000000e+00 2.153135529493159506e-02
0.000000000000000000e+00 2.515044741867087513e-02
0.000000000000000000e+00 7.568110096325575843e-04
0.000000000000000000e+00 1.034084497610520542e-02
0.000000000000000000e+00 1.511054588750804749e-02
0.000000000000000000e+00 1.001104077521427181e-02
0.000000000000000000e+00 8.893042791074648803e-03
0.000000000000000000e+00 3.754981057389247118e-02
0.000000000000000000e+00 3.102602189443346217e-02
0.000000000000000000e+00 5.546413201787195497e-03
0.000000000000000000e+00 1.757223724692407590e-02
0.000000000000000000e+00 1.389342605626435641e-02
0.000000000000000000e+00 1.763818004430734235e-02
0.000000000000000000e+00 1.162988143350848595e-02
0.000000000000000000e+00 4.684477494837821152e-03
0.000000000000000000e+00 7.953674611279356113e-03
0.000000000000000000e+00 2.360967202338457027e-02
0.000000000000000000e+00 1.937278114158341030e-02
0.000000000000000000e+00 1.150622610001034857e-02
0.000000000000000000e+00 3.393144618484750675e-03
0.000000000000000000e+00 3.140956835984994727e-02
0.000000000000000000e+00 7.185196234442625500e-03
0.000000000000000000e+00 1.133068584979709734e-02
0.000000000000000000e+00 1.615786895768574205e-02
0.000000000000000000e+00 3.704232920160133863e-03
0.000000000000000000e+00 2.202761593754010497e-03
0.000000000000000000e+00 1.122116401883004565e-02
0.000000000000000000e+00 8.031467358498833517e-03
0.000000000000000000e+00 6.139952133164330861e-04
0.000000000000000000e+00 2.243267002022517401e-02
0.000000000000000000e+00 1.154336755516622778e-02
0.000000000000000000e+00 5.948987661907303472e-03
0.000000000000000000e+00 1.462575265879113330e-02
0.000000000000000000e+00 9.467620867324229306e-03
0.000000000000000000e+00 3.078538114160860734e-02
0.000000000000000000e+00 1.014680410399542917e-02
0.000000000000000000e+00 2.697125366090389643e-03
0.000000000000000000e+00 1.454780199858300878e-02
0.000000000000000000e+00 1.886445474937918036e-03
0.000000000000000000e+00 3.204356530721049617e-02
0.000000000000000000e+00 1.622090680225976578e-02
0.000000000000000000e+00 5.890474431053765308e-03
0.000000000000000000e+00 1.510870638890658875e-02
0.000000000000000000e+00 4.897430768372039965e-03
0.000000000000000000e+00 1.591023508706612688e-02
0.000000000000000000e+00 2.172583892643218523e-02
0.000000000000000000e+00 1.269508748448240631e-02
0.000000000000000000e+00 3.497615571136050271e-03
0.000000000000000000e+00 7.348354416076656286e-03
0.000000000000000000e+00 2.726277863666197107e-02
0.000000000000000000e+00 1.357584032591529176e-02
0.000000000000000000e+00 1.258610641773782318e-02
0.000000000000000000e+00 2.702120258032877226e-02
0.000000000000000000e+00 5.491473846676635240e-03
0.000000000000000000e+00 8.635484555238485960e-03
0.000000000000000000e+00 1.229227534399436952e-02
0.000000000000000000e+00 2.491841535076099595e-02
0.000000000000000000e+00 1.288984662273253562e-02
0.000000000000000000e+00 3.579264337478640229e-02
0.000000000000000000e+00 2.388572738799626602e-02
0.000000000000000000e+00 3.739492086949122718e-02
0.000000000000000000e+00 2.073504756798076609e-02
0.000000000000000000e+00 2.054041266059767473e-02
0.000000000000000000e+00 1.585771240170303839e-02
0.000000000000000000e+00 2.727155277923760945e-02
0.000000000000000000e+00 3.697775052996642598e-03
0.000000000000000000e+00 8.122117882476310655e-03
0.000000000000000000e+00 1.084512077468019822e-02
0.000000000000000000e+00 8.905168773899720114e-03
0.000000000000000000e+00 1.732548213859783776e-02
0.000000000000000000e+00 9.329252146279826477e-03
0.000000000000000000e+00 1.439382074051674155e-02
0.000000000000000000e+00 2.446834321742745108e-02
0.000000000000000000e+00 1.144677796014597661e-02
0.000000000000000000e+00 1.239938603661086200e-02
0.000000000000000000e+00 9.637276675491726965e-03
0.000000000000000000e+00 1.001161696829228412e-02
0.000000000000000000e+00 1.485044893675569605e-02
0.000000000000000000e+00 1.054079426494606772e-02
0.000000000000000000e+00 3.391117159071615605e-03
0.000000000000000000e+00 9.140877603043696953e-03
0.000000000000000000e+00 1.206523811426192354e-02
0.000000000000000000e+00 5.784999770129449666e-03
0.000000000000000000e+00 5.193327910292647870e-03
0.000000000000000000e+00 1.297057535317615307e-02
0.000000000000000000e+00 1.319390317252245801e-02
0.000000000000000000e+00 1.338171255590431090e-02
0.000000000000000000e+00 2.546015538190693830e-02
0.000000000000000000e+00 1.778399098002031789e-02
0.000000000000000000e+00 1.808571263524143616e-02
0.000000000000000000e+00 1.274321102672584544e-03
0.000000000000000000e+00 2.866770306758855899e-02
0.000000000000000000e+00 3.352113944395614803e-02
0.000000000000000000e+00 2.001515360649197897e-02
0.000000000000000000e+00 5.385176727095200219e-03
0.000000000000000000e+00 1.693831947855391901e-02
0.000000000000000000e+00 1.153414081063519094e-02
0.000000000000000000e+00 1.164773399743016837e-02
0.000000000000000000e+00 1.146202753961581174e-02
0.000000000000000000e+00 9.984155244233312160e-03
0.000000000000000000e+00 1.040407729869374971e-02
0.000000000000000000e+00 7.008084553777707863e-04
0.000000000000000000e+00 2.118274560607677146e-02
0.000000000000000000e+00 5.715591630711220131e-03
0.000000000000000000e+00 6.798032032399242870e-03
0.000000000000000000e+00 4.896294544797987792e-03
0.000000000000000000e+00 7.915918890717634285e-03
0.000000000000000000e+00 4.749371222528654853e-03
0.000000000000000000e+00 4.973621847136992617e-03
0.000000000000000000e+00 7.533508989062322886e-03
0.000000000000000000e+00 1.209062263041311286e-02
