2.407042717612509642e-03 2.407088090693062371e-03
3.474096069400948832e-03 3.499909499780647689e-03
4.371112893868480884e-03 4.409910597608764082e-03
4.511390675859735903e-03 4.620915934476458632e-03
4.742289783529137631e-03 4.841081625167734971e-03
5.857604616395125675e-03 5.999855425526244568e-03
5.891622936454198912e-03 5.948630578516439504e-03
7.290054151328453913e-03 7.292806316693922590e-03
7.710532850783485305e-03 7.725709797600290377e-03
7.747049544318921309e-03 7.750079753503125342e-03
7.785492568532422289e-03 7.801367411761936203e-03
7.794851713158961783e-03 7.935306576332035525e-03
9.978450459732187902e-03 1.010922760670600502e-02
1.028664405885581362e-02 1.037323417744806867e-02
1.192098283714531845e-02 1.193469737110220384e-02
1.193099114726769647e-02 1.193790695921354353e-02
1.276067376158862565e-02 1.277090305485197030e-02
1.308979967522709044e-02 1.313550451754079591e-02
1.354514607390118475e-02 1.354514726665126227e-02
1.383475531416306255e-02 1.398398211966289141e-02
1.497522442324351194e-02 1.501052162203015024e-02
1.498775873361540313e-02 1.498855556102359626e-02
1.504355414754112753e-02 1.504852338255611814e-02
1.512229114607603793e-02 1.518150891345231186e-02
1.524232524201142233e-02 1.526327958891631614e-02
1.565616282502644771e-02 1.573285551668912249e-02
1.566184462648438983e-02 1.586472552866826854e-02
1.567252139570014455e-02 1.574191535307832915e-02
1.586013926429854018e-02 1.589020789209812795e-02
1.639377884646169015e-02 1.641796808455368156e-02
1.645001377734834139e-02 1.672517086672142828e-02
1.738404310305682182e-02 1.744867344584555280e-02
1.753889941785354012e-02 1.781749309394776645e-02
1.763166573558043113e-02 1.763697606675243210e-02
1.772694825256363599e-02 1.776319283650133404e-02
1.774314487203818708e-02 1.775096421138549346e-02
1.797037346347433659e-02 1.800845711620628967e-02
1.803827342267490946e-02 1.805890422834442732e-02
1.807421318179552178e-02 1.811660331115456934e-02
1.813332741899353895e-02 1.815596822235292229e-02
1.823990998889576942e-02 1.833840288630655610e-02
1.825007843136305583e-02 1.826157753450899021e-02
1.831696662378751173e-02 1.860849203946618804e-02
1.836292831113156207e-02 1.838327300362348898e-02
1.838843149319816656e-02 1.864149701834707726e-02
1.847077780540872655e-02 1.863870030438721098e-02
1.857916271764662591e-02 1.858910488708482092e-02
1.858059815267022394e-02 1.863678239427385419e-02
1.860683391321103081e-02 1.864673137613924794e-02
1.866226206837195284e-02 1.923571306084127103e-02
1.867779825938672630e-02 1.870837615375729041e-02
1.870422939511569640e-02 1.870496346476415578e-02
1.891698014228286248e-02 1.893158637189225335e-02
1.900076932612546760e-02 1.902743124766480970e-02
1.900757702902481153e-02 1.906840520615330631e-02
1.912536559009351753e-02 1.924976451476086842e-02
1.922033570490969817e-02 1.963917948016788775e-02
1.955191802399318390e-02 1.956025450866143156e-02
1.966700030064276461e-02 1.976602159618246965e-02
1.969137613426592132e-02 1.975240372591959698e-02
1.973686748613445383e-02 1.980917226671880318e-02
1.987286261935644269e-02 2.038090653556145354e-02
1.996713577003194143e-02 2.015079930121050841e-02
2.006863195287557008e-02 2.035181263436844357e-02
2.015673994814143680e-02 2.015712242065811205e-02
2.026294799188103901e-02 2.030353880756089260e-02
2.033072472630259586e-02 2.033178579411708611e-02
2.046681279839513215e-02 2.050580039638176186e-02
2.089586822441627870e-02 2.091274831530128692e-02
2.096952410386623486e-02 2.098887225185071953e-02
2.111905160835081396e-02 2.146852154692259831e-02
2.120513525281738851e-02 2.200609845016702690e-02
2.122336143340430512e-02 2.122432292633414860e-02
2.125179608147724497e-02 2.125764976585355764e-02
2.126012197670457127e-02 2.143442159457275772e-02
2.129031877702529038e-02 2.147556026292027007e-02
2.132077551603922538e-02 2.283308947387309440e-02
2.132547835051844601e-02 2.135222674009935179e-02
2.135767378802834113e-02 2.137057247890128062e-02
2.136298190247756454e-02 2.147352138043464101e-02
2.178965098152564964e-02 2.198852173355286474e-02
2.211521791018827843e-02 2.302133555559396708e-02
2.225619406939399747e-02 2.235539930495653374e-02
2.275232635318192448e-02 2.275373242914640118e-02
2.282358948794382600e-02 2.282479554756157089e-02
2.285238232128825389e-02 2.285960775215778798e-02
2.287851434464446138e-02 2.308789330373108711e-02
2.288044438185408286e-02 2.288240708977529875e-02
2.295500775287876577e-02 2.297725209293143001e-02
2.297497185723680613e-02 2.297497295056288510e-02
2.332858891882578015e-02 2.432859012271716345e-02
2.341090476265384260e-02 2.362629836699987884e-02
2.368461991426120891e-02 2.472400814126696905e-02
2.376679165542633018e-02 2.381986008723413137e-02
2.383067606108431324e-02 2.390888597092930348e-02
2.393514759008514778e-02 2.404451913710616007e-02
2.398611283729725277e-02 2.441820192356618929e-02
2.405114986593598694e-02 2.405140128890284612e-02
2.407507446435984411e-02 2.415886771156234430e-02
2.412434305459126849e-02 2.413477726378715493e-02
2.427151801480964197e-02 2.428662521937678329e-02
2.435312297019611924e-02 2.441454616370969388e-02
2.438175065005639477e-02 2.438175218825800947e-02
2.439566212218553451e-02 2.449131267576569806e-02
2.453807506836037239e-02 2.463805623538529999e-02
2.454206499038525877e-02 2.484934469795525847e-02
2.477381600653758703e-02 2.481141484658694676e-02
2.480205917622890430e-02 2.488690090055423534e-02
2.489136958215641335e-02 2.489840342884341168e-02
2.499335852063536839e-02 2.517375366793347599e-02
2.504070365819411823e-02 2.559489230284156189e-02
2.504203732098101223e-02 2.504225123982663920e-02
2.507909648745480780e-02 2.508004183058246128e-02
2.511163448739310577e-02 2.620933495421714013e-02
2.521609956410994849e-02 2.522149463789386675e-02
2.522912343010513467e-02 2.524279302355074070e-02
2.523734334832201248e-02 2.563483158274038054e-02
2.535763303330119955e-02 2.536125456903398981e-02
2.544968759430666499e-02 2.562863031340823980e-02
2.547257464410183914e-02 2.565120708543741287e-02
2.582607394701474240e-02 2.667546985733114731e-02
2.591534045422322699e-02 2.595413769639384749e-02
2.595410339893646640e-02 2.597570656121265045e-02
2.605877806908124886e-02 2.606035646235202452e-02
2.616013353430734004e-02 2.616071995032273959e-02
2.619429230366444872e-02 2.627770140614614849e-02
2.622784236294789864e-02 2.842723841312802535e-02
2.628848823129383699e-02 2.665098606261345413e-02
2.636560089405032975e-02 2.638292833264355847e-02
2.639562236545084026e-02 2.662036973502727999e-02
2.652214176300482507e-02 2.668981079445664067e-02
2.654267908262045519e-02 2.654274933037011064e-02
2.656046714840107001e-02 2.656094425421576255e-02
2.677467914034693114e-02 2.702823810376842398e-02
2.681586705431958373e-02 2.683479150764459323e-02
2.694330996407685516e-02 2.701654035950360952e-02
2.705025883706216674e-02 2.716021189861097737e-02
2.707229143244743730e-02 2.707234635793566435e-02
2.721686865762103572e-02 2.724031750792019202e-02
2.724456583877923194e-02 2.726757247642534049e-02
2.730989051954080954e-02 2.730994658125855679e-02
2.731687582783591181e-02 2.731760679968598185e-02
2.737143512979381757e-02 2.740690303269430542e-02
2.750997975197248119e-02 2.772803200838171514e-02
2.754319809267689531e-02 2.807889664092036441e-02
2.762384758903601439e-02 2.766323852701618041e-02
2.765307415668759317e-02 2.765310827190058107e-02
2.774863988248341823e-02 3.032920596227741544e-02
2.798841520701817256e-02 2.824561035578729978e-02
2.801171429156913695e-02 2.809147814753436972e-02
2.803039069923821472e-02 2.803318221960706888e-02
2.803650182336159605e-02 2.854783098395961491e-02
2.803755423144936240e-02 2.806577707646540007e-02
2.808343550297769456e-02 2.812734782330855721e-02
2.819175247438893486e-02 2.821913123852886826e-02
2.820502690982300276e-02 2.865237451022105072e-02
2.827805517273925331e-02 2.828939795833776763e-02
2.828294265109615804e-02 2.846426747650434089e-02
2.829065403895467470e-02 2.829192308017232718e-02
2.829608473431410171e-02 2.835633135471667468e-02
2.832695505057612056e-02 2.899518410105667715e-02
2.834233103685110042e-02 2.834234109118748124e-02
2.834375119587591307e-02 2.918254445276495870e-02
2.838533374745542612e-02 2.838544864363942710e-02
2.839486412769554741e-02 2.860491714422195089e-02
2.848088473737344847e-02 2.848175058594766551e-02
2.849076221289950986e-02 2.872856971332606382e-02
2.860359560211386473e-02 2.966609071915277118e-02
2.862206342660500100e-02 2.864912672206532118e-02
2.867107069720447113e-02 2.898410232868757833e-02
2.867377649638262402e-02 2.879819153942197313e-02
2.871939774051166308e-02 2.973706235751964050e-02
2.885303767893649188e-02 2.887110726862344295e-02
2.894979424977582247e-02 2.909244775358794596e-02
2.902942449538739242e-02 2.926778967488792571e-02
2.910503673275114181e-02 2.910652088983863711e-02
2.919024859202902847e-02 2.929375620158845492e-02
2.943551140105276839e-02 2.958589461267868703e-02
2.956966328272583877e-02 2.961158230248413237e-02
2.960864159314943039e-02 2.960914952214241391e-02
2.960975986823836253e-02 3.016076625558645335e-02
2.999784910758317158e-02 2.999798156882891101e-02
3.011901717676586029e-02 3.061006931487574717e-02
3.015212412612676071e-02 3.015227934850773367e-02
3.019750688321425763e-02 3.020653774912399059e-02
3.028136023545212677e-02 3.028360685298590177e-02
3.031251908821916419e-02 3.084809879759592421e-02
3.042543306752571591e-02 3.042578679632849253e-02
3.048891902004833079e-02 3.050312877627301203e-02
3.058448960904836672e-02 3.059804086874018739e-02
3.101703602512754371e-02 3.101716520621741052e-02
3.102312661735999802e-02 3.125375702888672641e-02
3.134027086739202272e-02 3.230892439499132018e-02
3.145605638424525674e-02 3.145944506508940169e-02
3.167875663067147574e-02 3.179129412940923105e-02
3.168067943794723035e-02 3.172620093088093091e-02
3.184161300373108267e-02 3.198321227371305614e-02
3.184182401036492194e-02 3.184197000779080688e-02
3.216574518291671209e-02 3.345961656637150977e-02
3.219527339982825032e-02 3.235430722745389481e-02
3.232471732921153584e-02 3.232502350367729566e-02
3.243294270782400013e-02 3.251316107942832379e-02
3.248186332033028978e-02 3.264324171314512968e-02
3.255639978483651498e-02 3.279660922024950354e-02
3.280563617042916991e-02 3.280842460087906448e-02
3.311027585022522507e-02 3.957841712826212083e-02
3.327061520080837331e-02 3.397205951345697722e-02
3.360915619558415418e-02 3.367431416091729024e-02
3.362905314174758492e-02 3.362963640958841621e-02
3.372570070710181195e-02 3.396729049611397350e-02
3.376261141452612663e-02 3.386193479047016480e-02
3.389772123129549536e-02 3.391672151715827144e-02
3.394570154688014013e-02 3.665289177564362566e-02
3.397085797007355634e-02 3.428298747844331362e-02
3.412440683174560591e-02 3.413942582729233982e-02
3.419411914004290287e-02 3.423596156167918458e-02
3.420149557749901231e-02 3.431451701207315769e-02
3.423117880940104024e-02 3.441507850823326969e-02
3.430340323527642649e-02 3.431408676773132355e-02
3.436234878601789750e-02 3.436659596409841200e-02
3.439299558061009038e-02 3.464507779553194222e-02
3.456088534841560145e-02 3.468075540969084436e-02
3.472553231311006211e-02 3.520859785695858168e-02
3.484758279717535545e-02 3.510952831464044660e-02
3.507800798809856957e-02 3.509372564403229200e-02
3.530154455227155208e-02 3.549700479420988403e-02
3.558568084610966298e-02 3.561097928243293909e-02
3.573482696115635321e-02 3.574027134611904022e-02
3.611898152109679211e-02 3.613652460614672629e-02
3.619187906775921809e-02 3.623383623918891017e-02
3.623974276120354998e-02 3.624123501005111631e-02
3.626065589433344338e-02 3.646452534473178242e-02
3.631758609173990626e-02 3.637087443003056419e-02
3.639679592347280085e-02 3.649339121958708465e-02
3.641871946997050219e-02 3.647923693117591931e-02
3.643594406663679813e-02 3.674599284211652050e-02
3.645465796499999106e-02 3.649467283333198558e-02
3.661313249202838294e-02 3.669890633862659540e-02
3.682908844832499806e-02 3.784669216121490376e-02
3.693981847139515134e-02 3.715779437114731520e-02
3.706880115863234182e-02 3.709458693080757569e-02
3.710423052769808855e-02 4.038606927710715333e-02
3.718244329664285169e-02 3.719911701760220124e-02
3.719032841193616740e-02 3.733988104365506405e-02
3.726430539011339055e-02 3.946895316572517076e-02
3.726867473585959711e-02 3.831153620327268361e-02
3.728559448857463043e-02 3.785237825323319732e-02
3.730486059067362331e-02 3.795884077951731939e-02
3.737651737240917788e-02 3.741425017698716410e-02
3.738267349888058089e-02 3.747297269014341486e-02
3.749704409752947776e-02 3.901746172371613197e-02
3.759262806684728064e-02 3.764360725361340365e-02
3.766411887109807899e-02 3.775026578726232984e-02
3.766991626024567691e-02 3.778100249238186548e-02
3.768671787224139869e-02 3.780916962827608752e-02
3.776796057855340283e-02 3.776805612911264542e-02
3.791933713205276890e-02 3.791935888326943699e-02
3.798062609844217452e-02 3.799553394257899203e-02
3.799934997061713005e-02 3.800063013574197374e-02
3.807661439443797702e-02 3.808950518023799386e-02
3.810417706139721666e-02 3.819296038752652278e-02
3.832448277672817483e-02 3.832486841271843386e-02
3.835013393209642241e-02 3.892090254212358241e-02
3.836623018874404933e-02 3.934371716684245679e-02
3.837575678059552964e-02 3.839031180612825084e-02
3.838963688488270659e-02 3.882315216348151965e-02
3.840947419011445096e-02 4.025405189586729604e-02
3.863105041454588384e-02 3.878707657590723529e-02
3.878935528507364977e-02 3.880912576607144227e-02
3.892062337103257413e-02 4.229348781183150247e-02
3.907902112563077512e-02 3.912625769856106078e-02
3.908760804035289055e-02 3.918002017826560657e-02
3.915916174045903225e-02 3.926824633989733915e-02
3.923213177567513865e-02 3.974534988473533981e-02
3.947664919962573515e-02 3.949265535750568629e-02
3.950659499098164995e-02 3.959985750249988418e-02
3.950870145520266052e-02 4.060380804079744693e-02
3.952208428108999055e-02 3.957370695731824567e-02
3.985830670143576671e-02 4.065078052741872422e-02
3.986381106065663843e-02 4.035289886184831309e-02
4.002630814324863867e-02 4.055312682652528061e-02
4.010399391995685126e-02 4.010605610520601855e-02
4.019748160375689189e-02 4.020093457712457102e-02
4.026502365762106572e-02 4.027759709513008962e-02
4.035015266561556985e-02 4.079524409003263546e-02
4.069247342415486385e-02 4.069304571102507623e-02
4.096055842348072379e-02 4.129325456396317623e-02
4.107214153892399522e-02 4.107626520497201922e-02
4.112413778964875422e-02 4.112435080869124987e-02
4.130151720020913686e-02 4.174280046880506773e-02
4.137040316025690501e-02 4.159467683336248028e-02
4.137091374508524572e-02 4.167039673722675031e-02
4.141757467206101662e-02 4.142763938972850862e-02
4.143275312352401318e-02 4.226813612469958181e-02
4.148999700014741748e-02 4.172041833816823170e-02
4.161101971190818427e-02 4.249015385967496589e-02
4.174696167067977470e-02 4.174977576803075990e-02
4.178511437668183670e-02 4.182007194178165993e-02
4.191852911474808902e-02 4.348336847634269586e-02
4.205343731899455206e-02 4.461160684076651700e-02
4.222150025586551836e-02 4.244578617140128823e-02
4.235617724077556101e-02 4.257977442290847292e-02
4.236244354680169383e-02 4.249621818455869698e-02
4.255169348939773916e-02 4.296787002500945807e-02
4.268180303001893605e-02 4.275504646964891492e-02
4.289433514269735265e-02 4.292535240029115434e-02
4.310796992972972669e-02 4.311990801454394784e-02
4.335115160421795788e-02 4.383931388489337860e-02
4.350641431854704311e-02 4.355558149367050325e-02
4.351136675490080430e-02 4.386285015999248638e-02
4.351951574209302065e-02 4.391609310010955586e-02
4.358906592468549807e-02 4.370673953191681060e-02
4.374092407551378320e-02 4.418593877999502095e-02
4.391497325108871530e-02 4.391537044100564391e-02
4.397645759854237196e-02 4.432567051116558660e-02
4.410236875553461694e-02 4.433623773496716408e-02
4.451775772077513904e-02 4.472264826498010409e-02
4.463118115694815480e-02 4.495994854364097904e-02
4.472060829694320810e-02 4.507535510235363002e-02
4.473205063299494355e-02 4.476464681394488887e-02
4.474237427691109964e-02 5.419930043977225220e-02
4.481586485934306585e-02 4.584194645894303088e-02
4.485836201576518661e-02 4.494170938419614347e-02
4.500821351537169501e-02 4.518213724148825716e-02
4.502113797014555691e-02 4.831300470839629269e-02
4.505139657557934163e-02 4.531245585189776215e-02
4.512699363066099284e-02 4.542397977357615080e-02
4.516044507467941588e-02 4.613491006637198549e-02
4.517605953034811023e-02 4.521427362971606329e-02
4.519692796186029760e-02 4.520162060125491876e-02
4.525193090993999412e-02 4.528994138546198894e-02
4.546507075190769909e-02 4.546763770267166216e-02
4.589135656992015394e-02 4.623570600137195952e-02
4.589822022365457749e-02 4.664259181796071713e-02
4.598933009686761997e-02 4.605910286062384063e-02
4.616075716263432632e-02 4.616087732884801426e-02
4.641821294170728196e-02 4.660835391020805990e-02
4.678920194831594909e-02 4.742302197509680461e-02
4.680567913426524757e-02 4.686801645528447524e-02
4.681310051493588198e-02 4.715920860845054796e-02
4.682667945806343740e-02 4.779186227443445872e-02
4.683794382176688365e-02 4.686616286674864795e-02
4.688092902124156580e-02 4.839817076752009339e-02
4.698465025162621572e-02 4.732037040783521747e-02
4.707089493280249004e-02 4.707288279930396668e-02
4.716073124621709967e-02 4.782563544751854828e-02
4.744547341516957423e-02 4.769709740211947047e-02
4.759182749010736069e-02 4.851866431639052096e-02
4.760458386035201772e-02 4.775613300697772318e-02
4.770757374609176094e-02 5.275277667975578066e-02
4.779491856176266290e-02 5.066603436482557815e-02
4.786337558751811716e-02 4.806278668073551280e-02
4.825703581791237345e-02 4.826045477607003586e-02
4.833232947391027240e-02 4.833645242399097625e-02
4.845765156534337370e-02 4.878740598425230363e-02
4.850121700664974250e-02 5.364096305973574397e-02
4.868323976402060688e-02 4.871087361794033954e-02
4.878546362701220024e-02 4.878619281426987281e-02
4.879619003009939143e-02 4.883503184183144580e-02
4.891832585974351111e-02 4.893776888501795430e-02
4.900084461787528739e-02 5.039558156402319800e-02
4.906390841110864348e-02 4.906987947652031307e-02
4.910031992564588971e-02 5.120653266633672096e-02
4.919386227238892878e-02 4.981292230573746566e-02
4.926119397929541732e-02 4.980617902426463794e-02
4.932516578887134046e-02 4.935511021145441019e-02
4.948473574868295782e-02 4.952666940662695666e-02
4.949579607590817720e-02 5.150526857017476839e-02
4.951525834155989098e-02 4.957351850068465043e-02
4.972953131936448667e-02 4.973684306984092057e-02
4.979925091653134017e-02 4.994379001915859317e-02
4.984770251078671915e-02 5.009594180842874556e-02
4.987388552249009260e-02 4.987416497950001443e-02
4.990688799435240991e-02 4.990710726110736406e-02
5.007406569729897644e-02 5.009174389901091540e-02
5.019248285315169172e-02 5.053290430237716846e-02
5.034770869967754303e-02 5.296337045599897736e-02
5.046367514585246156e-02 5.061852372988593501e-02
5.071164439059938633e-02 5.167763795172210933e-02
5.144995159879287017e-02 5.197356515621791295e-02
5.155695205139590453e-02 5.157075402347167936e-02
5.184498725302582461e-02 5.185946878995440629e-02
5.204264110775577018e-02 5.208540995172852850e-02
5.213330226715687243e-02 5.213331775161091780e-02
5.224417404320814279e-02 5.254871916952941202e-02
5.236948285301142730e-02 5.245937173858226249e-02
5.247031085259780403e-02 5.267846662479476472e-02
5.257630379729858611e-02 5.257630564985245336e-02
5.293785841402833675e-02 5.293945978003427449e-02
5.394820267893366689e-02 5.396226475201589684e-02
5.399850252163736208e-02 5.401837205388927005e-02
5.406034565258983904e-02 5.433004236277227256e-02
5.407106578626169613e-02 5.411196019912394017e-02
5.423589912713838723e-02 5.627364478103111939e-02
5.462108244367321758e-02 5.501223865652658113e-02
5.487018585789764369e-02 5.488637141671787872e-02
5.488057790311016981e-02 5.488752806754717412e-02
5.518522846802115939e-02 5.836050844883179656e-02
5.525447725049978387e-02 5.546123026741856671e-02
5.526991739065583581e-02 5.752732728586835292e-02
5.538626748960388119e-02 5.557614035130315627e-02
5.579365325392914021e-02 5.581036875266948138e-02
5.584133321943798162e-02 5.596008375299178772e-02
5.585373939361078927e-02 5.619155774824652338e-02
5.594987131561924426e-02 5.664225654161834933e-02
5.615061017800845877e-02 5.688425081760137975e-02
5.625161538662643707e-02 5.625207139316449473e-02
5.686830766172790153e-02 5.704889497572238066e-02
5.688518990655325180e-02 5.744513089999811473e-02
5.703479983984346968e-02 5.724197662334454262e-02
5.708662642988065333e-02 5.725742395102513538e-02
5.712246375477200017e-02 5.718452359796800250e-02
5.717263177487384718e-02 5.717415171285111786e-02
5.717657503908148836e-02 5.747791268101656859e-02
5.725580848054206279e-02 6.254128267626307691e-02
5.743652731302185954e-02 5.765228064036154176e-02
5.760044610847833702e-02 5.776021767824110476e-02
5.773696028585004886e-02 5.773708179817074043e-02
5.778238976563458001e-02 5.852702581425960060e-02
5.779759901358701157e-02 5.783472693484750793e-02
5.804681114383331009e-02 5.845527341764075735e-02
5.818790664044939942e-02 5.819589538167811021e-02
5.853560891873459127e-02 5.895631129677385285e-02
5.914319181140555853e-02 6.107159459594321133e-02
5.965905245610431812e-02 5.999109536218603239e-02
5.975575214048509110e-02 5.975627139413197675e-02
6.001320279497584370e-02 6.118608630081512345e-02
6.023130589006914226e-02 6.024589616314306173e-02
6.041839960204874183e-02 6.141627233365377220e-02
6.050235068450332543e-02 6.057955924601488018e-02
6.075092710765359755e-02 6.115925786485158083e-02
6.098263397661953661e-02 6.191756508506374157e-02
6.152773441767037110e-02 6.181018550915682447e-02
6.186841229252927621e-02 6.246264904758688091e-02
6.220161346266556146e-02 6.249954802035773138e-02
6.282263759291525917e-02 6.464490843467354808e-02
6.360292846803408673e-02 6.390279955318146909e-02
6.368314044673153984e-02 6.371325940477007288e-02
6.516849461173315761e-02 6.536356159236983432e-02
6.537111611891691099e-02 6.862249802511677377e-02
6.761779867675271616e-02 6.826214335476499251e-02
6.794045865669687267e-02 6.802227349897066455e-02
6.981706704425054422e-02 7.031517929760711105e-02
7.346573407544655654e-02 7.482172415920430864e-02
7.414774445933394742e-02 7.510972865632481454e-02
7.481673946023321975e-02 7.495567373291725510e-02
7.517811950428356094e-02 7.617432740086127474e-02
8.367545208853358063e-02 8.373468403947462169e-02
8.391151598281129664e-02 8.391463478325424108e-02
