8.632717170997337422e-04 8.994427003070405192e-04
1.060792094489626698e-03 1.068761581697646101e-03
1.274948065644968551e-03 1.330068602800339814e-03
1.299439759840183718e-03 1.300055093052002132e-03
1.426670009306750791e-03 1.431445749988205377e-03
1.450248142779064732e-03 1.758067220857859655e-03
1.459769706674366677e-03 1.596304518651994611e-03
1.551063592282467740e-03 1.686950228534426621e-03
1.654806369831467953e-03 1.993644573575438592e-03
1.661279427942052552e-03 1.661334509109712275e-03
1.702094592809668240e-03 1.741433613056182555e-03
1.862594913514387584e-03 1.958759699500105863e-03
1.870059182935247767e-03 1.932262165094387292e-03
1.877407499151014566e-03 2.344999810457044313e-03
1.973236995041877193e-03 2.141414873468524410e-03
2.043250027503999439e-03 2.073337061712397962e-03
2.062338503047815574e-03 2.203262993600070812e-03
2.105890315704212357e-03 2.371886365016899218e-03
2.148332858678921996e-03 2.282231265939437155e-03
2.174469249587685643e-03 2.185843183297795159e-03
2.232562379749239000e-03 2.311215221442923604e-03
2.233182003814886563e-03 2.313626503616130620e-03
2.242407462092337999e-03 2.263130409182135573e-03
2.248850152957689637e-03 2.258499880110002855e-03
2.255077625704495457e-03 2.255085589586684151e-03
2.255750837748102169e-03 2.255842668850138125e-03
2.268591382100835271e-03 2.284003113361086305e-03
2.331617292298531104e-03 2.686722015553623822e-03
2.340482057858522293e-03 2.361139886153081850e-03
2.436348942064902722e-03 2.467028970776356019e-03
2.482814964281123121e-03 2.776263989362859601e-03
2.489276785126467214e-03 2.490970350343234795e-03
2.493037913895852255e-03 2.497746032386235094e-03
2.533449269563495775e-03 2.539033578724406940e-03
2.590415094911461928e-03 2.745914299670102442e-03
2.737298900005228752e-03 3.106440209161393743e-03
2.752607983499949680e-03 2.845783820437180599e-03
2.756183974479887566e-03 2.757620944713088697e-03
2.760421683032762176e-03 2.847668307240750016e-03
2.760981152894397255e-03 2.761196891003134604e-03
2.781475040730371599e-03 2.818521236753757705e-03
2.835322176477216016e-03 2.847931575379373647e-03
2.887188667429025843e-03 2.963390736701845569e-03
3.011168348058690207e-03 3.141582273311312352e-03
3.015746003002319885e-03 3.482124303216138465e-03
3.125988126810627654e-03 3.574939066829371966e-03
3.232912293915860078e-03 3.233146725659413745e-03
3.366378346696658527e-03 3.389655914494346233e-03
3.482424220099967788e-03 3.581987097565669104e-03
3.517639518945796413e-03 3.691773393999916216e-03
3.557689976491434317e-03 3.884728797274326472e-03
3.575381375855982494e-03 3.612519551449138323e-03
3.628464311229865312e-03 3.646617956416014095e-03
3.640763392576097483e-03 3.699320532887969293e-03
3.656760813437507675e-03 4.656925382455935972e-03
3.709389056394064334e-03 4.149907625264183733e-03
3.715758476744799449e-03 3.734278679167615106e-03
3.871789299566053867e-03 4.729210804436967744e-03
3.876553365403045959e-03 4.020699785979576536e-03
3.888134931423202576e-03 3.889803289749572263e-03
3.888689341381225666e-03 4.026836303038741453e-03
3.890370882345040547e-03 4.394998824801344198e-03
3.941683725157385174e-03 4.062525429665416951e-03
3.948092193211310066e-03 3.984968552640393707e-03
3.987669785231269873e-03 4.242306340381717111e-03
4.014526862878379891e-03 4.097543584784106921e-03
4.092068155761898959e-03 4.300673398399439823e-03
4.092613648878775517e-03 4.237105402238506950e-03
4.109100059008249754e-03 4.219472092105140508e-03
4.169433301878446019e-03 4.262645621747979292e-03
4.178311350861690053e-03 4.275031310859726298e-03
4.179151903008343320e-03 4.619355887772709848e-03
4.205589059960156660e-03 4.213918213672479540e-03
4.217136918315319422e-03 4.547962088390826788e-03
4.222900039306082612e-03 5.115707289806674038e-03
4.225845963247652423e-03 4.314735983980114500e-03
4.247024660832750785e-03 4.483872462673064649e-03
4.331240544424449189e-03 5.280080129880618776e-03
4.358515196595360089e-03 4.387630451177054053e-03
4.451520638960357323e-03 4.542329183687261913e-03
4.469009110092258576e-03 5.702103108804335366e-03
4.480536250144767120e-03 4.507060463870340809e-03
4.526192083082331008e-03 5.109256633787096109e-03
4.564615122772839803e-03 4.756841720780986479e-03
4.588037411116120852e-03 4.769231612951944053e-03
4.637440817366615849e-03 4.827223169542670111e-03
4.638709337864697566e-03 4.645803738071046553e-03
4.683526788510358058e-03 4.688669925937174500e-03
4.747970465008408310e-03 4.832284038902198361e-03
4.753770622399290137e-03 5.066357493199916302e-03
4.756029465066460328e-03 4.756354543096098439e-03
4.803178173038644139e-03 4.838741343634065349e-03
4.826700361075572827e-03 5.481516168052925388e-03
4.831566466888462599e-03 4.834429831386531130e-03
4.886803443327674377e-03 5.372787790670463526e-03
4.973839203159349451e-03 5.232111000529770899e-03
5.052339839641171136e-03 5.414162799839920999e-03
5.112912862674914849e-03 6.003293532244596310e-03
5.125405973141155744e-03 5.209272062806781511e-03
5.155086840514052152e-03 5.221530451810649058e-03
5.171318555127790359e-03 5.403060280895353312e-03
5.182518243815624481e-03 7.295140238474631840e-03
5.193589175396111021e-03 5.339900332584759067e-03
5.209025228402314363e-03 5.255642437740287200e-03
5.233555095852391974e-03 5.294150695349573131e-03
5.295189335510611106e-03 5.607230956993264522e-03
5.302029816423286385e-03 5.388183665506696141e-03
5.359386350472119913e-03 6.285566816422501896e-03
5.383396478406529163e-03 5.591345451579905583e-03
5.388436458466671665e-03 5.388593270632232451e-03
5.397946339581335962e-03 6.179287159604560792e-03
5.433445083301367828e-03 5.486842649407582852e-03
5.434253707108174097e-03 5.454800868845676928e-03
5.451197365008699988e-03 6.571695997525169031e-03
5.479731170048479476e-03 5.508416184542996689e-03
5.568132278634106182e-03 6.312952521757559179e-03
5.622547655351413202e-03 5.979272157366556303e-03
5.650828325441279061e-03 5.997755362323658503e-03
5.664660624184198433e-03 5.673201898264271237e-03
5.740880548113598200e-03 6.042971413496191560e-03
5.744783572006121122e-03 6.362907326229997988e-03
5.797548540139218533e-03 6.040645501938514059e-03
5.852371591205462499e-03 6.194594139699604630e-03
5.865106121991024192e-03 6.535308430350861807e-03
5.871953393685735989e-03 6.337078202299444019e-03
5.923170322623943357e-03 5.943433860618055689e-03
5.935950222344883558e-03 6.459484567940319485e-03
5.988061642777884989e-03 6.057317154087310182e-03
6.003054036217975523e-03 6.689848487067695179e-03
6.011777827422412103e-03 6.037910540234170398e-03
6.095750803427227998e-03 6.482198321339463498e-03
6.133201680340179610e-03 6.601405827623547246e-03
6.155953508167036695e-03 6.177671974646152878e-03
6.185822376847015941e-03 6.219047476046754216e-03
6.202722383094518704e-03 6.288387932154999339e-03
6.240765008919346712e-03 6.250612560629227078e-03
6.263077575045078969e-03 6.271591295011607128e-03
6.340271772241131906e-03 6.433761837845587694e-03
6.346654735940250765e-03 6.346853868504972324e-03
6.349130771155405729e-03 6.566700856491391666e-03
6.368944333589971266e-03 6.395435394354660567e-03
6.486933920967039892e-03 8.691353581935311323e-03
6.491724451711435549e-03 6.524058204187587959e-03
6.562223866513921221e-03 6.610065768231284181e-03
6.602645609581531821e-03 6.603260346021701428e-03
6.624758017513841628e-03 7.164568284239485746e-03
6.646560909344131386e-03 6.895881596758459894e-03
6.649610207153598337e-03 6.710321734525319035e-03
6.678141915201051514e-03 6.686285842315571604e-03
6.724055663515043739e-03 6.727792854556794919e-03
6.782275688742288831e-03 6.788843424037404282e-03
6.792383458040957521e-03 6.864816527809495909e-03
6.799553059176110907e-03 6.891074550854239464e-03
6.808201970325290439e-03 7.342908213581813247e-03
6.882462867716750664e-03 6.922278898161599373e-03
7.012913771596437744e-03 7.635766285020845895e-03
7.016230440896499901e-03 7.103545997118027207e-03
7.017315232665121208e-03 7.028956350649621584e-03
7.054529722327050091e-03 8.317144372417987347e-03
7.113611711191770125e-03 7.444717583000540206e-03
7.121548578399245280e-03 8.473061018321265125e-03
7.129028714683295111e-03 7.824772143363053004e-03
7.140858899734516853e-03 7.155961994194832108e-03
7.178774028313202223e-03 7.424598631858438103e-03
7.192365689100490254e-03 7.203344802619205886e-03
7.211839492720058600e-03 1.042091581689817692e-02
7.224979480034243555e-03 7.225011535399009782e-03
7.277809814692409555e-03 7.558918816292643263e-03
7.291648033277325740e-03 7.314683169241506869e-03
7.296330916304424007e-03 7.382394311338098120e-03
7.347713078813464943e-03 7.814315347720764138e-03
7.400010522443796826e-03 8.726287626229106004e-03
7.408451363621495686e-03 7.630753354109918139e-03
7.467471178444391906e-03 8.279151805491003976e-03
7.471099236382373887e-03 8.242123989886274149e-03
7.481268651494827823e-03 7.487607158692563721e-03
7.485806564012357882e-03 8.112844295219166085e-03
7.531353196195756002e-03 8.371287392838960839e-03
7.547952951157375218e-03 8.026569423894992783e-03
7.576220205319375046e-03 7.734208051546994332e-03
7.617930813379018840e-03 8.778476242235667623e-03
7.631145146599622835e-03 7.652893698024490661e-03
7.835504462810586809e-03 8.213877440481123435e-03
7.861498144068525956e-03 8.192199450125723856e-03
7.871222739109616159e-03 8.088434071190654315e-03
7.882576239305098820e-03 9.207115166777607440e-03
7.885704308199245963e-03 8.103100524253547057e-03
7.971743389686782727e-03 7.975736139818345033e-03
8.021858793413352146e-03 8.450058294401794484e-03
8.024965068157179776e-03 8.756700192596611476e-03
8.074221913253817537e-03 8.438696702338734784e-03
8.085148418616995569e-03 8.148774393056340201e-03
8.101734828428863028e-03 8.199777688331631384e-03
8.127134442507318382e-03 8.329878855921521788e-03
8.149529032981776139e-03 8.206881816766689944e-03
8.157995427187814119e-03 8.946733800547491261e-03
8.193728326923764918e-03 8.809688318538193633e-03
8.199431536072830304e-03 8.743288490823694289e-03
8.230805218698856660e-03 8.980047535142029330e-03
8.271065287739846894e-03 8.980169012413238491e-03
8.276909295648024120e-03 8.304273991573551603e-03
8.298876999299582488e-03 8.369961997332284881e-03
8.311159638729501836e-03 8.344027375373682179e-03
8.326720843161033309e-03 8.333069905714942521e-03
8.330207769712804841e-03 8.362791267217312141e-03
8.336185079199056464e-03 8.417934738273633380e-03
8.346107144195822128e-03 8.754779050505515428e-03
8.358961014056700070e-03 8.383656529855135209e-03
8.359801189323541257e-03 8.869408266126106027e-03
8.370437917195569164e-03 8.865309091925782994e-03
8.391743134536359602e-03 9.182296458852552690e-03
8.402903887208762815e-03 8.977369470620402692e-03
8.418369377453717786e-03 1.214978348241184045e-02
8.430458282711869589e-03 9.043821262311154199e-03
8.432219348347484017e-03 8.509805335794576667e-03
8.471309095900471375e-03 8.478657683900509695e-03
8.505998233693200933e-03 8.724666371194133435e-03
8.515905979034623166e-03 8.684524539198155632e-03
8.527810029647513862e-03 8.828944722523818581e-03
8.560808621673247215e-03 9.666321019896825795e-03
8.626071228132982036e-03 8.907030286542204703e-03
8.631932831086670116e-03 8.665695763209626742e-03
8.640796526323154397e-03 8.734756867088236051e-03
8.664003181936549142e-03 9.350666077222310676e-03
8.717010456036769842e-03 8.771413444995152311e-03
8.752711831607707868e-03 1.021346675332409672e-02
8.874348804079864109e-03 1.230614521775582997e-02
8.920069184041515623e-03 9.648305356101673572e-03
8.942745907079375361e-03 8.942832662827139914e-03
8.953984047945626537e-03 9.045300352702366486e-03
8.980946969076308850e-03 9.018078005598631486e-03
8.990480994913513033e-03 1.019104233811403068e-02
8.991859860419032513e-03 9.529684519243665497e-03
9.001434451458322980e-03 1.008526307121375594e-02
9.014463599901604424e-03 9.081977128259971846e-03
9.025353462253641462e-03 9.098021836486286026e-03
9.039967055420421171e-03 9.818061570632167709e-03
9.065374358179962427e-03 9.387766250860478737e-03
9.107927516004124882e-03 1.020893471912122548e-02
9.114470360015837838e-03 9.262127671280741270e-03
9.129130678919013947e-03 9.416854356663510034e-03
9.139659788965448159e-03 1.201929795403441220e-02
9.243915265231782835e-03 1.088670837333486317e-02
9.284573322465777129e-03 9.563927026313950863e-03
9.302900028652345485e-03 1.013072452738875660e-02
9.357298995128623606e-03 9.811634056606401491e-03
9.366188026176917522e-03 9.658702129580610043e-03
9.381716021760860488e-03 9.497908675189060262e-03
9.449213328137626156e-03 9.457694402581680662e-03
9.488197413087645984e-03 9.938983707819190605e-03
9.538922912322656683e-03 9.695460068504975493e-03
9.551110588547779764e-03 1.646798013844891911e-02
9.553143542362517796e-03 9.573035638678258422e-03
9.564280664807809154e-03 9.718689230947737470e-03
9.567681424612011973e-03 1.014811115467678139e-02
9.595145022360264050e-03 1.014839877305484181e-02
9.610448010271570654e-03 9.614914990020271071e-03
9.638757096985639539e-03 1.120616350051364604e-02
9.662103047781868750e-03 9.908901600382118494e-03
9.694465662558328714e-03 9.870695317526973975e-03
9.722175987465863853e-03 9.768016380562632647e-03
9.734369914666765600e-03 1.017472081529555671e-02
9.737707715814249848e-03 1.234794062846784890e-02
9.739414273560077426e-03 1.012231173838203623e-02
9.744519201042647905e-03 1.117743370232881020e-02
9.755879640886049378e-03 1.029568561547292149e-02
9.756527718793220338e-03 1.597522683468130533e-02
9.776830772694486762e-03 1.008419641241734693e-02
9.788289586539119722e-03 1.206856940837021733e-02
9.819348013750865342e-03 1.068322957438940651e-02
9.825101971512371565e-03 9.838082520491871555e-03
9.830573532390987634e-03 1.178128837941281107e-02
9.857834641034403725e-03 1.482137388739989715e-02
9.880369957249866136e-03 9.946285368301516910e-03
9.890821278891881105e-03 1.114975457148040076e-02
9.909152997200567844e-03 1.117340427766512316e-02
9.914483674180423270e-03 1.372319924050315748e-02
9.934339575996783619e-03 9.934339725052192260e-03
9.952548003579454738e-03 1.056053007275363845e-02
9.972431346091983548e-03 1.118324810572260755e-02
1.003201257245192254e-02 1.100525215598322816e-02
1.003560689756696246e-02 1.004423597716377209e-02
1.008768738283073382e-02 1.054211149626317102e-02
1.009600966062870579e-02 1.036531529694134299e-02
1.016274471948632255e-02 1.029801938881768839e-02
1.017926377740237774e-02 1.050746458243956641e-02
1.020552108418590342e-02 1.033035181495175689e-02
1.020920061277031006e-02 1.246646787699492824e-02
1.022091149019893792e-02 1.109616840235335550e-02
1.026147291355467873e-02 1.227444722503756407e-02
1.027018313873911785e-02 1.078738845469407251e-02
1.035788568301521627e-02 1.036201540587374133e-02
1.036774928113991592e-02 1.095416223801997171e-02
1.039105515541351339e-02 1.300267007500097508e-02
1.041148906498408355e-02 1.100314102284367587e-02
1.041773058113386503e-02 1.174525488717231315e-02
1.043249034950832071e-02 1.655533569417716802e-02
1.043927650149301285e-02 1.118636039209905224e-02
1.044222570273751517e-02 1.103322146592430539e-02
1.045632156575783921e-02 1.079751744426174324e-02
1.048321001544303549e-02 1.104294383353150028e-02
1.048493091331442230e-02 1.055045145571438005e-02
1.048557947489584322e-02 1.055397431573459020e-02
1.054768137744168180e-02 1.170492619182344693e-02
1.057739893767781214e-02 1.120440086595046736e-02
1.057769779229213170e-02 1.140354326253720588e-02
1.058706791518968307e-02 1.065946130164646503e-02
1.065549939273704658e-02 1.096233558979140855e-02
1.067554234267674082e-02 1.572388092537169851e-02
1.067742669638177024e-02 1.069284165800564630e-02
1.068106838969378782e-02 1.315512149595028137e-02
1.068266134521167650e-02 1.075231461075908113e-02
1.068833322677246664e-02 1.085798567844210687e-02
1.072188486170741473e-02 1.255883206684160064e-02
1.076034994845473380e-02 1.369222483243596848e-02
1.076331572403455700e-02 1.092116493627570337e-02
1.078551012986227013e-02 1.364542718183961272e-02
1.082955161699489764e-02 1.101505398796174748e-02
1.088996001114256491e-02 1.245653946692540370e-02
1.092974846981312892e-02 1.112793167918398225e-02
1.096064873119156728e-02 1.782425119214023704e-02
1.100106962702925364e-02 1.101138627027905929e-02
1.101814830911511910e-02 1.114190632836749295e-02
1.103295049722567180e-02 1.185456717088190400e-02
1.106330008213090785e-02 1.115156497409045509e-02
1.107429306067721567e-02 1.107447337907560905e-02
1.107653195944872243e-02 1.130920230864358375e-02
1.109846671751969771e-02 1.109929812738071758e-02
1.110161189433677212e-02 1.115311162933741579e-02
1.111326255886698963e-02 1.226561539749840626e-02
1.111565278878410591e-02 1.209317506440070120e-02
1.112017642398858801e-02 1.215426076403733173e-02
1.115412951633309134e-02 1.136281696044981471e-02
1.116804621533991349e-02 1.143587227795709281e-02
1.118853770869526754e-02 1.120141589151338497e-02
1.119403017387850773e-02 1.119451164963599331e-02
1.120489975741102186e-02 1.134349851175527057e-02
1.121454131223349922e-02 1.137901782749219971e-02
1.122516242815287286e-02 1.141982543261124000e-02
1.122755809668834169e-02 1.132920290692157606e-02
1.122990844638270015e-02 1.132585992248589038e-02
1.125975445815495350e-02 1.231372102485514368e-02
1.127575379625819600e-02 1.381359644580145221e-02
1.128318030196092184e-02 1.148040482872596073e-02
1.130551015081047127e-02 1.131511730910298753e-02
1.134310653848073606e-02 1.228665465930752279e-02
1.134587457607469027e-02 2.000690645133996332e-02
1.134604009164598415e-02 1.266749846509858043e-02
1.134611289179968639e-02 1.348625869128323128e-02
1.137013466499962357e-02 1.219217374401002779e-02
1.138261181086700803e-02 1.263749680690335470e-02
1.139207401348289565e-02 1.152844970095043969e-02
1.140127555303209125e-02 1.598771793479779671e-02
1.142148805921392937e-02 1.168743201334287996e-02
1.142560354831301597e-02 1.142860899649700800e-02
1.144300257347470769e-02 1.270295445260735852e-02
1.145081198378391715e-02 1.228386900464171691e-02
1.148105685655573423e-02 1.167962401095364901e-02
1.149949940974507798e-02 1.187589421497891803e-02
1.151073701598255734e-02 1.151106025664370112e-02
1.151167447501221311e-02 1.151634265555243584e-02
1.151839097725457922e-02 1.194670016680055361e-02
1.153345167799024740e-02 1.270715828371655511e-02
1.158158942766613839e-02 1.234939893864078764e-02
1.158971907068363609e-02 1.161508896448780123e-02
1.159897814108608143e-02 1.160957382899344137e-02
1.161831599654788126e-02 1.200202891076533260e-02
1.162335062915383598e-02 1.262039256114354940e-02
1.162662564233931349e-02 1.207950222981215606e-02
1.165473317419967077e-02 1.315731024528002391e-02
1.165548501385772068e-02 1.169397061609119340e-02
1.165985719376191714e-02 2.146504657592891718e-02
1.166936548378125216e-02 1.167780434569062539e-02
1.169277957766350941e-02 1.220908550078425234e-02
1.170348474207578982e-02 1.216792763790940438e-02
1.170705686746155438e-02 1.765848246534481095e-02
1.170923141118146438e-02 1.244940095502595004e-02
1.172268949385340230e-02 1.180735110612433393e-02
1.179786159718979738e-02 1.181049144297515244e-02
1.180336399041495392e-02 1.394046492031884507e-02
1.182085105939676729e-02 1.244549385888310718e-02
1.182551490404713974e-02 1.188395197212604656e-02
1.184316671668895343e-02 1.190152272076533228e-02
1.186126649651403873e-02 1.231320304238715628e-02
1.186565919612808488e-02 1.255966887146368893e-02
1.187021712825464190e-02 1.306354326763953244e-02
1.187406647462463903e-02 1.379754767815182664e-02
1.188429124910897472e-02 1.215387837491437376e-02
1.188505016695196211e-02 1.252999419965896560e-02
1.188945172223221727e-02 1.197088158676186745e-02
1.189416480715927912e-02 1.205290256189857009e-02
1.191342984093742181e-02 1.219633283292516704e-02
1.192390562019350793e-02 1.234950342624477337e-02
1.192526249897188362e-02 1.234018828912075705e-02
1.195935243150072873e-02 1.227744962924513968e-02
1.197774463644922342e-02 1.242750047275302007e-02
1.199652782845389912e-02 1.213625264657417109e-02
1.199828626071485112e-02 1.232679979843685943e-02
1.201018635352800457e-02 1.201035569571584985e-02
1.203050045153777198e-02 1.899581106917902842e-02
1.205394898990395404e-02 1.353994193223747103e-02
1.207877655821164298e-02 1.213440667131614539e-02
1.209804695566031943e-02 1.337445461012950684e-02
1.210310413420661452e-02 1.216070181445294551e-02
1.212953685510866943e-02 1.247267430400988281e-02
1.213824901430844184e-02 1.533545853566696017e-02
1.215270090076883344e-02 1.227234664936156273e-02
1.217322918229708784e-02 1.218338643506328665e-02
1.219903921867993707e-02 1.305366401848426748e-02
1.222932739021217845e-02 1.650176267547677489e-02
1.223120284170306493e-02 1.225603678040422875e-02
1.225349210188838092e-02 1.230223471228427887e-02
1.226067053335808642e-02 1.231426821416796435e-02
1.226970759918835814e-02 1.230470117729293329e-02
1.228726519194042570e-02 1.271909352907651600e-02
1.232591529950646282e-02 1.236358927277918067e-02
1.234214236148147709e-02 1.457002612115802093e-02
1.236319227723283939e-02 1.245122780765796876e-02
1.237116414851450498e-02 1.293745890357342332e-02
1.237142332929364562e-02 1.246622328620822923e-02
1.237873707027039097e-02 1.272180246474045873e-02
1.238073423187452220e-02 1.814043828841872819e-02
1.238889856271421785e-02 1.239359909074268240e-02
1.240560473031204237e-02 1.550164411945039421e-02
1.241451283647084826e-02 1.381025741433537270e-02
1.241462663409748264e-02 1.379596319710053344e-02
1.243615918141474826e-02 1.318879025887570791e-02
1.244784178655068858e-02 1.276957723567665598e-02
1.245087124075952394e-02 1.375429756988462773e-02
1.245176628583725617e-02 1.254635495725875578e-02
1.246213175397547189e-02 1.247865056468136502e-02
1.249568626659150992e-02 1.755051679802962367e-02
1.250295820366827994e-02 1.369560394602802045e-02
1.251944502493325916e-02 1.396072676378773761e-02
1.253882496609007823e-02 1.266656013520430987e-02
1.254768002424000092e-02 1.270851648625745574e-02
1.258144181209385273e-02 1.270796053217121586e-02
1.260158068606942808e-02 1.528613696763064626e-02
1.260528997825649707e-02 1.281449483186214086e-02
1.261199229863903086e-02 1.263444419472020859e-02
1.263327844204091034e-02 1.303108230791048643e-02
1.263828738094813046e-02 1.281169320824736280e-02
1.266748404852423640e-02 1.438218076158156652e-02
1.267400178662580514e-02 1.270417960498798453e-02
1.267584060977057156e-02 1.315022660439358303e-02
1.270155531487491586e-02 1.344620341253779938e-02
1.272339568479112504e-02 1.655752305459250173e-02
1.276561407359123879e-02 1.296073301105645295e-02
1.276638795320296504e-02 1.276652095451629755e-02
1.282037187158018877e-02 1.396662744611143654e-02
1.282039751484781095e-02 1.553654526383354759e-02
1.282043670357824530e-02 1.285170483181484816e-02
1.285457261720672484e-02 1.649217061371831966e-02
1.288187518004744667e-02 1.315072120832502453e-02
1.290627768600754316e-02 1.301111685676243496e-02
1.292932882730767237e-02 1.293960008756958949e-02
1.293756925616724313e-02 1.303839615796581475e-02
1.295043126882002363e-02 1.949454365300981248e-02
1.295820330013657332e-02 1.452906200104633894e-02
1.298079579314086011e-02 1.307609901065440519e-02
1.299100371027507410e-02 1.311348005733940607e-02
1.300479045993260113e-02 1.315298387170533642e-02
1.302219623302218639e-02 1.341949236158120062e-02
1.302425569835499730e-02 1.306202007185245338e-02
1.305070058759263095e-02 1.305624981755936116e-02
1.305814122468455796e-02 1.306599992856048026e-02
1.306312955141854248e-02 1.339902447464149868e-02
1.307411936581300525e-02 1.308250058580760246e-02
1.307530070419722808e-02 1.316801696447655011e-02
1.307668401105311837e-02 1.316315729121807221e-02
1.308348553956932732e-02 1.429779416948118512e-02
1.310284515333104069e-02 1.312406316455616735e-02
1.311255106311226201e-02 1.535172597281861569e-02
1.315565744255833489e-02 1.479222134325361947e-02
1.316861529602483469e-02 1.317300121393301035e-02
1.317326389181469777e-02 1.336842046201499809e-02
1.318459499492711552e-02 1.386515897909110923e-02
1.323291333627502238e-02 1.390803520756290525e-02
1.323511225459728102e-02 1.777720788982008540e-02
1.323898105651392411e-02 1.756481597778600592e-02
1.323925337585188031e-02 1.323960117440094869e-02
1.324152907347974327e-02 1.325243040595820189e-02
1.326658368368814275e-02 1.376701774454049988e-02
1.331563563836761499e-02 1.434050676125846885e-02
1.333241536682822255e-02 1.372782062876250903e-02
1.334322852594721671e-02 1.468895676128767480e-02
1.335387653818598773e-02 1.374307947399961392e-02
1.335570720987076451e-02 1.401743491648945947e-02
1.335772540480402275e-02 1.393053856458961910e-02
1.335848949635616741e-02 1.338111887770364328e-02
1.338669416902304836e-02 1.414548295485910760e-02
1.340118220856039918e-02 1.340625018160031094e-02
1.341282688994410721e-02 1.464896889093592058e-02
1.344570797568572090e-02 1.350538715175731048e-02
1.346672482729965176e-02 2.088672942746161443e-02
1.346992468601557538e-02 1.356060850628782941e-02
1.347873758194238422e-02 1.374292488509034488e-02
1.348340058017862865e-02 1.348408834236247168e-02
1.348839811263388179e-02 1.368318843625332057e-02
1.349770375451173413e-02 1.352216033882488490e-02
1.349852588312531326e-02 1.350951498375880210e-02
1.355485928839649142e-02 1.641586550848702156e-02
1.357614233501717831e-02 1.579151110422174695e-02
1.357979856496825330e-02 1.365237020863482517e-02
1.359382362166693115e-02 1.372061003759315022e-02
1.359755120424754882e-02 1.408666237175302052e-02
1.360367424933968221e-02 1.373398192148999816e-02
1.364578312330686459e-02 1.421444842691594983e-02
1.370646146428276813e-02 1.379460035694852864e-02
1.371768964802406315e-02 1.372890024108336555e-02
1.376790176777788373e-02 1.394801433270766167e-02
1.377831737417678330e-02 1.438433751215808382e-02
1.378188101234348838e-02 1.418446488739571326e-02
1.378995184893920360e-02 1.390137557024020282e-02
1.380352550854755528e-02 1.409429170998693567e-02
1.382289680781642258e-02 1.383687425994352405e-02
1.382853896234676611e-02 1.473472120685796576e-02
1.383973320194477157e-02 1.445034471327862925e-02
1.384190403287643978e-02 2.000557228351907205e-02
1.384274272778411238e-02 1.384351873898648395e-02
1.384521120098723170e-02 1.429506302626326955e-02
1.384975868079329868e-02 1.410782444728959917e-02
1.385431409432052313e-02 1.386493755346584512e-02
1.388197869285517916e-02 1.559111791097330009e-02
1.388681845174729972e-02 1.402859092265935741e-02
1.389032279443813342e-02 1.416157383388791553e-02
1.389891981796049190e-02 1.390439630955243519e-02
1.390196823580581824e-02 1.410056842584472316e-02
1.390432021362006387e-02 1.636074876535157860e-02
1.393008743193019545e-02 1.393218802318170468e-02
1.394855946733100822e-02 1.422700095362022105e-02
1.395113017660951256e-02 1.496926436069754944e-02
1.395212537185252372e-02 1.440952665578700519e-02
1.402528401038454289e-02 1.480530153692985289e-02
1.404167802560841484e-02 1.450158995497908415e-02
1.405567093589647765e-02 1.444888276107072003e-02
1.405796066346008157e-02 1.794704236196707423e-02
1.410429110771263192e-02 1.489552565117482040e-02
1.410709247796089298e-02 1.514987715487667828e-02
1.412085221836930325e-02 1.454515302467148698e-02
1.412297411895147015e-02 1.413946299768794115e-02
1.414057753770715971e-02 1.645718184770976131e-02
1.415057820929276587e-02 1.438092163819965942e-02
1.417011004194654485e-02 1.423780817231547029e-02
1.419660557291015264e-02 1.450949013937738973e-02
1.420585279331023840e-02 1.421047426536614991e-02
1.421099188839946952e-02 1.429464326596573305e-02
1.422784293833504257e-02 1.422867685409721396e-02
1.427806491205152982e-02 1.677554794753834469e-02
1.429038733560839165e-02 1.431088539557375319e-02
1.429637689311259209e-02 1.462265219250471343e-02
1.429872804151978774e-02 1.490124745632253125e-02
1.434419705746730993e-02 1.529866870800891329e-02
1.435055414482893331e-02 1.435479964315738120e-02
1.438773403225034747e-02 1.609432749924493908e-02
1.438985001848334250e-02 1.530682724516937987e-02
1.441776956636362829e-02 1.475016325842273476e-02
1.443292633742947889e-02 1.454703817382366898e-02
1.444536534471661457e-02 2.063134169421180011e-02
1.444753964931917191e-02 1.639155541401886296e-02
1.447119496619850808e-02 1.782062793673238471e-02
1.447899438225725907e-02 1.472505764306652684e-02
1.448017417294429274e-02 1.448335777042104693e-02
1.448761374767014790e-02 1.592106958842292100e-02
1.452935667975975217e-02 1.452981657284960378e-02
1.453162560758108034e-02 1.455767913768497498e-02
1.454745327450686354e-02 1.965256318971105379e-02
1.456823481194649376e-02 1.497830550652134302e-02
1.458131875705902941e-02 1.678704679250333717e-02
1.459450168410307384e-02 1.463039211917519997e-02
1.459692315096021951e-02 1.575499980026411756e-02
1.461959037207051851e-02 1.463309306627810259e-02
1.462514013564553648e-02 1.543775356496797715e-02
1.462801800344371017e-02 1.847743777647724295e-02
1.464070815910237418e-02 1.506977834705882334e-02
1.464386616523218228e-02 1.568612891387663119e-02
1.465809567430016551e-02 1.545456227809696020e-02
1.475623511948003300e-02 1.524421217944602232e-02
1.479712889562668013e-02 1.481109915751281647e-02
1.480561834234713631e-02 1.480584993745878881e-02
1.481505749768056990e-02 1.488467423119046486e-02
1.481740147188340302e-02 1.484425253759782265e-02
1.484425688647666476e-02 1.519114595811136420e-02
1.484952672475206396e-02 1.519321755125662907e-02
1.486125790562998691e-02 1.541584875588302740e-02
1.486475397141286819e-02 1.487465207958396478e-02
1.486494597155971729e-02 1.842035519752229303e-02
1.488038857164119752e-02 1.499906352557512507e-02
1.488231616734221607e-02 1.562144149092797168e-02
1.489482681059731833e-02 1.606077930336398396e-02
1.490302840021169237e-02 1.519005749551344785e-02
1.490453909564149783e-02 1.617886205557724638e-02
1.492188348260155631e-02 1.498985803416200482e-02
1.492527063145015175e-02 1.495378231822491917e-02
1.494901602478005721e-02 1.524506235103456793e-02
1.500797735109793939e-02 1.513793278457872468e-02
1.502067356006855404e-02 1.524023362390840991e-02
1.503888133612391216e-02 1.506930637036933175e-02
1.504585799928887142e-02 1.934224537769146934e-02
1.504754353151361961e-02 1.511339058644939337e-02
1.505782467153330556e-02 1.516568551257106191e-02
1.506710972278310287e-02 1.506844799628356824e-02
1.507431545443822622e-02 1.720564927783673273e-02
1.508524000020121728e-02 1.511575157456656639e-02
1.510955747302865533e-02 1.511099129614477433e-02
1.512605213817200776e-02 1.697740396975703711e-02
1.516421284525095239e-02 1.525889385783184456e-02
1.516664939785510556e-02 2.528301182454719895e-02
1.517098383812827585e-02 1.524420381022915938e-02
1.518133586426319813e-02 1.735974215835347015e-02
1.518316959126764405e-02 1.571572527822878360e-02
1.519119141002758799e-02 1.581432583503788666e-02
1.520441318379984683e-02 1.528077599498759744e-02
1.528147424673370093e-02 1.892835880791827671e-02
1.528174333211789436e-02 1.534793969342141545e-02
1.530478748117041106e-02 1.889134685823505577e-02
1.532721760844563651e-02 1.536854914816051035e-02
1.533644330367224529e-02 1.539379480042512259e-02
1.533734719667493966e-02 1.989078937585504747e-02
1.536641096782924432e-02 1.600917306437585688e-02
1.536948772942013826e-02 1.640360217553023595e-02
1.540103090791711607e-02 1.697162254904975923e-02
1.540704561598572886e-02 1.544988596110896673e-02
1.543554799377074363e-02 1.562004104053093222e-02
1.543558610355416291e-02 1.558014460097712633e-02
1.543696333015271739e-02 1.891791944337055040e-02
1.544340883601669039e-02 1.700295051774781616e-02
1.546175820466069023e-02 1.703761263940951551e-02
1.546436952359801775e-02 1.590976480023664416e-02
1.546835340570723583e-02 1.546839148715934038e-02
1.550497186547801325e-02 1.606510615002162967e-02
1.553282917501916903e-02 1.669095337246496308e-02
1.553557963706671263e-02 1.629964012075899374e-02
1.554506218590047395e-02 1.566780050259416676e-02
1.555306801450863190e-02 1.723140640977134999e-02
1.555328741634375012e-02 1.917505455000106246e-02
1.555577140930882417e-02 1.663486383625926990e-02
1.558752390125387952e-02 1.946631345376546862e-02
1.558986813791010152e-02 1.565603245130875107e-02
1.561428685326671922e-02 1.595351523902676857e-02
1.564323586268517169e-02 1.565133705734726016e-02
1.564364516078952522e-02 1.566724302696135759e-02
1.570334666528439005e-02 1.616740296773660351e-02
1.571104807230689140e-02 1.572521424141974308e-02
1.572504838547509123e-02 1.668498448661882155e-02
1.574695377493424628e-02 1.577615787714562248e-02
1.582237221270431718e-02 1.607871031620797253e-02
1.582753509054773272e-02 1.604627369816802318e-02
1.583910168058159582e-02 2.087399572920320759e-02
1.588788129630091042e-02 1.669106685662435224e-02
1.590176675040088153e-02 1.601482958805951207e-02
1.592356439465681187e-02 1.597318645470791401e-02
1.595371881685008625e-02 1.625204295961748396e-02
1.596474617703528762e-02 1.600190328200850123e-02
1.597083022782924688e-02 1.994902392989954601e-02
1.600207500943779879e-02 1.785435244260229204e-02
1.600315548914739774e-02 1.601335363445308135e-02
1.600727557363878020e-02 1.679657991740202139e-02
1.601757384315801586e-02 1.742764471275404237e-02
1.602111313537344511e-02 1.682347957855811690e-02
1.602162578798446008e-02 1.621206264027843374e-02
1.606584730897499258e-02 1.744301021393452125e-02
1.615821681054099845e-02 1.986624587456184768e-02
1.617609103063939388e-02 1.634844821100136722e-02
1.618917888389664883e-02 1.626161864869476309e-02
1.619664302061541231e-02 1.627239256686056901e-02
1.619830934257086852e-02 1.621688122838906704e-02
1.620421125314762401e-02 1.620755881610295643e-02
1.621015710024007253e-02 1.636751941331324872e-02
1.621908590842326831e-02 1.646674910600537736e-02
1.631974236304366624e-02 1.866116887992895490e-02
1.632479808758915962e-02 1.634210868233530387e-02
1.635291005397655761e-02 1.681757762768353384e-02
1.639011912515488459e-02 1.810903341338898978e-02
1.639708978057720368e-02 1.639844660803861306e-02
1.640625121198308056e-02 2.401725542867844121e-02
1.645768964095653888e-02 1.973950858117059018e-02
1.646506632021840777e-02 1.649450349141556166e-02
1.648262996251770307e-02 2.169707774604297604e-02
1.653107577242469636e-02 1.764709934135939851e-02
1.653437491871897688e-02 1.716611700900905202e-02
1.654882991147742927e-02 1.659916175211003514e-02
1.657506156449584794e-02 1.723243000396087327e-02
1.657519205046505822e-02 1.678978715881646738e-02
1.658971660120983280e-02 1.665317521851498658e-02
1.660784236337395012e-02 1.684621439348527733e-02
1.665558438299565014e-02 1.806277564243308556e-02
1.667520170400070209e-02 1.674361476098567766e-02
1.670649185710496379e-02 1.674252556558860836e-02
1.672831868601681177e-02 1.678662586127444359e-02
1.673401880682088769e-02 2.167758034117443083e-02
1.674686252211515444e-02 1.728454522075710542e-02
1.674911994687635838e-02 1.703490489537265451e-02
1.675083143822375664e-02 2.289892592174508357e-02
1.677651936826962328e-02 1.678917925126415661e-02
1.680599817194287915e-02 1.714990891323793509e-02
1.682545105418699685e-02 1.986227111753703992e-02
1.683673247200397419e-02 1.685703412481762142e-02
1.684154346796892451e-02 1.689014418005296836e-02
1.685365939701815099e-02 1.711424536661075926e-02
1.687101933792818642e-02 1.837796986767607776e-02
1.687211491118546097e-02 1.689440528272433129e-02
1.687509219954883358e-02 1.688794477064086905e-02
1.688461946861240931e-02 1.899410223411593379e-02
1.690356050378163597e-02 1.693106192333633173e-02
1.692405063143377283e-02 1.712393179030976056e-02
1.692478844344957531e-02 1.699549293880638773e-02
1.694296881615330388e-02 1.713615888631341011e-02
1.695250196594375383e-02 1.882154370272890592e-02
1.696226703252416701e-02 1.727677025404543085e-02
1.698738405344549576e-02 1.810399621269821041e-02
1.698779815452170286e-02 1.702704851360655608e-02
1.699948203676772407e-02 1.710610742825297709e-02
1.702640897303838927e-02 1.718520370667240421e-02
1.703975183550614919e-02 1.714069762206578765e-02
1.707932180399215558e-02 1.795369566316229112e-02
1.709487471803185915e-02 1.713829041949853360e-02
1.710086403760072149e-02 1.773479776888416473e-02
1.719763205703819797e-02 1.748708046756857967e-02
1.720359138284641154e-02 1.728351600690770928e-02
1.724994873898843747e-02 1.726945934948118794e-02
1.725714906612477867e-02 1.795984412024482710e-02
1.729250472864979696e-02 1.766218988986592228e-02
1.729672734596076483e-02 1.730933122802929755e-02
1.730749966353674688e-02 1.796600718868379340e-02
1.730825800999325967e-02 1.863142014544307001e-02
1.731248464519524743e-02 1.953620235995284782e-02
1.736812065236530145e-02 1.821719876562047716e-02
1.737170235922858366e-02 1.765269816294940883e-02
1.737778754325563363e-02 1.742491312412658075e-02
1.737814392618477685e-02 1.753101930775237058e-02
1.738679474845294948e-02 1.819592929856835711e-02
1.739120211920734335e-02 2.054586089066428103e-02
1.742715623899767155e-02 1.743260421460881421e-02
1.744372517286363680e-02 2.642149260546543948e-02
1.745591445678493572e-02 1.810586098742863331e-02
1.745952270489482122e-02 1.753147404143344870e-02
1.747940730632795495e-02 1.822710685232447475e-02
1.748441822274629520e-02 1.944525545251621704e-02
1.748627967217558296e-02 1.753989079929797051e-02
1.753994938368047540e-02 1.829541087937309324e-02
1.755512529704660735e-02 2.204933458751252850e-02
1.757930879698500065e-02 1.797498698377403281e-02
1.760349035503026849e-02 1.760800675563277753e-02
1.760433951819813381e-02 1.763573108221484775e-02
1.760523622686257714e-02 2.405619886454369097e-02
1.765821918717539254e-02 1.867599791418253496e-02
1.765877190921110937e-02 1.865888957498664305e-02
1.770361788673179698e-02 1.813588679866453418e-02
1.776826901666812147e-02 1.864765206260687522e-02
1.776965377597695961e-02 1.777962340414440678e-02
1.777213827341226487e-02 1.783991240889260324e-02
1.779847557534480415e-02 1.786071381201906685e-02
1.781205753771784861e-02 2.034853786346779020e-02
1.782673540843957363e-02 1.785518735408026317e-02
1.784611407406652347e-02 1.786221616167348036e-02
1.784865854615832678e-02 1.873798574302915423e-02
1.785198458269170174e-02 2.632662428301970822e-02
1.789747237992730597e-02 2.073680152536016078e-02
1.791387359533911511e-02 1.796258859826820389e-02
1.795209625935425754e-02 1.804968960740141806e-02
1.795364774578807679e-02 1.911164582385457833e-02
1.796067190014914369e-02 1.806329261397167721e-02
1.796334963545797095e-02 1.838194743056474970e-02
1.798877710476643951e-02 1.808192203705105347e-02
1.799116975548256669e-02 1.896716156898983069e-02
1.803399662125894712e-02 2.061277516984656721e-02
1.805483700732713956e-02 1.805484214317876895e-02
1.805499389361535367e-02 1.809632736987900475e-02
1.806446232428109144e-02 1.814707410952296276e-02
1.807084884807147115e-02 1.837291770595601836e-02
1.810268862721503905e-02 1.814973582495768567e-02
1.816446727883027842e-02 1.934050310900108094e-02
1.819436862958886958e-02 1.828528581347235379e-02
1.820266650853220522e-02 2.193757702823608685e-02
1.821645652146467245e-02 1.842669644161018527e-02
1.822311805667389123e-02 1.859041150582270083e-02
1.826859187519595806e-02 1.831666223260046758e-02
1.831079243402400011e-02 1.887111552987675439e-02
1.832363140107376442e-02 1.899438621609567113e-02
1.833931840042167874e-02 1.840748683899481528e-02
1.843745632222589317e-02 1.845945021081409065e-02
1.844202148435383423e-02 1.876160779211680923e-02
1.845244217247702517e-02 1.982610011288319166e-02
1.851745592296167794e-02 1.951458124581465642e-02
1.857387987993987244e-02 1.859700625405442953e-02
1.864315059099021926e-02 1.890026430167304761e-02
1.865175241867467540e-02 1.903210290556659953e-02
1.867164433456544939e-02 2.286557742083338007e-02
1.874632512484076391e-02 1.881138979284232779e-02
1.876104371327216164e-02 1.978883064997895985e-02
1.876851270485331569e-02 1.962647007286039830e-02
1.878205653457520538e-02 1.997377524740861013e-02
1.879198868170928530e-02 1.879252160736626098e-02
1.880091005055562273e-02 1.926348279078164694e-02
1.881366226498600719e-02 1.975930386231574201e-02
1.889358985047481787e-02 1.926035232120940424e-02
1.890200837381900839e-02 1.942130360598358710e-02
1.891190161533817110e-02 2.061377659761189085e-02
1.891702496314915868e-02 1.997330896294987126e-02
1.891703839127958572e-02 1.894338663444988455e-02
1.892887930912714664e-02 2.357435966912950140e-02
1.893401518687152715e-02 1.899294048065518908e-02
1.894792616672439506e-02 1.909351051502262281e-02
1.897743128625380138e-02 1.901058350021702162e-02
1.902577042762375673e-02 2.072756582120069413e-02
1.907670337275525069e-02 1.934785605632315456e-02
1.908046529348461987e-02 1.909519224677817123e-02
1.908246455466421077e-02 1.937360690213717901e-02
1.915907893095696382e-02 1.919090042147628822e-02
1.918280787268234269e-02 1.934781394497847584e-02
1.918694423117192627e-02 1.920245212804153404e-02
1.919259772925010002e-02 1.927403129512386681e-02
1.921884324177557113e-02 1.922900472920832313e-02
1.923705752110723560e-02 1.925793887442312641e-02
1.924576347929998765e-02 1.927222760379179028e-02
1.926657827743545603e-02 1.928735189054336246e-02
1.926736462643102027e-02 2.147635805019237898e-02
1.932540017930018533e-02 1.979537665883567346e-02
1.934915313845526549e-02 1.936495193757063749e-02
1.936301681332405419e-02 1.936317534502610127e-02
1.936765150900780080e-02 1.957500875796081702e-02
1.939321822863039960e-02 2.236900839342662387e-02
1.941019323349171821e-02 1.944515895673402939e-02
1.941238974651009544e-02 1.942296448826622696e-02
1.951082237959819374e-02 1.999678447741571122e-02
1.951868918335149944e-02 2.102500628303087885e-02
1.953114555379387857e-02 2.024226956701057761e-02
1.956509792779102114e-02 3.080520977838487051e-02
1.956932433906455673e-02 2.271285337416413183e-02
1.960273072285860507e-02 1.961540588590161491e-02
1.961198850030209870e-02 2.015178950138797609e-02
1.962241378587048155e-02 2.242753145565288403e-02
1.962570779863923032e-02 1.962881483667004712e-02
1.965030887317659875e-02 2.009112638113516244e-02
1.968766057586091023e-02 2.034984119428694116e-02
1.972307697960289791e-02 1.981016457149809354e-02
1.972529008401412501e-02 2.202996818331563050e-02
1.976113305093063488e-02 1.987456676842149633e-02
1.981104304413267361e-02 1.984032992172225784e-02
1.981138692667242657e-02 1.986393905624220246e-02
1.991293830501758913e-02 1.996859010932723263e-02
1.993140489395748421e-02 1.994595321917306749e-02
1.998589589457931692e-02 2.034861015471567044e-02
2.001741822910626037e-02 2.035785967978621588e-02
2.001766232493292288e-02 2.106182349005839005e-02
2.003220035486819733e-02 2.147103257466486531e-02
2.005689520901600409e-02 2.013940949660858459e-02
2.008157446630827805e-02 2.009440048794767716e-02
2.014695847354387032e-02 2.037333403119585135e-02
2.016770673371262590e-02 2.053613389399964323e-02
2.022327428015579381e-02 2.022332377766223460e-02
2.029736214534263311e-02 2.031058573198512088e-02
2.031124593572913167e-02 2.062864262942755433e-02
2.034667834679814921e-02 2.061778727327795088e-02
2.045014422196168857e-02 2.053218457196277769e-02
2.045368182837066159e-02 2.183989675496207650e-02
2.049534475050214175e-02 2.053200227931429450e-02
2.050829024342441798e-02 2.482862817735074362e-02
2.054048615229193964e-02 2.059953719217104406e-02
2.057004423154354736e-02 2.058238545011279244e-02
2.060189425227279200e-02 2.151440215416852361e-02
2.062194726585643567e-02 2.066516231887748078e-02
2.065031574518312249e-02 2.261296475889087651e-02
2.065121347260606005e-02 2.070883926896630381e-02
2.065831758656726247e-02 2.068534835138763350e-02
2.067667513491888709e-02 2.104549245967334004e-02
2.067920758369271028e-02 2.078583025931778419e-02
2.073018442457833996e-02 2.114929688880076014e-02
2.077777230312251658e-02 2.077970916137718629e-02
2.079106404837487154e-02 2.158368951310013842e-02
2.085843814411745753e-02 2.085846936479021294e-02
2.099813685496716362e-02 2.108790661279266732e-02
2.106299508810881987e-02 2.167265309936533199e-02
2.108673842916487795e-02 2.110533792065601155e-02
2.115088021591898099e-02 2.354343767587534220e-02
2.115984421350802086e-02 2.126943050617932651e-02
2.119252364401014860e-02 2.162230316060034796e-02
2.122900481299004258e-02 2.128284526328515919e-02
2.123142433029241716e-02 2.202597975333736233e-02
2.123445689400919878e-02 2.126884115828828192e-02
2.127327239917559815e-02 2.128280384534617098e-02
2.127340321009337995e-02 2.186971493236994357e-02
2.130868233586684715e-02 2.287131212950959183e-02
2.131987904748767690e-02 2.463910783661447945e-02
2.133906691416588564e-02 2.141286068604737400e-02
2.138706047728460014e-02 2.174112653237874823e-02
2.140220883546713887e-02 2.190550835401409296e-02
2.141757439875749403e-02 2.142674908919965301e-02
2.142214308917718066e-02 2.147710208850690111e-02
2.144664562272247110e-02 2.204916568797592874e-02
2.148312674181306406e-02 2.151571391650778167e-02
2.148854736876776306e-02 2.393122073771208544e-02
2.150689959914444532e-02 2.161202045384823245e-02
2.152816859401960117e-02 2.155553627413250503e-02
2.153896219040824997e-02 2.154346932063989570e-02
2.166710523098889368e-02 2.220437020153001248e-02
2.166929896013242152e-02 2.179452253244879359e-02
2.170497755520503155e-02 2.285749889554657133e-02
2.170848354114975759e-02 2.223967231509237433e-02
2.171236417367330626e-02 2.177286454894553774e-02
2.172599641897111564e-02 2.187172186526549142e-02
2.182555269304286769e-02 2.195983959807614253e-02
2.184032735800934058e-02 2.184236803766052490e-02
2.184231302378140949e-02 2.187486131203416478e-02
2.190798515316446510e-02 2.191011006629830019e-02
2.191448280453636363e-02 2.208981640929827406e-02
2.196013238756186481e-02 2.217572859483531861e-02
2.197633989801407034e-02 2.281761049694691970e-02
2.200198097332939015e-02 2.223364083805164440e-02
2.200954620664198960e-02 2.208453635982682642e-02
2.202862188049773198e-02 2.205763391751655589e-02
2.206106058908480563e-02 2.585928576921698793e-02
2.218311863378766291e-02 2.255015731006869764e-02
2.226406476171672796e-02 2.234938583709654772e-02
2.231774596363669816e-02 2.240394128170744223e-02
2.232060698907959925e-02 2.248001739068076696e-02
2.238071186787461350e-02 2.353042803210115413e-02
2.240539950201261496e-02 2.240552700251452131e-02
2.242291534847139223e-02 2.242526357460800437e-02
2.250140570192358733e-02 2.353436700061489750e-02
2.256904748005322120e-02 2.257129539989900791e-02
2.258981199260324049e-02 2.337349685475450384e-02
2.266702038077418602e-02 2.272099473696953878e-02
2.266804308364210596e-02 2.278871120085068647e-02
2.267626033979065064e-02 2.267887552804139992e-02
2.267785039013460111e-02 2.290611280821014048e-02
2.273004071184434732e-02 2.295881068359855934e-02
2.276546821006492083e-02 2.392419366617615922e-02
2.287186035807357853e-02 2.670256471724755803e-02
2.291059339490066418e-02 2.301737559075570094e-02
2.301901800233098483e-02 2.331283985702146261e-02
2.303414651545232505e-02 2.308556482101366616e-02
2.308447338362577470e-02 2.309039518482630671e-02
2.311533681755632841e-02 2.383948019397797227e-02
2.316525297433157798e-02 2.330641318519909716e-02
2.317475856932355027e-02 2.374108192748240753e-02
2.332048392826595665e-02 2.332852540107829484e-02
2.338813715207758645e-02 2.339344939948292262e-02
2.345597607434302123e-02 2.371406214340069860e-02
2.352024810652229500e-02 2.354726458879797396e-02
2.353592779586530237e-02 2.374114599178599183e-02
2.354331969572893632e-02 2.357542913236858328e-02
2.358509202603917970e-02 2.365751166464565708e-02
2.362740413523525124e-02 2.362761569867425845e-02
2.373806998803486279e-02 2.373833727797313928e-02
2.374041135648662787e-02 2.450004151920782275e-02
2.377539345140871133e-02 2.465571134430884562e-02
2.391492952512822706e-02 2.396521811791252343e-02
2.395904194571510035e-02 2.435068268361210292e-02
2.396873033357578217e-02 2.406973873915028636e-02
2.399778113643959154e-02 2.428127530986710220e-02
2.399906211517273402e-02 2.399991890961548913e-02
2.404883376134728593e-02 2.550691869347344182e-02
2.413326877471349066e-02 2.413397878138975536e-02
2.430600367098327552e-02 2.435600416300456525e-02
2.431394808132480989e-02 2.593369139265186765e-02
2.446214026119055210e-02 2.447139902505102854e-02
2.447702503557412299e-02 2.551314810675045161e-02
2.456379904201899320e-02 2.460194336713316179e-02
2.459306754713060442e-02 2.460096227591878140e-02
2.459997774219747912e-02 2.704436887745725535e-02
2.463304378795560037e-02 2.467976875930611227e-02
2.463655780462458214e-02 2.703555298653005298e-02
2.471460741441677475e-02 2.473643010721335994e-02
2.476614051132956101e-02 2.545550212005777066e-02
2.482166147385166111e-02 2.484323998970055028e-02
2.484654512444097602e-02 2.489602522053816630e-02
2.504697525610212819e-02 2.602609196537578398e-02
2.510797214961088888e-02 2.688772446662016091e-02
2.511503234502494852e-02 2.517804222174925208e-02
2.528518764420380899e-02 2.528553941395217039e-02
2.532505327808133935e-02 2.534180621760517144e-02
2.542444169215363203e-02 2.547112042907270432e-02
2.556278755096443728e-02 2.725467783495674062e-02
2.566578943211087274e-02 2.601115559150519660e-02
2.572752482007021127e-02 2.573195671460028547e-02
2.580808642367310446e-02 3.303993510029551439e-02
2.587966931145571289e-02 2.594759817663657916e-02
2.592477276325261953e-02 2.597855719352534440e-02
2.597280135216821495e-02 2.616829309639015499e-02
2.614537576492102083e-02 2.693636848573616183e-02
2.618787336246044054e-02 2.652325806375130726e-02
2.625113618043507790e-02 2.625656912963833869e-02
2.639182151721512076e-02 2.659156946944166156e-02
2.652679232287278102e-02 2.661191634292381022e-02
2.655521173071882443e-02 2.690357578633162036e-02
2.658177615747544728e-02 2.671353263877253997e-02
2.679313477309992406e-02 2.684628774565734829e-02
2.679774577004912992e-02 2.716007999180277202e-02
2.698650006318395814e-02 2.759682666821080751e-02
2.731541190309926675e-02 2.750520065669034495e-02
2.751542756269305737e-02 2.755439267626246663e-02
2.754860620242973943e-02 2.755983352820782356e-02
2.756267669862380587e-02 2.762752907968575242e-02
2.789268687313280204e-02 2.915177640684608537e-02
2.811281422990531687e-02 2.820908390411272504e-02
2.812236580292527474e-02 2.812895958799616417e-02
2.820183957249359705e-02 2.860731081246571314e-02
2.838607433852721393e-02 2.891220733534547588e-02
2.840897834505660621e-02 3.114471077699263943e-02
2.849210177140532735e-02 2.946821952729906935e-02
2.880476216516835927e-02 3.069101157885453790e-02
2.895618231665912992e-02 3.081635388177744392e-02
2.898794067365434088e-02 2.898820591542196692e-02
2.902849531180443435e-02 3.029016244925545470e-02
2.906183910175525603e-02 2.923723325262108513e-02
2.945560037914005114e-02 3.060610431582409460e-02
2.947419353564984315e-02 3.010834535175648669e-02
2.963998719102802978e-02 2.974540228233045480e-02
2.965605554643174074e-02 2.976031708668028242e-02
2.969304576999279646e-02 2.978335692085438968e-02
2.975547608560898116e-02 2.977499329553549498e-02
2.981783769648629553e-02 3.487426122709617188e-02
3.013656033317311730e-02 3.131201064388631355e-02
3.017090610791862623e-02 3.017149132301186198e-02
3.052612183599339585e-02 3.113360751621028349e-02
3.083071284305361967e-02 3.592381468077120860e-02
3.152253789619634261e-02 3.154361324481870510e-02
3.154134080446805571e-02 3.184801178474434141e-02
3.211728727223210622e-02 3.233118332621184865e-02
3.220091276771007427e-02 3.220374323628405477e-02
3.264673064155745180e-02 3.305654399657231152e-02
3.409291207363743942e-02 3.430215569835277228e-02
3.417580240549135395e-02 3.732423807009630640e-02
3.425366591904899921e-02 3.428698335189916957e-02
3.445741683346405237e-02 3.666381793370224879e-02
3.454060474876793907e-02 3.470418265651122741e-02
3.524887770134585430e-02 3.538998128551020667e-02
3.540492863171822852e-02 3.550289549209608569e-02
3.559773954043052302e-02 3.743148411740941650e-02
3.576731028362485632e-02 3.672954016530809163e-02
3.596062281613913308e-02 3.596509811821668734e-02
3.605577015628118331e-02 3.606246301227146456e-02
3.629124236344132698e-02 3.697277576223241546e-02
3.716560231490530913e-02 3.739432350507530811e-02
3.723119591267739364e-02 3.738306357715120987e-02
3.753384616643661020e-02 3.754245920165751732e-02
3.868429689077558520e-02 3.872885153205203601e-02
4.234816947998725628e-02 4.284743833808966895e-02
4.332826809820820163e-02 4.576278271555585947e-02
5.154253939997737594e-02 5.154255681170145237e-02
3.092815838443533361e-01 3.094073525320649720e-01
9.092149555947137696e-01 9.093343545766269242e-01
9.197184285308597218e-01 9.363556568029356431e-01
