8.930922805840211393e-04 9.276204171905917369e-04
1.503430788261487594e-03 1.556568130089762674e-03
2.732318154951885163e-03 2.735579975479740522e-03
2.999900370257972942e-03 3.084342346147546290e-03
3.272215318643278189e-03 3.358525084081741795e-03
3.552829903078833472e-03 3.602416047409386091e-03
3.785862760776095414e-03 3.785864152379942761e-03
3.824401576170018656e-03 4.243855256517395369e-03
3.886556269791788081e-03 3.969854945546478879e-03
3.941999508332812326e-03 4.066265486547730387e-03
3.954921945287299088e-03 3.977751338343977691e-03
4.070863107942504847e-03 4.238783710534918536e-03
4.293934843669380136e-03 4.774036088898752674e-03
4.341878411559679102e-03 4.388986243915081811e-03
4.522896217771213596e-03 5.365451476332167534e-03
4.553736948429309116e-03 4.583621133261289553e-03
4.717496222015043345e-03 4.882508159521433203e-03
4.749482984023887730e-03 5.340634675660762068e-03
4.808562799653443888e-03 4.840371161848641690e-03
4.887856606956187885e-03 5.575327593992028020e-03
4.971620848821231564e-03 4.971666205524554426e-03
5.283029365219219300e-03 5.338313565161217217e-03
5.323387989224481580e-03 5.326815673992553977e-03
5.355537585696541238e-03 5.355767776227823330e-03
5.436993922784182608e-03 5.939318070286772784e-03
5.454619801998312340e-03 5.768959024714727379e-03
5.592394465551746990e-03 5.904983792781134076e-03
5.617177704284867512e-03 5.663905862134980922e-03
5.627256865978527353e-03 6.357867087248487634e-03
5.709656131770253149e-03 5.713597328910142992e-03
5.731117474191602633e-03 5.734390234767850793e-03
5.787173871989927804e-03 6.322471544155258694e-03
5.792541498716276618e-03 5.920459881233179622e-03
5.936622191414001742e-03 6.658429671079791994e-03
5.942259486959615075e-03 5.996915913460930392e-03
6.031648071368188833e-03 6.057705547718747127e-03
6.204145674012402634e-03 6.373895151873329099e-03
6.220291933515561048e-03 7.531053655397781411e-03
6.375983616677136437e-03 7.247413248800122290e-03
6.413736116431180412e-03 6.825760391685148018e-03
6.431045653848310381e-03 7.165830495299778391e-03
6.520357079327805672e-03 6.590788074369963515e-03
6.521788433953531680e-03 6.538667852611873207e-03
6.591855806209676906e-03 7.423684008088163658e-03
6.654172653606875952e-03 6.892309852149482163e-03
6.666057194915868574e-03 7.778817957055652980e-03
6.668264252701447577e-03 7.676432040835231424e-03
6.689113962153013515e-03 6.708746328417108419e-03
6.745360290191875462e-03 6.864384686895257971e-03
6.773043594129819420e-03 6.884541667494387118e-03
6.796162758054719380e-03 6.982445203184666459e-03
6.836817713624232865e-03 6.838748286050085057e-03
6.844880718750981710e-03 6.904061399914373717e-03
6.864375057100655618e-03 6.865972199615598057e-03
6.968733153163597649e-03 7.567093244170652877e-03
6.987990127959287610e-03 7.167153931920731448e-03
7.034702967606248913e-03 7.060753209124361399e-03
7.101826128356749160e-03 7.609273488260455236e-03
7.106439596757965077e-03 8.017483624945670462e-03
7.122659590349444611e-03 7.196769521325428569e-03
7.282963841477374696e-03 7.347705142177472434e-03
7.329896298651473151e-03 7.668342812618459368e-03
7.480242388960186770e-03 8.164736380195517992e-03
7.481639246978873115e-03 8.144290874808526176e-03
7.584640230194687228e-03 7.678315007133995444e-03
7.620753290130881201e-03 8.681383211113030685e-03
7.648910070602005229e-03 7.677119927332987787e-03
7.704382459918382962e-03 7.840373057432594578e-03
7.829637003427519087e-03 8.167412182653847538e-03
7.942131512326111933e-03 8.050201054233615747e-03
7.944720968333278746e-03 1.078064972437096057e-02
7.970232113097493881e-03 7.971520411375157197e-03
7.989347961856923044e-03 8.039449803473019615e-03
8.026860264276226148e-03 8.361385158867144091e-03
8.075408082375968091e-03 8.095772857343227005e-03
8.131707468279089288e-03 8.236638550667377268e-03
8.194187856845712783e-03 9.514179552041939283e-03
8.207917798698019518e-03 8.345270603851349250e-03
8.316088641520143557e-03 9.180751438495568864e-03
8.328534715073285591e-03 9.120765231286553573e-03
8.356206305157723446e-03 1.088300950685472390e-02
8.438553785403741722e-03 8.738811155035946729e-03
8.458154218473845631e-03 8.460446320888641986e-03
8.512278578951419650e-03 9.282548367158005229e-03
8.545571041865091325e-03 8.555685243391692590e-03
8.592997307990010020e-03 8.686249163640894291e-03
8.643867059864914631e-03 9.263438250439693863e-03
8.715041230668832753e-03 8.740759884028354715e-03
8.759453734136399619e-03 8.839141456753799725e-03
8.802270513199400570e-03 8.828394156454047459e-03
8.850341949890042775e-03 8.982468479566723535e-03
8.898716119722923507e-03 8.898941963898612459e-03
8.951184457230983160e-03 9.936209033694702944e-03
9.025505363313682597e-03 9.949165734908388750e-03
9.128799934038480182e-03 9.160767272208148598e-03
9.146872053105712871e-03 9.459184668238234533e-03
9.149278445671161705e-03 1.157999888928118448e-02
9.160779765680780035e-03 9.198925532923911755e-03
9.212555729242637506e-03 9.258004721286001645e-03
9.216404204928585475e-03 9.385541951376199024e-03
9.231149349491707401e-03 1.051244561362686854e-02
9.238215892049738906e-03 9.582774452013539945e-03
9.267616549378252314e-03 9.817994897822352948e-03
9.321001039362172141e-03 9.329435487380197470e-03
9.460625586896408493e-03 9.665338066930793254e-03
9.500981474860682383e-03 9.945976427591336072e-03
9.571020862906580787e-03 9.712194867882495419e-03
9.583316543521498351e-03 1.128533205676182302e-02
9.595430176003375347e-03 1.078493690448336338e-02
9.615097028014355993e-03 9.931274798390787861e-03
9.658039286952534858e-03 1.008351322660803323e-02
9.713605148028239128e-03 9.867504519258567600e-03
9.785128371095522942e-03 1.006387676437200257e-02
9.817586172799987534e-03 9.941023988718789353e-03
9.828207840058614947e-03 1.122958569158335508e-02
9.835850098415109544e-03 1.041391165567033018e-02
9.839679844968352712e-03 9.864855824478361082e-03
9.851200559971472898e-03 9.897006812330605419e-03
9.894404643494161475e-03 1.038273325978540315e-02
9.911925527580417103e-03 1.013990591326366549e-02
9.935094603336072291e-03 9.995665997104642708e-03
1.000446194834846494e-02 1.084701875805368053e-02
1.004026905610356200e-02 1.033102372825578201e-02
1.009375404876216090e-02 1.334956842603857163e-02
1.009466487752201658e-02 1.057013504698102804e-02
1.013186549844038650e-02 1.078843601025528121e-02
1.016756926172019022e-02 1.027257355360013460e-02
1.024116469296759181e-02 1.363259527954315507e-02
1.028797150880623318e-02 1.046761799288581027e-02
1.030999478160518450e-02 1.032964110566247234e-02
1.042825180754664710e-02 1.179918036535996390e-02
1.043363934167614547e-02 1.043376493690244267e-02
1.046117473552836928e-02 1.056739379411643018e-02
1.053567473495059525e-02 1.061759452681506830e-02
1.071210952637195561e-02 1.095796654384601290e-02
1.071394149213238979e-02 1.078440961067287859e-02
1.073592279340154776e-02 1.134585409694121791e-02
1.077153215662337432e-02 1.077844460417587587e-02
1.079446730903395324e-02 1.085842076124242037e-02
1.094857239658429335e-02 1.095190019607671095e-02
1.096032398168211332e-02 1.175906115124869880e-02
1.096629090471142910e-02 1.751420879965518568e-02
1.097531348685329075e-02 1.121609037744697446e-02
1.100040395496757611e-02 1.226327755302241557e-02
1.103860103594286012e-02 1.228493597257223832e-02
1.115315730612882403e-02 1.156858153850727315e-02
1.118876207264513437e-02 1.132915430947038782e-02
1.118970528212342823e-02 1.131001080117697080e-02
1.143988437258082469e-02 1.309559019122877310e-02
1.149998905863285764e-02 1.170187820670762040e-02
1.150844685962888921e-02 1.152334085463703299e-02
1.152475393689014922e-02 1.152728911201702892e-02
1.155405702519428715e-02 1.206014375225283007e-02
1.163899836548127308e-02 1.167556658889044863e-02
1.176519960527101262e-02 1.178196815336671373e-02
1.191268858098763414e-02 1.217164897070113251e-02
1.197210447713605366e-02 1.208580392954196857e-02
1.205289154700349072e-02 1.238374512803270579e-02
1.209862458840382966e-02 1.218245669361393141e-02
1.212491297048828853e-02 1.355412362264796569e-02
1.216041833671270729e-02 1.246653209249913227e-02
1.220028501703224535e-02 1.265492754209856033e-02
1.236901938306431484e-02 1.239158739209450348e-02
1.240521539853395305e-02 1.283185187958489105e-02
1.245388219186179327e-02 1.258727542334689593e-02
1.245700012721917722e-02 1.260793307751530319e-02
1.246438554394564517e-02 1.247822258840968097e-02
1.247559215209893824e-02 1.275044362981332842e-02
1.269230293079662980e-02 1.315058765533167091e-02
1.270911014200995504e-02 1.349794321076768638e-02
1.276449211438040673e-02 1.287949011413639690e-02
1.280351054493782982e-02 1.283179480641239399e-02
1.280463697188056679e-02 1.359881719823255973e-02
1.285474890237818350e-02 1.285484352745936559e-02
1.287072875439215260e-02 1.350619992536464600e-02
1.289375341718572952e-02 1.397738840391784046e-02
1.289772032220226107e-02 1.314403765944291251e-02
1.293054369782676606e-02 1.294080013382809848e-02
1.295173040060577235e-02 1.450169392944762950e-02
1.300658708147761806e-02 1.378702622796509902e-02
1.303090077785582813e-02 1.331558387011327546e-02
1.303817508721133271e-02 1.313763207962121392e-02
1.305210632981380729e-02 1.356172612858320622e-02
1.311077052841766802e-02 1.627023486930570181e-02
1.321690895009315983e-02 1.469778046296281969e-02
1.323563510887828740e-02 1.329472652152548055e-02
1.327180535768261033e-02 1.381326402498293977e-02
1.328738840501872930e-02 1.337923702076743854e-02
1.339854363460484671e-02 1.359304511677473029e-02
1.345715012713067683e-02 1.363916201700086234e-02
1.346185794769648794e-02 1.424819985410986055e-02
1.350079011536360792e-02 1.407098460748039577e-02
1.351452748358353446e-02 2.067395586044712755e-02
1.356719535167267600e-02 1.364836629763666043e-02
1.364905820292010123e-02 1.430533683564627623e-02
1.374495123352209580e-02 1.443540387971010974e-02
1.374495550344972429e-02 1.390002190276372340e-02
1.380432124175673750e-02 1.924303309160939682e-02
1.383718872328133266e-02 1.904473764070597694e-02
1.385584695850032404e-02 1.394871526406262462e-02
1.391602885406543859e-02 1.405061383783993804e-02
1.396114130858459000e-02 1.403510208378994789e-02
1.397194470529295601e-02 1.397238627237329389e-02
1.400679676960064207e-02 1.402429692320029606e-02
1.405848750484748819e-02 1.811852689026128768e-02
1.407401850656804856e-02 1.468635257793780326e-02
1.409668202538183653e-02 1.437720826115884871e-02
1.412624669556968721e-02 1.413339167989162426e-02
1.415155466239114389e-02 1.431739985445816543e-02
1.415592940157673132e-02 1.551939750812204345e-02
1.419737203119015613e-02 1.596234469375282239e-02
1.421089516606398491e-02 1.421841923422270150e-02
1.424939444728993802e-02 1.570134120010715367e-02
1.425106701588710681e-02 1.563315583879131346e-02
1.441400279611718994e-02 1.493158013823854720e-02
1.442096877231340002e-02 1.476644413238512032e-02
1.443629289497803600e-02 1.445041196371085399e-02
1.447217881138697197e-02 1.665361940699739904e-02
1.447495925610326264e-02 1.758181251472311010e-02
1.447575237076060943e-02 1.661111874351180184e-02
1.450595808226306550e-02 1.465932965218874617e-02
1.455721724048330244e-02 1.564032159478334627e-02
1.461783270364449931e-02 1.462100297775582695e-02
1.469767927519324661e-02 1.512769757801062619e-02
1.470384061442276021e-02 1.470649372630840682e-02
1.471675772291202756e-02 1.473683987563015330e-02
1.472963531176340636e-02 1.493176691369258596e-02
1.474152402403138863e-02 1.478020737081033043e-02
1.480651985986919383e-02 1.487643451960035841e-02
1.488332266606499400e-02 1.768623325507259064e-02
1.489956978813671180e-02 1.519078536410570397e-02
1.491194197881830392e-02 1.611982538467744697e-02
1.501644355720310395e-02 1.516888864357503371e-02
1.505277751669449084e-02 1.567525978890011926e-02
1.507718684245743651e-02 1.521281293879396361e-02
1.515925621166710861e-02 1.519413054790034329e-02
1.516590522110907585e-02 1.597562063145147385e-02
1.528791665096201034e-02 1.555490504207166294e-02
1.535246400263206613e-02 1.547944714871075413e-02
1.539857385773320611e-02 1.685588392232536051e-02
1.543365011249587387e-02 1.580205400302669635e-02
1.550894570867359865e-02 1.558041374609873790e-02
1.552505054986604537e-02 1.553236471459704636e-02
1.563235984300859888e-02 1.564258777569745018e-02
1.563648915840755438e-02 1.563750034264907787e-02
1.563884767969917627e-02 1.583337626172943643e-02
1.569532056619012128e-02 1.574321897659786834e-02
1.572480395559594860e-02 1.711092900903452008e-02
1.580620014392306732e-02 1.631921708584286798e-02
1.589132009258441280e-02 1.743456835990898901e-02
1.592464403223358554e-02 1.594399621591366042e-02
1.597223091126102196e-02 1.913906174081415196e-02
1.597505056376377283e-02 1.611709390957874119e-02
1.598181571458986289e-02 1.645333748867090773e-02
1.601071654151732179e-02 1.648468408361876414e-02
1.602225163210713524e-02 1.707614316960999815e-02
1.607643755892846499e-02 1.773263829431214259e-02
1.613322984664112766e-02 1.615405685310773373e-02
1.619155284254665886e-02 1.662813838257150983e-02
1.619553096064303699e-02 1.620709966205970479e-02
1.627533568260808305e-02 2.320951361866964435e-02
1.629871745464539501e-02 1.737829054469667428e-02
1.630385856954549503e-02 1.661966658517385204e-02
1.637363994841266324e-02 1.665212755716422716e-02
1.637490582569890024e-02 1.707968962423579706e-02
1.654356265514188989e-02 1.663024883667817491e-02
1.659196110531675067e-02 1.677295470903593724e-02
1.660022216840481915e-02 1.777163305179776942e-02
1.668817253554791963e-02 1.770162942128577707e-02
1.672781624768430661e-02 1.917687639254895063e-02
1.682317509841727704e-02 1.682413833485849053e-02
1.682592049016947908e-02 1.688738044547995198e-02
1.685884256492878666e-02 1.718492675750641491e-02
1.691059058906171572e-02 1.850745274350319713e-02
1.691319685752320362e-02 1.729613178794574616e-02
1.692551739230734389e-02 1.694506080674182055e-02
1.693341722346140138e-02 1.749683049462388493e-02
1.697351613268645656e-02 1.722977080594184987e-02
1.700074998981711966e-02 1.700316264443379674e-02
1.703475078026614464e-02 1.725466630010960567e-02
1.703926370079715535e-02 1.731873991666416784e-02
1.704741050054557616e-02 1.740537874921907480e-02
1.708071985865432241e-02 1.708737480085444072e-02
1.709233163856157048e-02 1.740267619691086842e-02
1.710504134470549123e-02 1.733118818804398747e-02
1.718301983043163741e-02 1.722702595064327935e-02
1.721968504683457635e-02 1.734071731238604266e-02
1.723745388550355570e-02 1.735301189048318177e-02
1.730193837620965305e-02 1.732366758275725657e-02
1.734509239149380558e-02 1.987523417801525388e-02
1.735803138198492232e-02 1.740013328154317584e-02
1.735978531674942441e-02 1.736300715754368965e-02
1.742439647881733819e-02 1.776889196472628690e-02
1.743581587348940615e-02 1.801054146806760348e-02
1.744656507001079646e-02 1.749589683381982258e-02
1.763174918833814234e-02 2.591127997714657780e-02
1.763356063164490950e-02 1.786665630784206246e-02
1.768438137115755163e-02 1.919030882385790518e-02
1.773427002964330160e-02 2.218842209162922088e-02
1.775686146641999516e-02 1.788925798575469184e-02
1.776851947825472400e-02 1.897369539112262957e-02
1.784742212471263773e-02 1.846356068043410875e-02
1.790139350694970946e-02 1.971597620930957279e-02
1.791351816643063991e-02 1.796668517281469965e-02
1.792127782476152231e-02 2.835257548770061739e-02
1.797107780671838503e-02 1.950408289740539203e-02
1.797433739031666436e-02 1.817937933073136836e-02
1.797762699408955375e-02 1.832113131739014633e-02
1.800466077373730558e-02 1.844017848760770226e-02
1.807314116771560272e-02 2.140826991044875519e-02
1.813994870762391035e-02 1.830654240375385530e-02
1.817329281765499988e-02 1.969900294515754616e-02
1.819643913417299044e-02 2.397020624454969384e-02
1.822883818880338333e-02 1.827761447104991194e-02
1.842123254409089653e-02 1.890676047474014118e-02
1.847530984936559054e-02 2.179513210021499781e-02
1.855707664499927148e-02 1.936320697246841568e-02
1.862517766653033063e-02 1.955750986343202449e-02
1.876379354608465055e-02 1.882803951239672702e-02
1.876385465103251257e-02 1.887242524539791896e-02
1.876727563527855538e-02 1.890999710076355506e-02
1.885333159979409381e-02 1.893353169676708497e-02
1.887321748886297904e-02 2.083584595600571424e-02
1.893101414307382310e-02 1.909460678968809624e-02
1.893252755444563284e-02 2.421019402084176667e-02
1.897493434040569554e-02 1.978429790867761856e-02
1.901593352239555959e-02 1.922958182880459346e-02
1.901716226588538380e-02 2.028677208899778983e-02
1.902055307144268764e-02 2.034786421107318347e-02
1.903989269967350240e-02 1.951095104602126526e-02
1.905928292401531943e-02 1.939569539599127895e-02
1.906902629505846311e-02 3.089418593290358880e-02
1.907474480511999609e-02 1.940674542012869874e-02
1.908884593629665491e-02 1.992863197408623749e-02
1.913940903224559467e-02 2.205667740065937396e-02
1.915093641714436454e-02 1.985277141082032390e-02
1.916367705580534000e-02 2.472861635764552618e-02
1.923016844555175062e-02 1.939525987872040003e-02
1.925957295275015219e-02 2.044410572115923017e-02
1.929049013966767367e-02 2.103615742085390705e-02
1.929192239387170910e-02 2.129524150564608351e-02
1.929751685501595454e-02 1.932497669645686506e-02
1.931666270050229339e-02 1.987703689604898571e-02
1.932963674598466366e-02 2.071620805037156093e-02
1.936548934907672548e-02 1.969502196903730185e-02
1.948382101332188365e-02 1.961643968582314768e-02
1.954593017833813201e-02 1.971434263325408387e-02
1.959489477408058594e-02 2.251091090242086576e-02
1.962757325068592226e-02 2.020878479121419879e-02
1.963547188817676981e-02 1.968748106230776285e-02
1.966374391458155721e-02 1.973568449601853167e-02
1.968076694904413379e-02 2.203752665427174962e-02
1.975059225271195637e-02 1.978214652584502423e-02
1.978153792164584826e-02 2.159531056924221190e-02
1.981880707112968279e-02 2.165570241362304443e-02
1.984319524463750914e-02 2.244883111925920910e-02
1.986908619396619488e-02 2.070153658677240452e-02
1.987876752366336125e-02 2.020037592703259957e-02
1.993530365263204360e-02 2.100039315574675144e-02
1.994624777900548887e-02 2.059293995659648019e-02
1.996216128554219663e-02 2.013801213772084195e-02
1.996384345208511088e-02 1.997400194108549243e-02
2.007866354090453651e-02 2.009235050775400738e-02
2.016030710797952000e-02 2.087136799461471875e-02
2.022085396171580465e-02 2.029027227442864109e-02
2.024794040054936697e-02 2.144509430068687258e-02
2.025600787349963322e-02 2.037918240570094075e-02
2.025935248153643356e-02 2.071282900160036425e-02
2.030069476331604339e-02 2.066228735397017749e-02
2.045663947894291179e-02 2.253109515075449668e-02
2.053744136025412170e-02 2.053745530756930643e-02
2.057689939879904506e-02 2.095579678541942617e-02
2.060379095778115330e-02 2.072356396714995774e-02
2.074417142515830662e-02 2.084583802533483340e-02
2.075048901907983537e-02 2.290389369276468398e-02
2.081293924366798762e-02 2.099191971952555150e-02
2.087986796504010326e-02 2.653972904210334660e-02
2.089368417369513731e-02 2.201663116649640872e-02
2.092092896414634445e-02 2.183064235576642753e-02
2.092881196318025633e-02 2.094570475422022696e-02
2.092911470115804001e-02 2.092942352869403902e-02
2.095182376665603516e-02 2.115158618700187579e-02
2.097857699476590385e-02 2.113812024879949125e-02
2.101596357688754677e-02 2.104666020087540487e-02
2.109748894326115773e-02 2.414511796249808537e-02
2.110794007714793252e-02 2.115592419928603515e-02
2.111938639934687542e-02 2.185458880111521354e-02
2.114579555999536453e-02 4.164245873700186257e-02
2.116725571064605876e-02 2.363672776346234516e-02
2.124451858511026275e-02 2.234664758549304020e-02
2.128376439484675961e-02 3.269444389467126427e-02
2.136528846307432158e-02 2.184507741437217987e-02
2.139406286748232397e-02 2.358578115016359000e-02
2.140399206500422091e-02 2.171804409856576898e-02
2.147737010887278489e-02 2.454667445672228943e-02
2.151824321520676847e-02 2.158261071874932255e-02
2.152731630330442791e-02 2.212467624584944781e-02
2.155469642086965329e-02 2.453395448046160124e-02
2.168769143034175034e-02 3.194002607296808627e-02
2.170019182916846021e-02 2.170366541237342406e-02
2.172412144144460211e-02 2.247278780616249888e-02
2.172998961655695296e-02 2.415686044054693449e-02
2.175589117864774533e-02 3.593321590659828008e-02
2.183047761891800803e-02 2.573420528467289595e-02
2.188073059227633316e-02 2.271030479408962799e-02
2.198593557916491206e-02 2.203940202829485218e-02
2.198685586503463033e-02 2.221816170922052969e-02
2.200944692514082354e-02 2.449769934236641078e-02
2.202193156637095167e-02 2.213431805100578298e-02
2.205552348128599072e-02 2.225274527486260923e-02
2.214114755504591192e-02 2.855772060364545478e-02
2.220032545455324566e-02 2.232203693500521210e-02
2.222134340831122268e-02 2.282770514221278690e-02
2.226482164105742304e-02 2.477868780577885746e-02
2.253300333629648308e-02 2.253497672825072184e-02
2.255854541287996562e-02 2.296075718576083904e-02
2.257998440434563422e-02 2.553638100094938329e-02
2.266021706055726045e-02 2.266598328287931785e-02
2.269306941666632965e-02 2.417442033414168162e-02
2.274932024883116050e-02 2.287486797495397878e-02
2.275688251613907850e-02 2.324692320822517935e-02
2.286007073555475916e-02 2.387947611876911624e-02
2.288279856026680104e-02 2.426624828904032014e-02
2.291833451851166617e-02 2.472613920987331432e-02
2.299246750204782253e-02 2.358073470484051484e-02
2.302788673154550908e-02 2.649952787213399191e-02
2.305698354881736967e-02 3.090280729029719342e-02
2.316711886555375410e-02 2.441729705814182916e-02
2.316884235079718496e-02 2.477308034090112618e-02
2.317466912539192098e-02 3.001633077524740872e-02
2.320475453100888028e-02 2.403872779272351462e-02
2.326092015926841186e-02 2.350396606593276386e-02
2.327625389638202785e-02 3.229521710276942598e-02
2.328466673561052983e-02 2.339802873045816398e-02
2.331957891099714630e-02 2.479678246822695706e-02
2.335050948860978651e-02 2.344589549432088763e-02
2.338250478400819010e-02 2.705391512419795183e-02
2.341004567873786538e-02 2.367022352051119730e-02
2.347831408427272434e-02 2.720182590990661078e-02
2.347945696078550248e-02 2.351506050967423073e-02
2.349807944348151351e-02 2.412591754720371656e-02
2.350010621702126531e-02 2.895870708808495272e-02
2.351315684805566422e-02 2.403146353002984584e-02
2.353569856030092097e-02 3.197711459099174258e-02
2.357334497657642344e-02 2.402091803182812568e-02
2.361139280822258796e-02 2.422716967561119872e-02
2.365579297872489814e-02 2.624503981893533747e-02
2.367958453056119572e-02 2.371193962841674704e-02
2.368273107777857031e-02 2.426270685637060137e-02
2.378745795866190477e-02 2.535944625028519611e-02
2.384810805082229410e-02 2.628016049650389388e-02
2.393824115069202382e-02 2.416275995081783659e-02
2.400533128988521434e-02 2.416405548585375679e-02
2.407944397048436894e-02 2.440551204429928026e-02
2.416188381440687732e-02 2.495417823514177805e-02
2.417326206682433865e-02 2.622993988128279053e-02
2.426501109078273849e-02 3.337616649546892855e-02
2.441039042445234883e-02 2.510104819666423084e-02
2.447738274287779292e-02 2.476274003743985513e-02
2.451728237053740073e-02 3.924900054345956818e-02
2.452507367190689611e-02 2.478757540027934358e-02
2.454145426196063795e-02 2.547630267097858794e-02
2.456367082685896250e-02 2.571415321248984170e-02
2.462168160796809890e-02 2.466924548778552315e-02
2.467476621423115093e-02 2.474700759875496023e-02
2.475824557147770014e-02 2.481078503214350500e-02
2.477861417388120546e-02 2.872476878772876885e-02
2.480656273746306359e-02 2.481950530907853572e-02
2.482745182553280569e-02 2.532512913381647010e-02
2.490595115245759425e-02 2.599504795013979352e-02
2.490722498805073362e-02 2.644213691405167960e-02
2.502502963585467519e-02 2.502714479010045845e-02
2.503103653219063834e-02 2.514520960696516386e-02
2.509258362595402289e-02 2.645696740405142910e-02
2.513456401844229443e-02 2.520567186404793630e-02
2.520410179831796688e-02 2.574261182846810520e-02
2.524109186904410773e-02 2.863605212943752532e-02
2.524922964931512748e-02 2.542527824718955956e-02
2.526195699613361517e-02 2.892240141691544003e-02
2.530368630101918065e-02 2.948900669312928824e-02
2.535172961293271493e-02 2.549336841319824187e-02
2.536997697625233833e-02 2.554592222042928809e-02
2.539616503007527740e-02 2.678353040705001853e-02
2.539953918974132210e-02 2.590100223028252505e-02
2.541732970316930643e-02 2.541930491438321518e-02
2.546774586422977452e-02 2.824481911769033057e-02
2.548336005881411334e-02 2.822856820313719359e-02
2.552869543212000353e-02 2.643227040472726982e-02
2.556091890702387459e-02 2.563900471896658068e-02
2.556178379891002259e-02 2.559400683051822611e-02
2.570343908749772935e-02 2.572537219805649117e-02
2.571372232225706961e-02 2.586716467161568472e-02
2.574313434622755095e-02 2.768134245228147730e-02
2.575437498526591054e-02 2.586273555005032601e-02
2.579342169700569662e-02 2.579671494669153256e-02
2.581393595796965118e-02 2.595464699150502180e-02
2.583863452630296917e-02 2.585666115453126232e-02
2.586813508259954569e-02 2.586962130439075802e-02
2.589158402022243011e-02 2.669328936300448957e-02
2.591487199124322890e-02 2.621896623406770252e-02
2.591897626335571553e-02 2.843666939055884343e-02
2.593914140687106698e-02 2.608711674334418529e-02
2.596466982949957938e-02 2.667154897900853028e-02
2.598803683506747259e-02 2.810186789642254990e-02
2.602970391848956344e-02 2.627939101539508368e-02
2.603541425515100080e-02 2.987348672885964049e-02
2.607728702327687456e-02 2.647640087712650400e-02
2.612792643852548252e-02 2.620210494592389860e-02
2.614621558162301060e-02 2.678383909479518238e-02
2.614826055980081637e-02 2.635309065220155927e-02
2.624552770359647041e-02 2.649104088754776834e-02
2.626871091161371921e-02 3.396867722588439720e-02
2.631236212775845199e-02 2.633012224267870446e-02
2.633341232042242866e-02 2.657509132149349362e-02
2.650251823396112053e-02 2.650639329918783385e-02
2.650300446847771163e-02 2.775067733070586337e-02
2.650819772058864501e-02 2.653864621278127778e-02
2.654136520091136126e-02 2.781463256703494216e-02
2.661731561316371328e-02 2.662719350916407587e-02
2.666071556012979821e-02 2.694705157497991749e-02
2.671452295051583714e-02 2.860362205082407974e-02
2.671689840892789089e-02 2.671793432329404305e-02
2.676716708622213503e-02 2.945449283071184532e-02
2.678746998557471337e-02 2.935028946159177685e-02
2.683426597918425749e-02 2.959769422102503586e-02
2.686212992025310831e-02 2.690302609612258908e-02
2.688428837724592124e-02 2.690410464088393780e-02
2.688897534510760121e-02 2.737905452507198925e-02
2.689306066020247937e-02 2.851622067932018181e-02
2.691152313741337551e-02 2.730300239250482708e-02
2.691836239171002329e-02 2.727728516009545259e-02
2.695589175873108409e-02 2.826408493429440061e-02
2.698900655677615237e-02 2.769341147334256764e-02
2.699718197708867590e-02 2.833940052555054129e-02
2.703994872508599934e-02 2.794506615936825922e-02
2.704437327276660100e-02 3.518876066369348160e-02
2.707501549379915176e-02 2.772211615797033971e-02
2.709067364784098833e-02 2.935866409168413904e-02
2.709867475020871080e-02 2.714713422860475650e-02
2.712716544000386837e-02 3.040606556075206232e-02
2.714397566455376692e-02 2.787883955834644795e-02
2.714986221555533777e-02 2.717407372305446697e-02
2.721571008971427480e-02 2.864417056563285657e-02
2.732847670294550821e-02 2.781847770112956530e-02
2.733430795813799122e-02 4.129167492571279852e-02
2.739096458063990450e-02 3.530993496432843076e-02
2.740996407137844329e-02 3.180489948631399361e-02
2.747769025946017116e-02 3.225476215096099997e-02
2.751673482078992317e-02 2.757244046031898099e-02
2.753967362372628305e-02 2.754037909803372028e-02
2.755456339108949826e-02 4.246213486380105012e-02
2.755467963067405671e-02 3.287975585951676688e-02
2.756119585026548316e-02 2.847734582672451636e-02
2.760115029818402052e-02 2.773358825085292523e-02
2.760628422156324174e-02 2.769152418602108950e-02
2.762787019472743438e-02 2.774604524231278485e-02
2.769310367888611416e-02 2.802010440699176722e-02
2.780392637699413000e-02 2.781245494004370294e-02
2.782544991248672370e-02 2.801873903081641276e-02
2.787340569617194688e-02 2.806295405013294400e-02
2.791744106313867949e-02 3.893037749616051063e-02
2.795127862500955060e-02 2.834759904663324351e-02
2.805217294421711791e-02 3.348933592445533375e-02
2.809582550400066200e-02 3.791179932147596687e-02
2.812686142222197566e-02 2.869695006257120054e-02
2.814847540446240720e-02 2.854524187412203415e-02
2.816455906799810241e-02 2.821103954846956863e-02
2.817985806004142182e-02 2.826981078020294330e-02
2.818596219688723412e-02 3.710392055022629365e-02
2.818861430244889305e-02 2.966799929482361042e-02
2.822704193155051167e-02 3.751939229705532342e-02
2.823444400574523158e-02 3.877395552826533309e-02
2.827397277027908148e-02 3.034865581692266362e-02
2.829000509439826352e-02 3.304496795396466569e-02
2.829195075696367204e-02 2.884561287613600367e-02
2.832634367614056750e-02 2.858952583396381919e-02
2.836947168097820812e-02 2.845478415239687670e-02
2.838458980602770118e-02 3.222729687781145103e-02
2.841655414814837216e-02 3.044504744555202522e-02
2.851747259752860850e-02 3.724613556352506655e-02
2.852717938427307837e-02 3.040797495929414840e-02
2.862168440182810691e-02 2.900289521105168730e-02
2.864229610639228846e-02 2.868925485289059579e-02
2.866782185583833728e-02 2.867176241208809276e-02
2.872403105273741222e-02 3.045969075173570947e-02
2.874761059076312228e-02 2.952887174301660131e-02
2.877532828082040792e-02 3.433410244408430234e-02
2.883445207664155768e-02 2.909209290772515194e-02
2.884192636045416688e-02 2.977531029382059560e-02
2.894663987126482041e-02 2.906608768209413551e-02
2.895205162037688476e-02 2.899171610499224130e-02
2.895275851503473566e-02 3.003663607411697842e-02
2.913884170613999930e-02 2.914475305491031482e-02
2.916975959218147743e-02 2.969559063698376869e-02
2.918272809360399761e-02 3.254888214452276995e-02
2.918666329606696766e-02 3.339316589526754309e-02
2.919597461448225628e-02 3.070084611985718359e-02
2.919870806071895794e-02 3.122694919794313448e-02
2.921209181322094797e-02 2.928558876661630991e-02
2.921549308971407161e-02 2.933175306375697400e-02
2.923771538721636060e-02 3.054240818570100324e-02
2.924903512764167116e-02 2.941569854346864910e-02
2.928720734515430357e-02 4.024757073465174556e-02
2.935254393215419935e-02 2.935756164978499394e-02
2.935499009570803272e-02 3.156060670188778200e-02
2.944651690446957459e-02 3.161266561905736600e-02
2.948106341827500324e-02 3.058596285584876465e-02
2.949303852024986669e-02 2.969555394916069055e-02
2.953821128892408082e-02 2.977159898863181858e-02
2.968038302337866474e-02 3.005521156399397834e-02
2.972863069842546918e-02 2.977075888029144177e-02
2.973391468692900344e-02 2.991368545558403466e-02
2.978661444495592919e-02 3.166103927480947572e-02
2.981653614662157017e-02 2.984956136307971228e-02
2.997139241911576241e-02 3.064122412905867163e-02
2.999074986216167249e-02 3.017599166773025574e-02
2.999878708442671460e-02 3.546217485074858872e-02
3.003070548200987774e-02 3.079787726713403492e-02
3.017585785889460859e-02 3.156636115226699874e-02
3.017779118979061967e-02 3.090865937161480989e-02
3.019775385511153099e-02 3.085585618833973365e-02
3.026839074850873681e-02 3.239865731082858941e-02
3.029846228684822049e-02 4.369876218535736351e-02
3.032029452749712348e-02 3.798673387406577978e-02
3.034613104479225859e-02 3.036754215389231293e-02
3.036081549295631399e-02 3.275767558215116060e-02
3.038335685597803176e-02 4.479793693950328420e-02
3.039588133801843922e-02 3.043691522436148614e-02
3.039809458338445236e-02 3.040196736987809539e-02
3.040224393733384836e-02 3.261932533956904412e-02
3.041059399418485215e-02 3.115400363592631117e-02
3.050010895195778490e-02 3.050108016910460171e-02
3.050169565089608931e-02 3.379354543589480064e-02
3.050923121729286203e-02 3.059033605964987454e-02
3.053717667731339555e-02 3.056979410461460253e-02
3.054307268802974526e-02 3.740750981346174786e-02
3.062762332395449136e-02 3.133239480293825707e-02
3.075313312861600520e-02 3.652639769413813797e-02
3.076023232377448138e-02 3.242610075881478815e-02
3.076491692918254667e-02 3.095430185841707357e-02
3.076681699324804176e-02 3.106397978479010294e-02
3.078331676315461049e-02 3.646525070470926777e-02
3.084728353649096241e-02 3.443517140698362788e-02
3.089202869104504257e-02 3.164917673951685856e-02
3.094561240699156279e-02 3.326434531649302001e-02
3.095019324792479612e-02 3.095034765917036718e-02
3.095790611584769286e-02 3.172949788461720821e-02
3.103423503219817844e-02 3.272596827317748175e-02
3.103536211848351850e-02 3.459903842709820265e-02
3.105466394086294282e-02 3.240888222569043853e-02
3.112591513459272985e-02 3.115069680655666029e-02
3.114168453522526622e-02 4.106141391063888868e-02
3.115180597611845112e-02 5.849042667863877526e-02
3.117510982877894077e-02 3.154396633543059963e-02
3.120359221517279846e-02 3.122464577624765869e-02
3.121114783413691043e-02 3.163258118854454098e-02
3.129641052957850972e-02 3.206002681920021996e-02
3.130603390600883440e-02 3.181155583189309438e-02
3.130642458946839013e-02 3.702487879789541358e-02
3.135050372314206885e-02 4.288435285290671112e-02
3.140082141131848859e-02 3.164864179932119770e-02
3.144901233318117550e-02 3.654529808447223860e-02
3.145426572472956317e-02 3.189477392018697649e-02
3.147883258363450704e-02 3.168682829443269372e-02
3.153229520572885941e-02 3.332848937942311379e-02
3.160318888158215184e-02 3.164938236410701905e-02
3.163515296898608553e-02 3.194749920817316347e-02
3.168596117671292067e-02 3.272814816893006989e-02
3.172431200049499050e-02 3.179963178239679500e-02
3.178257166077291113e-02 3.461761015693983617e-02
3.179186207413806781e-02 3.185804090898579355e-02
3.181090350761926755e-02 3.182732778901207343e-02
3.184714141719181130e-02 3.244939790468170937e-02
3.187502468952166379e-02 3.353274323403016011e-02
3.189850920906300846e-02 3.736620086741219982e-02
3.191084547895183671e-02 3.308788002896954211e-02
3.193021057807121643e-02 3.219971033511710712e-02
3.206020919429170002e-02 3.216838113143332539e-02
3.206500529211801787e-02 3.216396451305627430e-02
3.207200523605128334e-02 3.449042535515356445e-02
3.209272452747535115e-02 4.029086008130437074e-02
3.209839041105295998e-02 3.552995588121157094e-02
3.210349855139179448e-02 3.369408598448409009e-02
3.210437033247941219e-02 3.229377577605651445e-02
3.221139275821197773e-02 3.282194815062467602e-02
3.231839841529785678e-02 3.243400467099354090e-02
3.236277396347878726e-02 3.298482950145976977e-02
3.237790257256070725e-02 3.698674196583453394e-02
3.238333551098374757e-02 3.239019559821978284e-02
3.240178104616342480e-02 3.240218948887790829e-02
3.246354714089591531e-02 3.264055056795395898e-02
3.253756319466991759e-02 3.253821886415943915e-02
3.254248952402295780e-02 3.561083752932429902e-02
3.255280536329643870e-02 3.263378864834148851e-02
3.255683647903933470e-02 3.905623036968847855e-02
3.257147590913579693e-02 3.361939325400165046e-02
3.260513853803351236e-02 3.309936603052424792e-02
3.274961889955625011e-02 4.262530318587139794e-02
3.282923937933592690e-02 5.640627127379505695e-02
3.283251564810989176e-02 4.029986925414365956e-02
3.287483866656806808e-02 3.298811792461329995e-02
3.291388741785770261e-02 3.329512337430737962e-02
3.292608663724298085e-02 3.338625924417695096e-02
3.294957347568485545e-02 3.305506952619979844e-02
3.297618286609163563e-02 3.540270979988020816e-02
3.298207140250068031e-02 3.902813444549287081e-02
3.302173348398290686e-02 3.339095699226950209e-02
3.302893165496730704e-02 3.429219765139644716e-02
3.302937456027100344e-02 3.305296821734766272e-02
3.309078182004319274e-02 3.364693764422734684e-02
3.312515556825285090e-02 3.626923395120491833e-02
3.313645371940808493e-02 3.471518267833283156e-02
3.313984034840748716e-02 3.324134124334728047e-02
3.318935310091633561e-02 3.340244982831901133e-02
3.320404866231326663e-02 3.328993197280511601e-02
3.323096750812473688e-02 3.346253972725427711e-02
3.326143062169577280e-02 3.368492274063385888e-02
3.328105794990701694e-02 3.328338367937714454e-02
3.329693931319336470e-02 3.521646295995462667e-02
3.335639806425307052e-02 3.352851918703129985e-02
3.337491902419444101e-02 3.390137670958275062e-02
3.339032801779856507e-02 3.382777756207566017e-02
3.342475287328482147e-02 3.974123963168545159e-02
3.343910925462931227e-02 3.350303037428010305e-02
3.344212339400692846e-02 3.357084052330459867e-02
3.344718100147019840e-02 3.686955934242311383e-02
3.353281965124859515e-02 3.409248134533241631e-02
3.355890181180119780e-02 3.471644384290044349e-02
3.358111229831785977e-02 3.621483597502765661e-02
3.363283244460008037e-02 3.363715700298973432e-02
3.368093759116988495e-02 4.360049177873710768e-02
3.371921216983157082e-02 3.404107128566560142e-02
3.375088147956115808e-02 3.766093897605690688e-02
3.385962394294080025e-02 3.545941383998545832e-02
3.397271976325204335e-02 3.422797887329415145e-02
3.400978289408686239e-02 3.492452373439521029e-02
3.403506675677284848e-02 3.558356415154306090e-02
3.407748661074234964e-02 3.445466763553404338e-02
3.412959545727919236e-02 3.427494419481839916e-02
3.414583479269802518e-02 4.651545344515659042e-02
3.416683220451641190e-02 4.891165017831170664e-02
3.420752000312568541e-02 3.421519693200972267e-02
3.421621793496903985e-02 3.458481718018430878e-02
3.421817307073398567e-02 4.123570035528400374e-02
3.422011679412714780e-02 3.890370580252114352e-02
3.423043624034516341e-02 3.423253647193989779e-02
3.431458097931779083e-02 4.100191532869477268e-02
3.432323422256618184e-02 3.434142153408233089e-02
3.432927981407291745e-02 3.473073685510256331e-02
3.434820992315362753e-02 3.662849292918720495e-02
3.436115225660668626e-02 3.732156545831354089e-02
3.436665292831838497e-02 3.595268422332679320e-02
3.438040960534285984e-02 3.474242613379527334e-02
3.444511714658177182e-02 3.511014693676173248e-02
3.448387332306226266e-02 3.772870432051654566e-02
3.449173752998441200e-02 3.449440687070851053e-02
3.451665359994011278e-02 3.601781381614965749e-02
3.455693491416401281e-02 3.744220977661483207e-02
3.456145375666092728e-02 3.769333937798056977e-02
3.461045899443999929e-02 3.607907273740513371e-02
3.461405068260980239e-02 3.489964778870075640e-02
3.468945937718047323e-02 3.578958262034840493e-02
3.496622245211937485e-02 3.649024492843470913e-02
3.502190243350463555e-02 3.570805227745000449e-02
3.504789199533350080e-02 3.524368362487889650e-02
3.505053210868692287e-02 3.548871505833404300e-02
3.506606792469472988e-02 3.521148773733884241e-02
3.509605141216250862e-02 3.614626274955577701e-02
3.522465533832317558e-02 3.630868995952848954e-02
3.536334746151195002e-02 4.096971227043496450e-02
3.538818071746799993e-02 3.996059839614976572e-02
3.539989635320045513e-02 4.322467435005395570e-02
3.541860997243234666e-02 3.564709959880189849e-02
3.542460967924896537e-02 3.551669691116880051e-02
3.552945426693018827e-02 3.564118544929156807e-02
3.553583440120065134e-02 3.708739622694875310e-02
3.559431760591766358e-02 3.637396908115439476e-02
3.561981942461895506e-02 3.618628125015532077e-02
3.562056798706715599e-02 3.635910981956061439e-02
3.562312002328772709e-02 3.642814055400053069e-02
3.576238184026702543e-02 3.627270567330249246e-02
3.579747380152824981e-02 4.054316475367925054e-02
3.582034163261959420e-02 3.588258756698774893e-02
3.585179624905186768e-02 3.591728156665854876e-02
3.587099659870691959e-02 3.762106249292933302e-02
3.592428961418897559e-02 3.601537218827765424e-02
3.601959317719127807e-02 3.629191199826935221e-02
3.613613412972660477e-02 3.663855934725764735e-02
3.629281159324525274e-02 3.638583029789042161e-02
3.632941940056788610e-02 3.654073414181932544e-02
3.637081504751345923e-02 3.747268325003266787e-02
3.644192581695384486e-02 4.203093662761621385e-02
3.650643070521049360e-02 3.826013058832197777e-02
3.651880578665427091e-02 3.688429663882129145e-02
3.656306085751265256e-02 4.020542001788590669e-02
3.663940881366506419e-02 3.711955930954920907e-02
3.667975795245580900e-02 3.860688971053403973e-02
3.678251892178569654e-02 3.762109498461611856e-02
3.680021027069008133e-02 3.680462098568713231e-02
3.680558012095922621e-02 3.990920931921580067e-02
3.682566067356968925e-02 3.682763986257284183e-02
3.683032356002702984e-02 3.777100510276947681e-02
3.700104536268659927e-02 3.700112313806005332e-02
3.700467680258262559e-02 3.718467851245244732e-02
3.701854244058466747e-02 3.756697275474414621e-02
3.707620017769383547e-02 3.719196093088839028e-02
3.708484518502264821e-02 3.737600413883234579e-02
3.711117327378350012e-02 3.720316738001318291e-02
3.713155728834693914e-02 3.719518650181107694e-02
3.718347481546258743e-02 3.729854312331184335e-02
3.730631750798819868e-02 3.731436811650051116e-02
3.741407639609539010e-02 3.741495640447412702e-02
3.748503645336584422e-02 3.750233674558888647e-02
3.753209086458489385e-02 3.826006890764007545e-02
3.756732632884510897e-02 4.045531044386942859e-02
3.765486818512190498e-02 3.888425284331121362e-02
3.767992372719437821e-02 3.844475915249251363e-02
3.776539393933821265e-02 3.812685384610286360e-02
3.777565985287824335e-02 3.835922186346403528e-02
3.782243683582670740e-02 3.870377068954614780e-02
3.783638670276916194e-02 3.937628769156676506e-02
3.783731894633402676e-02 3.794637352005932052e-02
3.784084645991753898e-02 4.028583062658862984e-02
3.785868504741332630e-02 3.834591988051727629e-02
3.793680758639648987e-02 3.859695881712900400e-02
3.796690715803606453e-02 4.044002855590939777e-02
3.800172172361382383e-02 4.429013820249533967e-02
3.805758135389511465e-02 4.022264334067791186e-02
3.808866708048480598e-02 3.815203723997547675e-02
3.815879620106561732e-02 3.978397830458624967e-02
3.817553335821039645e-02 4.181194174240010497e-02
3.817916231250764042e-02 3.818781346266214571e-02
3.821503088958103783e-02 3.943886668634206255e-02
3.822153095592616817e-02 4.062772291911879302e-02
3.823952525472459202e-02 3.874080717490997749e-02
3.831728092410012498e-02 4.007187936057201444e-02
3.836273229460536449e-02 3.838967512005709432e-02
3.844226323638663678e-02 4.080993595899818499e-02
3.859320981626387925e-02 3.941898390133926483e-02
3.862984775614463490e-02 3.954659342210475881e-02
3.864217188951361154e-02 3.871047032751311068e-02
3.864938512574625507e-02 3.968563297719036875e-02
3.867594255630141947e-02 3.933088494279884245e-02
3.874922292491882886e-02 4.249037611953633553e-02
3.885537972557425584e-02 3.970597572220729843e-02
3.887538094754422469e-02 3.888086706185871905e-02
3.890128036260545596e-02 3.898849957560621832e-02
3.896583085638927191e-02 3.899352050881426529e-02
3.897667307976764722e-02 3.917687421959391986e-02
3.903231179071158657e-02 3.918409545735646038e-02
3.903822817613575302e-02 3.908846207239119463e-02
3.913278743642718827e-02 3.936584316296430630e-02
3.914610475823997876e-02 3.918125717264381996e-02
3.915914803760495860e-02 3.943085016396707249e-02
3.916548327180061767e-02 3.918859438533602024e-02
3.918241263873923491e-02 3.952335137756356892e-02
3.920130354892818747e-02 3.974746753625366114e-02
3.922030700815094806e-02 4.158473647772920057e-02
3.924920579056387360e-02 4.215239868950301089e-02
3.927687711840108925e-02 4.012046998389193209e-02
3.928758179848988730e-02 3.930555034297308903e-02
3.931844361562643331e-02 3.945436584557575344e-02
3.939785133899657843e-02 4.104409820205062037e-02
3.948028487991681740e-02 4.560355600356005151e-02
3.955422564408592190e-02 3.955546877143842344e-02
3.960429149400012533e-02 4.617980754502496593e-02
3.960561028873902517e-02 5.352531177380117494e-02
3.965022488268197393e-02 4.273088375521294502e-02
3.965751849909205512e-02 3.981925992810278481e-02
3.971044629688051664e-02 3.972882948403591574e-02
3.984953415659159975e-02 4.238465908851531821e-02
3.986258281862454372e-02 4.025434404195241817e-02
3.998463974530973297e-02 4.047652084155652086e-02
3.999930542777777043e-02 4.117114766833460809e-02
4.018380524301631840e-02 4.024798167379756153e-02
4.018718947810218795e-02 4.041284750809204240e-02
4.021778185981408210e-02 4.041378538653471464e-02
4.025491292182543923e-02 4.025552116334812219e-02
4.044064904101166841e-02 4.044080075624606474e-02
4.046425870214885590e-02 4.065265197285830578e-02
4.051683230469729086e-02 4.052947827601308811e-02
4.053378407499570041e-02 4.053381910530442361e-02
4.059331476799483973e-02 4.072240351744392528e-02
4.060450699866834101e-02 4.060460128409302399e-02
4.065097528204723865e-02 4.079992387057653630e-02
4.075030842157045113e-02 4.269275546415825240e-02
4.075589384702107271e-02 4.083518120913307015e-02
4.091432178936833114e-02 4.099687720200002189e-02
4.092475073255077977e-02 4.092760348556348515e-02
4.096008784814893222e-02 4.098726373342666263e-02
4.096318304084056033e-02 5.745615191645402076e-02
4.114190142108799936e-02 4.114379350163154675e-02
4.122239130060813272e-02 4.398242938691455245e-02
4.122613400373034004e-02 4.356646239240911933e-02
4.128623996409941377e-02 4.160177586334114219e-02
4.131438357934950206e-02 4.190403388099121079e-02
4.135344516399443171e-02 4.138947692987132027e-02
4.137508892823870549e-02 4.179899237939030399e-02
4.137601196208249427e-02 4.142303046001448441e-02
4.142819681764954576e-02 4.220429809938364141e-02
4.142893698125513918e-02 4.149885989010202586e-02
4.144272304204303647e-02 4.147033574322888522e-02
4.147907751736523013e-02 5.351853335020664848e-02
4.149765529609946574e-02 4.154516875834571993e-02
4.153602552449632557e-02 4.178977103541077487e-02
4.156069566606263727e-02 5.393262456107584396e-02
4.158811442367323780e-02 4.267525047947426375e-02
4.161122846037092204e-02 4.188272000617203339e-02
4.181876740151432154e-02 4.905431893198154703e-02
4.186175495825508741e-02 4.226904141445926577e-02
4.191423708429053291e-02 4.196965307947383289e-02
4.197154573560001739e-02 4.490788360421295311e-02
4.210653332416256639e-02 4.382042487968542538e-02
4.216674232330768629e-02 4.319597314046975944e-02
4.220150640473141479e-02 4.325742482593721711e-02
4.236577184934831042e-02 4.239872939637151505e-02
4.246752105550579554e-02 4.319938260578791434e-02
4.247757564834157840e-02 4.248688967317166415e-02
4.252696957175856884e-02 4.259584918128914155e-02
4.262868889230611580e-02 4.272737746549397364e-02
4.271674245205088483e-02 4.286242903990745284e-02
4.287197389147301418e-02 4.295402929585103585e-02
4.312204720043703171e-02 4.982545490420998979e-02
4.318773257155150008e-02 4.389189226079000944e-02
4.325590425820061147e-02 4.424183399280873924e-02
4.328526865341147251e-02 4.414245874056228758e-02
4.329233279360775177e-02 4.341625074744508844e-02
4.335283830346893519e-02 4.483449090084064281e-02
4.338600368305998989e-02 4.847059155013788007e-02
4.341029500642471645e-02 4.381787093223069723e-02
4.350817248839434354e-02 4.659117740048560746e-02
4.351580959697563117e-02 4.393251650323206497e-02
4.353467823401639680e-02 4.354462683379518168e-02
4.361805812777345970e-02 4.366012151952269188e-02
4.361911449932016210e-02 4.777702745011232904e-02
4.365554737891654685e-02 4.502185554024068503e-02
4.366656908868814940e-02 4.440779497935382070e-02
4.374024245278946427e-02 5.061591192112904758e-02
4.377573996836030268e-02 4.471045320862468420e-02
4.381085951405418177e-02 4.950870143514085608e-02
4.398160057745147816e-02 4.767210264005007636e-02
4.416029296345599237e-02 4.426922498614389162e-02
4.418189561082423028e-02 4.465391238293766468e-02
4.425153406022818564e-02 4.432845078971395236e-02
4.426713263228532202e-02 4.426732958486408881e-02
4.443683005257024338e-02 4.444324609368455192e-02
4.447104839009564936e-02 4.485519911684027888e-02
4.453256980057675174e-02 4.482808588847532472e-02
4.475931433755848954e-02 4.479180126077136198e-02
4.478594585640279652e-02 4.527704751290318602e-02
4.492905627063636942e-02 4.514646674529684128e-02
4.511328280675242636e-02 4.690174850803362910e-02
4.517211333942611207e-02 4.532233671406446507e-02
4.519790998657424036e-02 5.454496276374735941e-02
4.523027387777842079e-02 4.524692885926299979e-02
4.529529435861803094e-02 4.552891621759766472e-02
4.532756029729124309e-02 4.555153573164982123e-02
4.535557544903361105e-02 4.539104374924209095e-02
4.545573257348026891e-02 4.705216286480300159e-02
4.546789573608094048e-02 4.546802626890307508e-02
4.555875556342917077e-02 4.587830310387690236e-02
4.577860682918549057e-02 4.587413084328673812e-02
4.579891274061025780e-02 4.720651008549469480e-02
4.580935813312634469e-02 4.779867033482709110e-02
4.581409688684393022e-02 4.666305325459915720e-02
4.582720767422651664e-02 5.438816350377480985e-02
4.600917172739012184e-02 4.934734159508997325e-02
4.608900507752639042e-02 4.694120175436173464e-02
4.628368943378055600e-02 5.877626203163368451e-02
4.643200781946834471e-02 5.670294945207206283e-02
4.649420182138416097e-02 4.731636864737457510e-02
4.656550235857584430e-02 4.672333352106965848e-02
4.664600894411138898e-02 4.768449492287424318e-02
4.669070627767744897e-02 4.683467397953038069e-02
4.670018916943995124e-02 4.691884328234555840e-02
4.673727282934245220e-02 5.478129841147100915e-02
4.681058323159539153e-02 5.518478916442392385e-02
4.685978318822883043e-02 4.975837152693929344e-02
4.689591759121537751e-02 4.690663777933092721e-02
4.690079832508088631e-02 5.070142272052498983e-02
4.708955378376052103e-02 5.394563247089876473e-02
4.712916410575708481e-02 5.004329673988437699e-02
4.721785408967188458e-02 4.739145017808270993e-02
4.738277752627528816e-02 4.838851705353349603e-02
4.763872707969131481e-02 4.956277070690577602e-02
4.786307877401033140e-02 4.795251327568036959e-02
4.794958547763108342e-02 4.795647750630775003e-02
4.813059047966521120e-02 4.830158845035545379e-02
4.814370918954129219e-02 4.890474171799804454e-02
4.821301051258821552e-02 4.864005441230446342e-02
4.821779632208104266e-02 5.997359966037717205e-02
4.853436109557162509e-02 4.923825641717090307e-02
4.854499779992795666e-02 4.867286286010542168e-02
4.865430640267795481e-02 4.865500440008418970e-02
4.869808085521757507e-02 4.880878551830869494e-02
4.889792201173319419e-02 4.904171438571289926e-02
4.912474509615080004e-02 4.912705130607291498e-02
4.920943603100092628e-02 4.956116365436190330e-02
4.930380583158146257e-02 4.945908052214675887e-02
4.936006562709086692e-02 5.121738549457863221e-02
4.938112942880563960e-02 5.137397549490317628e-02
4.965470008599087715e-02 5.346660791965616999e-02
4.967612422279194667e-02 4.974280755862264120e-02
4.979027751581188016e-02 5.012606015226700462e-02
4.982930887507949075e-02 5.299478348496911712e-02
5.006137037818285396e-02 5.028852792710188785e-02
5.019495492604210407e-02 5.220704148258201172e-02
5.044328284764962311e-02 5.049710224573412953e-02
5.059915982841340504e-02 5.759398908914806214e-02
5.079460176258615567e-02 5.105856365025683574e-02
5.095751065059984930e-02 5.266330055644620478e-02
5.099606053030981273e-02 5.189568859857706523e-02
5.112817130650331582e-02 5.578604761347050189e-02
5.114895486118976875e-02 6.382405327398475714e-02
5.115329596947091467e-02 5.127277562372848513e-02
5.119952300644427939e-02 5.215151995344652347e-02
5.124342553938717598e-02 5.147425201655270871e-02
5.133196856985102613e-02 5.141143469222538703e-02
5.148196801937533762e-02 5.195514484192548244e-02
5.152285049236496328e-02 5.190420469678697774e-02
5.160781820797539360e-02 5.168705235559987315e-02
5.170680354314195065e-02 5.348795287472555421e-02
5.190524622351580519e-02 5.236221187218954159e-02
5.213040886178679084e-02 5.215768298105243755e-02
5.215777239713499658e-02 5.499130717360301013e-02
5.223455683716727443e-02 5.228390833795693721e-02
5.257313952393698891e-02 5.287779919050827893e-02
5.268142257575258308e-02 5.352377402659339728e-02
5.273448197774038143e-02 5.273716668397580853e-02
5.278386406094849603e-02 5.410044171103230853e-02
5.284640811588993403e-02 5.319183974592017750e-02
5.293391770993305379e-02 5.478454967222188415e-02
5.300880003285024511e-02 5.316651569339273659e-02
5.310924212388478532e-02 5.334046796823133096e-02
5.353148448980320218e-02 5.373699488267594249e-02
5.356053839543027661e-02 5.359440165631846470e-02
5.378534994144264919e-02 5.378710956717287078e-02
5.397387848747919881e-02 5.455837538116091456e-02
5.427494065514536226e-02 5.436828922757844934e-02
5.490787146195869051e-02 6.290981019143726538e-02
5.504257281653500422e-02 5.591563854984913512e-02
5.515268863554392831e-02 5.756584429066416431e-02
5.519835629388003539e-02 5.595111305679235925e-02
5.522206660593418498e-02 5.574144100152766262e-02
5.544797319588923301e-02 5.548573467700527312e-02
5.560027354533764871e-02 5.603930155552569459e-02
5.597478820523750509e-02 6.256040252470369822e-02
5.600835636600397932e-02 6.107667018261487418e-02
5.664321134024977861e-02 5.670371357748451441e-02
5.668394393424319028e-02 5.698461014323185497e-02
5.699251907043383775e-02 5.710858792643970505e-02
5.712775391209835851e-02 5.729793716247598423e-02
5.724258166103341622e-02 5.725971312987637035e-02
5.754177587712794306e-02 5.815036387276389940e-02
5.761632261663600374e-02 5.761665987098062852e-02
5.761710789681599026e-02 5.770486815666137775e-02
5.765427451232563172e-02 5.979044678038736294e-02
5.796682821668031060e-02 5.805468973231814322e-02
5.804796941359298412e-02 5.823415023282015740e-02
5.850695322325599051e-02 5.850815659169542743e-02
5.871693125474289343e-02 5.912011698818620681e-02
5.878410990129652458e-02 5.935929321575215967e-02
5.913569824571749539e-02 6.755328445693621620e-02
5.918451651691426091e-02 5.918831848497750625e-02
5.932926049493260356e-02 6.005421459748327279e-02
5.966338424087307829e-02 6.087932260670019663e-02
5.972761372804968188e-02 5.983186250432188935e-02
5.997754982167500387e-02 6.003024219927732136e-02
6.027060981209158425e-02 6.027478998104330438e-02
6.035243834416226250e-02 6.039653085746763544e-02
6.063901231202128983e-02 6.065350141738395928e-02
6.184120189038300186e-02 6.218701187533166863e-02
6.285074878267095377e-02 6.285075567007740449e-02
6.427310048780776608e-02 6.483719625635424311e-02
6.468918408031272549e-02 6.496215503792573953e-02
6.482171632966322872e-02 6.547308272522077421e-02
6.934865602859507927e-02 6.937541054057241863e-02
7.187318135971333677e-02 7.649566524352444108e-02
7.594538737854508725e-02 7.638057437454139065e-02
8.540637361563943597e-02 8.964287233261980514e-02
4.839706576690606665e-01 4.840280643034676755e-01
