1.016404739521373224e-03 1.018707627440848182e-03
1.097226813288206503e-03 1.138439622467095217e-03
1.142523585928953032e-03 1.302100120264181688e-03
2.718453198321286492e-03 2.919677925117775651e-03
2.859757021349796594e-03 2.953072032618440663e-03
3.763315542784329785e-03 3.950455589512569254e-03
3.906200701971332487e-03 3.966702806333731457e-03
4.068709163131890155e-03 4.165740700702753006e-03
4.269450504452629129e-03 4.517252737682437083e-03
4.605637608787203907e-03 4.623486650266628306e-03
4.741941422478728602e-03 4.846344608362401080e-03
4.809445631976099790e-03 6.095986574025185310e-03
4.951340717807783086e-03 5.034708036380313410e-03
4.956152887089673546e-03 5.575408696825803236e-03
5.125955815656856908e-03 5.313260218189523945e-03
5.261911037954381150e-03 5.343283322882573863e-03
5.329069043900801043e-03 5.578153853944112228e-03
5.404432076520638596e-03 5.598030850663620640e-03
5.641231560403845748e-03 5.673094708562887237e-03
5.656263259111300040e-03 5.778826460358191600e-03
5.706601030277613264e-03 6.796128083922249596e-03
6.022390158807401118e-03 6.131208215737115642e-03
6.138026825484739143e-03 6.198334911625034797e-03
6.179205584174575147e-03 6.299282330028133092e-03
6.209244458579778365e-03 6.209451669098235531e-03
6.327827791532823071e-03 6.911274898616632731e-03
6.543523859557078166e-03 6.543575094453369864e-03
6.590532509047113997e-03 6.607585252969675610e-03
6.729328721206787566e-03 6.892003726841917227e-03
6.801155244624914643e-03 6.819428772072887168e-03
6.933483779001224472e-03 7.077711482089284710e-03
7.134304244226222745e-03 7.144562359055123442e-03
7.146291538227102572e-03 7.222438247797328958e-03
7.211676861259797185e-03 7.924832013750502183e-03
7.212733541780272373e-03 8.459537143683278429e-03
7.271702500793199124e-03 7.459426790960278081e-03
7.323469458342523643e-03 8.159485820171379772e-03
7.420326392451143289e-03 7.629641882169026570e-03
7.528000589130947988e-03 8.805763254624173614e-03
7.559697364566790589e-03 8.183117581569896576e-03
7.639954618541575614e-03 8.332771077023791093e-03
7.687502260105811593e-03 8.894022854896384278e-03
7.998029536149323104e-03 8.253636650313544293e-03
8.045384746616205535e-03 8.461035649005150400e-03
8.092433049645205920e-03 8.388823361913964188e-03
8.122889933319230385e-03 8.727791597175923663e-03
8.138880677473972133e-03 8.786325664510249989e-03
8.157825016872463988e-03 8.159011374178081616e-03
8.168096041078126701e-03 8.839931343537566974e-03
8.550502863936245215e-03 8.587235832066187138e-03
8.600180689922423682e-03 9.358688774658698722e-03
8.648577466152169990e-03 8.756230014545639262e-03
8.651965228893292517e-03 8.826380219092466381e-03
8.749716314044470380e-03 9.103034832453584663e-03
8.811937646489425083e-03 1.026566846964132793e-02
8.862256686637929454e-03 8.887772906952882968e-03
9.057772287425184740e-03 1.000670187106024629e-02
9.110262322303434857e-03 9.122643133300094645e-03
9.146674295549767422e-03 1.055176797102845218e-02
9.212885159317358436e-03 9.445661084065668650e-03
9.231423588697128257e-03 1.061142806920503494e-02
9.269907441785369545e-03 9.323835159450233334e-03
9.273459176728190631e-03 9.537081468322277863e-03
9.382682074507965597e-03 9.628469706781725770e-03
9.460624550926081608e-03 9.487306706477497201e-03
9.517296841253469405e-03 9.561115755719480289e-03
9.560891913130234801e-03 9.623935285365538619e-03
9.595382984347691421e-03 1.023795827210611555e-02
9.656521338560026743e-03 1.000842538742811698e-02
9.750280809320570688e-03 1.065400642981411891e-02
9.753827088206740159e-03 9.759351702287569555e-03
9.854162796986004613e-03 9.907138739183814213e-03
9.863237717089193973e-03 9.895887213479174355e-03
9.954614012176343785e-03 1.005445879225976349e-02
1.024864337965450574e-02 1.025230016864676734e-02
1.027824160568456546e-02 1.029566009246640247e-02
1.030255082673668665e-02 1.050921232290220886e-02
1.033368030078975902e-02 1.051231108477710188e-02
1.040806547106429975e-02 1.267390942173639984e-02
1.051750553576910260e-02 1.100378039838794883e-02
1.052774055806962421e-02 1.087418961708011382e-02
1.059853708530443528e-02 1.060122941234835532e-02
1.070066318833153528e-02 1.123546819301701055e-02
1.075265658884218267e-02 1.124667434351208153e-02
1.084766755804130595e-02 1.405702464075022327e-02
1.092090724455571302e-02 1.216734867138036073e-02
1.093368750559984420e-02 1.093599967792239364e-02
1.093798874197067852e-02 1.138944344948763718e-02
1.096575760805978787e-02 1.231187512088540575e-02
1.112234775747784031e-02 1.112283901985612264e-02
1.112839776787631282e-02 1.140883753265036805e-02
1.116463743731521512e-02 1.132528246527142630e-02
1.116868084968419828e-02 1.145385442521595215e-02
1.123197379651271616e-02 1.180400121234595652e-02
1.123463221777039854e-02 1.130384884259898887e-02
1.134697886634681956e-02 1.141703151972499157e-02
1.170805546529619413e-02 1.345815850291019397e-02
1.178303340312209305e-02 1.255646817902009681e-02
1.182470224957409694e-02 1.534076937327145951e-02
1.190012718462754408e-02 1.190024279357469218e-02
1.191132360060243381e-02 1.281806822873213583e-02
1.193658731891863133e-02 1.345849913995308782e-02
1.195132598050476815e-02 1.196751259740068581e-02
1.196462970717759519e-02 1.695002308832643800e-02
1.204489295753142196e-02 1.225817735355758283e-02
1.206646182439667647e-02 1.235594095484343104e-02
1.216489091571225888e-02 1.442949270478654893e-02
1.222288364830941519e-02 1.269506881178197703e-02
1.226599335621861124e-02 1.337976064373729880e-02
1.231775820437236262e-02 1.243800942113615880e-02
1.240968221122335652e-02 1.280188266930091211e-02
1.241676242372245949e-02 1.255874657517578805e-02
1.247312479153486926e-02 1.377084056337833304e-02
1.260363274623865076e-02 1.775794944647496668e-02
1.263209055983506926e-02 1.299006517560477927e-02
1.263362344531466543e-02 1.273266839542353153e-02
1.268692903642338297e-02 1.268850047043349090e-02
1.278432256728834031e-02 1.318757785913442747e-02
1.280862085527412902e-02 1.285096863652463589e-02
1.289649278609472302e-02 1.302752897436101030e-02
1.290459195045216140e-02 1.356762322024493948e-02
1.295672405075373561e-02 1.340457912413785951e-02
1.297623584561066398e-02 1.526615658905070873e-02
1.303982827552195925e-02 1.308389971052415987e-02
1.304049802784953624e-02 1.542613922012764198e-02
1.306864696125256686e-02 1.338704380811883005e-02
1.309797448893987130e-02 1.315311929639545983e-02
1.313669529424072759e-02 1.386507887266026466e-02
1.314047669354903060e-02 1.315882203351687561e-02
1.320474417285850445e-02 1.320904454589157985e-02
1.330238883753779786e-02 1.425056784018106579e-02
1.334721768338122290e-02 1.347340030636751118e-02
1.335230066626952837e-02 1.413171037230657318e-02
1.336253878416878739e-02 1.336297564326437669e-02
1.337516746995535445e-02 1.353545712715608328e-02
1.338342354442907320e-02 1.352699910327149167e-02
1.343303187721284035e-02 1.345526958740909419e-02
1.372711516071982787e-02 1.401851132990285763e-02
1.374314298684523386e-02 1.449784150668081278e-02
1.374454044961345538e-02 1.458553097540082368e-02
1.378278271857085596e-02 1.378386202942996630e-02
1.387324521196807610e-02 1.498369512514495169e-02
1.397094816296404543e-02 1.487001968414181606e-02
1.398020191852251612e-02 1.480664923907452045e-02
1.404336391105099127e-02 1.667884949401138642e-02
1.409899756640101316e-02 1.489243357952518311e-02
1.411588519254312717e-02 1.432342875142563095e-02
1.415202040832417262e-02 1.435998930435729987e-02
1.429572976568691152e-02 1.467566425841288109e-02
1.435145913192157306e-02 1.562133114091548459e-02
1.446153631522239386e-02 1.700009880744444285e-02
1.447095884380654278e-02 1.584164260197801904e-02
1.451072722080068780e-02 1.460925998060018383e-02
1.458598877493350043e-02 1.483631495720190083e-02
1.458955085953230098e-02 1.499866645588654977e-02
1.473692713311872647e-02 1.476940003589004465e-02
1.476898377172561165e-02 1.561084584953744553e-02
1.481450378614820700e-02 1.514385731255792934e-02
1.492428540150365218e-02 1.629634999791467961e-02
1.492611725298569753e-02 1.525110601191509256e-02
1.513634878609836261e-02 1.513780069819020344e-02
1.517289172251257146e-02 1.540972366968914285e-02
1.518994980761217105e-02 1.577449301650115862e-02
1.522695569621351948e-02 1.527523346097547571e-02
1.526199206632922363e-02 1.983399395706891485e-02
1.536452706143570483e-02 1.540452014025311608e-02
1.540366466631683424e-02 1.567035525495109188e-02
1.540686630097018277e-02 1.557996994554423226e-02
1.543272405522154098e-02 1.547639604236688941e-02
1.545336710243220765e-02 2.086619771959813754e-02
1.555186122899102248e-02 1.586952324092216760e-02
1.560939111756037313e-02 1.593724094836293514e-02
1.569259660757561792e-02 1.573924945021708613e-02
1.577533925021335631e-02 1.583144533791644784e-02
1.592473574699822259e-02 1.660051185484368030e-02
1.593005725480393237e-02 1.653934473777859959e-02
1.595828438943659722e-02 1.659232409569087741e-02
1.595849813060253378e-02 1.599488916840721003e-02
1.600657905291695896e-02 1.625641721161558834e-02
1.602870566653461296e-02 1.838455731482792344e-02
1.603016002054758610e-02 1.635827900204847932e-02
1.605241533662254971e-02 1.607563158725288169e-02
1.621980867389153508e-02 1.752600430934002015e-02
1.626625519872217443e-02 1.838902450793738694e-02
1.627110507613505411e-02 1.646699030845584846e-02
1.631108057948752951e-02 1.644150490388061880e-02
1.634314218535472957e-02 1.634594324063173842e-02
1.645321199400701442e-02 1.652855475492006829e-02
1.649624133349792202e-02 2.307364720320968787e-02
1.649880937023858601e-02 1.652386163363061752e-02
1.652702798307444446e-02 2.209516162448945525e-02
1.652915631524432341e-02 2.412092790915686472e-02
1.653989318327478072e-02 1.668347658230288563e-02
1.655953490209292195e-02 1.676984053195111277e-02
1.661593218130181723e-02 2.177362006858236249e-02
1.667064768317878115e-02 1.703159110271124446e-02
1.672986477200006511e-02 1.733920951429461857e-02
1.677256883608997315e-02 1.818492779342462118e-02
1.678857321857159593e-02 1.719606111531244569e-02
1.687058217009657080e-02 1.754845024173347021e-02
1.687621421572130589e-02 1.902662135263340562e-02
1.699623496241018522e-02 1.714637039876580615e-02
1.705950009529972819e-02 1.733149956864720245e-02
1.707177876694048607e-02 1.905504268575925267e-02
1.719818232929511137e-02 1.955373841524432263e-02
1.727827182391023994e-02 1.734792024240126851e-02
1.732335908554641021e-02 1.837716484918709009e-02
1.733402877755101101e-02 1.780717867434401108e-02
1.736114506962302406e-02 1.739768726604901117e-02
1.739186738986522179e-02 1.801306719633181605e-02
1.748748602320037912e-02 1.783411148042475178e-02
1.748997643348529710e-02 1.800639224317664502e-02
1.761751300758661321e-02 1.761774178096939605e-02
1.764362549439998235e-02 2.087169214967511330e-02
1.771115407076364126e-02 1.783739368054690355e-02
1.771567532405532094e-02 1.820447140288764670e-02
1.776940521287396699e-02 1.810026076213214555e-02
1.781651512439605053e-02 1.879474181404465483e-02
1.784798035672583577e-02 1.785348949673577074e-02
1.787609580234207629e-02 2.438969117547202733e-02
1.790176747504924198e-02 1.812434766534227332e-02
1.790359361632098273e-02 1.806609007349086610e-02
1.797834186292796010e-02 2.046660494442342423e-02
1.799716519228326470e-02 2.106240351332176047e-02
1.801984444189290435e-02 1.818061572823533381e-02
1.803869203543517763e-02 1.844147563175741258e-02
1.807631186581985447e-02 2.383483512765752904e-02
1.811891563060662180e-02 2.323010507622449636e-02
1.813163075682840825e-02 1.943287984540634575e-02
1.814010867450125894e-02 1.824990317036368631e-02
1.822888852024971695e-02 2.006414818628165023e-02
1.826174887473558384e-02 1.914571016894102765e-02
1.827554795052434983e-02 1.918211179569363767e-02
1.829241797290321117e-02 1.947416300665864158e-02
1.829389830192596975e-02 1.851576815489030040e-02
1.834157578106880918e-02 1.839986120854129881e-02
1.835383674966147710e-02 1.889548021103131664e-02
1.837745700269460478e-02 1.877358774319867751e-02
1.842681317132826430e-02 1.862844380794347054e-02
1.842965982694073912e-02 1.920904112124850044e-02
1.845808477678234638e-02 2.384676033068711121e-02
1.851466874316253994e-02 1.957672545769679681e-02
1.852946959557473863e-02 1.908277746020349552e-02
1.854789799688387128e-02 2.354976586578409747e-02
1.860898328777555594e-02 1.874748213451339282e-02
1.865486072835510420e-02 2.210987442906066011e-02
1.873072442990180581e-02 1.876324327079939222e-02
1.873870972582284550e-02 1.898723013539862364e-02
1.876804133736536748e-02 1.902440810449039510e-02
1.886265448325019981e-02 2.489592217939144356e-02
1.886520405532714911e-02 1.953855236758820363e-02
1.886585972021917121e-02 2.075175452222115594e-02
1.891111921846083677e-02 1.896713296878414431e-02
1.891606503646117363e-02 2.090343228108181017e-02
1.891850943273157629e-02 1.893254788950702108e-02
1.892105959718814664e-02 1.953441568741276849e-02
1.896702508969999590e-02 1.899572048498373786e-02
1.901456016090936549e-02 1.901806078792144666e-02
1.903370004179603947e-02 2.013119487812197253e-02
1.904209804364380074e-02 1.954410223117837575e-02
1.905137656444432642e-02 1.974268690883258098e-02
1.907210612883510070e-02 1.946935208717638643e-02
1.908912490926892649e-02 2.092096918505438954e-02
1.913498588362034028e-02 2.024069191829304393e-02
1.914373352729551586e-02 1.938709637606651076e-02
1.915750684901904033e-02 2.179765737995580099e-02
1.918192918233519242e-02 1.921451530872078303e-02
1.919527238334298863e-02 1.922346624045947680e-02
1.919629486468433718e-02 2.296970075876613587e-02
1.919750321697761414e-02 1.944604032424619364e-02
1.921128567138089688e-02 2.007879664949861753e-02
1.933226564158538330e-02 1.990548067066855858e-02
1.933774447440683372e-02 1.933859562463946177e-02
1.934633821349071928e-02 2.041011179618199348e-02
1.934687656906742409e-02 2.255979279746591487e-02
1.941545870740044033e-02 1.971638507240904004e-02
1.944316335777133281e-02 2.017694207680863563e-02
1.948030483116243439e-02 1.958799692912576579e-02
1.954398047737021527e-02 2.077672398346703739e-02
1.961963008256113750e-02 1.997578973791347759e-02
1.969219062240809559e-02 2.585834607606431884e-02
1.975342734215779217e-02 1.976850532074436034e-02
1.979296432265751499e-02 2.044984222246877190e-02
1.979309023941836984e-02 2.054255173947759985e-02
1.988284423041624532e-02 2.105196619527061053e-02
1.996028350948119562e-02 2.195329232691922358e-02
2.002069668963928073e-02 2.002321543147480079e-02
2.002212646083254347e-02 2.601947582073394979e-02
2.004459123543783639e-02 2.018295094134428883e-02
2.005020329975420318e-02 2.007047805304289570e-02
2.011931374309576526e-02 2.080290215147412997e-02
2.015587407641994747e-02 2.515356140658594683e-02
2.030862085862551042e-02 2.030916177266786984e-02
2.032377225153687850e-02 2.062172024288942349e-02
2.035084892657352054e-02 2.040377971544575161e-02
2.036440045272103205e-02 2.095815751860049397e-02
2.036466265667837006e-02 2.715173101082361123e-02
2.037696625261668087e-02 2.493155572693295241e-02
2.040854569613678726e-02 2.617550540453991020e-02
2.049108228767273360e-02 2.210905252503471419e-02
2.053122650941126975e-02 2.182400471830586719e-02
2.053779904299866260e-02 2.397970047094707610e-02
2.055634838233489844e-02 2.080419552613106682e-02
2.057318496664117813e-02 2.064363635005094302e-02
2.059257803989527486e-02 2.128684557835052588e-02
2.075776283154845761e-02 2.356273006436245682e-02
2.081462790743470945e-02 2.143165311973885614e-02
2.083603639306316410e-02 2.097472500591808856e-02
2.087278760736118940e-02 2.137092082728448902e-02
2.091270272976073624e-02 2.156082835592643826e-02
2.096419455263462753e-02 2.758889300966172256e-02
2.102075833626594614e-02 2.402331675316955045e-02
2.106397685061273811e-02 2.962995083001671373e-02
2.107492433769949519e-02 2.198333736278918274e-02
2.109100879228380937e-02 2.128655790594632946e-02
2.112899149203101637e-02 2.433228073691302493e-02
2.114510798074411072e-02 2.114743254122674471e-02
2.115131458411871612e-02 2.126742849883304920e-02
2.115142428136287250e-02 2.143871257192708074e-02
2.119313692003631580e-02 2.142553241626090135e-02
2.126662835895923309e-02 2.201458321833231133e-02
2.126788771619415874e-02 2.190648205296913051e-02
2.129482223017964415e-02 2.532751019879046425e-02
2.132412871125186418e-02 2.290855309593854694e-02
2.133391508663453479e-02 2.137416355373721738e-02
2.138123008756388083e-02 2.153923849693471435e-02
2.138413854108108664e-02 2.138864022489819772e-02
2.138670022757026279e-02 2.148707256985634556e-02
2.143864883949823941e-02 2.151591543815557436e-02
2.147116804829242442e-02 2.194259635302185998e-02
2.147253104928352474e-02 2.149825267140412222e-02
2.153670003533426913e-02 2.958119486787138055e-02
2.154118328678844910e-02 2.455918358091519968e-02
2.156913990464921077e-02 2.255510324543302456e-02
2.157627505356956438e-02 2.191867506102502736e-02
2.158385182090597626e-02 2.302233307424062306e-02
2.162656152271893312e-02 2.315506929461039892e-02
2.166646506289673924e-02 2.176689164776591384e-02
2.178322175850128106e-02 2.660060793621556174e-02
2.179598228548506808e-02 2.188300856340581399e-02
2.181154126448981226e-02 2.182288717936918185e-02
2.182288716931813852e-02 2.182805218662640934e-02
2.184204823290594732e-02 2.225396702834664397e-02
2.191993700366080128e-02 2.864213067025551604e-02
2.196145913679491135e-02 2.198784758195576269e-02
2.197013420999532549e-02 2.197156344665180880e-02
2.198673705988353141e-02 2.233883069104737606e-02
2.210701608471438151e-02 2.365021360402456280e-02
2.212540294811118219e-02 2.373813198704024380e-02
2.213032702411588462e-02 2.230153872779954902e-02
2.217066192034338953e-02 2.218877323127282572e-02
2.219018182349232968e-02 2.250825928386695693e-02
2.225954580251880352e-02 2.526631452091374422e-02
2.228472643370871253e-02 2.257186855634332051e-02
2.232203417561259493e-02 2.240859132797496170e-02
2.234704275778510996e-02 2.380471114747917394e-02
2.244115322916713506e-02 2.765009062056803663e-02
2.246395865548070012e-02 2.325053172118505401e-02
2.246950080960232604e-02 2.485982325031592735e-02
2.251203285679570162e-02 2.256164337359495287e-02
2.271377199777334030e-02 2.467159604967757852e-02
2.271520742925214192e-02 2.325507484648839385e-02
2.274823481091822752e-02 2.365692943762433276e-02
2.275010378593823185e-02 2.293837392014179064e-02
2.276440185181505260e-02 2.297838900780391908e-02
2.281765992616304264e-02 2.307963136711900162e-02
2.283122905311539899e-02 2.299328853757375349e-02
2.291160606034498351e-02 2.350642443964003417e-02
2.294202439131701188e-02 2.611544360136332579e-02
2.296022853979486078e-02 2.828225969999310224e-02
2.297805303733476898e-02 2.683255031502049942e-02
2.300491664009807202e-02 2.954240308061172396e-02
2.303443500656224274e-02 2.311773964689462293e-02
2.306239242482907917e-02 2.564798764136217227e-02
2.309310390274454255e-02 2.331836691398773281e-02
2.312967256607290426e-02 2.480215001544338119e-02
2.313899002495846055e-02 2.517118578262436332e-02
2.314004014528311254e-02 2.336212581678534864e-02
2.323488782447515749e-02 2.339397101919494376e-02
2.325525501886426677e-02 2.347793737967818206e-02
2.327760717506112756e-02 2.341780900080515926e-02
2.330749659033402171e-02 2.346963385913568637e-02
2.331886084011699362e-02 2.350109027374124721e-02
2.336781854175342538e-02 2.492439853841938238e-02
2.338864471060787820e-02 2.377307060728713756e-02
2.343094738682727218e-02 2.436978296496288693e-02
2.344169973898651074e-02 2.354371626918545096e-02
2.347627147008536294e-02 2.419872191232102371e-02
2.348288936265941623e-02 2.406447827802445094e-02
2.349291069212615379e-02 2.487468599583632020e-02
2.349937617405827017e-02 2.481781975241681426e-02
2.350134819249648579e-02 2.898176281522315406e-02
2.350659075794819461e-02 2.392803499190029881e-02
2.351405415198568397e-02 2.534271967299293188e-02
2.356046256265676916e-02 2.374763121515209574e-02
2.358181507078274328e-02 2.358183347554433304e-02
2.360604948342485271e-02 2.361587588468601687e-02
2.370008929766635741e-02 2.412801771599271464e-02
2.372565581792680095e-02 2.459135856270748891e-02
2.374449801938067345e-02 2.425176654417207991e-02
2.376003267421259238e-02 2.629139483830032764e-02
2.376079027715180536e-02 2.380117335192911965e-02
2.376263794040171448e-02 2.378908431148534300e-02
2.380617195868233588e-02 2.382580801720044633e-02
2.387041152540219854e-02 2.399460792808964793e-02
2.387246005158294090e-02 3.061679089393502112e-02
2.387402718441532928e-02 2.414293276188162266e-02
2.393103938981143430e-02 2.450509844778121088e-02
2.394225487519883316e-02 2.418717757173925037e-02
2.396179857020361986e-02 2.400392390340474677e-02
2.397078106966200536e-02 3.289641890559908549e-02
2.400056318297508900e-02 2.433321608936472868e-02
2.406211603160985854e-02 2.408009211642451672e-02
2.408958604133677045e-02 2.422662681984086297e-02
2.411285819231086605e-02 2.414952036858900031e-02
2.417420373143633686e-02 2.418409017681442952e-02
2.418028098186299213e-02 2.538848139419523989e-02
2.418659212415033913e-02 2.447855219780554689e-02
2.429382969544404552e-02 2.481360631970715852e-02
2.432966749029099110e-02 2.433189306010402619e-02
2.438068609831569797e-02 2.643627866342377827e-02
2.438918531778701271e-02 2.469111559286965227e-02
2.439070209102631517e-02 2.944202392550108321e-02
2.440471517457763403e-02 2.452002970511871910e-02
2.443036275793549969e-02 2.634956740846176176e-02
2.452798474667951950e-02 2.459447529767543397e-02
2.453446418445564409e-02 3.027046717083154218e-02
2.456081007528053417e-02 2.486125378011215872e-02
2.458208946856714830e-02 2.622203917222036204e-02
2.458808415478797027e-02 2.475072256570156129e-02
2.469639085802746367e-02 2.472837378577182749e-02
2.471569534881717239e-02 3.731850185894836081e-02
2.477814043184401946e-02 2.864694773964448007e-02
2.478419578112348726e-02 2.556426445653803628e-02
2.482129477153065256e-02 2.530355092593673111e-02
2.486490793746882338e-02 2.574483141406976039e-02
2.487170315837085657e-02 2.489500296101736926e-02
2.489509091181582243e-02 2.497814259571087478e-02
2.492000918036336998e-02 2.855445672227746243e-02
2.495717274632476210e-02 2.513258874330617093e-02
2.496984455788958321e-02 2.656265510920048992e-02
2.499430828535616905e-02 2.746500863606517878e-02
2.504036971898443084e-02 2.510891087654133769e-02
2.512414886223382493e-02 2.534476325677672073e-02
2.524702556544055482e-02 2.565025966026404647e-02
2.525015997728139588e-02 3.286258117325818046e-02
2.527812594107419278e-02 2.554704780264470398e-02
2.536001786209323566e-02 3.111956076645957386e-02
2.538560454193688684e-02 2.579999332057181932e-02
2.545217342834069085e-02 2.779395012194691567e-02
2.546612030179322417e-02 2.552732358196097354e-02
2.556099299387539631e-02 2.649796976129093970e-02
2.564623863273843632e-02 2.611432613635478184e-02
2.567330527512140526e-02 3.797647917638952153e-02
2.570867520767984929e-02 2.574722862845988877e-02
2.572917759583229907e-02 2.573236944160998615e-02
2.575911491224913002e-02 3.478927495341578580e-02
2.582761766956270799e-02 3.440711242401259945e-02
2.585302838239922699e-02 2.878579763589064755e-02
2.589915855747253887e-02 2.590413365136215798e-02
2.593992633452730720e-02 2.654200173260809481e-02
2.599661865598675708e-02 2.749172554588541484e-02
2.603078341658232944e-02 2.653405119648215640e-02
2.605593254205167478e-02 2.615142085554711393e-02
2.606533157673494860e-02 2.614153314737628978e-02
2.617872974472374228e-02 2.620224971791818708e-02
2.643754690712445815e-02 2.665698735533127139e-02
2.646713875003630159e-02 2.647754910173328452e-02
2.651402144587582110e-02 2.682705904932446150e-02
2.659654075882940394e-02 2.660820084548174216e-02
2.660376259600841925e-02 3.207117138901078440e-02
2.661808429602694620e-02 2.661997022404715904e-02
2.665364530280159988e-02 2.671553853449812679e-02
2.665536351820561520e-02 2.812056931855631825e-02
2.666749082095924359e-02 2.673995134145385963e-02
2.669055853583730126e-02 2.793304547504856308e-02
2.671098625821794609e-02 2.999598708336407779e-02
2.671476602855940227e-02 2.674780889585185936e-02
2.671973393445902303e-02 2.690232013864261515e-02
2.672460735041513533e-02 3.200388196954542797e-02
2.673165029665217768e-02 2.894235972066930979e-02
2.673786088882952605e-02 2.676454347418744453e-02
2.679599294991092187e-02 2.679604698778744604e-02
2.680371946587867954e-02 2.713095190173068355e-02
2.686191199972041976e-02 2.914445663897654443e-02
2.694301309463257785e-02 2.715602516209920589e-02
2.698968655504471043e-02 2.823649782634312516e-02
2.715058864240028208e-02 2.780777233900380216e-02
2.717859649227055349e-02 2.718008731643607040e-02
2.718497529636129673e-02 2.975662246156508470e-02
2.719028969280152738e-02 2.757215674294866831e-02
2.720031427341930777e-02 2.755269721369174238e-02
2.721398469898955383e-02 2.732128858995171161e-02
2.731296113860745556e-02 3.085998546465366921e-02
2.739166461790192367e-02 2.844899193338225329e-02
2.746579891463489520e-02 2.757027270328763630e-02
2.755039396644037505e-02 2.952043619977869418e-02
2.757591267156592890e-02 2.893946487168410492e-02
2.768050893582978469e-02 2.772931380601425383e-02
2.776470801070556743e-02 3.848257208145491187e-02
2.777721944684596184e-02 2.796250466257098333e-02
2.785306899531772573e-02 2.856301010947492891e-02
2.794231831441738520e-02 2.848389548811873853e-02
2.800304578478040110e-02 2.805364721983125142e-02
2.801421947925801514e-02 3.057548892167841550e-02
2.803170621201847568e-02 3.074743643129645640e-02
2.817541846528944655e-02 2.818358039093843415e-02
2.818316591936662410e-02 2.993377605991686882e-02
2.818607606766505499e-02 2.838877360212639991e-02
2.819877678803884083e-02 2.890917461080863907e-02
2.822223393431796956e-02 2.855480342714653008e-02
2.822588419019149766e-02 2.955008042852557554e-02
2.822882006407126040e-02 3.791846522556823612e-02
2.827008680700607637e-02 2.934910968937430933e-02
2.827535056721249343e-02 3.536023172130060149e-02
2.832312548809907266e-02 2.920288482051277418e-02
2.834618946878647225e-02 2.975360136265866109e-02
2.836185960923355912e-02 2.855730697189293871e-02
2.839697930156368996e-02 2.938693795214762997e-02
2.845802558773852936e-02 2.846071293220616555e-02
2.855148181450241004e-02 2.898385811223324823e-02
2.855803257193742506e-02 2.867742289751845294e-02
2.858268970732473838e-02 2.892418582182068598e-02
2.866351402207174479e-02 2.905800115400249475e-02
2.867873396516041826e-02 3.211807189763392356e-02
2.871245831804526694e-02 2.995840776446720075e-02
2.876211337448810260e-02 3.250052890151007567e-02
2.880328093482320204e-02 3.049936755302349450e-02
2.883094043691378575e-02 3.105338091775805207e-02
2.883599348127138112e-02 2.913473102066977197e-02
2.884192102130409344e-02 2.941679674239440836e-02
2.896281878610467223e-02 2.908082677129584029e-02
2.897332590157571802e-02 3.065276922915313382e-02
2.897957103242028779e-02 2.904319628300595924e-02
2.899899885941788213e-02 3.106954850497714929e-02
2.901178140146765463e-02 2.923687960226918625e-02
2.901605037639143000e-02 2.933485757102034450e-02
2.909714519704526686e-02 2.926176014141437104e-02
2.910970364639801911e-02 3.135442559335514801e-02
2.917264920928979918e-02 3.081088347333203054e-02
2.917430441743398134e-02 2.918737407375817869e-02
2.917754090479498033e-02 3.863311058613771998e-02
2.918163750464307024e-02 2.918264171682624294e-02
2.918518518823099914e-02 2.930565941589114223e-02
2.919083260092768251e-02 2.987305071748796656e-02
2.919357964172141981e-02 3.683852981958633116e-02
2.921239520608191753e-02 3.017041477021597737e-02
2.925757622363149915e-02 3.572644138455939589e-02
2.929616381146863888e-02 2.984461999019633396e-02
2.930821100146430158e-02 4.072131647297819873e-02
2.935633449072556217e-02 2.945174573336503676e-02
2.935916435591536672e-02 2.968290241460742884e-02
2.936607711277320482e-02 2.936696522149940050e-02
2.939257115595571984e-02 3.502350312836429586e-02
2.939999264106109289e-02 3.214430051445887199e-02
2.942218590959186711e-02 3.054813609544391670e-02
2.943278804513495620e-02 3.091245367670574645e-02
2.945524862557429360e-02 2.957434859480987527e-02
2.955423690445346807e-02 2.955542158847769205e-02
2.958833162617448276e-02 3.622513342749657944e-02
2.968637749607110771e-02 3.023147378126695914e-02
2.975154742291121271e-02 3.166209631782389983e-02
2.977517592677919947e-02 3.017646028909580849e-02
2.978347366051217748e-02 3.581544641557406899e-02
2.981936734319389284e-02 3.440033301223920092e-02
2.983241269829639206e-02 3.292717710523293539e-02
2.985433127679705187e-02 2.986688622484047137e-02
2.985483750158632321e-02 3.025377625933816858e-02
2.990957315974427863e-02 3.009363827230192301e-02
2.993809417796312530e-02 3.015955361837740697e-02
2.994642990394798601e-02 2.996901185491453526e-02
2.995724720522793469e-02 4.198972263947121225e-02
3.000649666182888739e-02 3.022544900427354131e-02
3.002372649664277263e-02 3.686418801357189273e-02
3.002521222350937671e-02 3.787423645578538028e-02
3.002760752886089388e-02 3.041261896193536013e-02
3.006752134288114345e-02 3.108065609443756705e-02
3.007314075996642480e-02 3.247057236507155942e-02
3.013292283874488900e-02 3.059905000727967603e-02
3.014268127711552947e-02 3.019845231598203283e-02
3.014580152516621592e-02 3.238116235263498177e-02
3.015656694659945083e-02 3.200436627764087494e-02
3.016272003985872446e-02 3.295086090679456153e-02
3.018363003134187650e-02 3.153046851299600578e-02
3.019078481804286784e-02 4.153250971743934622e-02
3.021517965108429932e-02 3.101854398381400507e-02
3.029039379392936202e-02 3.074670440306170871e-02
3.034642718928193608e-02 3.097787009879156978e-02
3.037659170314094964e-02 3.619652019243593810e-02
3.041350341890584896e-02 3.438984886995378326e-02
3.042259679878533615e-02 3.179241826868148268e-02
3.046040561847617248e-02 3.509170723932401870e-02
3.051684574270906516e-02 3.054351830704438164e-02
3.058599576028737249e-02 3.072224071715809121e-02
3.061537735632394175e-02 3.068880247302406550e-02
3.061937409609328739e-02 3.110122887088326293e-02
3.063202250985245720e-02 3.079174146213124047e-02
3.063449155573414948e-02 3.215676916838536986e-02
3.063664394651075679e-02 4.183001331702262959e-02
3.063828168658014675e-02 3.098295947410451695e-02
3.067812130667029943e-02 3.101574525050445480e-02
3.069595229281770615e-02 5.074131692633505192e-02
3.076379920721672434e-02 3.097008004251504409e-02
3.079758056447005551e-02 3.133863222551935834e-02
3.080549052608082955e-02 3.602562217375520487e-02
3.083436033092181935e-02 3.091622476947808798e-02
3.085847610308777023e-02 3.170917863476267751e-02
3.087929827822448806e-02 3.182627492060366436e-02
3.094622530148832470e-02 3.370962741095507448e-02
3.097103057527918549e-02 3.164495388204172088e-02
3.100999077330611822e-02 3.145123586769112134e-02
3.105702074480840014e-02 3.127602739914477764e-02
3.105928362240265028e-02 3.106162383064622889e-02
3.110743060389504697e-02 3.433129123814300521e-02
3.116530024332411428e-02 3.334340056774751787e-02
3.117349246872959043e-02 3.954399660106631270e-02
3.117644940136218498e-02 3.208691825159514649e-02
3.121564259472858066e-02 3.135961483147727685e-02
3.122524467177758417e-02 3.147122510430216263e-02
3.123881922877363299e-02 3.273873353682010823e-02
3.125161406936175640e-02 3.220957294272971949e-02
3.126371156130424572e-02 5.116585544538489183e-02
3.131518812394162160e-02 3.291278514839394292e-02
3.133054674576019744e-02 4.361853867104353161e-02
3.134574330483314020e-02 3.251957606556509645e-02
3.137765498735177461e-02 3.138549315828985387e-02
3.141562037950099834e-02 3.200273776907942846e-02
3.145620298455699404e-02 3.291405157592881825e-02
3.145769585386880979e-02 3.294994046989999786e-02
3.147284534921703653e-02 3.242504957934743554e-02
3.150736915005674516e-02 3.184976425013018309e-02
3.159980170863319060e-02 3.160931130537179834e-02
3.160198415012639706e-02 3.764458280717524613e-02
3.167731077148878277e-02 3.168576179848343194e-02
3.169535822301477318e-02 3.320295586426635914e-02
3.177144889895961583e-02 3.737409962887867920e-02
3.179615109892912350e-02 3.196375744566071209e-02
3.184698698390443089e-02 3.371740297594278540e-02
3.187434850716188567e-02 3.240958931523824776e-02
3.187913551816007329e-02 3.200859886648813740e-02
3.189289141706878189e-02 3.201409218016181696e-02
3.196578134230456530e-02 3.203323399753463252e-02
3.213336484360677231e-02 3.214334913971782920e-02
3.213798851963586833e-02 4.757604691448568540e-02
3.214513220773030505e-02 3.512150287996929077e-02
3.217627846693605492e-02 3.222391924000238272e-02
3.219568168010998599e-02 3.661747733013219486e-02
3.220771598600038338e-02 3.249370223271087071e-02
3.223343418929869308e-02 3.223632412097645478e-02
3.224010732475154906e-02 3.238671761118670084e-02
3.227009352284068711e-02 3.334773802957698152e-02
3.227576058090001615e-02 3.267549386488582258e-02
3.230795571422229867e-02 3.309720224851048220e-02
3.241203104855715222e-02 3.241386626799202392e-02
3.248472478411943559e-02 3.320070481327016404e-02
3.251738225260448339e-02 3.268234180920760734e-02
3.256092678376550087e-02 3.266056005905244169e-02
3.256332855954147815e-02 3.265600594309998883e-02
3.256835755150243317e-02 3.460489836804455516e-02
3.257647900555309811e-02 3.582522957144929771e-02
3.259727523457497944e-02 3.505515518924592205e-02
3.260661490581567151e-02 3.418370848883296037e-02
3.261141419925846913e-02 3.264348880513887746e-02
3.262998538291572020e-02 3.388802709890705728e-02
3.263205815692406947e-02 3.304342587087640698e-02
3.266947278057260456e-02 4.923949303954281570e-02
3.277529973501569494e-02 3.434891721818168070e-02
3.277662547117034253e-02 3.381484373119802295e-02
3.279536782115020921e-02 4.017713896990569855e-02
3.280931358100349499e-02 3.286941305177080302e-02
3.285023248125737427e-02 3.319480721974818471e-02
3.285359219614886889e-02 3.579882061056678666e-02
3.286740586887737514e-02 3.287311073095536967e-02
3.286823178713324523e-02 3.321300376532663329e-02
3.286880439833163303e-02 4.213582570644370390e-02
3.287188141697742344e-02 3.455707799674609393e-02
3.289014761225107081e-02 3.572375563412426985e-02
3.289497266222289606e-02 3.311559769204996256e-02
3.292696099689215727e-02 3.447395927879941258e-02
3.297973971334454413e-02 3.301361684956971576e-02
3.300461486058570149e-02 4.103699739602445495e-02
3.302144373920526399e-02 3.366074712232740990e-02
3.310622397706115827e-02 3.317098372967902664e-02
3.311879871810207571e-02 3.417873639841657873e-02
3.312343199835778018e-02 3.354856458144484660e-02
3.318063934285760130e-02 3.352008724880154583e-02
3.325650572132228533e-02 3.397413411659862964e-02
3.327638117528319145e-02 3.334046116642821328e-02
3.328267174578259519e-02 3.331355146724204741e-02
3.328272906762334837e-02 3.560286164283673477e-02
3.332030147897814543e-02 3.954605636873296387e-02
3.335286936952429337e-02 3.558942297574942126e-02
3.336051381346287481e-02 3.378608262727901546e-02
3.339654940968338204e-02 3.699678187165334614e-02
3.342037520834344883e-02 3.565888384038323061e-02
3.345864791618579498e-02 3.616884378384387783e-02
3.348141725795857060e-02 3.363183196790243273e-02
3.352228134990490466e-02 3.388160996581216639e-02
3.353154734191405445e-02 3.699882106639509199e-02
3.355167096054920139e-02 3.565960683920904595e-02
3.358000188200426644e-02 3.358381889310804724e-02
3.363472112962519189e-02 3.366091086777259905e-02
3.368298319927013479e-02 3.893906385027044725e-02
3.369497167333825732e-02 3.468287652556401729e-02
3.371805160948065927e-02 3.762417291765211835e-02
3.376642913369520826e-02 3.391791293813193470e-02
3.389161337979112315e-02 3.463920916567689301e-02
3.389779200336578979e-02 3.440963543410314324e-02
3.390708214102582108e-02 3.394151937111068718e-02
3.402571242230457982e-02 3.553122783637634868e-02
3.403296106541900401e-02 3.728238259282048300e-02
3.411351400588711474e-02 3.412219755515794734e-02
3.413044612563546215e-02 3.717174471128093655e-02
3.413829078436407538e-02 3.426896264769578593e-02
3.416724968928241957e-02 4.802543053730162076e-02
3.418348843014892835e-02 3.657087548491307072e-02
3.420707483821720102e-02 3.444637276715235147e-02
3.420923444972481103e-02 3.420966547594572749e-02
3.423034619205318069e-02 3.485449521106311066e-02
3.433415727761130604e-02 3.473844353694453130e-02
3.434680358333256495e-02 3.462816921116683433e-02
3.435673126392449483e-02 3.474491250831852895e-02
3.438292450826512664e-02 4.820686485777014169e-02
3.441390936518537447e-02 3.850039090796100044e-02
3.444953403526773705e-02 3.495108390663899389e-02
3.447467790134565307e-02 4.419861440976997208e-02
3.448393554864599697e-02 3.450254928606343030e-02
3.452715459232666428e-02 3.940567711291665526e-02
3.456215198024234492e-02 4.711018829218235199e-02
3.456837576443335530e-02 3.616915146884056020e-02
3.462893833962035067e-02 3.557531091576907056e-02
3.465918787070990797e-02 3.513979850057114690e-02
3.466273573209903425e-02 3.584978410206416527e-02
3.470167706494481363e-02 3.810575784745635908e-02
3.473870719463097861e-02 3.630399712779733279e-02
3.483628770040692740e-02 3.485184650310099719e-02
3.483748362968269729e-02 5.202841278340207543e-02
3.483796350826782323e-02 3.486113411616115904e-02
3.487332423517815888e-02 3.657377415599320086e-02
3.488712430204829462e-02 3.652916519501031578e-02
3.490379835505291045e-02 4.335563950736464472e-02
3.491470400861648032e-02 3.544120675977999180e-02
3.495400603365294429e-02 3.535082354040851998e-02
3.502553192398358967e-02 3.510114085305923032e-02
3.509921225780370663e-02 3.518072628881681319e-02
3.512091311276839545e-02 3.530521275833165690e-02
3.514124867001289926e-02 3.561776862060498511e-02
3.524648219685953821e-02 3.525441232432345584e-02
3.525655862448026645e-02 3.598844052989579739e-02
3.526453147874332450e-02 3.674312446105462010e-02
3.529307200049806165e-02 3.537123495657962247e-02
3.530828664687882257e-02 3.579324427965528688e-02
3.533452177711627479e-02 3.828350389993846747e-02
3.539608402126488695e-02 3.759202548444961350e-02
3.541282695867616070e-02 3.542228312776184163e-02
3.541497282942640545e-02 3.606650417532033387e-02
3.542748796229693714e-02 3.573684932637532369e-02
3.543084187692837478e-02 3.546654190688941499e-02
3.550641046044958338e-02 3.586179551021645429e-02
3.555309236002027889e-02 4.363623562488681829e-02
3.558900355018475292e-02 3.674786849463925614e-02
3.559185531552567366e-02 3.590778104332446180e-02
3.564875236583091994e-02 4.109638355724393177e-02
3.566247573937302712e-02 3.585026674439031197e-02
3.578377212113267869e-02 5.309171853958990356e-02
3.578608110286044669e-02 3.587043472399394084e-02
3.582422252866555856e-02 3.822554555192454739e-02
3.583163497380393442e-02 3.789129598759169437e-02
3.584380482446605787e-02 3.584585670103825755e-02
3.588873035488895913e-02 3.589075981064276250e-02
3.590432252519001888e-02 3.704766520357558046e-02
3.592169363561256712e-02 3.661478002121421049e-02
3.594890542422839175e-02 4.079610812244866686e-02
3.596073991108370699e-02 3.596965663455724271e-02
3.600891325015461580e-02 4.076913965921735716e-02
3.602661888787895422e-02 3.672019520768613626e-02
3.602768994426085170e-02 3.626839149079143926e-02
3.605673443171462239e-02 4.132690018124318687e-02
3.611616242182753844e-02 3.723954865613555293e-02
3.613417179012468061e-02 3.753188842423144794e-02
3.613460954888616378e-02 3.887113013443774245e-02
3.641226783326082656e-02 3.857630416821473257e-02
3.641452814149676032e-02 3.882862130599358530e-02
3.643388741847309459e-02 3.643593606089772646e-02
3.644560154038160860e-02 3.804705013288426502e-02
3.650198748567292512e-02 4.562469620240199725e-02
3.653473162272329738e-02 3.843867685128127959e-02
3.660762024384819208e-02 4.005774422476988950e-02
3.671518491383614358e-02 3.865889870701313957e-02
3.673156461780931192e-02 3.817746982326500338e-02
3.674742187192393122e-02 5.041614253722010580e-02
3.679131434736823691e-02 3.992350340579678414e-02
3.681187239437155173e-02 3.734805697284560022e-02
3.684836618655915746e-02 3.782891921194412449e-02
3.684941043574003344e-02 3.806096767856562146e-02
3.685712513051617872e-02 3.783339782147617653e-02
3.690280984072985548e-02 3.708493699773311725e-02
3.696968354721515138e-02 3.801642337855822701e-02
3.697176779567208638e-02 3.782724839870699879e-02
3.697475372726891779e-02 3.846881006728106178e-02
3.697986944641629137e-02 3.699356673720718275e-02
3.699779795572664953e-02 4.167659920433686854e-02
3.700691374527399768e-02 3.867115015167519460e-02
3.706308148819887488e-02 3.890108011284565404e-02
3.706392987649449050e-02 3.926310215673500109e-02
3.708800267898789554e-02 3.891084093768625712e-02
3.709055904956405636e-02 3.737893176394500167e-02
3.711115759413900067e-02 3.715554388152384618e-02
3.711979745264226693e-02 4.050020198670500199e-02
3.713560700181870594e-02 4.108355736644344475e-02
3.714421513086497983e-02 3.740924028187668504e-02
3.715380899735171161e-02 3.931952022535972757e-02
3.715677232291741960e-02 3.724827076727114245e-02
3.716560165837173857e-02 3.765452479582312439e-02
3.719593110084493115e-02 3.796494715969058603e-02
3.724874691478811256e-02 3.870584665882099984e-02
3.730561994519022290e-02 3.743845010669195200e-02
3.730614898809333363e-02 3.769546309418403407e-02
3.731179747530241619e-02 3.731790774339972805e-02
3.737475242349508342e-02 3.766291591055800220e-02
3.740465335765395805e-02 4.005018080917215756e-02
3.743329968223790827e-02 3.821894181592565970e-02
3.752356554154129969e-02 4.033635979686635287e-02
3.754230308869968558e-02 3.972225680544238385e-02
3.762438131771816963e-02 4.214426070328265717e-02
3.768124797131475190e-02 4.265515503292880567e-02
3.768713272626399852e-02 3.963068377589267638e-02
3.771670105294969155e-02 3.911712255389542675e-02
3.771987727597312517e-02 3.792355772280343179e-02
3.776952229933278060e-02 3.926537043019225071e-02
3.786263071418468490e-02 4.201697728041585422e-02
3.786641974299547603e-02 3.937932772504376677e-02
3.787060642446696268e-02 3.918009051291653638e-02
3.793431907922295565e-02 4.078546070379921590e-02
3.795612035358384567e-02 3.874761044375571450e-02
3.802934106672797854e-02 3.802968653204307631e-02
3.804046435058248271e-02 3.804851422927048310e-02
3.809266649554030049e-02 3.829560990319998137e-02
3.816489594103663480e-02 4.278514826256157866e-02
3.817470766521447595e-02 4.025704472585822646e-02
3.822390463666636151e-02 3.843255043509877927e-02
3.834543840495404504e-02 3.969861273697070786e-02
3.850172880625271632e-02 3.858623714815070938e-02
3.854547655733301520e-02 3.858298342935233272e-02
3.854585700201924175e-02 4.273180617544324739e-02
3.861038101327629590e-02 4.145618916590958908e-02
3.863197157148268862e-02 3.928690415044391870e-02
3.867309695171918665e-02 4.678125623153638057e-02
3.869623913616869471e-02 4.529475032161108666e-02
3.877475347570929348e-02 3.900639808532282288e-02
3.878506292035157482e-02 3.885648892882968136e-02
3.879491295180261673e-02 4.432969769365902035e-02
3.880951323721012342e-02 4.187945927694036036e-02
3.886462652178015315e-02 4.035359960634310461e-02
3.887249516029031571e-02 4.210146307983982095e-02
3.897886186504196521e-02 4.018183654959430612e-02
3.903123767997845189e-02 3.908398028919191081e-02
3.907078930324898308e-02 3.946981256958867479e-02
3.911185467318038095e-02 3.916061486019953991e-02
3.919447288175122168e-02 3.986332757908853108e-02
3.921534082096175822e-02 3.921903842805433971e-02
3.924540706557004544e-02 4.002232971263720851e-02
3.931227907692096124e-02 4.004035282917583344e-02
3.937337128273266790e-02 4.225002299250329996e-02
3.943219696399803686e-02 3.949634642235808069e-02
3.944371785907625771e-02 4.077765503038468381e-02
3.946166835413108392e-02 4.163460019736446582e-02
3.951440422716966105e-02 4.092857580103846649e-02
3.955169720459172228e-02 4.009161549921086420e-02
3.960417857864789032e-02 3.960782853150630195e-02
3.965351316420292344e-02 4.196006584153761515e-02
3.967014195830433770e-02 4.018621864008065092e-02
3.968269918847779770e-02 4.470431939570539137e-02
3.975321704078997598e-02 3.977597762141672072e-02
3.975669266413252301e-02 3.985512100736337410e-02
3.976302005241993259e-02 3.976668712875578576e-02
3.978703360932837191e-02 4.041399791836748634e-02
3.986098714494890755e-02 4.378978153187690348e-02
3.988435841839439722e-02 4.151646025765055870e-02
3.992587658533258005e-02 5.072269567940271978e-02
3.993659095693595507e-02 4.041042279645916391e-02
3.999486716757483240e-02 4.431713016873785327e-02
3.999673931210731559e-02 4.005965078392142997e-02
4.006833697927094512e-02 4.525741825459578260e-02
4.012993257921049217e-02 4.038977731134515969e-02
4.026650915586191953e-02 4.163683750873850564e-02
4.027665957604923547e-02 4.247202430774008747e-02
4.030560292160725866e-02 4.049289636265000075e-02
4.033986811702393316e-02 4.743259144402394573e-02
4.035670897811034774e-02 4.057136171986337053e-02
4.048933175618514568e-02 4.075745585270657001e-02
4.050431943065384288e-02 4.132432659768223854e-02
4.055086269954940453e-02 4.277070973536625798e-02
4.055295795565257155e-02 4.092967233043680320e-02
4.056339060356328741e-02 4.083819743804225494e-02
4.060733674743743221e-02 4.244212492130181730e-02
4.064895195573910158e-02 4.077507954355929359e-02
4.065555317791910012e-02 4.524339140460584274e-02
4.070642600166216735e-02 4.297629517910717123e-02
4.076302250094320651e-02 4.093406345759278281e-02
4.084591124623886127e-02 4.275420646379891887e-02
4.092048747541858489e-02 4.094244517927400628e-02
4.104478024544709613e-02 5.048796048156752037e-02
4.105378484052307070e-02 4.788199964516088453e-02
4.108432865379202381e-02 4.317631743657877885e-02
4.111816670288870323e-02 4.147576688997575700e-02
4.113907046779403248e-02 4.114103073971095426e-02
4.123959837553130281e-02 4.328797858925558656e-02
4.128560906281911191e-02 4.143579957554143628e-02
4.129635818647632572e-02 4.422295820622786089e-02
4.131277598146845115e-02 4.135525806128973608e-02
4.137153101054120291e-02 4.356043408295402763e-02
4.138730327927793440e-02 4.161200272796383715e-02
4.139819431229956742e-02 4.374865980240972424e-02
4.157066986488412719e-02 4.182304850672334540e-02
4.157123599115531559e-02 4.841864027069096160e-02
4.166869817261963788e-02 4.386685246046163195e-02
4.170516991579299726e-02 4.395290701833752534e-02
4.180685654597093848e-02 4.180933238428028581e-02
4.181093497486190746e-02 4.189670965230784389e-02
4.189515091891798937e-02 4.207442073282266493e-02
4.189613309848430611e-02 4.226489852041159789e-02
4.194538705849790161e-02 4.539754160260593696e-02
4.195536245571871575e-02 4.212620610070648419e-02
4.200189223921094867e-02 4.202767590140975978e-02
4.204236284500709186e-02 4.864142235297636702e-02
4.208619027364429027e-02 4.344215175716041599e-02
4.209823999829415131e-02 4.212227962606418519e-02
4.223094288836269639e-02 4.274357054432247754e-02
4.226670184212998754e-02 4.227063134608545492e-02
4.229517405804442826e-02 4.268088841632277503e-02
4.230162524262917612e-02 4.230947052583111656e-02
4.239469024510996581e-02 4.590817733258108213e-02
4.240507549700598539e-02 4.303735775306887640e-02
4.267190147972375891e-02 4.306514011819943810e-02
4.271447826426178623e-02 4.272700087351091747e-02
4.286505967046383425e-02 4.292442089607124978e-02
4.290846190727456988e-02 4.292442934080867301e-02
4.313919489245080646e-02 4.464194006573603962e-02
4.319024138623796250e-02 4.320638416422339922e-02
4.322154076977670345e-02 4.369553927887417921e-02
4.322269262075028456e-02 4.381407381177836180e-02
4.322438636111966548e-02 4.336678726279359630e-02
4.336464721970486463e-02 4.476562006195248383e-02
4.345422754009421740e-02 4.398159938383748579e-02
4.352333354088430001e-02 5.127957202571199746e-02
4.364584151879896678e-02 4.401243354608423003e-02
4.370476693874868895e-02 4.376623981650509809e-02
4.377939121680093221e-02 4.378650747884228756e-02
4.388483117042502046e-02 4.389270635769315643e-02
4.392969103237569228e-02 4.466547973479589873e-02
4.395660030716708189e-02 4.434865588721556562e-02
4.397560499000515571e-02 4.398890906905214560e-02
4.401400805367311486e-02 4.401528379735277635e-02
4.413878594598051597e-02 4.444577029490621306e-02
4.414449918987316257e-02 4.450853470534683193e-02
4.414626683287128234e-02 4.664473417540210276e-02
4.420100395673544347e-02 5.032184190148738384e-02
4.420699890807916477e-02 5.042693528027578087e-02
4.426096990262867736e-02 4.473560336535806897e-02
4.430049949603496323e-02 4.430090786208472353e-02
4.430154373690944891e-02 4.864999940717733978e-02
4.434752806025702571e-02 4.526569239685498958e-02
4.440046329265968927e-02 4.444976248887683862e-02
4.440526901726621345e-02 4.511472990790194731e-02
4.444283947125171608e-02 5.508655773581167675e-02
4.449399445477938281e-02 4.455819338579551647e-02
4.455341826637953390e-02 4.938458650382043097e-02
4.478987745508908325e-02 4.490763411489424178e-02
4.496378377440215374e-02 4.639160714371109301e-02
4.511605921249688123e-02 4.511608516329063817e-02
4.512576274290838046e-02 4.590902577985327138e-02
4.517992768658634500e-02 4.538325107738181569e-02
4.530670957723860470e-02 4.775150802006392775e-02
4.534812564538628216e-02 4.561991632426642268e-02
4.552509619695077614e-02 4.552511502981487768e-02
4.565115929315503168e-02 4.714091374946821622e-02
4.596031117039527797e-02 4.604199176080425726e-02
4.597166231943537740e-02 4.613324689019857733e-02
4.606922430080335334e-02 4.621487231867364709e-02
4.614707578818046108e-02 4.674946156634284672e-02
4.628988444230942162e-02 4.892461439189838002e-02
4.634122733334401084e-02 4.919198446486901938e-02
4.638832135348087971e-02 4.684314670192789992e-02
4.647380109119235436e-02 4.666101557848682108e-02
4.649483629196043966e-02 5.269047196186242565e-02
4.655581008510755597e-02 4.975145486908470749e-02
4.657019669530079731e-02 4.732581239635338249e-02
4.659717083316213676e-02 4.660789192597276226e-02
4.678444279233891917e-02 4.989680052027316987e-02
4.687865400417569328e-02 4.688884511488661255e-02
4.707301606107878317e-02 4.759651610081474388e-02
4.715557286160052680e-02 5.016533525847696739e-02
4.722484935350475949e-02 5.146416403930008376e-02
4.724657629546458182e-02 4.727449199138308161e-02
4.725234529723985888e-02 4.734503432965678910e-02
4.736484631303553711e-02 4.738916250726234181e-02
4.741139520981305783e-02 4.887637159829762157e-02
4.760398569577566769e-02 4.848204369154199972e-02
4.767940520967638846e-02 4.932753128265898734e-02
4.772271936995858138e-02 5.135925820726899849e-02
4.774465278558361753e-02 4.817569131202580068e-02
4.779926527001782111e-02 4.780449949669585835e-02
4.780065528290189381e-02 4.784012227361139624e-02
4.785230155979510597e-02 5.179446406676371101e-02
4.786818240612356057e-02 5.023445605417292681e-02
4.789716812877799906e-02 4.889481053588226600e-02
4.790284122260717037e-02 4.937668935273092918e-02
4.795057307415707265e-02 4.795364782278811744e-02
4.800905860177387408e-02 5.491752354837493855e-02
4.822788169778369910e-02 4.918379166271418662e-02
4.826907804260601592e-02 4.868746452154842225e-02
4.843809876014296134e-02 4.875034160254562710e-02
4.856430046201783840e-02 5.030131439454042785e-02
4.882062230582739221e-02 4.884396282300083186e-02
4.898262723542188418e-02 4.898309535698054662e-02
4.902397030512765236e-02 4.950503417303214748e-02
4.902536103656623262e-02 4.903999291081190953e-02
4.905286703122137271e-02 4.973052758443701621e-02
4.989734387668814247e-02 5.004314797813901733e-02
4.996822954123385230e-02 4.997358714334314278e-02
5.000421857848057205e-02 5.015174296754262157e-02
5.002341364423510545e-02 5.020183185971683476e-02
5.005521936785323894e-02 5.050596569385736728e-02
5.006124089202062394e-02 5.049277608660334565e-02
5.008798061190106177e-02 5.012698148075243887e-02
5.014497623503768459e-02 5.015413296092956219e-02
5.015885892466146606e-02 5.027481205031654465e-02
5.016508849039002377e-02 5.020341173325781198e-02
5.033016117881657786e-02 5.332570103476648449e-02
5.056373682425929078e-02 5.056534133916855411e-02
5.069299397495478227e-02 5.108175247031889604e-02
5.098525090766674317e-02 5.134888322138011357e-02
5.124792588219925088e-02 5.226132365880636899e-02
5.135318920268335668e-02 5.491648198558435334e-02
5.142023785526622648e-02 5.142761897157775708e-02
5.153058846230792328e-02 5.301882777817204517e-02
5.153526273112248729e-02 5.696606070322177834e-02
5.168137229793042658e-02 5.313131068014261688e-02
5.171055318072257517e-02 5.217834868949836752e-02
5.174592779506929224e-02 5.369208040070092697e-02
5.202478023719353528e-02 5.346434573929111783e-02
5.203209467442374697e-02 5.213593036498262445e-02
5.220344881615254090e-02 5.232642023570592549e-02
5.225198536330148691e-02 5.340630243798212551e-02
5.225227217446520162e-02 5.736846868366913405e-02
5.229034114288352159e-02 5.289441709045981238e-02
5.230426878040839861e-02 5.253762617892553805e-02
5.230455665138435128e-02 5.244398692180110566e-02
5.249060962052223833e-02 5.340503984266084525e-02
5.258125741654735841e-02 5.393873885996933876e-02
5.269880968090422113e-02 5.272704854769411087e-02
5.286209089387663290e-02 5.299966339329315046e-02
5.314295749308556999e-02 5.330086367786789764e-02
5.316872994745157344e-02 5.324897927629917288e-02
5.345760456307001307e-02 5.347055850878241340e-02
5.358259201792309190e-02 5.407799562694622780e-02
5.361546511386684061e-02 5.362567626584637676e-02
5.368762232433043485e-02 5.378046180704624396e-02
5.371255250286408045e-02 5.402603141305457185e-02
5.376946541438766547e-02 5.413284653802903634e-02
5.401746482309393443e-02 5.409116187688062238e-02
5.403261129728745976e-02 5.408675619753239988e-02
5.450222998240189520e-02 5.690040041780349001e-02
5.467052133516163426e-02 6.212501474041916272e-02
5.491720254014589159e-02 5.531115874177729153e-02
5.501426465851958630e-02 5.970930754924834438e-02
5.513922569489142222e-02 5.521603185225325977e-02
5.514020729538755133e-02 6.066891271841570732e-02
5.576112579056595464e-02 5.582537415907256467e-02
5.608028516693367577e-02 5.643259957274442129e-02
5.616433656595251622e-02 5.866403847403559718e-02
5.721812105752090150e-02 6.103010862204923115e-02
5.752815875140117330e-02 5.818367868068907017e-02
5.753458999572663712e-02 5.907804749556976737e-02
5.764976672055202589e-02 6.034608745400850405e-02
5.789766202775591813e-02 5.793529227875472004e-02
5.792684613885131645e-02 5.792684910661290154e-02
5.798380709570021690e-02 5.803849236604242262e-02
5.858701429454632459e-02 5.943279110022341855e-02
5.895006803091976111e-02 6.081721031265501648e-02
5.998768651657885448e-02 6.104698095755835968e-02
6.066948661792915393e-02 6.070452158423559480e-02
6.141789420881250267e-02 6.512059527965233241e-02
6.169230058650998494e-02 6.169745979672276032e-02
6.180702699811200379e-02 6.498425119985749843e-02
6.190233102470998894e-02 6.198131423977442517e-02
6.275514240032378788e-02 6.277584745842378078e-02
6.344739337340433993e-02 6.785229017459624978e-02
6.442264412131516738e-02 6.442403406879478045e-02
6.569279556520495056e-02 6.591002998423782511e-02
6.707177614483023076e-02 6.713970429999384371e-02
7.227721120569169377e-02 7.338246231341903625e-02
7.385014635990715115e-02 7.471075425884263210e-02
1.523184512956773373e-01 1.533395261939014265e-01
1.525851824289809477e-01 1.528046760943116977e-01
1.549630519739924606e-01 1.579427372421136067e-01
