4.420859275123971421e-03 4.449187212840525867e-03
4.572405565737477570e-03 4.572851286442762911e-03
6.589190112003521019e-03 6.597131720229715279e-03
6.697213612711213834e-03 6.698194779584803159e-03
8.082114711894137007e-03 8.083726601906598627e-03
8.242800746595524766e-03 8.250930729848180226e-03
8.787035694425307519e-03 8.906025304647574234e-03
8.925366297049559111e-03 8.989345971041404551e-03
8.927116115686448833e-03 8.936489379154276269e-03
9.089466299808696137e-03 9.399369531574141776e-03
9.249181317873830105e-03 9.340857488187361349e-03
9.346638870737963498e-03 9.385868950240726719e-03
9.515503468737330009e-03 9.533900450806476884e-03
9.723801387775874577e-03 9.815946165419359506e-03
1.021844377472934558e-02 1.022554754865076521e-02
1.029262872620443497e-02 1.032747057267407835e-02
1.046495829820906324e-02 1.048271279314267126e-02
1.055854908803994380e-02 1.081865180513867479e-02
1.073944035976355689e-02 1.103817619324991804e-02
1.075617576355126538e-02 1.088175494263964212e-02
1.076757935480404660e-02 1.076953303064068571e-02
1.133583981780648953e-02 1.140377848235850193e-02
1.183310240042851139e-02 1.198438593293416066e-02
1.184931442036817051e-02 1.189035688519188803e-02
1.193864795642011686e-02 1.206902042539202344e-02
1.206592552769274532e-02 1.212582924519376576e-02
1.211451974515349167e-02 1.212546073954741052e-02
1.211637475397492857e-02 1.212213992683582736e-02
1.218991867361246539e-02 1.220349728128884356e-02
1.239069199323134494e-02 1.240694980451335569e-02
1.248598243657402136e-02 1.294874516865548823e-02
1.264514500250999221e-02 1.290929228800253778e-02
1.277540139009411373e-02 1.280140924531999666e-02
1.306458075494257125e-02 1.307115573966996340e-02
1.309080347164349664e-02 1.315765602850016251e-02
1.347179908978033726e-02 1.347185141516174696e-02
1.368805162044867650e-02 1.374838581039780627e-02
1.387316619513187001e-02 1.387328287964197451e-02
1.403356433700012063e-02 1.472517102432447517e-02
1.431526631130778694e-02 1.446102406860694765e-02
1.435183586601992446e-02 1.438703058227671673e-02
1.438516015155092212e-02 1.438738540607714493e-02
1.457915393724757043e-02 1.459071654265740176e-02
1.464750380454620492e-02 1.467024720819935443e-02
1.493491229048483394e-02 1.494191513348150369e-02
1.505747044594287799e-02 1.507384077042784459e-02
1.525824796636235554e-02 1.527596897240273734e-02
1.527893930858194305e-02 1.529672268241772520e-02
1.547416787797349300e-02 1.566889949500326062e-02
1.551420642990000015e-02 1.624036183077056522e-02
1.551989033945662053e-02 1.552060114874661938e-02
1.581441942697386568e-02 1.594069727691431113e-02
1.589818354884891746e-02 1.596893070262898895e-02
1.615414409235233981e-02 1.618320559958847868e-02
1.634443271762788669e-02 1.652681593087386089e-02
1.653745161613843356e-02 1.685342399748910799e-02
1.659312481554194377e-02 1.675350888351006054e-02
1.667871355128741628e-02 1.669237017430230674e-02
1.669183204486702002e-02 1.684965981569082685e-02
1.671739330075066449e-02 1.678639451686009601e-02
1.672450237282960966e-02 1.672692316912020513e-02
1.682289588666304944e-02 1.691907124319643602e-02
1.710702058055929911e-02 1.715536559098709141e-02
1.710931917337000369e-02 1.794518281421304817e-02
1.718009485606371983e-02 1.732843429930422396e-02
1.729802209281583458e-02 1.802460987995417943e-02
1.745778893483369149e-02 1.775875610792966228e-02
1.750342286107679432e-02 1.756892209103282435e-02
1.757284848356519338e-02 1.774401434921970416e-02
1.763795050333309342e-02 1.778216790080972345e-02
1.768058891831129562e-02 1.774586143153406709e-02
1.768574971481096797e-02 1.774066777702090758e-02
1.769125181443809147e-02 1.792076407330662341e-02
1.770544696628485737e-02 1.770566053970658651e-02
1.793484607921665488e-02 1.841233823340054226e-02
1.800093040060940855e-02 1.831489770294523686e-02
1.805353138356109374e-02 1.823300511328240781e-02
1.809477984480136609e-02 1.809497694638135049e-02
1.825938089094350861e-02 1.829377061288939635e-02
1.857162536347964701e-02 1.871596164963455072e-02
1.859994240648123881e-02 1.860201988786944899e-02
1.871047971735146156e-02 1.871146246266346819e-02
1.875868972169400864e-02 1.878210689636768821e-02
1.892424110660362660e-02 1.894048753883696701e-02
1.916380382641312205e-02 1.916388525324537462e-02
1.919108744885639553e-02 1.922920392790000710e-02
1.922944800166890775e-02 2.066361720394560217e-02
1.936397742813209671e-02 1.937822914683729261e-02
1.941229931568084002e-02 1.971006894564338377e-02
1.942519066514208567e-02 1.945764727390487253e-02
1.947930820529379659e-02 1.950059305640599455e-02
1.950492341819551334e-02 1.952176640416843773e-02
1.950509544600309564e-02 1.950546568619684548e-02
1.963704308779298455e-02 1.963704373626190894e-02
1.970374047151713173e-02 1.976766183728384876e-02
1.974837980437675958e-02 1.976943159766294394e-02
1.988077987660788123e-02 1.992216885042076904e-02
2.001533231880340061e-02 2.031826326957968804e-02
2.001830075081659222e-02 2.037641625348055735e-02
2.017371966841053840e-02 2.026012097581863722e-02
2.028052178867460059e-02 2.028065725045231915e-02
2.039615932028765802e-02 2.044242214103922373e-02
2.045335359614504009e-02 2.095720032459777102e-02
2.047117608377393289e-02 2.048573070543602270e-02
2.059068346482535034e-02 2.071264111784202472e-02
2.066404824835467446e-02 2.147263018669031895e-02
2.067810969141504335e-02 2.069874696601986877e-02
2.095806089999300778e-02 2.109751589796364166e-02
2.098056258251072836e-02 2.098451331507152767e-02
2.113524503647265518e-02 2.115293248025893608e-02
2.129868270049749268e-02 2.204353620874832317e-02
2.138590942905382528e-02 2.168852809707647392e-02
2.145170418689128916e-02 2.147169789071989160e-02
2.175808263903564882e-02 2.200883441911974728e-02
2.192790027047789025e-02 2.193067895894125485e-02
2.193196147071301699e-02 2.197338724441581792e-02
2.203417356831893423e-02 2.205988844336854299e-02
2.207802246541043512e-02 2.295698326091490452e-02
2.217505524465609307e-02 2.217550229348467725e-02
2.224094578082238399e-02 2.232735041076307908e-02
2.229574973263892188e-02 2.229618471581837347e-02
2.246657853526789345e-02 2.265534579233614149e-02
2.280562946451486842e-02 2.280804748556199482e-02
2.282488620484817918e-02 2.282595240416160354e-02
2.284273892882555945e-02 2.284716318996894355e-02
2.287933914506602023e-02 2.288808754897709088e-02
2.304290024657829061e-02 2.333732672840405087e-02
2.309247582925116199e-02 2.312073307850221610e-02
2.327333483187405891e-02 2.327379715411910868e-02
2.330820929158307006e-02 2.362172597203301277e-02
2.363384533461238349e-02 2.407642674588134774e-02
2.372876727817645193e-02 2.450546480588162296e-02
2.375428208318187268e-02 2.375729542529808960e-02
2.428846706748263168e-02 2.431191089172518235e-02
2.430881508081474476e-02 2.451461424015596510e-02
2.437109356420977258e-02 2.442912536641242069e-02
2.438298108561356980e-02 2.440205779714008788e-02
2.457042336042918051e-02 2.643518773971782754e-02
2.498922229559034230e-02 2.501774245447265649e-02
2.504534906226310934e-02 2.505551768026662365e-02
2.508880549012355507e-02 2.524978999490171822e-02
2.520568608327716786e-02 2.531762743013191846e-02
2.521241883543361151e-02 2.541405897561693425e-02
2.530051784451356825e-02 2.553894485523929697e-02
2.530075131324487775e-02 2.538418430071407578e-02
2.534620706103547089e-02 2.541711317809779158e-02
2.552725376616110306e-02 2.731917779227688303e-02
2.584978750986633919e-02 2.623976053256643279e-02
2.588532428994981191e-02 2.591871391547852579e-02
2.593963391369251414e-02 2.598530758193633508e-02
2.595924735006047146e-02 2.596871161398899355e-02
2.605356217048502426e-02 2.612388708857490277e-02
2.612136232091539015e-02 2.631127314339985410e-02
2.613348133748984517e-02 2.613480513148530235e-02
2.617054976126085772e-02 2.618756817352593455e-02
2.617668990063279008e-02 2.617819552129789160e-02
2.623994350100719228e-02 2.624005362888699386e-02
2.630423122362065755e-02 2.638859421493704865e-02
2.636789824573467986e-02 2.734717331247656438e-02
2.641381528379743368e-02 2.648870951572785196e-02
2.651931374435335942e-02 2.652132809008022132e-02
2.658238418757635432e-02 2.701224150889952949e-02
2.669918550882450364e-02 2.675252827263456187e-02
2.670521820787479308e-02 2.670642293866811942e-02
2.670959545532978693e-02 2.671204370656962354e-02
2.690047252574221878e-02 2.710104943954870851e-02
2.694709576237258250e-02 2.730343163744766016e-02
2.715853661211571971e-02 2.717251252645743603e-02
2.718914777442886510e-02 2.718915124231892008e-02
2.728679820771736861e-02 2.732632733574812817e-02
2.730173117809641878e-02 2.737787356591773330e-02
2.734869175521725468e-02 2.735419651710386396e-02
2.765191043759718248e-02 2.768849359029236165e-02
2.777796022878296564e-02 2.777826090997657232e-02
2.796557798489005334e-02 2.827943681916766927e-02
2.820806389349169233e-02 2.821488234440026888e-02
2.825238925674856613e-02 2.830423471996045687e-02
2.826101425381210772e-02 2.839355933590129166e-02
2.841979169104825662e-02 2.852578349044338629e-02
2.853295033375230841e-02 2.856265654933393128e-02
2.898707515667361609e-02 2.921048963542938193e-02
2.911275737491137577e-02 2.911536607819039529e-02
2.926229731358277741e-02 2.935485198806200152e-02
2.927771191564655651e-02 2.931658249851693335e-02
2.927955058087698681e-02 2.940119097173815241e-02
2.931226042187420194e-02 2.979296017235915847e-02
2.934851984348737716e-02 3.071606351380942734e-02
2.938591311904388548e-02 2.957148377382856283e-02
2.939480840350158081e-02 2.944511027772244577e-02
2.942044118101099989e-02 2.942199872126301588e-02
2.951921517511824772e-02 2.953535677954643654e-02
2.960932384320785066e-02 2.972383359849402676e-02
2.978664244287287238e-02 2.978702270568756721e-02
2.989630816761261467e-02 2.995039341645027581e-02
2.991972090305626900e-02 3.043265785303804136e-02
2.992250395750394032e-02 3.014673204414324362e-02
3.003952956165191826e-02 3.014863848148098199e-02
3.033253996815189410e-02 3.055987680266138498e-02
3.057029314982811358e-02 3.057068909170429505e-02
3.069972618599852224e-02 3.091089609917537645e-02
3.093316424924481486e-02 3.093325509149678909e-02
3.103358330930981734e-02 3.103383863302832529e-02
3.104332236164591974e-02 3.127666045499405412e-02
3.109774284456667467e-02 3.114655200253805406e-02
3.110477280909204612e-02 3.115475530148121078e-02
3.110586235782407394e-02 3.113175547560854614e-02
3.110750098598655949e-02 3.122281851801471386e-02
3.115505521514767492e-02 3.161780753401519095e-02
3.137576917238176638e-02 3.154845391594827270e-02
3.139051884299404183e-02 3.146757350747229898e-02
3.160681752867908201e-02 3.236676979731934606e-02
3.172543618837803114e-02 3.180314666699213949e-02
3.178898418210882038e-02 3.304735789040565835e-02
3.203311137600260011e-02 3.209513454003583288e-02
3.208895252106989254e-02 3.215957233097945650e-02
3.220506550011399682e-02 3.231919979648636282e-02
3.283894566119854169e-02 3.436397198055893276e-02
3.332188822169543374e-02 3.337100367920439042e-02
3.338753745055489386e-02 3.338889053128510365e-02
3.354330320353141742e-02 3.369177086072238508e-02
3.357016000731740529e-02 3.391212269628154918e-02
3.358209139853767650e-02 3.364696298212601494e-02
3.368282329609677272e-02 3.407786774909331295e-02
3.378944917677171450e-02 3.381085539214633007e-02
3.380709646964195902e-02 3.381629225437284003e-02
3.402241418163284153e-02 3.402241496214015309e-02
3.405520749550994264e-02 3.405544253253396658e-02
3.432095453678386809e-02 3.435805049663068211e-02
3.434121651418978183e-02 3.443112874918381749e-02
3.439620474865416611e-02 3.482325189984888936e-02
3.442627534133651385e-02 3.446560166696895078e-02
3.449209639349007372e-02 3.451715239436658339e-02
3.463279607787988351e-02 3.471744960633155186e-02
3.463498117733581488e-02 3.465160184613154393e-02
3.472240962600284947e-02 3.502123817177184989e-02
3.473893370891736887e-02 3.570647932869420310e-02
3.478407154163003917e-02 3.572332709577417942e-02
3.479161954587545180e-02 3.479190862084830665e-02
3.479256320231957633e-02 3.503493434649950639e-02
3.490002411952281697e-02 3.531409413916163087e-02
3.498476935946454730e-02 3.498618068776517681e-02
3.499527343087502351e-02 3.500494097592874582e-02
3.500708582092668109e-02 3.606540366433404199e-02
3.522324285557336399e-02 3.522923676675829285e-02
3.525972609720479101e-02 3.532792506427407525e-02
3.540497608791635248e-02 3.556125261155173439e-02
3.546202776634526516e-02 3.549497257958992430e-02
3.550039901114258184e-02 3.550061821393219602e-02
3.575475617262383055e-02 3.576966454013964791e-02
3.588952156145007455e-02 3.600089092100971361e-02
3.598925471548928418e-02 3.604549611715213153e-02
3.619579853016502424e-02 3.626067901057290072e-02
3.619962559555433418e-02 3.629297553278243438e-02
3.656126871933849942e-02 3.687042244629484128e-02
3.661011129035467160e-02 3.672462739089616540e-02
3.661321849988927180e-02 3.664376414496459122e-02
3.673259783735803585e-02 3.682976061429787951e-02
3.680845063347618074e-02 3.681520618635501091e-02
3.682294454117886889e-02 3.687089529107727415e-02
3.697935138116383025e-02 3.732715534396272017e-02
3.700697151116845440e-02 3.701118490368594111e-02
3.719790807219540418e-02 3.778041555963120024e-02
3.721686819416427511e-02 3.722093697980050075e-02
3.728918808813878188e-02 3.740233526490163718e-02
3.729475127525199579e-02 3.729741294852236683e-02
3.733417400491551019e-02 3.753617703612989465e-02
3.736111973812553805e-02 3.804454783200309637e-02
3.742348508882557823e-02 3.743980852904540968e-02
3.751614591901424739e-02 3.770020921784760642e-02
3.756345476714840342e-02 3.764758672530502115e-02
3.761464313923273267e-02 3.803147168223287855e-02
3.769447521542073493e-02 3.769911668309021413e-02
3.770961903453199510e-02 3.790529522696006737e-02
3.774387019406839211e-02 3.801700653858001294e-02
3.784712389094085222e-02 3.788309596126139545e-02
3.787365941755655580e-02 3.787577598315525901e-02
3.791962157211937329e-02 3.796232373699462426e-02
3.812775993619774151e-02 3.853140564789288292e-02
3.814896595151295866e-02 3.817113795327370385e-02
3.815685767646870286e-02 3.965580435278887039e-02
3.820889719323906225e-02 3.976207267725809930e-02
3.846356111040869635e-02 3.857201528143284347e-02
3.846620872588056572e-02 3.872686537193724410e-02
3.862460771488509387e-02 3.862961850597557839e-02
3.863633005540623166e-02 3.896927695021571575e-02
3.866920070373439100e-02 3.872662457758564020e-02
3.869026025887071368e-02 3.886710443951301580e-02
3.874628262672576845e-02 3.966199379346613957e-02
3.878881013515964038e-02 3.893875695910762463e-02
3.905985789022423105e-02 3.906036585649069054e-02
3.909785504964026492e-02 3.916446520507673584e-02
3.909895857128466851e-02 3.911386491034288260e-02
3.921231251706684684e-02 3.936336103687365640e-02
3.926145848963340929e-02 3.926432452949472213e-02
3.934411317549573600e-02 3.934966129072470231e-02
3.951321133848407358e-02 4.006575720521831502e-02
3.961826719941658609e-02 3.989763681586384891e-02
3.964414984698028110e-02 4.027924087913724305e-02
3.979421455180483930e-02 3.979439816782279205e-02
3.983761601882055553e-02 3.987903720638959898e-02
4.005228350301633794e-02 4.006245599212230474e-02
4.020840955617028395e-02 4.021545781257274133e-02
4.026847880897271859e-02 4.026941602980906726e-02
4.028102267402269149e-02 4.060835912272292569e-02
4.037044970640986385e-02 4.071171496211316299e-02
4.044258875601629277e-02 4.047381572040434361e-02
4.055991864404782932e-02 4.056016124979972687e-02
4.070797356114793514e-02 4.071018210754505373e-02
4.097604727236708877e-02 4.185268992546993527e-02
4.111281529428209569e-02 4.141239175100826925e-02
4.119716836569178170e-02 4.133874286975532109e-02
4.159661109145802033e-02 4.191295566788574845e-02
4.160485078444279422e-02 4.185396546151847613e-02
4.162858557481353278e-02 4.209935918917014075e-02
4.205746851926697727e-02 4.224284336382930910e-02
4.216894201636193357e-02 4.218345969127691719e-02
4.219316971892210499e-02 4.220772172675867767e-02
4.228194827904395436e-02 4.228318766274866136e-02
4.232365177054885769e-02 4.232390052293810018e-02
4.246310698923023985e-02 4.321033996876517264e-02
4.255668825701827696e-02 4.270851523929553029e-02
4.289181916380221948e-02 4.347851494580617232e-02
4.292243008143857563e-02 4.300603910578607719e-02
4.298412862180530508e-02 4.314942682436378324e-02
4.300741560801574909e-02 4.312877403467525045e-02
4.303200388211152194e-02 4.303365138789700534e-02
4.310139488728952778e-02 4.325522487140660149e-02
4.327567598486617428e-02 4.328079289555611386e-02
4.330241142631600232e-02 4.335278060483271217e-02
4.331540279620355038e-02 4.332726115213876572e-02
4.335728513609450607e-02 4.450570731176891476e-02
4.337458508201177954e-02 4.343035969354577114e-02
4.358072418060141701e-02 4.482862050570111945e-02
4.366324618966796467e-02 4.402904443352883418e-02
4.381711446889939576e-02 4.386084779259093180e-02
4.397095541281227649e-02 4.698846223121560389e-02
4.406547607607337602e-02 4.407024362592754790e-02
4.409322044370615756e-02 4.409758746440129579e-02
4.412022252017771401e-02 4.575078651011371678e-02
4.428711485850248680e-02 4.439915433790844052e-02
4.436601451586475592e-02 4.639648046994497566e-02
4.467650569849386522e-02 4.562055384384903350e-02
4.472203618621233695e-02 4.579018600923556032e-02
4.474294254849670721e-02 4.474848414131787216e-02
4.484234497580005807e-02 4.694465741893147359e-02
4.493715251769819091e-02 4.494155105655289750e-02
4.496632033570666792e-02 4.602275895583102239e-02
4.498073671727719630e-02 4.629187366035505957e-02
4.522011188931315817e-02 4.559632197035227985e-02
4.523916769879719052e-02 4.647031077262114840e-02
4.527487719524142529e-02 4.816490114268899558e-02
4.544292736498381502e-02 4.549930545209972949e-02
4.553230790427086755e-02 4.843865350609116716e-02
4.556029466223514984e-02 4.728054359737991763e-02
4.566889423535318293e-02 4.578155554871391614e-02
4.573589304583050574e-02 4.579658555766603217e-02
4.583308616166054117e-02 4.594104641080047624e-02
4.622147340709372582e-02 4.659554847693177931e-02
4.622706567307238029e-02 4.632435339812928515e-02
4.630583553371117600e-02 4.651118262707327339e-02
4.676754552863436609e-02 4.846216764136246358e-02
4.683902402468887588e-02 4.791803106535411777e-02
4.686970062363196576e-02 4.687960368240879500e-02
4.688610170503342001e-02 4.688642336224445317e-02
4.704637436749266322e-02 4.716308362032534118e-02
4.709475193417952954e-02 4.747525707001583328e-02
4.717368745082573672e-02 4.718211925721963601e-02
4.724835450751856819e-02 4.725382376381666305e-02
4.725143104768481789e-02 4.736698123823059742e-02
4.727622988007876281e-02 4.727999336398308605e-02
4.739707834015031984e-02 4.828010496790657857e-02
4.741431043038513149e-02 4.768159232773052508e-02
4.743923912642543372e-02 4.754762778749613977e-02
4.749294661751198021e-02 4.752699002945501294e-02
4.749299867579365869e-02 4.884769012213183853e-02
4.764913960225112405e-02 4.773662083477239054e-02
4.797394484361403033e-02 4.812133116994511683e-02
4.816683986870523571e-02 4.816719552817919775e-02
4.821024357221554563e-02 4.821032976831302747e-02
4.825775103522898790e-02 4.826415557159950687e-02
4.828722063946765813e-02 4.828737237689454537e-02
4.846298136071933854e-02 4.847408613090723600e-02
4.871232425834744889e-02 4.888489718838841258e-02
4.881444335809215218e-02 4.890828384635609316e-02
4.882109686540458265e-02 4.886305741441197836e-02
4.891642620762515908e-02 4.901492172530851066e-02
4.909951138003981058e-02 4.910178949562659517e-02
4.916043038607006282e-02 4.917560903251635973e-02
4.958116597441742518e-02 4.971559516051921729e-02
4.966914770808990298e-02 4.967210825066018659e-02
4.981105245853271329e-02 4.987788793956009215e-02
4.993192827983056192e-02 4.994839503455012625e-02
5.001748236407558418e-02 5.014007223688442955e-02
5.019905937670307572e-02 5.050979778688709232e-02
5.038382691193545732e-02 5.044148069632117815e-02
5.056392199282014333e-02 5.077364666796484183e-02
5.057875813088236194e-02 5.059499770397479085e-02
5.058181417074839037e-02 5.073164159000600332e-02
5.062893910832742123e-02 5.154850690214048126e-02
5.065796108766180972e-02 5.069179782685215296e-02
5.068402075175879040e-02 5.083707408946963602e-02
5.070087269909264588e-02 5.439305968882095221e-02
5.079669043706083742e-02 5.084932099377188069e-02
5.088549299035828588e-02 5.094227924121242507e-02
5.090912963335290919e-02 5.094937910336042042e-02
5.122365722250947495e-02 5.149356962682422045e-02
5.140128561688345893e-02 5.206528835202554190e-02
5.141493471749374738e-02 5.190524185593840822e-02
5.144489688601013716e-02 5.156590882283495353e-02
5.162623968663233170e-02 5.594409695947949457e-02
5.169482210112637255e-02 5.210787264823572851e-02
5.173228108893195010e-02 5.175500275770369280e-02
5.176738507185923294e-02 5.176738917722531474e-02
5.181823490614988204e-02 5.244757273955354820e-02
5.231833143126735086e-02 5.310751913853147682e-02
5.235228031628360451e-02 5.276478605362739521e-02
5.238844573627311763e-02 5.242790357286739727e-02
5.244676698670342613e-02 5.288369783325115592e-02
5.266925896720914269e-02 5.267198065651493982e-02
5.282033978616692410e-02 5.424366955873773793e-02
5.282818085118047569e-02 5.283209400545088585e-02
5.291763527313098070e-02 5.413002410549377919e-02
5.304722211015090033e-02 5.333146955371716874e-02
5.317476102866466880e-02 5.317986604408998785e-02
5.380511299057194607e-02 5.381754286359372030e-02
5.394523681121516506e-02 5.449764376471668420e-02
5.397471501978642200e-02 5.398828486664442733e-02
5.399618440535167152e-02 5.405053179725545498e-02
5.402486362648934587e-02 5.457507737060654507e-02
5.405571529653011020e-02 5.405670961194012497e-02
5.408641157667561095e-02 5.408796082653009180e-02
5.410719855806242484e-02 5.410926183242321941e-02
5.412576024792625090e-02 5.446169040060669375e-02
5.413300943808844329e-02 5.413316654400087552e-02
5.424921536804751254e-02 5.424930805766088604e-02
5.457157101131698135e-02 5.457157298432719489e-02
5.475261164330136321e-02 5.484803930900933322e-02
5.515870762002404032e-02 5.525336469310603710e-02
5.526185394929652994e-02 5.528963651419038089e-02
5.537137599184754899e-02 5.537146837984372599e-02
5.537283763203555698e-02 5.558909384308204082e-02
5.541409988561965538e-02 5.575056682561019272e-02
5.544085896400307439e-02 5.616721224558447051e-02
5.579209270697475798e-02 5.589070320489826493e-02
5.584622959178707491e-02 5.590878374524017869e-02
5.585464989522997969e-02 5.585614865856392691e-02
5.589214312631947401e-02 5.592041596054755231e-02
5.600122314334744777e-02 5.694595085907590976e-02
5.602195908059837831e-02 5.627803458461391045e-02
5.613709738606529470e-02 5.656713858640914638e-02
5.629545157951001272e-02 5.969809135839640457e-02
5.629698420429522093e-02 5.688051455706460285e-02
5.641289902115634997e-02 5.641493793201040469e-02
5.645757957947565575e-02 5.647370255959607149e-02
5.686707863654098111e-02 5.808695702482586515e-02
5.710300911185429984e-02 5.871072728732409929e-02
5.747441671229992777e-02 5.880537934664866601e-02
5.752767451440908564e-02 5.826895737133722802e-02
5.774292838162783242e-02 5.775087061603231819e-02
5.777521097186719135e-02 5.795334073459721541e-02
5.803235957209208762e-02 5.804621341921625821e-02
5.808622118218631503e-02 5.824358910806097522e-02
5.852807316843083169e-02 5.883166689352897077e-02
5.854493802656336038e-02 6.154541014543983557e-02
5.861963566224423494e-02 5.862153505726788727e-02
5.925617796920737423e-02 6.189664888551989208e-02
5.933935041679429256e-02 5.954954320995884537e-02
5.938209897893325512e-02 5.964405126622548958e-02
5.938242900988958961e-02 5.949092903139946431e-02
5.953694157168502171e-02 5.994041575501895397e-02
5.960723743184246498e-02 5.980521008762492569e-02
5.972360559950441045e-02 6.017733559670864624e-02
5.978470513543564235e-02 5.978949765186162418e-02
6.000862090253751557e-02 6.009594078614717561e-02
6.064244580239612492e-02 6.087865163691211917e-02
6.099521616101901550e-02 6.099867446514520980e-02
6.121151102570680791e-02 6.122772542529500428e-02
6.168117925413267588e-02 6.181390179408447622e-02
6.192835952797533933e-02 6.209612533143833019e-02
6.358022833511442484e-02 6.361265913300791219e-02
6.391514919243007631e-02 6.392420429480115407e-02
6.450798776536900703e-02 6.540805477744310314e-02
6.529663237958381605e-02 6.546939686074128295e-02
6.558138363857030084e-02 6.596762182799037477e-02
6.560949588489482787e-02 6.657066404417928684e-02
6.569880713588573118e-02 6.579164407336116072e-02
6.638264826410966712e-02 6.841654711945965861e-02
6.658647888141200344e-02 6.662832070423049813e-02
6.731848248696281622e-02 6.733262916685858746e-02
6.771633129406387508e-02 6.824526325158453144e-02
6.844525449251627480e-02 7.100681904910947917e-02
6.900332994290481192e-02 6.921907162057568119e-02
6.943557524082699661e-02 6.947033823180980006e-02
6.994516989937735185e-02 7.001673218208875893e-02
7.001340047822836310e-02 7.001557260059411425e-02
7.033932251588499718e-02 7.125449840921647959e-02
7.045673266362180442e-02 7.224695987945387032e-02
7.061350820811415629e-02 7.064561128629315290e-02
7.144236978919037140e-02 7.254998116304317568e-02
7.912403257142484880e-02 7.943863209689915050e-02
7.912891176265182680e-02 7.914979980070679932e-02
8.026541221290275918e-02 8.028536582000246613e-02
8.129551556143084501e-02 8.131555632813927681e-02
8.330994370230659918e-02 8.617432798051413712e-02
8.356514392592687135e-02 8.365759961820259938e-02
8.385187551261560901e-02 8.504578220745281913e-02
8.517256370657082243e-02 8.540102499562945981e-02
8.537879262359804322e-02 8.550965661145229491e-02
