4.415296530879980904e-04 4.771709338462151056e-04
8.559160433496286512e-04 8.851575013993235588e-04
8.674733494940593511e-04 8.738133327309574551e-04
1.195788351484893854e-03 1.211433625893483567e-03
1.220040556881845902e-03 1.277564885075356451e-03
1.239012286121523015e-03 1.288860037005227187e-03
1.272893278245010133e-03 1.363605392381270643e-03
1.382344215130925204e-03 1.394339512289277704e-03
1.415163702603340406e-03 1.472662096840698888e-03
1.515724393769957157e-03 1.516607359401378561e-03
1.527656771998740608e-03 1.534204331168648443e-03
1.550440915320147953e-03 1.682394074310042094e-03
1.564945077342429431e-03 2.033530699844823125e-03
1.578045888240708341e-03 1.655863758919892681e-03
1.672537502696129930e-03 1.675667394316101948e-03
1.699833942550839447e-03 1.722384177444407022e-03
1.725775455170743032e-03 1.747472202055068554e-03
1.795802026129758502e-03 2.065283601849687064e-03
1.863738917617555708e-03 1.865972699651108129e-03
1.868621461861757387e-03 1.881359937124931240e-03
1.924137073674959389e-03 1.927028369464267457e-03
1.940046858922980875e-03 2.048057972412892658e-03
1.941815098275633672e-03 2.010668124136907528e-03
1.951941472560258291e-03 1.959919877190963600e-03
1.969275915990432741e-03 2.035814252217455628e-03
1.974666265064944741e-03 1.976373289315782288e-03
1.978231294891211710e-03 2.164571801425898417e-03
1.985097933584682554e-03 2.018829240363579931e-03
2.002627617131298634e-03 2.024934407864980440e-03
2.025446507427145198e-03 2.131530648999088381e-03
2.068374547157638636e-03 2.126808194555012722e-03
2.070752578978664413e-03 2.070783808355998977e-03
2.078996198656355744e-03 2.165173087892899393e-03
2.101482372862300066e-03 2.112506472645869597e-03
2.117019536221407486e-03 2.199628401946101749e-03
2.119599978753571902e-03 2.193099806488153173e-03
2.156240032827786302e-03 2.227653700240488435e-03
2.165577236089915539e-03 2.374929117088864661e-03
2.167464453929035875e-03 2.169964389269914834e-03
2.193179843226231423e-03 2.277889552986736219e-03
2.195454406316250506e-03 2.197741393940712534e-03
2.245596894466614368e-03 2.321414516938398714e-03
2.252909086750482220e-03 2.264671859567595705e-03
2.258796380764972918e-03 2.269907801691922744e-03
2.264137369007102052e-03 2.273756441610149965e-03
2.277734057420380525e-03 2.465862558952711028e-03
2.307818002604213829e-03 2.543476453265088900e-03
2.342991780924441863e-03 2.376263119428435877e-03
2.450174127003146990e-03 2.469896451022768249e-03
2.452764056049993278e-03 2.492003498112274097e-03
2.489925633478629833e-03 2.507819477926245127e-03
2.500341221270590501e-03 2.736415364312289825e-03
2.547339631194947464e-03 2.554587370500664961e-03
2.675531337462614800e-03 2.691507725276265361e-03
2.676111190892416138e-03 2.822478800510544797e-03
2.692536456101959734e-03 2.824024865460619035e-03
2.698634666738735938e-03 3.108539555205351319e-03
2.770370920091518030e-03 2.771832582512366149e-03
2.822249292796278741e-03 2.823722300115071981e-03
2.834560823176645195e-03 2.834610074268696222e-03
2.862784930276477974e-03 2.982173549921867447e-03
2.890160953170080749e-03 2.987822226166312895e-03
2.925654130051906932e-03 2.979192422815924932e-03
2.925831099156213019e-03 3.122440475650276309e-03
2.954818881765341847e-03 3.017840444713946590e-03
2.983289667043678185e-03 3.440247766047694906e-03
3.006174797721523732e-03 3.137841598127999107e-03
3.059944203217012867e-03 3.061246758273095895e-03
3.104215904916443440e-03 3.763659761714241957e-03
3.128006466944669578e-03 3.128217183232621327e-03
3.136641000188503635e-03 3.354250357342172372e-03
3.153634441654682655e-03 3.166025325336972469e-03
3.180714482606371817e-03 3.210136729191979087e-03
3.199707893017044846e-03 3.212245497973614024e-03
3.225478648123304530e-03 3.433055753489875923e-03
3.282486907169584935e-03 3.318790489401947201e-03
3.286629006976217893e-03 3.408394701607744045e-03
3.315802012786296833e-03 3.321585001906381465e-03
3.320836460794830431e-03 3.425286520517027960e-03
3.348295511050031984e-03 3.388905229111857306e-03
3.388267875709919438e-03 3.747812054706237041e-03
3.432885281115787435e-03 3.705413300040743835e-03
3.446013309917424564e-03 3.453277735888537429e-03
3.580878745848651949e-03 3.676664878843599951e-03
3.616630082345035756e-03 3.878341816080163075e-03
3.619618403510337350e-03 3.662457361259653307e-03
3.640969303443452633e-03 3.667301309791244721e-03
3.641962206270306715e-03 3.654178511773856046e-03
3.642647019675909498e-03 3.654412786408861320e-03
3.710710771937644325e-03 3.794095054408856693e-03
3.785273335036020217e-03 3.875223351406215447e-03
3.845652153230657948e-03 4.179938880096604331e-03
3.888549500217861749e-03 3.940405012340955637e-03
3.910667674244654515e-03 4.288993593825719992e-03
3.928354536683786175e-03 3.991999214079462906e-03
3.937683523819517258e-03 4.069662814003670824e-03
4.029373665380815706e-03 4.079243935584166321e-03
4.044662111216482288e-03 4.451151852782394593e-03
4.130212735189860672e-03 4.130245000534008872e-03
4.135855538205109733e-03 4.788973552342284078e-03
4.142668619180024485e-03 4.142700616542637285e-03
4.158519179327706608e-03 4.221491594169219860e-03
4.189894529264932659e-03 4.234597456199808499e-03
4.324177308962884152e-03 4.324224290833842028e-03
4.387643659309153378e-03 4.728400553280325859e-03
4.409264516842383540e-03 4.483227898855263877e-03
4.465163748958334879e-03 4.806692950068824390e-03
4.472203529651577053e-03 4.617221399594843671e-03
4.614313965438310121e-03 7.085920339446058827e-03
4.614981180233147622e-03 5.240699135856078696e-03
4.627806177554293250e-03 4.806937761848810442e-03
4.635908690593833203e-03 7.184035839048051597e-03
4.656721048940145290e-03 4.711472180668072052e-03
4.666878338680909878e-03 4.702090782743852289e-03
4.693730405818113613e-03 4.947061723510432114e-03
4.697340101411720537e-03 4.761398328702768148e-03
4.762079291494962507e-03 4.797961609511551366e-03
4.763276383231881440e-03 4.902973548579324034e-03
4.784955857720293686e-03 5.269399995969485835e-03
4.814359686531639523e-03 4.900364238111044705e-03
4.828307557768672827e-03 5.056978765615643967e-03
4.832185752989571863e-03 5.038418966699224379e-03
4.854284841132695122e-03 4.856169090219565783e-03
4.880140790290882907e-03 4.888646727570195895e-03
4.949794981304051454e-03 4.954906299810002586e-03
5.055009150383629225e-03 6.167491641640660514e-03
5.190500329022173023e-03 5.471662018348502805e-03
5.211556802369344578e-03 6.098029066854132943e-03
5.213140374860560783e-03 5.359507072991490789e-03
5.229301891398335789e-03 5.237485280146428682e-03
5.229423998071425390e-03 5.994659084577610812e-03
5.279447826026979936e-03 5.292925405037332207e-03
5.281768782470369801e-03 6.031912616949233405e-03
5.292213632753913974e-03 5.432630036334996568e-03
5.327081311591146118e-03 5.581537447733258585e-03
5.362308487141527295e-03 5.504719051458120682e-03
5.362438573898948083e-03 5.371967973416560092e-03
5.418444231887406537e-03 6.006532446224055292e-03
5.450351520310845604e-03 5.874787598893244263e-03
5.455927687937693095e-03 6.432835403429711975e-03
5.468555431401798776e-03 5.673874471811605168e-03
5.482273570913465122e-03 5.534849210458036087e-03
5.493251513178649958e-03 5.796628113762573864e-03
5.521046032085453158e-03 7.126007483587474059e-03
5.525659847293086860e-03 5.529785149590887156e-03
5.539382695266917636e-03 5.540734655278371779e-03
5.594170553178257413e-03 6.337252752615994515e-03
5.628894076497653436e-03 5.633034522038388517e-03
5.659183141425971550e-03 5.965479157107392294e-03
5.680722288137815719e-03 5.717539974017932063e-03
5.731301847026470074e-03 7.146012098515388752e-03
5.752690927428341129e-03 5.784904172839104575e-03
5.778701779917165375e-03 5.975931334164141968e-03
5.872319788596258583e-03 5.894390607998824250e-03
5.882032176795056605e-03 5.958924258934916902e-03
5.886367389640784903e-03 5.891117124927373536e-03
5.890043268215000745e-03 6.002487901511250126e-03
5.905182389071993512e-03 6.142818458487536541e-03
5.911536228594751856e-03 6.067605726145595263e-03
5.970466443704708186e-03 5.970468494059036346e-03
6.008957787057967945e-03 6.022314274904564356e-03
6.020381648945092971e-03 6.128430464033436491e-03
6.029437027255200171e-03 6.029536995782164462e-03
6.039093865523040977e-03 6.039265487595894474e-03
6.062386676636715745e-03 6.154892216690702189e-03
6.092090786369143939e-03 6.170488607025167993e-03
6.175037213451863363e-03 6.287396431601214621e-03
6.199397929926197398e-03 6.225416680037033738e-03
6.218553653934408287e-03 6.442911845436604355e-03
6.221654098473018007e-03 6.364447540331503138e-03
6.228027107203974559e-03 6.412411258321730999e-03
6.238573910932246162e-03 6.387681548568021825e-03
6.252117768813218561e-03 6.378934773455404925e-03
6.335267704437715953e-03 6.337852107198559647e-03
6.371259062480845795e-03 6.570391141152814342e-03
6.375556983757406371e-03 6.531731633732900180e-03
6.376452876597707084e-03 6.467659791542332282e-03
6.412528903360749724e-03 6.491296523732427784e-03
6.418884113513165582e-03 6.596732642214477894e-03
6.481881683125818167e-03 6.514690654800597489e-03
6.485427166700878134e-03 7.178317814934375221e-03
6.506651775751465250e-03 6.905633522308197124e-03
6.608458739363535020e-03 6.793510228340359641e-03
6.655246000731034235e-03 8.069564635942855224e-03
6.666225904071224583e-03 6.968674020587346286e-03
6.674151351101264944e-03 6.990569364996404057e-03
6.716380876460789455e-03 6.716595942976021603e-03
6.725389087283371523e-03 6.809526977146092980e-03
6.739598960945624578e-03 7.215827172264092058e-03
6.760864604801946481e-03 6.772680574723089972e-03
6.810057714401022283e-03 6.988766180883418042e-03
6.851436425167430587e-03 7.444057366017073005e-03
6.853626451614486942e-03 6.885698521526388040e-03
6.892768995808321725e-03 6.894664234076426645e-03
6.925479979809436720e-03 7.097506647489583605e-03
6.948393452405710741e-03 7.003689103062540715e-03
6.971707117390602178e-03 8.077502968531196509e-03
7.025954725049556038e-03 7.209739722551557380e-03
7.027695011553923218e-03 7.119710655802083225e-03
7.067891722674149446e-03 7.072643889773289755e-03
7.167023168268894275e-03 7.314530976808808829e-03
7.278889978168836053e-03 7.465395919025028491e-03
7.295399863672072382e-03 7.691153022469774357e-03
7.301656283363817772e-03 1.045553921129365252e-02
7.355920398190608257e-03 7.469211578267774716e-03
7.370757487216530492e-03 7.393086044634515804e-03
7.371084891083383266e-03 7.386484357728315304e-03
7.375948926099804709e-03 7.521855694680130294e-03
7.380082079570673449e-03 7.581033033346367377e-03
7.426906232350444920e-03 8.473011230147112216e-03
7.428427659160601569e-03 9.154024325224599176e-03
7.471102424357700320e-03 7.753287928944759856e-03
7.497110418318965810e-03 7.500662544593509999e-03
7.510480492679254966e-03 7.539374014986543852e-03
7.519683388480586338e-03 1.054798620210805650e-02
7.539842597496227566e-03 7.553434541251172717e-03
7.664907756960720984e-03 8.091717682749882679e-03
7.666844063388571218e-03 8.076171614332309026e-03
7.770326572116983271e-03 8.474138245212592402e-03
7.797792336463199754e-03 7.808525328349102436e-03
7.811581118733579993e-03 7.892951348148345703e-03
7.837197714721664404e-03 8.238823400004355313e-03
7.926196490565376451e-03 8.405005221453711386e-03
7.929363601485113489e-03 8.077980289934099528e-03
7.983059622496352023e-03 8.395321907499636929e-03
7.999924883479279589e-03 8.452695256744087449e-03
8.108255354246800273e-03 8.264654999655576817e-03
8.131553622358180314e-03 8.328317636208117450e-03
8.171433473228982558e-03 8.507767136467916241e-03
8.196946159961054912e-03 8.221277304036661224e-03
8.211976349089107619e-03 9.222390416013758613e-03
8.228619725141656308e-03 1.195853401345736526e-02
8.230513398386126236e-03 8.295692348924835549e-03
8.231798695685785261e-03 8.275023563288656445e-03
8.264323948251706825e-03 8.380143459862716970e-03
8.271872461349182373e-03 1.005830000158573767e-02
8.300128550089528115e-03 1.324718278593621339e-02
8.319219003667098836e-03 9.008855822151298071e-03
8.353933587721368986e-03 8.534158957785392685e-03
8.357507433440299408e-03 1.003670589760561997e-02
8.381121496855534203e-03 8.409805088639671355e-03
8.384806195348823779e-03 9.763665641322484198e-03
8.415443493655534735e-03 1.128350510860891449e-02
8.455153255250832597e-03 8.547859881323935372e-03
8.457781900712760606e-03 8.473236519312182108e-03
8.533083307657535199e-03 9.018517747886284353e-03
8.536513238103194193e-03 8.835501957246342034e-03
8.548600317895553580e-03 8.679579636499205539e-03
8.550119588856184422e-03 8.555246416351299649e-03
8.550424938026525423e-03 8.851941855262534728e-03
8.554610217714309073e-03 9.093135759587717831e-03
8.577511409216897684e-03 9.053406737142138949e-03
8.584068560000029241e-03 8.616800614946944908e-03
8.591762878105793991e-03 8.916604544399712659e-03
8.702569910800286163e-03 8.728763466977328828e-03
8.739846104267005519e-03 1.284295776208341754e-02
8.748213111069448253e-03 9.174600664638330252e-03
8.806238181498220186e-03 9.127327597411973373e-03
8.825517846632350769e-03 8.939014882153529379e-03
8.836849133051516772e-03 1.016291875110980972e-02
8.839818637034315210e-03 9.038878410690395077e-03
8.875274158900537530e-03 9.852444966214001301e-03
8.893043032980628426e-03 1.160908256822363455e-02
8.917898925561646914e-03 8.918217728049813997e-03
8.930437236246953694e-03 9.778047574264620012e-03
8.939572263114137912e-03 9.076677299647614022e-03
8.951758497103463191e-03 1.015147698999217113e-02
8.999639119717553828e-03 1.034792441081833735e-02
9.013176270395941228e-03 9.525754964440677486e-03
9.040151813429594257e-03 9.253184132034604839e-03
9.095690437551000665e-03 9.101931337976163286e-03
9.095724012870756020e-03 1.224135327486567879e-02
9.143984145174423664e-03 9.195142228527297679e-03
9.186885441407216871e-03 9.595725996495810609e-03
9.196419033958125322e-03 9.417577416023430875e-03
9.248246500832973949e-03 1.149427382513680887e-02
9.269600373476800936e-03 9.269872934402501735e-03
9.272296178086133697e-03 1.015048471979311008e-02
9.414568367652094427e-03 9.834522655808865602e-03
9.452384314719598779e-03 1.071717957414653963e-02
9.492580699768750352e-03 9.687599863980093928e-03
9.494592498970038513e-03 1.314951478433903573e-02
9.534934974522225187e-03 9.748346480624473995e-03
9.566565961808040294e-03 1.060136031076139122e-02
9.606094612826219376e-03 9.725425924539765274e-03
9.614730462967313943e-03 1.069154441889325416e-02
9.631358967585780181e-03 1.197154743091566505e-02
9.655715440061262214e-03 9.717383605692953702e-03
9.687321469470887986e-03 1.012570118915686462e-02
9.698246119000192289e-03 1.292483787300941975e-02
9.721073649147512000e-03 9.721315573121593057e-03
9.734089057931882838e-03 9.735717849495199513e-03
9.759721996458950791e-03 1.101721911985770359e-02
9.773813048779979307e-03 9.816226051560676680e-03
9.778540027918876040e-03 9.784538826083762769e-03
9.824038255499257383e-03 9.908097313865932634e-03
9.826499585448232252e-03 1.002916183653130774e-02
9.831138448980064615e-03 9.967181229547931315e-03
9.854371001432292443e-03 1.002644823613525055e-02
9.876649235282725092e-03 9.907269891979127510e-03
9.882507822023585062e-03 1.082116759012870244e-02
9.900531953721309134e-03 9.986106851287552405e-03
9.906593314898090238e-03 9.921468921297060470e-03
9.913995754680555994e-03 9.922078763988559022e-03
9.956532482214472055e-03 1.001692245309524637e-02
9.956556541063043414e-03 1.027034986360662351e-02
9.960915714144270502e-03 1.021488529551706388e-02
1.000198186940921483e-02 1.009493536494283743e-02
1.001670103080484070e-02 1.001930090278925663e-02
1.002507613262435850e-02 1.002545227663286312e-02
1.005097827569674702e-02 1.053075914682220608e-02
1.006878714808700191e-02 1.009090805649409325e-02
1.010071557025698716e-02 1.046040604691328424e-02
1.011191669956944435e-02 1.147115980695685017e-02
1.013016061179788929e-02 1.016192190015322017e-02
1.014431818216688340e-02 1.091258437507485086e-02
1.015134947751364890e-02 1.080263637861872753e-02
1.015216921932926737e-02 1.015663769743483345e-02
1.017816512403288930e-02 1.154921654156455986e-02
1.018585136937276078e-02 1.126263906024756005e-02
1.022274845806939343e-02 1.221357277732802379e-02
1.025478938036385006e-02 1.063580247310821382e-02
1.025508862787961710e-02 1.119208849339900155e-02
1.027481427521771684e-02 1.158753568852345824e-02
1.028597340278770630e-02 1.075860509525131126e-02
1.032827567383279820e-02 1.050482266383620522e-02
1.034237703535284894e-02 1.211657810063673270e-02
1.036179817707379679e-02 1.044084650500199177e-02
1.037927404269387878e-02 1.045240672699798354e-02
1.039950081598089819e-02 1.197423067458147118e-02
1.045576287846644754e-02 1.078855133702747923e-02
1.046101980227009086e-02 1.288232788924815499e-02
1.050482777080579376e-02 1.058807656224675965e-02
1.052809513423529596e-02 1.060919228524773508e-02
1.054785743397173257e-02 1.137615447425996754e-02
1.057121466836400368e-02 1.207748054726822534e-02
1.057561597637112286e-02 1.163125057832724817e-02
1.058339883842283023e-02 1.058965234729365539e-02
1.058592655144348013e-02 1.193594563690819621e-02
1.059003846955544094e-02 1.068747147321476992e-02
1.064988173446112553e-02 1.064988297892769872e-02
1.069055988078291761e-02 1.076922651107425043e-02
1.071201681124050661e-02 1.075499472450020325e-02
1.073917537258916449e-02 1.073930717523479024e-02
1.074260333033963226e-02 1.122773396379401351e-02
1.080868134211552742e-02 1.096815461286111161e-02
1.084886688785515439e-02 1.096732743877145734e-02
1.086894936249950191e-02 1.093532843550722514e-02
1.087169678908598940e-02 1.096288067613123557e-02
1.087392179117120140e-02 1.090231973292287229e-02
1.088627987658664920e-02 1.089000852279430401e-02
1.094200489512600974e-02 1.131470247388421599e-02
1.094918976917067487e-02 1.124499912178540673e-02
1.099211061712661308e-02 1.187811604978349089e-02
1.100734420920891805e-02 1.106374659385940193e-02
1.100843891094483058e-02 1.477507749928559655e-02
1.102787097288963208e-02 1.109483675516050039e-02
1.103142270713808153e-02 1.218784454344947962e-02
1.106509420874926021e-02 1.110826657915260814e-02
1.109065962840729593e-02 1.156668589659643441e-02
1.111246647696116467e-02 1.208717786598422286e-02
1.115880187024381742e-02 1.121949008374052356e-02
1.118635238303435260e-02 1.130713860529299064e-02
1.118729717557420851e-02 1.123738171600506194e-02
1.121331811579794752e-02 1.192790325374840435e-02
1.121858953613739246e-02 1.131530975014498341e-02
1.124686664455251499e-02 1.125543439523676685e-02
1.126708203130245660e-02 1.127734891185510138e-02
1.130462584152517637e-02 1.428546710702215117e-02
1.132997605129667379e-02 1.187497149144546224e-02
1.134430653064744283e-02 1.215339622781620721e-02
1.135460481391348253e-02 1.278986594715880373e-02
1.135540340970954930e-02 1.153507861438438260e-02
1.136940658577705911e-02 1.157912888610102345e-02
1.138102222890227319e-02 1.144339110960174676e-02
1.142882667864386984e-02 1.160972221256486789e-02
1.142959658633720815e-02 1.187374889586795788e-02
1.145780936353351862e-02 1.148238991078941347e-02
1.145970709248532969e-02 1.150410754949450498e-02
1.146023060733348392e-02 1.152506518154502134e-02
1.146684485726585587e-02 1.150951033471134602e-02
1.147309553744296946e-02 1.160164431187648247e-02
1.149729187463025513e-02 1.363385131026281956e-02
1.149964810937451933e-02 1.239345631044322035e-02
1.153482650620140174e-02 1.265006821720445103e-02
1.153880828475680603e-02 1.184544052071119513e-02
1.155678855309970852e-02 1.217411748224342567e-02
1.156923431719826881e-02 1.439624548139737011e-02
1.159990816076302694e-02 1.182106182128321407e-02
1.160132809699122684e-02 1.168091970586164138e-02
1.162957918777942669e-02 1.177755562641655956e-02
1.166613596027669432e-02 1.178876970979595394e-02
1.171820966722786524e-02 1.171833589766905180e-02
1.172735351395069736e-02 1.186648611994109079e-02
1.175422740246756699e-02 1.284717857575648492e-02
1.178694647786809706e-02 1.186298137788193742e-02
1.179457515025752849e-02 1.202343177568995780e-02
1.179734504962526818e-02 1.187314914589312868e-02
1.180162406180509937e-02 1.276080224736313162e-02
1.181459346155085827e-02 1.188153676311566077e-02
1.182344145183920371e-02 1.269494532207674810e-02
1.186798405000817104e-02 1.186801604498789221e-02
1.189267712572975901e-02 1.202779578895629350e-02
1.193489620380635587e-02 1.244556119264141753e-02
1.194376849333604954e-02 1.194908443903577693e-02
1.195571061647364257e-02 1.205193799301071400e-02
1.196055190135361136e-02 1.235277974268018594e-02
1.199903347263144016e-02 1.202710728508400197e-02
1.200829403133834954e-02 1.290929590206341994e-02
1.202765205484656284e-02 1.293744764796692613e-02
1.202816408438001257e-02 1.387345254213394503e-02
1.205378949327064013e-02 1.273089974807402845e-02
1.205963899856354535e-02 1.234234699405838478e-02
1.206583490672990394e-02 1.220601057324166745e-02
1.206843712990350592e-02 1.251878686048984828e-02
1.208223418202169011e-02 1.879761328437348084e-02
1.210005881006872425e-02 1.348765242011102164e-02
1.212137276902574244e-02 1.212139528663670925e-02
1.213816843113901464e-02 1.218090349772114021e-02
1.214542066084019212e-02 1.337771869701638409e-02
1.216388650540997131e-02 1.227935378110983286e-02
1.223543601657392683e-02 1.223634048218531951e-02
1.223642789686727773e-02 1.385665688741780956e-02
1.227521655556814729e-02 1.373414730846883418e-02
1.229123074060259856e-02 1.262579554548842742e-02
1.231324029479259098e-02 1.375767602234163715e-02
1.234680462410916828e-02 1.299352199665905483e-02
1.235541473608427025e-02 1.306260463908146680e-02
1.239787551730393324e-02 1.391211554714033398e-02
1.242731216793449556e-02 1.260076334464018365e-02
1.242937888474293477e-02 1.242944028388393365e-02
1.245469742394154054e-02 1.266926981780389268e-02
1.247028387778194823e-02 1.305282874785411787e-02
1.248851139268983626e-02 1.304415506122207774e-02
1.249294809376202790e-02 1.278002792880945059e-02
1.249539987866321589e-02 1.249546756599669711e-02
1.254574088050318392e-02 1.382346781546119931e-02
1.254869936416418315e-02 1.423473571629342398e-02
1.255525014238949300e-02 1.279776793598992775e-02
1.256671453476638708e-02 1.594453476764901012e-02
1.260915007323369121e-02 1.301598092902642514e-02
1.267024756787286759e-02 1.378783728821621896e-02
1.268341736332887285e-02 1.941092239345825268e-02
1.268352153695332350e-02 1.281739999373308382e-02
1.269344622813177795e-02 1.299439871496628138e-02
1.271769808301227711e-02 1.674663613259080169e-02
1.272738330405051577e-02 1.276441921698476083e-02
1.277564982540678809e-02 1.296581487403284175e-02
1.277821289538021848e-02 1.494573357864879305e-02
1.278474917466886247e-02 1.299356245208268396e-02
1.278712725488043329e-02 1.306699902393807650e-02
1.287088976147317265e-02 1.364106731551793621e-02
1.287267998382417636e-02 1.327147599294636708e-02
1.289883651410824242e-02 1.497878640989790296e-02
1.291554475350940867e-02 1.291585795952147724e-02
1.291678917685500950e-02 1.363379393304594255e-02
1.295163482324136923e-02 1.313031241364243616e-02
1.300874474768308302e-02 1.439669416142979122e-02
1.304362569683706168e-02 1.375856358779526008e-02
1.306442093947209233e-02 1.665853453880440996e-02
1.307273725958237910e-02 1.309606162164139720e-02
1.311095913977989441e-02 1.328531011776516550e-02
1.312341129695324474e-02 1.312369150033552284e-02
1.315807331493792573e-02 1.345775834107015324e-02
1.320221499425940428e-02 1.327559348734067175e-02
1.321488843435800718e-02 1.373506770296082334e-02
1.322649075004707006e-02 1.339402547180042896e-02
1.322967379243850626e-02 1.422898056570860888e-02
1.325934325257515853e-02 1.494523810684719040e-02
1.330376406238447697e-02 1.434368212604646489e-02
1.332054497971002505e-02 1.378785400589797178e-02
1.332644795717293287e-02 1.445962342279343352e-02
1.333419254389643475e-02 1.336366475170835434e-02
1.336332400227247148e-02 1.417947212437705926e-02
1.337703911990977684e-02 1.443131318921793416e-02
1.337806142564685122e-02 1.341345540333919659e-02
1.340551234054688373e-02 1.341520637661657543e-02
1.341317916780986226e-02 1.356168181502019274e-02
1.342894164845256748e-02 1.425354860983897229e-02
1.344472476228713610e-02 1.345194213873889683e-02
1.344816334419060219e-02 1.344832920373559108e-02
1.349738628914523217e-02 1.507070316105139050e-02
1.351398246691801544e-02 1.521116323074446844e-02
1.351446241162545213e-02 1.651485915170514823e-02
1.351780978707691969e-02 1.419146509019203126e-02
1.352392827423158812e-02 1.385557002485407301e-02
1.354746763779280175e-02 1.354915421836482524e-02
1.356415653565634129e-02 1.358361003600095512e-02
1.357375841148938250e-02 1.359136690812438875e-02
1.357785647711425708e-02 1.451913992413762268e-02
1.360855190901401161e-02 1.362315773708243360e-02
1.364022639949298392e-02 1.749242417915596384e-02
1.364670051857521001e-02 1.603198771612585755e-02
1.366695909576000172e-02 1.657606630316022997e-02
1.367601374880053795e-02 1.388855720564166271e-02
1.368523833546838979e-02 1.379127653304504028e-02
1.369313750726619885e-02 1.468691004107494473e-02
1.374626214812930437e-02 1.380989431580920308e-02
1.374735093449680826e-02 1.459691715520771739e-02
1.376664693863636699e-02 1.385104357744602714e-02
1.379291207703660024e-02 1.847439275824972957e-02
1.383604443587480547e-02 1.702746403104031525e-02
1.385787488711215203e-02 1.483682352955758947e-02
1.393175148113506324e-02 1.393204015965241599e-02
1.394670853482930968e-02 1.462190213375501487e-02
1.397419175032002352e-02 1.399163257975094381e-02
1.399411170141481864e-02 2.044808465591900840e-02
1.399669790660385341e-02 1.515474979307811221e-02
1.400001467620766091e-02 1.516343340309897827e-02
1.400304530660198207e-02 1.404533748807605155e-02
1.402409635352719862e-02 1.440595170135335404e-02
1.405636883678107983e-02 1.654252221055355770e-02
1.411365980179072124e-02 1.488932653178193233e-02
1.412819819698594298e-02 1.630924144523512170e-02
1.413947102822750088e-02 1.513902610961339636e-02
1.414008235949136723e-02 1.637709857866136501e-02
1.418958025398775469e-02 1.420267052246091885e-02
1.430150517405476274e-02 1.447138904847179025e-02
1.430563891692853556e-02 1.459138133725956625e-02
1.431519678316281810e-02 1.645376129601875195e-02
1.431970345720113072e-02 1.590276384262079290e-02
1.437509203026233681e-02 1.478657567091899543e-02
1.439080543494334827e-02 1.580131073638512892e-02
1.440374689706592874e-02 1.474130090010512817e-02
1.441648995413584433e-02 1.531981716754555675e-02
1.442109503952554439e-02 1.442146717927562417e-02
1.442454828619121020e-02 1.526843540332137837e-02
1.442902946604295369e-02 1.542234346699325118e-02
1.444588989653968966e-02 1.444975923747584753e-02
1.447593296286077587e-02 1.453569445079299152e-02
1.447664432091337779e-02 1.448766362587090156e-02
1.448445536293348386e-02 1.448446162338574636e-02
1.449461324988968181e-02 2.023149388822431671e-02
1.449940944041842178e-02 1.479631029639332830e-02
1.450243527537842247e-02 1.623201220975327777e-02
1.450882385579422944e-02 1.450915776191314364e-02
1.450992830967270941e-02 1.482635676524670341e-02
1.451509619264160396e-02 1.558530473994750032e-02
1.452030719049475505e-02 1.453101133032230416e-02
1.455897517879276362e-02 1.455925373679017865e-02
1.458618889250410874e-02 1.733600201462467960e-02
1.460513787574266656e-02 1.551769133922986828e-02
1.461463165809099955e-02 1.474965323908199177e-02
1.464615377071779197e-02 1.602434949504197292e-02
1.464978976915596275e-02 1.539710661569272665e-02
1.465087584828174763e-02 1.476721056379391890e-02
1.467007933585029629e-02 1.472685853490213886e-02
1.470840346913216551e-02 1.509444261992483674e-02
1.471180461888380031e-02 1.484291835096378763e-02
1.471370912981808526e-02 1.522933814923821058e-02
1.474715893895842123e-02 1.542318761685867491e-02
1.475934380986422198e-02 1.476704289588230863e-02
1.476922534447005705e-02 1.492037822193500833e-02
1.477189059310612083e-02 1.576325532694998477e-02
1.482733719459338254e-02 1.500188571211929188e-02
1.483531631441465173e-02 1.786303948036884956e-02
1.484066993355450705e-02 1.485982480042013359e-02
1.484453191277857430e-02 1.614814413383361749e-02
1.485664947642854894e-02 1.532672824667022718e-02
1.488260483030639202e-02 1.508047210148278500e-02
1.496835252363483068e-02 1.533887103692931075e-02
1.497586875107536145e-02 1.497601730809513913e-02
1.501216021833693195e-02 2.278436709913415903e-02
1.501846919540838175e-02 1.533547377557487219e-02
1.502231396887418642e-02 1.614060263187429636e-02
1.506402903741600047e-02 1.509477991076469197e-02
1.507234447516084784e-02 1.684026332783775115e-02
1.508942708839165585e-02 1.538152113818933020e-02
1.510229388841958544e-02 1.775063405046944237e-02
1.511661157494500508e-02 1.551671424430980939e-02
1.511790394407073503e-02 1.520576739665655333e-02
1.519723827659176171e-02 1.524360384361478360e-02
1.524522897094771241e-02 1.956635581084256031e-02
1.526725158612928478e-02 1.633845267562880968e-02
1.527641637930689245e-02 1.551835391297858371e-02
1.527868326025203817e-02 1.723751219701879361e-02
1.532968401045815832e-02 2.252762318627561655e-02
1.534956243883856160e-02 1.627876136021129752e-02
1.535327909335894823e-02 1.598154103066259241e-02
1.541980704997206013e-02 1.542354186726186890e-02
1.542709771346767282e-02 1.600023194172132263e-02
1.545807266302032072e-02 1.550063197103063693e-02
1.549424018922262308e-02 1.632838151267527668e-02
1.551419445679184765e-02 1.586531795086712840e-02
1.551736708112770244e-02 1.609013574153519976e-02
1.551898655668835017e-02 1.893412535416807985e-02
1.552229757359530754e-02 1.552720463949047724e-02
1.552755074093911149e-02 1.644493525974325548e-02
1.552817651852381881e-02 1.553620885793382048e-02
1.558536325262962693e-02 1.604239858422883830e-02
1.558708957834279221e-02 2.266647395090726561e-02
1.558991435672634276e-02 1.895177420552577457e-02
1.558996855363132920e-02 1.612214400660828134e-02
1.559046342911587883e-02 2.111957014289128631e-02
1.560262284257254994e-02 1.562550851785934544e-02
1.564901121113319513e-02 1.667752304108624517e-02
1.565672287898894899e-02 2.127852995577385678e-02
1.565857400469689020e-02 2.412905597584255601e-02
1.566642691992034195e-02 1.656339328574498934e-02
1.566671695487550225e-02 1.678554093686100354e-02
1.570673363425984306e-02 1.572340879723673271e-02
1.578469739337456587e-02 1.713917222445894561e-02
1.579216239493071508e-02 1.600608934836777672e-02
1.582088599722875424e-02 1.614297982172321205e-02
1.583189534030283660e-02 1.793887646982826253e-02
1.587683101043822764e-02 1.624403399561881109e-02
1.589919079025502863e-02 1.608849683422970689e-02
1.590081413924274503e-02 1.654073978703408596e-02
1.591697562083797465e-02 2.210878612535898194e-02
1.593238164439271867e-02 1.638384486703764117e-02
1.600477339011105449e-02 1.683184075203979224e-02
1.602814265690821402e-02 1.695404056898272560e-02
1.603310759059541069e-02 2.095134012681717714e-02
1.605021033240912331e-02 1.881095839964074673e-02
1.606411395734654718e-02 1.608873707682949641e-02
1.607746161070320451e-02 1.645817794252232846e-02
1.609205428367210464e-02 1.625987976138158764e-02
1.612994313574658486e-02 1.613766100006696139e-02
1.613572159069407222e-02 2.046222957071502577e-02
1.616120215698795687e-02 1.617269754765483444e-02
1.618182242207968566e-02 1.627112232650157475e-02
1.618420466642500610e-02 1.618571870597528342e-02
1.618431668041503402e-02 1.689598518535867164e-02
1.619406995740048372e-02 1.640107955465289896e-02
1.622683637492010333e-02 1.628759998049313443e-02
1.622823728251319292e-02 1.922085192287403474e-02
1.623650036179927203e-02 1.643499276665599113e-02
1.624723890329933529e-02 1.662515373922720738e-02
1.627372879437113604e-02 1.628783366439767386e-02
1.630019698294746591e-02 1.630274396854851718e-02
1.631847309999789539e-02 1.707588616719631774e-02
1.632069742678992491e-02 1.644597970335341316e-02
1.632837567675234774e-02 1.632839150358993824e-02
1.633971883510730583e-02 1.739836930618730154e-02
1.635031153627367409e-02 1.696342081217048006e-02
1.635565204081543614e-02 1.645881821853562368e-02
1.640571623192411954e-02 1.654491563922535352e-02
1.640746673508575865e-02 1.674026658402104004e-02
1.643703771734252375e-02 1.767309950993008541e-02
1.643716710350382609e-02 2.311322811853040379e-02
1.647857921875139561e-02 1.648320449015620859e-02
1.647945031194909815e-02 1.821121162200056015e-02
1.651723108408201246e-02 1.702426317304404566e-02
1.651930329280754117e-02 1.656407166898787864e-02
1.652647841679207377e-02 1.717685912750705271e-02
1.656155426854035925e-02 1.657232755541110381e-02
1.659962314983057935e-02 1.739078092741724521e-02
1.660491963063454035e-02 1.800657108571306758e-02
1.662604811277103647e-02 1.790023875264631914e-02
1.664189674856620879e-02 1.819162732490353998e-02
1.664417954932717256e-02 1.856586536719032413e-02
1.667359604817475818e-02 1.675502496691553753e-02
1.669457753647143189e-02 1.725563390018234472e-02
1.672446707021681828e-02 1.673831392974850854e-02
1.675293496084478279e-02 1.677171917173340271e-02
1.675784265004835738e-02 1.675838587215650391e-02
1.676375264848693064e-02 2.273243016346893769e-02
1.679157502713853403e-02 1.680477827703225763e-02
1.683220249040256675e-02 1.798533364785944236e-02
1.686920990453475572e-02 1.733959343901264258e-02
1.690657387773616613e-02 1.697781583807117176e-02
1.694239288790306067e-02 1.751856505449270879e-02
1.695806927598170200e-02 2.036879860494232239e-02
1.697439601562020922e-02 1.791042733080386307e-02
1.698167950928584219e-02 1.768933866366728669e-02
1.701858626504013788e-02 1.732101184303155503e-02
1.702264174542122283e-02 1.706946630209604451e-02
1.707091281758420578e-02 1.988516648036119105e-02
1.707146572885593488e-02 1.848788834939695674e-02
1.707421447560424077e-02 1.713124600381293536e-02
1.709382580620758679e-02 1.720935390324641184e-02
1.710134847578828610e-02 2.451633653077347347e-02
1.710153430091983923e-02 3.072441711112949489e-02
1.710465570784067482e-02 1.725879542929725785e-02
1.712989179918407781e-02 1.966647283530371937e-02
1.713230550754624160e-02 1.898127753784187646e-02
1.713662547705691735e-02 2.029902447969030369e-02
1.717727056140492745e-02 2.218134777204186850e-02
1.718261552715030782e-02 1.763496922347247003e-02
1.718563255224161632e-02 1.749397743385798162e-02
1.720314732770232904e-02 1.726032156918635638e-02
1.721923848326374629e-02 1.722018857288174290e-02
1.721932088601456010e-02 1.799145823722788848e-02
1.725489470476681067e-02 1.726403779112348560e-02
1.730288329021268529e-02 1.900092744027231245e-02
1.737201608328110825e-02 1.869347853954046040e-02
1.740490985807106178e-02 1.832829595199486628e-02
1.740900826288846806e-02 1.791273600415210082e-02
1.742508947924777465e-02 1.743439864956450314e-02
1.742535894745171968e-02 2.294288958981216542e-02
1.743531669548609164e-02 1.846170672568029150e-02
1.744544305614633556e-02 2.339546052684272556e-02
1.745477790167212703e-02 1.882887519237784468e-02
1.747451901977340599e-02 1.989633099667066987e-02
1.749581938554029686e-02 1.811006707952990402e-02
1.751845035078589824e-02 1.884427999905940662e-02
1.752599627327560208e-02 2.259167457903615839e-02
1.755749961512582946e-02 1.855449071117273169e-02
1.757357869357730265e-02 1.757689952023963956e-02
1.758623337260432906e-02 1.789201333102656208e-02
1.759520740489161142e-02 1.773485421673791362e-02
1.763312664462026932e-02 1.810268149014106209e-02
1.769813659604227082e-02 1.811590641357658377e-02
1.771177252350425446e-02 1.797264472424135728e-02
1.772770886717127750e-02 1.896634425117973283e-02
1.773127107910655795e-02 1.782645627470904812e-02
1.773253016598607193e-02 1.788407747348882970e-02
1.777601006548313461e-02 1.817134640836597440e-02
1.779629074368416913e-02 1.928740204862133822e-02
1.781092670573175551e-02 2.027552922591770515e-02
1.782119262181985561e-02 1.789265857122216904e-02
1.785694669281181687e-02 1.803723488648964826e-02
1.786958451325075872e-02 1.853592886037291887e-02
1.786990553844176183e-02 1.958008485758715167e-02
1.789300705142728848e-02 1.893562769867224160e-02
1.797418085613347247e-02 1.798004443137730946e-02
1.802698080431121286e-02 1.891643073507565109e-02
1.805275444781159408e-02 1.806403020657942893e-02
1.811461952294726035e-02 1.818972963827992714e-02
1.813186579766176351e-02 2.206891240484657249e-02
1.814699638879543192e-02 1.951478135794236859e-02
1.816940493226862352e-02 2.219238959616120013e-02
1.820264015555612264e-02 1.834207410397518945e-02
1.820331093673803816e-02 1.822872959864172901e-02
1.820418453388766150e-02 1.822241002758945641e-02
1.820489550747832544e-02 1.821435055860316787e-02
1.820787409015257180e-02 1.920809368877504295e-02
1.826169593619740572e-02 1.873705926040975661e-02
1.827263482377448206e-02 2.076879078837058287e-02
1.835360260829250328e-02 1.835679274419061910e-02
1.836004347802738107e-02 1.848207006976960304e-02
1.836520680570863373e-02 1.851665029538896237e-02
1.836850271910231425e-02 2.057325262956907416e-02
1.842705608007835089e-02 1.874568653409280222e-02
1.845953175989923506e-02 1.845959165097826871e-02
1.846751096060358574e-02 2.092694234493554586e-02
1.848991318552965085e-02 1.855318938046727345e-02
1.852152119549982379e-02 1.861054528705611763e-02
1.852982304655919135e-02 1.859569242495160910e-02
1.854290253298097532e-02 1.857722596869091150e-02
1.855968705546957170e-02 1.865974543201524838e-02
1.856098563164385387e-02 1.940037340149131442e-02
1.865553049509175929e-02 1.911781436552772648e-02
1.866844237512967075e-02 1.973873039310378857e-02
1.870834187000998058e-02 1.879507590496481972e-02
1.874553466828022402e-02 1.896277034797238387e-02
1.877251775864851799e-02 1.940676123422831190e-02
1.881730731691392405e-02 2.109587117413944113e-02
1.897489970833848502e-02 2.004908654059738352e-02
1.901664150356206784e-02 2.344163498594428047e-02
1.904542966716670990e-02 1.948977376164067257e-02
1.904986685054727014e-02 2.113914835833040351e-02
1.905813892252005218e-02 1.964357896515819130e-02
1.906128228079829665e-02 1.951144390748995802e-02
1.907156487191240951e-02 1.995615248920993082e-02
1.922745488271757758e-02 1.924213792671472523e-02
1.923794801316371789e-02 1.926162376598735890e-02
1.926264401507811821e-02 1.926758884448731210e-02
1.929234495761625659e-02 1.929438212509389586e-02
1.930225573677333065e-02 2.361985481431373712e-02
1.932610433317469636e-02 1.943757454384943337e-02
1.939756089008945125e-02 1.944843253794649798e-02
1.947991529727936474e-02 1.949295342854764218e-02
1.950179597085237998e-02 1.963600412348471061e-02
1.950625381086947344e-02 2.005964656102048396e-02
1.951530557603313107e-02 2.083973858329328174e-02
1.953714678996399876e-02 1.992507818851876542e-02
1.953912367004421308e-02 1.955617416232328931e-02
1.955231371572838453e-02 1.965872444787939224e-02
1.956854286088312300e-02 1.985490410065632316e-02
1.957051791415785613e-02 1.989521578333115076e-02
1.960002541238483123e-02 1.972152159701606039e-02
1.960819120002387991e-02 2.273503822183089301e-02
1.963966671825601723e-02 1.972054409607035610e-02
1.966093512010501365e-02 2.010686728018053551e-02
1.971893199551302822e-02 1.988484396605314994e-02
1.973707141047169669e-02 2.004379367117926219e-02
1.985241104050778499e-02 2.101316666441042577e-02
1.986527391037691895e-02 2.000275816791464989e-02
1.987187047607031840e-02 2.018364911506701290e-02
1.990852749784093392e-02 1.990929888204591436e-02
1.993356483381783159e-02 2.372214859345501622e-02
1.993797317567615537e-02 2.009444554406981248e-02
1.995479473603081408e-02 1.995479671240881284e-02
1.995645946871586404e-02 1.999266788702262765e-02
1.996052869173405714e-02 1.996085286592794508e-02
2.000047079916313086e-02 2.112001787758219229e-02
2.014227642134964330e-02 2.145794344363138872e-02
2.015362750639438164e-02 2.027495074308552706e-02
2.017192971967793347e-02 2.079982700519653754e-02
2.019565988587123176e-02 2.025795244323219321e-02
2.021294223956161817e-02 2.297804559607569130e-02
2.023026848367251787e-02 2.060172354959867794e-02
2.028779028833880421e-02 2.116992384073723699e-02
2.029810502867441732e-02 2.763584921314178253e-02
2.034555159755964404e-02 2.129572481691292471e-02
2.035964441002779957e-02 2.065211035347633631e-02
2.036442944721590653e-02 2.476653989406889592e-02
2.038345241614375816e-02 2.475268726176841488e-02
2.039835836146890527e-02 2.043305300158718835e-02
2.043774758420770568e-02 2.043942511133977832e-02
2.045114954565401683e-02 2.107212290966924834e-02
2.046815915094820498e-02 2.054060519325026299e-02
2.047211741636173823e-02 2.319586331132621887e-02
2.050132520221911378e-02 2.385495249871618165e-02
2.053990586371250149e-02 2.083380691944130073e-02
2.055744296220252468e-02 2.056496952790825422e-02
2.064309134672921361e-02 2.064311532311654401e-02
2.065495523118004301e-02 2.159279500232803850e-02
2.065794305361669247e-02 2.191422437506868395e-02
2.065865081013252419e-02 2.084671153665422494e-02
2.070292262544319237e-02 2.103497751341871363e-02
2.073001977251208439e-02 2.137393505618644801e-02
2.076884523236405961e-02 2.076973895888213628e-02
2.077734975769600020e-02 2.368783134036371585e-02
2.079826452894803848e-02 2.089156037120524709e-02
2.080058965985754835e-02 2.563258547274846824e-02
2.081437375360242759e-02 2.088649243625454593e-02
2.081636876883550744e-02 2.097332148441741206e-02
2.084532403871853373e-02 2.095054220803058836e-02
2.085017784420141115e-02 2.086193193517411892e-02
2.087025650973484830e-02 2.851873559492279497e-02
2.088182386034155569e-02 2.090270531877809826e-02
2.090359250970231023e-02 2.090359402687109319e-02
2.094141219342303059e-02 2.101707065641188546e-02
2.097344982849536771e-02 2.126046842115775215e-02
2.103583786686462342e-02 2.279309958800008681e-02
2.104721878926272757e-02 2.563011688906037880e-02
2.105366243105759663e-02 2.126575071679693077e-02
2.105402761985170762e-02 2.107424057229656533e-02
2.107850726808919301e-02 2.108486983727799954e-02
2.110997210194534568e-02 2.116511088792272580e-02
2.111716748789777345e-02 2.133573816256525979e-02
2.112407184380040923e-02 2.115002311513674432e-02
2.113421459044723810e-02 2.244557628584135239e-02
2.113796658287515895e-02 2.142374537818628882e-02
2.115078495525736166e-02 2.125281865205157911e-02
2.115946737183281232e-02 2.229619345844553041e-02
2.120500171779373180e-02 2.209254516206215699e-02
2.120630291748085844e-02 2.330438932196699300e-02
2.125111893650449835e-02 2.127250123264005574e-02
2.128107509677292647e-02 2.128213576344896094e-02
2.129872441646389614e-02 2.137259975989759531e-02
2.132683287191625490e-02 2.137443844881448812e-02
2.137010010908113947e-02 2.158343870609826312e-02
2.137372752369127993e-02 2.152763597573548182e-02
2.138591973737262453e-02 2.205678019661432704e-02
2.139070523006960864e-02 2.143044414527412941e-02
2.140741710205065415e-02 2.230246867629812751e-02
2.145624960724109437e-02 2.169408406073158185e-02
2.147321499163854300e-02 2.160700999021137464e-02
2.148850486961558295e-02 2.187029871132045375e-02
2.150073058648102955e-02 2.233439177365853165e-02
2.151051368854008106e-02 2.159767323575629422e-02
2.151152754615465526e-02 2.160990035051386579e-02
2.153152794477128373e-02 2.183182765304857859e-02
2.155185060523264265e-02 2.234494461680290589e-02
2.155695078718936411e-02 2.191466655236222819e-02
2.157720458270813782e-02 2.164023400144383935e-02
2.159899226215626633e-02 2.185619396290438415e-02
2.162122627689958693e-02 2.162565794338119560e-02
2.162592596672138420e-02 2.183832408120845933e-02
2.163107839158822515e-02 2.169030604372046075e-02
2.171328846866618645e-02 2.184643318117412969e-02
2.171525439739332985e-02 2.171585947357248386e-02
2.180469833837073504e-02 2.192114112348228505e-02
2.189273693021166409e-02 2.205699831740875333e-02
2.190268098091752852e-02 2.199841552558883667e-02
2.195800770163470680e-02 2.311301767158514472e-02
2.204842878273508694e-02 2.217657547487806441e-02
2.205043677952006620e-02 2.253216206868885810e-02
2.210592131631176210e-02 2.319658443991855570e-02
2.213402271658651901e-02 2.226924080813390619e-02
2.225061967831674578e-02 2.233100010403956184e-02
2.225420484932751075e-02 2.228246512066047250e-02
2.225581680628388459e-02 2.227496764136307345e-02
2.231948524752773097e-02 2.260652616887452032e-02
2.233199557394575235e-02 2.233510290434019899e-02
2.233657158085004119e-02 2.905328781157682713e-02
2.235165967843522061e-02 2.332568203917489633e-02
2.238724014099711945e-02 2.358539683872038634e-02
2.239376647401943379e-02 2.383601687275360356e-02
2.244086930845100997e-02 2.401521637363019865e-02
2.247969865805581405e-02 2.250049068776672004e-02
2.248082579506247014e-02 2.322236032426840471e-02
2.258257095550243038e-02 2.291526701089491302e-02
2.259961121209851098e-02 2.817247684969769600e-02
2.262020546755819789e-02 2.323748054579481345e-02
2.265701671813064033e-02 2.265803821090264444e-02
2.276614609955875113e-02 2.313364332032950485e-02
2.277849889270238543e-02 2.306046852188575746e-02
2.282717614252788643e-02 2.286871832521882378e-02
2.283404245711871325e-02 2.287271785692537168e-02
2.283672914194765161e-02 2.306103888655370096e-02
2.286452917704052609e-02 2.300335318334001053e-02
2.299378850934263169e-02 2.300198604814195774e-02
2.300603741276259495e-02 2.347376781360158149e-02
2.302316737721708459e-02 2.309366916462673655e-02
2.305924567000617112e-02 2.306382604402391207e-02
2.317906550331085003e-02 2.336595915853878838e-02
2.319864489331269902e-02 2.480237611408278239e-02
2.320386379878741634e-02 2.325368587895134884e-02
2.322334911868965956e-02 2.412068266285745388e-02
2.329449726305283727e-02 2.753132364929163078e-02
2.329727865505215947e-02 2.329872859247996211e-02
2.330288796897159870e-02 2.636609131357995142e-02
2.330919757853410976e-02 2.331008327282889370e-02
2.335792794522283111e-02 2.360571020505833686e-02
2.341714888480843013e-02 2.341715429472761983e-02
2.342415819225382445e-02 2.345714559201543190e-02
2.345535487002316233e-02 2.345598368374685397e-02
2.353740800762850818e-02 2.413779638730915653e-02
2.354532688471007093e-02 2.405875631376670071e-02
2.360492071676204354e-02 2.360988901856548097e-02
2.361390954845394088e-02 2.574192875149212620e-02
2.362395993673291339e-02 2.372527735792788472e-02
2.364481036825808596e-02 2.420932579970349469e-02
2.365907386144064373e-02 2.365934600862126466e-02
2.369237994290840713e-02 2.433392772855331662e-02
2.372414693200177588e-02 2.387978250947681361e-02
2.377261321728582968e-02 2.556366388505435308e-02
2.378957650814632688e-02 2.381341202367587631e-02
2.380380673219915574e-02 2.387888253173560058e-02
2.385722629787178500e-02 2.744429247814017536e-02
2.392705611259297871e-02 2.432054542136996567e-02
2.394464579290216805e-02 2.474139324848186744e-02
2.401242643950358274e-02 2.401368479806410133e-02
2.408661427629341101e-02 2.434028724879911884e-02
2.414233270630231770e-02 2.450694739296754160e-02
2.422015194639805941e-02 2.434675974269542159e-02
2.428342652029679208e-02 2.541001512221954806e-02
2.441110666522093575e-02 2.691647784469275093e-02
2.441398103138424369e-02 2.665801013733916716e-02
2.452103179087742127e-02 2.469415858215804824e-02
2.455190605757101921e-02 2.458751707677653275e-02
2.457124317530948177e-02 2.457201906572123798e-02
2.466581358510869237e-02 2.597144441753238692e-02
2.473933872904444942e-02 2.511728369972534430e-02
2.477648655285481435e-02 2.663119926085171299e-02
2.480489275853489661e-02 2.505459867651473049e-02
2.494510872935175316e-02 2.494512369210331176e-02
2.518549495203890182e-02 2.527601395344486468e-02
2.531512352187344217e-02 2.545664713507977961e-02
2.535755773886614467e-02 2.544680791287492333e-02
2.536117260832952344e-02 2.617269907691757019e-02
2.537623527462185696e-02 2.658960983429327005e-02
2.553847230041290939e-02 2.561763610906854852e-02
2.563389002132984013e-02 2.839305454392974937e-02
2.563783479708874741e-02 2.577084074669824462e-02
2.571663426532582591e-02 2.681173026501199735e-02
2.575065657640506628e-02 2.592360840292082594e-02
2.610777301758651636e-02 2.860800664362769807e-02
2.621026744645823386e-02 2.765887281523809679e-02
2.631628827119373779e-02 2.646261461732075937e-02
2.632431075939504692e-02 2.634915768135768013e-02
2.638701548662918811e-02 2.704051656868449241e-02
2.640695616487150413e-02 2.659603306312100651e-02
2.664701474648919002e-02 2.684779709511997750e-02
2.672045033050872778e-02 2.679906224139380275e-02
2.673472733256539863e-02 2.745274960671101674e-02
2.673474486839808734e-02 2.673657577773406319e-02
2.673966141484898640e-02 2.674194360723870789e-02
2.678806337354413050e-02 2.786190414832043563e-02
2.683645594755797170e-02 2.691484741888089394e-02
2.691816248516674254e-02 2.732558747965364160e-02
2.702847625026074188e-02 2.714483244653494859e-02
2.707061674388788405e-02 2.708388685440059687e-02
2.708112310973603137e-02 2.708152586245454047e-02
2.712016472557371091e-02 2.712045896481479756e-02
2.715438376643393090e-02 2.769718660077028632e-02
2.723901911390702243e-02 2.727746892600009174e-02
2.733991146596171859e-02 2.753694529825214538e-02
2.743961608021099757e-02 2.779303396124674363e-02
2.748380772452131693e-02 2.753829784318936186e-02
2.763634809530305866e-02 2.772609093455078236e-02
2.771222137512256711e-02 2.775250980787444949e-02
2.772261835666356422e-02 2.944067280195621084e-02
2.784506183435188006e-02 2.972435588931826925e-02
2.791718433055212847e-02 2.795521291385748286e-02
2.820453004592985216e-02 2.838835868740321317e-02
2.829810634051055374e-02 3.196471031547308550e-02
2.844089755987125323e-02 2.851840816070958656e-02
2.852864586715279926e-02 3.014501011209781700e-02
2.861212334952268135e-02 2.876461464322275716e-02
2.869784860799021523e-02 3.050173894202555872e-02
2.872055585128978697e-02 3.146337514097200666e-02
2.879832466598531218e-02 2.880675355018540509e-02
2.907776131245939227e-02 2.911970094192079667e-02
2.909174115810629624e-02 3.018180032259378670e-02
2.944129333712713556e-02 3.018549009109623704e-02
2.944152653041687273e-02 3.063411417723343674e-02
2.952069678233572303e-02 2.953581028458564586e-02
2.960628838131105708e-02 2.968664218765652840e-02
2.974036198064853101e-02 3.017721623179071139e-02
2.975359462423877999e-02 3.038199239528985990e-02
3.002715432106997998e-02 3.013518133507633520e-02
3.008557665044294879e-02 3.031695030448982101e-02
3.010576519196265372e-02 3.017297521698311322e-02
3.046515901068533663e-02 3.058838221891476208e-02
3.066911600227786167e-02 3.236725034964040015e-02
3.069494108272838653e-02 3.071252121171069022e-02
3.070915545750305120e-02 3.070946775267483636e-02
3.101024458790914429e-02 3.110485130503901768e-02
3.110821264233299549e-02 3.116896813793209112e-02
3.115267279085344801e-02 3.188300805891444711e-02
3.124050723782811553e-02 3.136258370450768773e-02
3.192109857393957140e-02 3.194250643921899002e-02
3.263066990255512889e-02 3.263804308490362432e-02
3.324774446164050629e-02 3.326347058357614905e-02
3.507506555994749364e-02 3.511281500493858981e-02
3.591797525039619465e-02 3.591828565770033982e-02
3.666525338263455086e-02 3.669434751717459003e-02
