3.330535001955486907e-03 3.335397283118826488e-03
3.985423194712975868e-03 4.036795818563421179e-03
4.174552471838675546e-03 4.200873570083876740e-03
4.346306016647734707e-03 4.347992897838079233e-03
4.485865422564004959e-03 4.796538770843529996e-03
4.541778367117703212e-03 4.648729770535721048e-03
4.552147271658982079e-03 4.638730630499320051e-03
4.638375814327322724e-03 4.673212705610064674e-03
4.642254214440613008e-03 4.950003949857170044e-03
4.648348789372823246e-03 4.741672011072338953e-03
4.789410462784062829e-03 4.805337606720517379e-03
4.868331579041955057e-03 4.869536889076641999e-03
5.950070759773908730e-03 5.974147429295965928e-03
6.137922596564240364e-03 6.138447704648099419e-03
6.454727636213757405e-03 6.475721416520961206e-03
6.512612826512075015e-03 6.513727135982598851e-03
6.583282447954727327e-03 6.652616111286994462e-03
6.935921160487815151e-03 7.008408849136327917e-03
6.943210335164352008e-03 6.949054737086784485e-03
7.247739017575402509e-03 7.254751350226151287e-03
7.338600894632021920e-03 7.374070052821797214e-03
8.955823584760682493e-03 8.956678237160788439e-03
9.122580816773319043e-03 9.224111540120736447e-03
9.139539392598752462e-03 9.150790734922356270e-03
9.168715813536690296e-03 9.182549852615840696e-03
9.913416477734542445e-03 9.964963533436730844e-03
1.081632316484159965e-02 1.087947235455623274e-02
1.204281964900841967e-02 1.207783345416382249e-02
1.324379016376029186e-02 1.327236210718477083e-02
1.355551930729491372e-02 1.364020996099241101e-02
1.358407129758934517e-02 1.362228769566558445e-02
1.364730879240183027e-02 1.404636083459404917e-02
1.378669578989377524e-02 1.379036719827545117e-02
1.403351793538075605e-02 1.407653713807278592e-02
1.480431153469710139e-02 1.480484197423297468e-02
1.483762377712181252e-02 1.491767815251952324e-02
1.496808483521214900e-02 1.506561990020818115e-02
1.511579416243248250e-02 1.515035794038505079e-02
1.525974739129440198e-02 1.715484625040808800e-02
1.552026698737694367e-02 1.556284281086128644e-02
1.592208922165145105e-02 1.604539319904067438e-02
1.629998926743142160e-02 1.630258175796394510e-02
1.632587331952214255e-02 1.655196440918059106e-02
1.634831708437206946e-02 1.636965037608067303e-02
1.645393923819592555e-02 1.646403612159702892e-02
1.652388135528936805e-02 1.655237650102926728e-02
1.655297208418708005e-02 1.664341867704182548e-02
1.660102569562425801e-02 1.670172422792483638e-02
1.672709085574186627e-02 1.673326751237156143e-02
1.674103764368774575e-02 1.715694606298237210e-02
1.680820815494324383e-02 1.723404673742178969e-02
1.682772791984536720e-02 1.683079334684918840e-02
1.687087797658743185e-02 1.694588475942371275e-02
1.688978862663582936e-02 1.708814201705280769e-02
1.689257791058172004e-02 1.689754787238211334e-02
1.694255233659541782e-02 1.699973442533218165e-02
1.713473522284346059e-02 1.757043347004060008e-02
1.715110606022834938e-02 1.716586150133529026e-02
1.718246937779089809e-02 1.719137378558420470e-02
1.736458965492705675e-02 1.743492212850727280e-02
1.756445571437157890e-02 1.757108823052789745e-02
1.764763554861357997e-02 1.767276525742917173e-02
1.771091086659090999e-02 1.796964038184768395e-02
1.782410693415318811e-02 1.782655362653087772e-02
1.784774951112048924e-02 1.784779837304659861e-02
1.820625657518664189e-02 1.850218745745250276e-02
1.821507333788900673e-02 1.824927120270229686e-02
1.845965931945728333e-02 1.847301855791246006e-02
1.859111365853748782e-02 1.862017461786408257e-02
1.864032615538633447e-02 1.881195570963316993e-02
1.872429746816714133e-02 1.939613618206203691e-02
1.874086406513888331e-02 1.915795939681167251e-02
1.885906639815455518e-02 1.891102568775449716e-02
1.894900749000398912e-02 1.905332323153764024e-02
1.900442702141316373e-02 1.906554903367072354e-02
1.916768393834236694e-02 1.918101866243068776e-02
1.928214451093074322e-02 1.929497801076295385e-02
1.936835442197308230e-02 1.937176344391875263e-02
1.938685253288576285e-02 1.969009476994543206e-02
1.978708266299498975e-02 1.989339717783120479e-02
1.982207631863229860e-02 2.002652275164311033e-02
1.989343670761118191e-02 1.995002945099908637e-02
2.001518256717998642e-02 2.011160103604958324e-02
2.005368605883542724e-02 2.053305083321747826e-02
2.041190999430690656e-02 2.042411481145538568e-02
2.076057084551668694e-02 2.079840290992197513e-02
2.080544948334888539e-02 2.081862720626426883e-02
2.090472780246391618e-02 2.094023806938174331e-02
2.113022975479691631e-02 2.132753531366658739e-02
2.125248482455250817e-02 2.129628111312917987e-02
2.127002446665623644e-02 2.137006875548487853e-02
2.127553620285135491e-02 2.152270886884872017e-02
2.140879986627725745e-02 2.284414033437940847e-02
2.162705872162729720e-02 2.165808402571962193e-02
2.165378312027280497e-02 2.173919164642385687e-02
2.190259174173491905e-02 2.190276540413219411e-02
2.199375578094732442e-02 2.215861621689517447e-02
2.206086382311062827e-02 2.213025860728897592e-02
2.208701673195182999e-02 2.208892414259323519e-02
2.210510753774528117e-02 2.210544617345928595e-02
2.228891751893023396e-02 2.350389088705630292e-02
2.230283876038954491e-02 2.232596513615954861e-02
2.232729286251183484e-02 2.237620840965256347e-02
2.234743979103312114e-02 2.251302000949240503e-02
2.235046727872880626e-02 2.311485661999014563e-02
2.235998640010343833e-02 2.268622876059219959e-02
2.242713760425018091e-02 2.250457835927662312e-02
2.251182542144165161e-02 2.277543382572194339e-02
2.264340499604497112e-02 2.267306273727396487e-02
2.270511256332869918e-02 2.321294036160309951e-02
2.315376077500387944e-02 2.322310357027963790e-02
2.322615382961083427e-02 2.335296747050487343e-02
2.323330528401854403e-02 2.369729466680944863e-02
2.331370320488239736e-02 2.333932666592653318e-02
2.339244676796310013e-02 2.393958594796260012e-02
2.347645266800990269e-02 2.387307724231932382e-02
2.360874150197011037e-02 2.360995649731582879e-02
2.387762257770754612e-02 2.565897205509301560e-02
2.393970383344582939e-02 2.397011235533718504e-02
2.401709960769893987e-02 2.449622870268450964e-02
2.410283205396959033e-02 2.429926245790539271e-02
2.441053935975990782e-02 2.466647313371100186e-02
2.446550555436659974e-02 2.446580421349383444e-02
2.448632512690593344e-02 2.469383547751802244e-02
2.458450982428849255e-02 2.516894012161333821e-02
2.460465436614512127e-02 2.460886804287156643e-02
2.461865435179762251e-02 2.472394647604348947e-02
2.487291019189811353e-02 2.487482841035862022e-02
2.503108047725865690e-02 2.519997029636738065e-02
2.529261480114592883e-02 2.541287183231211166e-02
2.533501068837099024e-02 2.554895054647335351e-02
2.553484288617437550e-02 2.564575280892276987e-02
2.553675698728560817e-02 2.554256074410901287e-02
2.604865249882303349e-02 2.607859127855297401e-02
2.615315547734088295e-02 2.664052507150005411e-02
2.616026563936867111e-02 2.616703037569004589e-02
2.632815235455376879e-02 2.639377671820106186e-02
2.640985619525838476e-02 2.670705177983048739e-02
2.655689655097633051e-02 2.655834815281723008e-02
2.656351688796537713e-02 2.746275834208713323e-02
2.666849595568858769e-02 2.684412047136732621e-02
2.672592987742377496e-02 2.679781180076031000e-02
2.675753854715004834e-02 2.718620850688563753e-02
2.688038928728287910e-02 2.729147877576997699e-02
2.694087997766744097e-02 2.703265798110689871e-02
2.695814827951072828e-02 2.695837814644257840e-02
2.724582647761863985e-02 2.735141766054558637e-02
2.745830512345586935e-02 2.765100098481035329e-02
2.759270491933758090e-02 2.764358573425315657e-02
2.762879216781367539e-02 3.063622910303861677e-02
2.778230365455091472e-02 2.814025358808506030e-02
2.789626432921597440e-02 2.802751965675212911e-02
2.810241594838884874e-02 2.819070962296337662e-02
2.815142607163836214e-02 2.815471154606183704e-02
2.827165544847064574e-02 2.828136792959484030e-02
2.828118823968442039e-02 2.829289716822908432e-02
2.837472140021642455e-02 2.844628425681041198e-02
2.840989522461565345e-02 2.845169399298002125e-02
2.843383256188715749e-02 2.923648358078975371e-02
2.844667896872100227e-02 2.865202274413194625e-02
2.849481725682597236e-02 2.873920207776128541e-02
2.854237532915239114e-02 2.862377076894121256e-02
2.854585494864110215e-02 3.072481847074712627e-02
2.864250295870648250e-02 2.864400526324935650e-02
2.883663164973795587e-02 2.908281828845368788e-02
2.884752131150967666e-02 2.897151512806912452e-02
2.903965139689889188e-02 2.904081712065846935e-02
2.905777591620661501e-02 2.906037752145463129e-02
2.912510989241944709e-02 2.914556133804269838e-02
2.919046180397002338e-02 2.921072965051151396e-02
2.920499013405240471e-02 2.955758244269252391e-02
2.922963448892921395e-02 3.048463415535240112e-02
2.936662845896072932e-02 2.937150084136478864e-02
2.941400360897988148e-02 3.005302390701138429e-02
2.982080431930317008e-02 2.982366970945847864e-02
2.985559842607335077e-02 2.985946519799266563e-02
2.989856680954888421e-02 2.998805876262466280e-02
2.990758923228241037e-02 3.068995701503361706e-02
2.990972336870953430e-02 3.082882806014134586e-02
2.996886394429075853e-02 3.022417969259068304e-02
3.006007407451758567e-02 3.007930330250714254e-02
3.019813944675468764e-02 3.037994197080437497e-02
3.029058406890858604e-02 3.029574165898904839e-02
3.031343370970170092e-02 3.059317329444942793e-02
3.036636038115794745e-02 3.058372291323820102e-02
3.043565498780889320e-02 3.048488158207576446e-02
3.046338623215317717e-02 3.050877546204495971e-02
3.055303899081871291e-02 3.126113407610847661e-02
3.059628130344186139e-02 3.082781718970066878e-02
3.062104553794965309e-02 3.066884795925205187e-02
3.068966932742493714e-02 3.087327892397163584e-02
3.078707963907418438e-02 3.081340046074102987e-02
3.095801670793628738e-02 3.187447467725866568e-02
3.101137822895843471e-02 3.102250303916799512e-02
3.107661385547397931e-02 3.110124997338764227e-02
3.110854475237186459e-02 3.112552206129677937e-02
3.144487679920471984e-02 3.145995451179219721e-02
3.157831275584582070e-02 3.158102223483298665e-02
3.158532345226604948e-02 3.158916270835796652e-02
3.177292192259292131e-02 3.214896108146832882e-02
3.179363102097546717e-02 3.182205918301118930e-02
3.180183965926148409e-02 3.197147150853044822e-02
3.192731627657571791e-02 3.197714530404657113e-02
3.198103747484547926e-02 3.269723680130050963e-02
3.200447412327916963e-02 3.224271163370215354e-02
3.203435452466821265e-02 3.209895971826911415e-02
3.208614383567285483e-02 3.213113626189702254e-02
3.210727456432562604e-02 3.210905800757195977e-02
3.235619189089521813e-02 3.236518510826489475e-02
3.236157612473493372e-02 3.236211202667421682e-02
3.250832954516529733e-02 3.268079440001295938e-02
3.259411916200750242e-02 3.331394431891224195e-02
3.261228540336773285e-02 3.271518880486100345e-02
3.269150958310665378e-02 3.283512286020677517e-02
3.281758082060291792e-02 3.284628451055088272e-02
3.290881263510453403e-02 3.301213438427048202e-02
3.293565024342717806e-02 3.301942570890271933e-02
3.294959953772209904e-02 3.296381610655144123e-02
3.298207897284851503e-02 3.298565324126675330e-02
3.303108165030124027e-02 3.304614858962840601e-02
3.303691505526574340e-02 3.303803661014512866e-02
3.310793038079425793e-02 3.346382075030678027e-02
3.315497721730184533e-02 3.317462840981475619e-02
3.319831957836414521e-02 3.319950976267479342e-02
3.323920703360495887e-02 3.325497660048646470e-02
3.330389754138207009e-02 3.342849405343119307e-02
3.331407755544338323e-02 3.331635859826083401e-02
3.339892688741592092e-02 3.370499132460200165e-02
3.342001623103465352e-02 3.344237279950444675e-02
3.357509639982758642e-02 3.361238860586087535e-02
3.372075457087089778e-02 3.374482209076137829e-02
3.390070590642642323e-02 3.390265591232839715e-02
3.394427362306753210e-02 3.425333001268125038e-02
3.442973615477484817e-02 3.544914382151492793e-02
3.469447610204039883e-02 3.480067519314280350e-02
3.481331934094044483e-02 3.537249070940158557e-02
3.499439333689759873e-02 3.499700478091036931e-02
3.504079393314447205e-02 3.533374517952415916e-02
3.532841125125816412e-02 3.532984887818427927e-02
3.539572808953243832e-02 3.658552919973644124e-02
3.556953340136729397e-02 3.558248405998160058e-02
3.564107131930133177e-02 3.582368095429765142e-02
3.573246139684256584e-02 3.718904732930531504e-02
3.586106034761671335e-02 3.608370732150765342e-02
3.589182080002252528e-02 3.590333929795077456e-02
3.590610846275627682e-02 3.622929380923826242e-02
3.597718088755501309e-02 3.599798960576467560e-02
3.608985100638487792e-02 3.614337423257659582e-02
3.630767340045193414e-02 3.632209341734865538e-02
3.633142640019942221e-02 3.636183902105777355e-02
3.647324733558553883e-02 3.665160156529859159e-02
3.670052845233344463e-02 3.678571967112200664e-02
3.693753143834731245e-02 3.742484584849421064e-02
3.696699653888990689e-02 3.699113226067770460e-02
3.723373428551920300e-02 3.748245939208982858e-02
3.734495046751653419e-02 3.737211633479019940e-02
3.755703545014931616e-02 3.802905969841662709e-02
3.757554569308520914e-02 3.760001442113081876e-02
3.758686170648524449e-02 3.772050957320446929e-02
3.789680422238825980e-02 3.833723245748893449e-02
3.797999158384710028e-02 3.804346226550203713e-02
3.799333753450378354e-02 3.804515213973726218e-02
3.803455202792373896e-02 3.803455375026021379e-02
3.817376608821555078e-02 3.821162623951537135e-02
3.831228827709012158e-02 3.865322565792272264e-02
3.836055135036064295e-02 3.898928434812448662e-02
3.888551756966057704e-02 3.893586291164759933e-02
3.890978429894740437e-02 3.957175388193692744e-02
3.892249367142812388e-02 3.968398236071225826e-02
3.898069516665802342e-02 3.905328644560043805e-02
3.903207476587263608e-02 3.910790800545253798e-02
3.905806915992052208e-02 3.912262426223405559e-02
3.911904513472451439e-02 3.959903510872269522e-02
3.914084585859237131e-02 3.944088965138609071e-02
3.941539358569056545e-02 3.962403697221085486e-02
3.948978902273005132e-02 3.952088568442061606e-02
3.953744629070835015e-02 4.003966620723908160e-02
3.957651740513935118e-02 3.962130872061504772e-02
3.960295745858083416e-02 3.988721007213598402e-02
3.961304180027917787e-02 4.055484827652734714e-02
3.963563862698512436e-02 3.971794191411325003e-02
3.987796406523408388e-02 3.991465857378024423e-02
4.004654804091276749e-02 4.013776797243899519e-02
4.007686239569951264e-02 4.013520841676440631e-02
4.010436987763656147e-02 4.011456391598060278e-02
4.011903509324363237e-02 4.076501629578811736e-02
4.024157407208443782e-02 4.369458466372973943e-02
4.030123785804482633e-02 4.255008532493415735e-02
4.042858716411419640e-02 4.042860866155134625e-02
4.044031953790681866e-02 4.152136084618594791e-02
4.071465142671533421e-02 4.072020657624685763e-02
4.079978859384549711e-02 4.315111391186374212e-02
4.085901646380121072e-02 4.096363427116991168e-02
4.123990094680478335e-02 4.201850886854613387e-02
4.135728904902608721e-02 4.276695443527613744e-02
4.138221697013672040e-02 4.147151497378171597e-02
4.141293477544701757e-02 4.175440607477306360e-02
4.151151745584120978e-02 4.182386779734934695e-02
4.154930193873445504e-02 4.155213674481308267e-02
4.155958643011509884e-02 4.156909166213876294e-02
4.160914219436274986e-02 4.253015571545245427e-02
4.170130740612333631e-02 4.170255985750123684e-02
4.181335640696089845e-02 4.243832509786588797e-02
4.206269849970672992e-02 4.225709278006165026e-02
4.210181285509180527e-02 4.226555823433918863e-02
4.219367963804276228e-02 4.282823534081633271e-02
4.239990800610043964e-02 4.296185996408091734e-02
4.263784887371390581e-02 4.294991653406443621e-02
4.267119563093779711e-02 4.267630737324069889e-02
4.278606043704619860e-02 4.385085877944838034e-02
4.281777220198800665e-02 4.283716114188652890e-02
4.293586785620768370e-02 4.348716636597266955e-02
4.304698604751090729e-02 4.304709893814642752e-02
4.306402267311151832e-02 4.306664117172183393e-02
4.319507096864268203e-02 4.329413899169499286e-02
4.319611251548970826e-02 4.320400864671743169e-02
4.336345716976529319e-02 4.336691200431456311e-02
4.340764099721266395e-02 4.642035806226822020e-02
4.346912070375729548e-02 4.349352685423119730e-02
4.347254753825362944e-02 4.541977899319066259e-02
4.356597941771251509e-02 4.358711762474829637e-02
4.375650400727887357e-02 4.407285746098699858e-02
4.377832579264385321e-02 4.411270581460826484e-02
4.378523222805821152e-02 4.395123946815934074e-02
4.423662258723619345e-02 4.552884199809677929e-02
4.429819243914590032e-02 4.430132676225650989e-02
4.432872416904338336e-02 4.458516503727111974e-02
4.434154314610445208e-02 4.633064319011771098e-02
4.449386305098178285e-02 4.451856671121501990e-02
4.450416145005110791e-02 4.466605928334587555e-02
4.452640965786055366e-02 4.471625192668337440e-02
4.457522800571816352e-02 4.457929977276464673e-02
4.469574779122284514e-02 4.484789642107113450e-02
4.472395626749157971e-02 4.502807597122789746e-02
4.480576010607970061e-02 4.501541408302761615e-02
4.484661505034234774e-02 4.512684051460271600e-02
4.494665277209656390e-02 4.511052209126100582e-02
4.502424721114033079e-02 4.503269883939940016e-02
4.505949878180898205e-02 4.548911667788050478e-02
4.506421163973384214e-02 4.508136278242137057e-02
4.507107266366166404e-02 4.628909061851108064e-02
4.515477240895128530e-02 4.720132562720748270e-02
4.518177260417967356e-02 4.518183719511838226e-02
4.518448824708701933e-02 4.546728078905403619e-02
4.519337960887661459e-02 4.549689999586205291e-02
4.522805059070037631e-02 4.535486331650468578e-02
4.524398864077440463e-02 4.524399396307976495e-02
4.527327794887457679e-02 4.529366992269344416e-02
4.531659733361766834e-02 4.642172920624457189e-02
4.542579519150944517e-02 4.548648181394068790e-02
4.552487046337478499e-02 4.552488401437550930e-02
4.559566682354701528e-02 4.563631584781957518e-02
4.579343818987386544e-02 4.609791500108027101e-02
4.602737526426366188e-02 4.619223736227622695e-02
4.616613503512725925e-02 4.621168400064616655e-02
4.625093293019904434e-02 4.713381401147211103e-02
4.628693071587460656e-02 4.628694583923335937e-02
4.629598515539861542e-02 4.694765802614376399e-02
4.637678211863634214e-02 4.638269653285227029e-02
4.643207694692919052e-02 4.680136863942310765e-02
4.649922837007086640e-02 4.655185269428056133e-02
4.681148021601193310e-02 4.681934910944568484e-02
4.688172380560771957e-02 4.691149251210908339e-02
4.696588168670568636e-02 4.697593309451941063e-02
4.703078588051727571e-02 4.737623842238459365e-02
4.705774553874487315e-02 4.717067759800495919e-02
4.708075030363299135e-02 4.849247913237589996e-02
4.708921825632606667e-02 4.711331553100614467e-02
4.711226966648823788e-02 4.779077235498890852e-02
4.712178869714367391e-02 4.712475574049312943e-02
4.724345508778191038e-02 4.768117057739495318e-02
4.742043064928869178e-02 4.937750095058950767e-02
4.743836485652459106e-02 4.743853644523986224e-02
4.754684435925636554e-02 4.835722782718356733e-02
4.769996941175889960e-02 4.841122839891104368e-02
4.775914606340760787e-02 4.817960535286019280e-02
4.778286877600489146e-02 4.945361981850778660e-02
4.783086111662259582e-02 4.786222478187558693e-02
4.784322786401844219e-02 4.794872658960533385e-02
4.785452036072829901e-02 4.786577876111415553e-02
4.790132397639344092e-02 4.897819507078598339e-02
4.795442240852319099e-02 4.836477433200799675e-02
4.798363243188573379e-02 4.911643955849222254e-02
4.804510526775769563e-02 5.133501694578688351e-02
4.806456791598575501e-02 4.820139588365134065e-02
4.817615127408392955e-02 4.849390499398244236e-02
4.820406900475691925e-02 4.824371111695672371e-02
4.828262064799859060e-02 4.842845387679259317e-02
4.837446022610378260e-02 4.846137375695726973e-02
4.839580840256787336e-02 4.839929276831592825e-02
4.857790471194396026e-02 4.886701271459807649e-02
4.860763720406974242e-02 4.861064153475584682e-02
4.860964043089333747e-02 4.870744854855996869e-02
4.863565537233403152e-02 4.866935251784233057e-02
4.866141761257379572e-02 4.930519637294358826e-02
4.877334958470130877e-02 4.877717202562160959e-02
4.879763914350351145e-02 4.880669473772058370e-02
4.912034791854279214e-02 5.487047153623010598e-02
4.926082279609939052e-02 4.926633997130832471e-02
4.940284055672009705e-02 4.955545924404217151e-02
4.941502591001070699e-02 4.941636644074333395e-02
4.942815791420049343e-02 4.943136391304112087e-02
4.951754752700263107e-02 4.992033067900306792e-02
4.962455454264558252e-02 5.036743220561051143e-02
4.978810643683839743e-02 4.978882513578152674e-02
4.991443485517732537e-02 5.025558732512076798e-02
4.993113949304769927e-02 5.139713015258612350e-02
5.011874088705222524e-02 5.014353572489151090e-02
5.013723277475288370e-02 5.015587794190542320e-02
5.015951716330585564e-02 5.017215003220369673e-02
5.023903219292149419e-02 5.024375267113146554e-02
5.028174281907511062e-02 5.038444417503500083e-02
5.029832253767459183e-02 5.077675238484524733e-02
5.031910713296344762e-02 5.041932887072018282e-02
5.050495996079511912e-02 5.241872235013242398e-02
5.051108764771909676e-02 5.057740409597279163e-02
5.053748150775265457e-02 5.103597592532487653e-02
5.078983382949472936e-02 5.096542687648953490e-02
5.116858407205412268e-02 5.130563764365060619e-02
5.125287071661957516e-02 5.125468786455143755e-02
5.129068868877809800e-02 5.485206586901193032e-02
5.130164573012198359e-02 5.131027025978135425e-02
5.130217565011757630e-02 5.135416230379847430e-02
5.133203162826405902e-02 5.565118083818508532e-02
5.136586895012640319e-02 5.136757976591955349e-02
5.151720421573802861e-02 5.157076704057046712e-02
5.153809758589243672e-02 5.188300239254402951e-02
5.165562945800402511e-02 5.264276060510958422e-02
5.189113351554797138e-02 5.244177758496868652e-02
5.207432186036745764e-02 5.322957587093456872e-02
5.209669855273510453e-02 5.212795403292177360e-02
5.210090558011976070e-02 5.219546438376224812e-02
5.211049544390181781e-02 5.221665545753684939e-02
5.223422539143172255e-02 5.224791381949107222e-02
5.229152717164361336e-02 5.649797359573934669e-02
5.232868030764025596e-02 5.240614028370683963e-02
5.237529290339910937e-02 5.237567864824873437e-02
5.240790200903758245e-02 5.260059934472258170e-02
5.241030331891676636e-02 5.285205651176694969e-02
5.243914427679974982e-02 5.245351414890753183e-02
5.246177997252207681e-02 5.283790839613754231e-02
5.249106847965798878e-02 5.249116161011890130e-02
5.267464718847492122e-02 5.269877392232566460e-02
5.268440005001518572e-02 5.497374584537440684e-02
5.292767355688784287e-02 5.316965729993981815e-02
5.296477124223256810e-02 5.578265577215692217e-02
5.298254466823172637e-02 5.320210181592661958e-02
5.308545665947084907e-02 5.350264699957181513e-02
5.323905449760346631e-02 5.325884444294479853e-02
5.328101553185019684e-02 5.420844334629715267e-02
5.351376098140463861e-02 5.448033538336761322e-02
5.356068867264421329e-02 5.382209657338490882e-02
5.358549895394343343e-02 5.372759990355395476e-02
5.372812587966666747e-02 5.405175891514534675e-02
5.378777238376507980e-02 5.378794134435157387e-02
5.379768887305456243e-02 5.380654965629122488e-02
5.380382313725521476e-02 5.398091604272662464e-02
5.385770967994624181e-02 5.389246750291587507e-02
5.402415442829199693e-02 5.409516382850743793e-02
5.425172449112525969e-02 5.481268941260474675e-02
5.505723364306535500e-02 5.506354637698115256e-02
5.512103669086057534e-02 5.568313832346058478e-02
5.529023733719517358e-02 5.535208783904803365e-02
5.539453641967550385e-02 5.540388369780990113e-02
5.562064736111142077e-02 5.562342574509102772e-02
5.585736964548405903e-02 5.585820137527706258e-02
5.635639696234479717e-02 6.002882972927107985e-02
5.660998378191300917e-02 5.663559195793240603e-02
5.678306858216723013e-02 5.696852023870503656e-02
5.709915552200601346e-02 5.714170894544191165e-02
5.738696363270723300e-02 5.740671355255479863e-02
5.750963184885402035e-02 5.754474627265685621e-02
5.768538610845742876e-02 5.780202937450246853e-02
5.778853110112862346e-02 5.787500043905033364e-02
5.800519917427503225e-02 5.850270614974398958e-02
5.801129554734422988e-02 5.828188765363416513e-02
5.870969718015092015e-02 5.882811131978932934e-02
5.918954017161411757e-02 5.918959258125153222e-02
5.923487274198441233e-02 5.926942273837153274e-02
5.927928838774940840e-02 5.931632516552366036e-02
5.933878620851595204e-02 5.935226437062286753e-02
5.963489305364466642e-02 6.024332380688179195e-02
5.976458267561435278e-02 5.977194367370465555e-02
6.030065594258810641e-02 6.063035544830675666e-02
6.047644719978462202e-02 6.184846928920558623e-02
6.183941662827398961e-02 6.184029933491051040e-02
6.252040998622579449e-02 6.281633264239080972e-02
6.269606919120961075e-02 6.458109238525487628e-02
6.271215250245318340e-02 6.331459506134598514e-02
6.309493654982545330e-02 6.453352747069719675e-02
6.351446333795095212e-02 6.351447445610701459e-02
6.377279039485472811e-02 6.377692346995754435e-02
6.541910635078532210e-02 6.659828329772152222e-02
6.551664510916993533e-02 6.605660392612604237e-02
6.575159796895403697e-02 6.587060474336316196e-02
6.617604670399848676e-02 6.738482591305683389e-02
6.633744208312208901e-02 6.660499549352431881e-02
6.688941055371906697e-02 7.247242051146567110e-02
6.732620830207286522e-02 6.734433349534062196e-02
7.098924127747635593e-02 7.113142694883947681e-02
