2.001167992079333924e-03 2.032286118219213834e-03
2.759488050626797070e-03 2.812141357529486258e-03
2.867789565841237943e-03 2.874055001281957105e-03
2.908100606326716100e-03 3.197559695285566526e-03
3.035570910083316455e-03 3.035903169927479158e-03
3.235128638167689141e-03 3.532205326331134057e-03
3.284139349166343130e-03 3.354825016336026363e-03
3.323997444464866363e-03 3.497415901508216848e-03
3.745925258469532011e-03 3.777058465272993982e-03
3.841475847998291823e-03 3.896863114515680768e-03
3.976965066222021630e-03 4.690318342454306844e-03
4.092310037818973692e-03 4.122161106792322435e-03
4.156875024220925592e-03 4.386439031344993231e-03
4.236132526047542424e-03 4.723605366435973223e-03
4.302870712230975024e-03 4.323398368931547636e-03
4.882249753718994299e-03 5.031117110364516018e-03
5.148403012632415260e-03 5.177514948719080107e-03
5.324601264783456432e-03 5.339771390434537232e-03
5.756449175905155313e-03 5.809544496296986833e-03
6.057287670536311980e-03 6.582251932628127404e-03
6.061144526136553676e-03 6.095531242178937881e-03
6.241818957782462388e-03 6.547032709302726301e-03
6.278393467974902921e-03 6.283986362364195159e-03
6.408552424165125418e-03 6.727516345171502717e-03
6.557262225776415258e-03 6.568501675739000373e-03
6.722860223893583134e-03 6.906321357574701607e-03
6.780974191209940619e-03 6.848496907442740665e-03
6.915035831093062357e-03 8.203807633998683874e-03
7.033792816642736589e-03 7.224916437797553916e-03
7.068531736125116885e-03 7.372793830966694641e-03
7.428081723975262125e-03 8.686116591628682479e-03
7.440828413510704870e-03 7.441337761423685512e-03
7.580542107922196363e-03 7.791012010322520553e-03
7.709388027207415318e-03 8.305294267712072520e-03
7.765872276078630496e-03 7.953151965934626005e-03
7.849903833531452282e-03 7.933132608824566140e-03
7.962834389165028559e-03 7.964384200388861454e-03
7.990057241824055634e-03 8.128022251575214158e-03
8.046783877661405418e-03 8.446389898851625402e-03
8.052799882183915570e-03 8.057029243782997535e-03
8.057519366226140525e-03 1.015302216687062609e-02
8.078022527856774590e-03 8.237941535540102209e-03
8.103674275548072153e-03 9.323890058676455664e-03
8.195545592440399083e-03 8.206770184730975692e-03
8.329726763766224715e-03 1.074901905252004068e-02
8.358987160713761758e-03 9.689727348292279108e-03
8.421243304766906287e-03 8.525525960792158450e-03
8.543604262289684545e-03 1.120652009483513560e-02
8.610933294535697349e-03 1.026619265181822130e-02
8.620228606300335203e-03 8.626760306950958385e-03
8.691708573549910069e-03 9.170713413548470250e-03
8.706491685823753920e-03 8.998637955492662724e-03
8.742166036189585182e-03 8.790781489751679431e-03
8.800088068689084983e-03 9.071144289692151946e-03
8.973651670506968547e-03 9.998769094332938395e-03
8.988343243613796871e-03 9.936081040784189647e-03
9.070440065678002026e-03 9.285867107478558771e-03
9.154877068839738230e-03 9.424834937833536513e-03
9.157599648767368594e-03 9.157759805087640342e-03
9.209306072221595460e-03 1.302013554498458563e-02
9.295436854016477998e-03 1.087331619927236342e-02
9.598246184658409605e-03 9.631655040440646742e-03
9.640713217067902255e-03 1.038729216587243494e-02
9.650254931050074314e-03 1.074486837638186955e-02
9.723866684720684078e-03 1.077477827636862291e-02
9.762455521799712557e-03 9.815155993901260659e-03
9.823042989027235689e-03 9.835104026276840841e-03
9.876375216836846826e-03 1.020903342913862151e-02
9.879517925436301362e-03 9.882933726832394614e-03
9.913140040825937221e-03 1.028092238333416786e-02
1.009217763576059947e-02 1.010295847840774440e-02
1.011409644770739150e-02 1.072330602663209773e-02
1.012971846030808788e-02 1.101402559569125868e-02
1.017696895390454194e-02 1.046352001901917038e-02
1.021699100358055071e-02 1.023502187882554051e-02
1.031413293334613318e-02 1.156325195315204696e-02
1.031491524921962846e-02 1.032227140480959822e-02
1.041380696464238621e-02 1.144104838053688379e-02
1.054152372711164923e-02 1.101796460023391107e-02
1.056852916594666972e-02 1.059079200750873834e-02
1.060722154523907959e-02 1.066272388958403039e-02
1.061113990004224766e-02 1.077940475977376932e-02
1.061828374740375266e-02 1.113663032211894936e-02
1.078125440821595116e-02 1.080604764476908626e-02
1.091730623557197501e-02 1.091744368241758141e-02
1.093289511917913681e-02 1.165560268485933866e-02
1.104184524683151161e-02 1.152630189470746011e-02
1.113266086663446640e-02 1.197626140470810056e-02
1.114820919993696549e-02 1.135656478902835088e-02
1.115186036892588071e-02 1.170484334195401321e-02
1.126020998271931757e-02 1.136961925890742076e-02
1.126810440029630232e-02 1.376355027477907736e-02
1.132214011138367969e-02 1.135231155280507810e-02
1.134045161831976484e-02 1.160149184659780078e-02
1.143642505889033711e-02 1.146954243328995177e-02
1.151761526496194663e-02 1.197312587279564591e-02
1.163279257945746582e-02 1.164419120068151993e-02
1.163764362406681345e-02 1.165913667134273884e-02
1.163929336123929910e-02 1.163940596934795457e-02
1.170145408627805417e-02 1.532454137727036134e-02
1.178056460625989850e-02 1.178064980835299286e-02
1.178799249233836860e-02 1.178958649590863481e-02
1.179159717184282904e-02 1.192795683799158929e-02
1.179373878779338067e-02 1.179375388275328770e-02
1.195393309562188359e-02 1.308105039632122442e-02
1.202427284490279087e-02 1.217485340607177974e-02
1.205440056918368787e-02 1.308259778570425823e-02
1.206427789319433098e-02 1.327949931429512828e-02
1.213017292673873593e-02 1.226883647716579991e-02
1.217696098632797645e-02 1.229240354041168277e-02
1.239773687831078643e-02 1.244509128625532514e-02
1.240709773826169891e-02 1.640337214430610466e-02
1.242217145591850008e-02 1.251328564467405792e-02
1.251772980716392772e-02 1.267304947351640190e-02
1.256206394306195323e-02 1.429542715075343522e-02
1.259813432901747861e-02 1.278480056263552392e-02
1.262554247544935872e-02 2.027196216860432942e-02
1.272571925777932905e-02 1.296299233501102544e-02
1.272734979481966906e-02 1.281903146449865985e-02
1.278899524525677067e-02 1.538854577780354206e-02
1.280639189312591381e-02 1.432793288865976886e-02
1.281911560795534304e-02 1.437309361578310504e-02
1.282823837019405298e-02 1.401575206307535855e-02
1.285616098522834871e-02 1.485363473629773556e-02
1.289222732925696634e-02 1.429106922585755661e-02
1.290860674321615657e-02 1.732283969041898547e-02
1.291009170115960981e-02 1.383358908934692426e-02
1.305139749087766941e-02 1.379282534629102525e-02
1.311308031683480063e-02 1.602466312233792600e-02
1.323957212551415616e-02 1.515829575558692681e-02
1.325871741943955399e-02 1.377037928147904246e-02
1.331605718759251884e-02 1.348259554822984693e-02
1.331916595595262175e-02 1.451454679124851432e-02
1.339516745027310302e-02 1.391404683769275133e-02
1.342863887439879091e-02 1.412546154346614423e-02
1.343063226686077444e-02 1.381551860491340641e-02
1.347067013310826109e-02 1.351086090901584824e-02
1.366264239580764622e-02 1.454180566299251125e-02
1.369873373001188194e-02 1.403901143873200440e-02
1.371399584781366442e-02 1.372836671905052278e-02
1.375020132982007412e-02 1.382861584727935328e-02
1.385338222094705148e-02 1.385686616846890096e-02
1.398442041843506525e-02 1.495986977715608839e-02
1.398757403677716032e-02 1.524267921535054846e-02
1.408532701859167499e-02 1.434381340372314732e-02
1.409599798724302418e-02 1.721506185228908331e-02
1.410224433307989342e-02 1.412986799330211846e-02
1.412133947110406559e-02 1.446609557562841472e-02
1.414446930292027720e-02 1.684271542817230780e-02
1.416658791412802286e-02 1.450149117140651749e-02
1.421773021669439814e-02 1.581470278626580586e-02
1.424644981831068788e-02 1.610187934188827413e-02
1.428374277677789579e-02 1.492600434757556348e-02
1.435246749229442467e-02 1.445421895263257830e-02
1.441158685191255492e-02 1.441297969958131586e-02
1.442655773424270094e-02 1.562382336722791150e-02
1.444409736441938132e-02 1.454881092140388257e-02
1.449985609366648102e-02 1.638904738368883451e-02
1.454258847297774417e-02 1.477213124212714383e-02
1.471000586242035384e-02 1.596379896761999581e-02
1.478970137451930678e-02 1.628072662959238401e-02
1.481808244848121375e-02 1.833156067106206377e-02
1.503506353709340403e-02 1.672761797421794608e-02
1.509025591660387994e-02 1.645472382844485187e-02
1.512235171292328553e-02 1.832273276514208293e-02
1.512646415400638669e-02 1.547985060031432242e-02
1.515647275565486923e-02 1.515648346156909555e-02
1.518320323350969871e-02 1.601734207254704861e-02
1.521007224345933065e-02 1.641480320270168394e-02
1.527727522580129595e-02 1.657679979169861609e-02
1.533666204174636422e-02 1.541068987799084147e-02
1.536944557515599816e-02 1.904087741500179801e-02
1.538464986788955387e-02 2.016618409137321821e-02
1.540209581418266159e-02 1.595639332254897985e-02
1.541270227871098346e-02 1.708040844847477993e-02
1.544271681755185997e-02 1.602305135010192658e-02
1.550529340470431679e-02 1.560323112421326507e-02
1.562240687584433990e-02 1.627824422064569343e-02
1.565230065486925004e-02 1.727388260280452240e-02
1.566781396884877123e-02 1.636318086073480088e-02
1.567913187625600765e-02 1.700240683927981347e-02
1.568020329902217874e-02 1.661253547535668576e-02
1.568435519858773705e-02 1.571088356399106059e-02
1.569443862824285857e-02 1.590297742368038808e-02
1.570800020664451721e-02 1.970319794688550966e-02
1.574721836904511771e-02 1.678662340219493759e-02
1.576895284640033104e-02 1.669379979422638480e-02
1.578135539465602352e-02 1.676214459539434112e-02
1.585990860240904521e-02 1.741723266620800667e-02
1.588685948684886301e-02 1.638933060261507646e-02
1.591378462014863410e-02 1.614959040406392307e-02
1.592517833829244778e-02 1.650862724901243361e-02
1.596339243676133529e-02 1.706556548650670427e-02
1.604120909366532621e-02 1.810079670039113284e-02
1.604788569435560211e-02 1.698757327480632934e-02
1.605887708696871613e-02 1.657177409399754678e-02
1.607376685830364318e-02 1.656094684494749739e-02
1.611798888293052359e-02 1.624269684713518930e-02
1.612209105073792240e-02 1.613123395786824829e-02
1.613886284593115533e-02 2.038554611129556049e-02
1.613964776945625915e-02 2.600569054175305359e-02
1.614441640631361641e-02 1.688582778224250250e-02
1.617780937842224626e-02 1.677127660539827828e-02
1.621721819730225639e-02 1.707743915319607023e-02
1.627084928989607979e-02 1.709454340499141911e-02
1.629893281822653722e-02 1.635794682125020841e-02
1.632662577495929204e-02 1.637318651624484686e-02
1.637226941989087386e-02 1.637978313922290596e-02
1.641109131733837698e-02 1.848459959195116950e-02
1.643510935881058871e-02 1.868303621533670342e-02
1.648723967289567049e-02 1.648747221437455932e-02
1.650933008415456441e-02 2.300933964055613262e-02
1.651627251642200089e-02 1.665212484291170997e-02
1.652549399592601748e-02 1.701477675296014791e-02
1.659948544997346190e-02 1.746642990755848529e-02
1.668236360519921926e-02 2.114142390209896791e-02
1.668516231920273360e-02 1.906771636809030321e-02
1.673822624509130330e-02 1.686712394103491094e-02
1.679709593868963097e-02 1.689612408879179184e-02
1.682944824493138106e-02 1.844694026476872625e-02
1.687423730253757512e-02 1.742497755115857833e-02
1.695864210030945465e-02 1.931582143389167644e-02
1.699626902966754755e-02 1.706134645557089852e-02
1.705528078173040168e-02 1.750812344559162653e-02
1.705780623234535304e-02 1.894209954856707068e-02
1.706991314827781964e-02 1.737500045165319557e-02
1.712712537132937002e-02 1.713045472477258552e-02
1.721343033679110374e-02 2.516479192241596538e-02
1.724167419940555654e-02 1.724987283588568995e-02
1.724204091237598740e-02 1.775283169172455627e-02
1.725649532846137285e-02 1.800496490743736661e-02
1.728781034851330223e-02 1.739424773155221621e-02
1.731582221770542468e-02 1.731582319020659455e-02
1.734250427218080731e-02 1.788125297167172598e-02
1.736477590238908950e-02 1.810792658785927503e-02
1.737799898596844791e-02 1.868521878196429536e-02
1.741438814724155168e-02 1.746195573434023568e-02
1.743058640488271208e-02 1.804273001199990789e-02
1.743487575804395992e-02 1.880370799621415567e-02
1.745027851992274684e-02 2.496445285032498906e-02
1.746895823548308760e-02 1.879907515674588900e-02
1.748616094694035311e-02 1.758350473580453169e-02
1.754079172284101970e-02 1.858297998637181356e-02
1.768364064864066942e-02 1.900795212094782277e-02
1.772788021687701776e-02 1.949522240397627559e-02
1.773266372373374575e-02 1.782857275092724139e-02
1.776280648234646389e-02 1.792433901662880691e-02
1.778437585736567308e-02 1.779443793429000970e-02
1.778561974242589758e-02 1.913939518095964312e-02
1.781480488429166426e-02 1.793985538387735112e-02
1.782966350947891992e-02 1.885485494578417395e-02
1.784893780697814972e-02 1.969483292834199942e-02
1.789561291130922077e-02 1.800850193841329466e-02
1.799729135479470263e-02 1.817932075021616231e-02
1.807003509122748555e-02 1.871804226744575028e-02
1.807595985869211649e-02 2.252245144194112841e-02
1.809399330321068144e-02 2.023035298243767294e-02
1.812097406400490704e-02 1.907271277328756454e-02
1.815372599391116420e-02 2.162970283665536023e-02
1.820792492475285101e-02 1.839759224314040098e-02
1.820948572936652299e-02 2.416949015550084318e-02
1.832181203254107035e-02 1.921772090308020847e-02
1.840943007220044447e-02 1.844784222986186467e-02
1.842519105528042656e-02 1.858425487922120423e-02
1.847393454256871653e-02 1.873612141464373396e-02
1.847718668447599979e-02 2.508415703852062695e-02
1.848604762406253280e-02 1.865966761389583478e-02
1.852630955503186891e-02 1.918596245145106835e-02
1.860729370692323220e-02 2.002555305650141962e-02
1.862836392587073620e-02 1.928658603122502396e-02
1.863421079207092795e-02 2.029500007900831779e-02
1.865534385176018800e-02 1.914397279052832898e-02
1.866592423523908209e-02 1.932037580696808338e-02
1.870020754915940886e-02 1.874166895768429597e-02
1.873972980810595032e-02 2.048243381225802601e-02
1.877312066866730980e-02 1.878386524618058315e-02
1.877428502219287768e-02 2.001542516939064376e-02
1.884939198989753206e-02 1.890698974143451699e-02
1.887156194286035427e-02 1.887208045145764151e-02
1.896927708217721609e-02 1.927952364321163653e-02
1.902265963816536162e-02 1.904944196138941281e-02
1.905823264621460747e-02 2.018401983395418445e-02
1.906033031940772282e-02 1.938381895877723873e-02
1.907424744664880725e-02 1.908640855889096391e-02
1.911810810058045193e-02 2.598506444138761612e-02
1.913482790800001554e-02 2.176941881632140155e-02
1.914144843379289238e-02 1.919311957553652623e-02
1.914916626844044220e-02 2.123853435688299179e-02
1.918953137087302946e-02 2.032925102416009017e-02
1.925357571614204344e-02 1.969167967349292128e-02
1.928609194299455223e-02 1.934666957363793266e-02
1.933497227517980838e-02 1.956463169547486419e-02
1.933800192679926283e-02 2.009198877274243067e-02
1.934188227922504014e-02 1.953415335301357178e-02
1.940329312747974752e-02 2.016876995569481454e-02
1.940647022903569177e-02 1.966794042511499363e-02
1.941069634336335323e-02 1.943090146629801798e-02
1.945004795874314893e-02 1.953945739953115088e-02
1.952293717813463614e-02 1.981202683769407377e-02
1.954096321113721335e-02 1.960217424684219251e-02
1.956469930520013389e-02 2.122705615607591023e-02
1.956747060548626183e-02 1.979657480176982148e-02
1.956768838477611350e-02 1.958186843038346378e-02
1.959517536070433386e-02 2.007236817311992133e-02
1.968131201946719464e-02 1.979925299153416363e-02
1.972157117637103607e-02 2.061368066816101144e-02
1.972417812278615123e-02 2.102574460491736172e-02
1.979553105476882305e-02 2.087493674745561148e-02
1.981702716038631629e-02 2.003992286896887423e-02
1.981799607490922557e-02 2.014146353023044470e-02
1.996264571796283263e-02 1.998030978088771725e-02
2.004819726810468106e-02 2.047806165361364464e-02
2.008745214291460246e-02 2.012717185311098042e-02
2.013051896606385047e-02 2.015767542624468528e-02
2.015180942931840691e-02 2.119572580272882992e-02
2.015897447153134833e-02 2.057311609137096181e-02
2.017334976996052603e-02 2.042009727414369202e-02
2.017745550116972764e-02 2.018262140441000330e-02
2.018212221969752085e-02 2.019538432078934673e-02
2.020893712658498181e-02 2.169102107281679556e-02
2.021291422766622117e-02 2.093609306808549841e-02
2.023488085771127723e-02 2.071738978284015306e-02
2.026578982027566617e-02 2.075237805388541190e-02
2.028691003851165742e-02 2.029481381901979478e-02
2.030563023235827311e-02 2.080828703997858117e-02
2.031824141760183236e-02 2.168749724330891124e-02
2.038898039826754147e-02 2.194192829640424433e-02
2.040794275638374566e-02 2.194646632487119026e-02
2.041473036384734360e-02 2.055072340489709840e-02
2.042153137830458876e-02 2.042223570714735495e-02
2.042556639991839618e-02 2.151963816338935825e-02
2.042940930167046198e-02 2.471055457963514460e-02
2.047862088544585846e-02 2.101246895363966319e-02
2.061965310228371442e-02 2.304171451688813085e-02
2.071904816849205397e-02 2.109675916376200361e-02
2.078304435190437768e-02 2.081255173993018168e-02
2.080635978310926143e-02 2.087673223361783889e-02
2.084306433254918753e-02 2.089826985959589850e-02
2.091699232949338974e-02 2.114974631892699991e-02
2.098709256740015350e-02 2.257151919268343687e-02
2.103376867257368207e-02 2.593871157612308992e-02
2.105314819372792329e-02 2.181604294562118629e-02
2.107870576959989736e-02 2.123111226417894598e-02
2.109349118322515620e-02 2.109518589005947298e-02
2.110631186553584698e-02 2.166196630793730538e-02
2.115234599566636134e-02 2.132894020986196223e-02
2.115652594550737273e-02 2.119413212940181312e-02
2.123137418010418581e-02 2.171143430641945052e-02
2.142093714555125261e-02 2.168656823461612843e-02
2.144054343130387397e-02 2.144222753156966449e-02
2.148453333573360075e-02 2.150296648462353410e-02
2.153563403859943062e-02 2.157432236524377961e-02
2.155793227773528456e-02 2.198751276296385948e-02
2.160369215187269570e-02 2.360988451022574125e-02
2.163444457403700810e-02 2.186971746038704478e-02
2.163865127476351236e-02 2.182909970051569865e-02
2.166605776447842746e-02 2.231750928796158440e-02
2.167676404354033567e-02 2.174704372023187476e-02
2.168698059547814749e-02 2.221488158008464928e-02
2.171434643748189688e-02 2.179109712607971497e-02
2.173188711792384611e-02 2.173521632326133254e-02
2.175554381702285781e-02 2.181223398067418801e-02
2.192329003557998840e-02 2.230219075749426821e-02
2.198847056256572619e-02 2.397087766579389378e-02
2.207074253860868626e-02 2.219463057594252622e-02
2.207691814495069474e-02 2.208050826549593990e-02
2.215350925631989071e-02 2.225110115022588611e-02
2.215603907009419324e-02 2.823791716332874069e-02
2.219402096643097524e-02 2.228919944699811820e-02
2.227684920930282642e-02 2.247428125285454853e-02
2.229346526830418285e-02 2.230105343867515647e-02
2.236054379851083393e-02 2.287522944249131135e-02
2.239419315019556753e-02 2.886449385657795588e-02
2.240407513269644657e-02 2.268722306230647537e-02
2.240700270737261413e-02 2.475105637003826090e-02
2.243027576610098772e-02 2.291006779330465731e-02
2.256618569630745516e-02 2.268626354256024838e-02
2.263539716580053804e-02 2.286608447919882131e-02
2.264030252435254159e-02 2.271077178969155980e-02
2.265554766950667390e-02 2.272074674865668178e-02
2.274322825917908172e-02 2.530906242814634499e-02
2.275370956608846126e-02 2.295275486905757473e-02
2.283044021719713573e-02 2.314114207632414835e-02
2.284555477094168258e-02 2.285980102979403086e-02
2.285559024653279273e-02 2.423180244680011794e-02
2.289910438713523705e-02 2.305202339515574975e-02
2.301732327369126682e-02 3.180908562520485400e-02
2.308409532789857180e-02 2.318822373558986766e-02
2.312322234832038872e-02 2.312797397214801098e-02
2.315728673728577672e-02 3.089487394012843322e-02
2.317349323161570565e-02 3.075192306974203205e-02
2.329501409262530257e-02 2.426016245739433599e-02
2.333537065900430016e-02 2.348969126029375534e-02
2.338362060295566883e-02 2.378260691088780743e-02
2.341714331362297966e-02 2.761070835927737985e-02
2.345307704794747164e-02 2.663978050084264346e-02
2.345851823610466819e-02 3.089469442518425618e-02
2.348938814540662418e-02 3.177182251225877524e-02
2.352132801910075677e-02 2.747263239581773653e-02
2.358685236027861093e-02 2.760713911299676401e-02
2.367168261348572347e-02 2.465177273977121539e-02
2.369607063958121401e-02 2.414006963205107131e-02
2.370494581733816400e-02 2.435717399036178843e-02
2.372970880770358323e-02 2.631126773021200821e-02
2.374649057462588711e-02 2.834588702303747487e-02
2.375417996111219010e-02 2.834240736881438530e-02
2.375856722800294418e-02 2.738807672962198167e-02
2.380476555146494866e-02 2.443013208459354074e-02
2.384348446756114070e-02 2.940332278949378542e-02
2.387578490625432912e-02 2.423715801418210511e-02
2.389036473899883856e-02 2.580056087635704612e-02
2.390577571056935746e-02 2.495803962337739268e-02
2.395489130460007679e-02 2.398554640468582647e-02
2.396597722160197577e-02 2.509036533300552929e-02
2.396966705350363908e-02 2.461916405297516833e-02
2.399153044970774723e-02 2.623933226070805994e-02
2.400430040070748033e-02 2.520579289906939996e-02
2.413128794816893699e-02 2.427290609626953435e-02
2.414403893720978508e-02 2.866427145292192377e-02
2.415253506164077163e-02 2.544834635382903568e-02
2.422116632992712265e-02 2.763040396195135320e-02
2.422468737677732284e-02 2.449421585727453582e-02
2.425063998275417756e-02 2.464983101600442053e-02
2.426421865571692232e-02 2.608286510818990517e-02
2.440256587137019234e-02 2.461993934936288278e-02
2.440344375375480546e-02 2.455251041850745747e-02
2.442770893761419052e-02 2.442964856660551076e-02
2.454937209375347706e-02 2.788615692802688326e-02
2.466876588592637268e-02 2.469592765483548044e-02
2.470588263802079784e-02 2.494020462884643727e-02
2.474109960323591859e-02 2.735241422653306165e-02
2.476323168496811014e-02 2.477796613755476468e-02
2.482983527554829747e-02 2.494081127530966766e-02
2.484032120719540521e-02 2.515086573226687355e-02
2.485685772044388467e-02 2.501813433333879844e-02
2.500932329541920990e-02 2.828299320470980746e-02
2.512774795797403926e-02 2.660743162578897703e-02
2.513316238127541458e-02 2.643423721265440382e-02
2.519631443283288849e-02 2.520191067228602297e-02
2.522687104048398563e-02 2.522741944935562308e-02
2.524381979442680626e-02 2.669001617312674601e-02
2.526910964864843498e-02 2.581777395082072990e-02
2.527241120189561985e-02 2.549012105116604809e-02
2.533034792622628970e-02 2.658466296158114306e-02
2.536645898964458995e-02 2.657273027827567954e-02
2.539994851318453165e-02 2.653654787353333308e-02
2.549412087501031973e-02 2.677896883717298740e-02
2.550472033551720238e-02 3.577908702776946143e-02
2.551076998645036842e-02 2.552600991180074136e-02
2.554457160688401035e-02 2.589313312491105940e-02
2.554874527816032581e-02 2.573828462381934704e-02
2.556143119917324291e-02 2.732805937185699835e-02
2.561539874392304919e-02 2.582436635230230676e-02
2.562856084333686377e-02 2.605565591652161603e-02
2.569804861831427936e-02 2.622358257448794555e-02
2.571885981335901572e-02 2.742838652956630999e-02
2.572295295731628212e-02 2.944524221795441141e-02
2.580997568641648851e-02 2.812069722843946185e-02
2.582223948119389753e-02 2.591365170530529616e-02
2.583694617636796489e-02 2.597070322661443678e-02
2.588436138349780799e-02 2.754001785092750898e-02
2.604079406980083430e-02 2.613441937729889253e-02
2.606910852965784245e-02 2.721349025912573466e-02
2.612030153085916767e-02 2.905063942765261087e-02
2.616508220029413467e-02 3.159406082186744930e-02
2.621795469819026767e-02 2.642683873747576559e-02
2.637452308326314332e-02 2.648618791118026450e-02
2.641154060294272077e-02 2.672306191957137672e-02
2.643806188333121601e-02 2.748374419402333652e-02
2.647081296749142360e-02 2.728593823043953120e-02
2.653063294643214637e-02 2.728326251629153293e-02
2.655955631320139690e-02 2.818432333563649500e-02
2.659843469134959629e-02 2.664741722334378754e-02
2.664178178707660855e-02 3.140533466248199290e-02
2.674137613224584348e-02 3.452335003987336975e-02
2.674584010909489620e-02 2.812379523681619864e-02
2.685999401276550555e-02 2.694183425612583366e-02
2.686296743232755718e-02 2.808677656270570921e-02
2.687370403068689920e-02 3.582667790662243806e-02
2.687818781145141431e-02 2.697558551389190803e-02
2.696115011111080081e-02 2.745990673056004222e-02
2.699575695319412702e-02 2.720879939994707772e-02
2.703694125171807530e-02 2.715416854862816309e-02
2.708529068068474960e-02 2.868384728974210027e-02
2.709277619760964984e-02 2.732786992583080207e-02
2.710778854443770744e-02 2.977796277677897258e-02
2.713274326414645901e-02 2.726708749274539198e-02
2.714470574301623695e-02 2.850673657127266239e-02
2.718836955160619170e-02 2.784187197952468773e-02
2.721866294336024519e-02 2.734529238195535991e-02
2.722573260816144036e-02 3.029812695289704413e-02
2.727426896573137416e-02 2.736175356250926741e-02
2.730721836275106992e-02 2.745474955613639786e-02
2.731528542374804872e-02 2.877107562761341275e-02
2.736745515330251885e-02 2.828994426961852632e-02
2.737500983355491829e-02 3.718260014526689888e-02
2.738140898550695673e-02 3.174200993892216383e-02
2.744983387725073373e-02 2.755307201585929094e-02
2.747186512906214795e-02 2.953279027731291542e-02
2.748604124865506801e-02 2.899597759457242518e-02
2.749181840872274435e-02 3.721728140503235277e-02
2.752216486406501919e-02 3.360187522593593989e-02
2.752571904244153003e-02 2.782295959633996132e-02
2.753669760446593798e-02 2.798314295070404925e-02
2.765778598347978443e-02 2.924343481867738501e-02
2.769952251366684243e-02 2.780766057859473603e-02
2.770647093437500832e-02 2.770659244140579250e-02
2.770737754627111346e-02 2.780848972054292614e-02
2.771110951794329355e-02 3.051936514685155144e-02
2.772902959437961376e-02 2.784404255394646449e-02
2.773623651524162112e-02 2.776540891057013155e-02
2.777202834713285093e-02 2.939128702093243839e-02
2.783943481657453686e-02 2.791422857796009224e-02
2.797367018240248804e-02 5.181291796906423858e-02
2.813041748130930275e-02 2.995047112594647828e-02
2.819101223961307037e-02 3.044544727530439088e-02
2.822927831905626406e-02 2.918859215537900759e-02
2.828580710202829862e-02 2.830542468160344646e-02
2.829389004618075576e-02 2.829407109599995154e-02
2.834032195404153839e-02 2.834046443891810596e-02
2.836853986115419821e-02 2.932225294714099761e-02
2.838441868190176229e-02 4.070352489280944924e-02
2.844436817686039898e-02 2.953639205546245566e-02
2.847487614666747296e-02 3.610699071964872109e-02
2.848050214817056044e-02 2.906445799178367442e-02
2.850979620823795857e-02 2.851669909557473515e-02
2.852187338474338266e-02 2.863612173167226840e-02
2.855502623009662649e-02 2.855545147244255982e-02
2.856181536227903051e-02 3.086696097635189054e-02
2.857118375205478997e-02 2.861178293844226367e-02
2.863102434562657742e-02 2.863635659748108020e-02
2.863813854706734330e-02 3.334021154223753419e-02
2.863846850855089263e-02 2.942691539457751096e-02
2.887134192729618604e-02 3.266560323155447837e-02
2.888345774828538978e-02 3.243779212723330030e-02
2.890806134607595140e-02 3.495244833917211108e-02
2.891196203757840852e-02 3.429230178715002297e-02
2.891438484582128238e-02 3.305303841903768636e-02
2.895770007486701131e-02 3.208141584862966855e-02
2.896709933711391974e-02 2.898192478229878050e-02
2.899210440456795324e-02 2.923604072935337070e-02
2.902636124753048275e-02 3.382584487219104236e-02
2.914118250636409460e-02 3.192927554990977052e-02
2.917775485545899897e-02 3.176745471467023324e-02
2.918956805659561615e-02 2.919831938544677555e-02
2.924997005598739194e-02 3.011898214300081505e-02
2.927902583051378640e-02 4.471124040147675394e-02
2.936592347523868038e-02 3.019512379073709812e-02
2.939973367820338315e-02 3.141742920950644363e-02
2.940059874483979402e-02 2.967530319495645733e-02
2.940539495990108013e-02 2.973503575287526207e-02
2.945113627417675697e-02 3.006521157016622120e-02
2.945410246405265678e-02 3.123289639379780991e-02
2.945740760802913541e-02 3.048406009984480289e-02
2.949037876547073306e-02 3.039237412980909034e-02
2.949927633639529145e-02 3.126832858744004601e-02
2.952402440820865032e-02 2.953057874707458105e-02
2.952782728908947760e-02 3.486662730241268243e-02
2.956262739715640950e-02 3.146264145235871251e-02
2.956638983075536922e-02 5.400609578213385470e-02
2.956990980331420521e-02 2.957138698617132327e-02
2.957568453078747786e-02 3.407388782562823654e-02
2.959774062680243720e-02 5.367322646639069439e-02
2.963122919818044279e-02 3.123359348812024261e-02
2.963224218051171630e-02 2.963233232392988026e-02
2.964310103598534127e-02 2.969538549553597806e-02
2.964619227723588532e-02 3.170577457166209867e-02
2.970837767604013122e-02 3.062129694836216234e-02
2.974720696699799383e-02 3.196424098371417749e-02
2.977768496405996945e-02 3.236385650342826770e-02
2.978386558165723591e-02 2.982579520767255840e-02
2.979561058012395944e-02 4.043193952788123879e-02
2.983089460891164696e-02 3.057624414809646807e-02
2.987011124065809195e-02 3.201344294637408633e-02
2.989717374351119616e-02 3.018907078817233483e-02
2.996086484957384208e-02 3.195935393552457732e-02
2.998327308997956325e-02 3.274214402949126440e-02
2.999428607075480674e-02 3.070500114828016852e-02
3.000152119010987897e-02 3.264047990828666812e-02
3.010987350975477539e-02 4.194308418496880270e-02
3.013041127905978153e-02 3.073210551066773294e-02
3.013295309184639559e-02 3.057948271353820927e-02
3.013882789632032003e-02 3.088625293252314150e-02
3.015357847852393955e-02 3.101540706091946917e-02
3.017282441664327630e-02 3.275994978271839358e-02
3.019070448084749947e-02 3.050739506330208545e-02
3.021565673997399920e-02 3.786846397011923993e-02
3.027108005245075090e-02 3.035311270515885645e-02
3.035672025261978990e-02 3.035898785492506177e-02
3.044627807477442646e-02 3.046333847269336662e-02
3.054413774107445079e-02 3.117638949236944956e-02
3.059465494610551228e-02 3.101051151603024733e-02
3.060764006843423243e-02 3.074387432978427717e-02
3.067671383042847727e-02 3.214185592680218057e-02
3.070659907829587087e-02 3.156483833809468204e-02
3.077365697060453764e-02 3.360600551569273287e-02
3.079887263095603192e-02 3.198714636904993747e-02
3.084029384892768288e-02 3.088242860475278601e-02
3.084871420852774992e-02 3.091897607251473112e-02
3.093038186540024437e-02 3.318495918996045013e-02
3.098543993530211010e-02 3.311835676642805454e-02
3.099155924292515407e-02 3.226910645471266215e-02
3.119597833544972276e-02 3.141033946136428945e-02
3.121476279977835125e-02 3.142076207342043431e-02
3.125826812019303486e-02 3.337809223232340167e-02
3.128533443224132404e-02 3.131440270193752706e-02
3.139308802974236090e-02 3.296936875672562550e-02
3.148281970195953433e-02 3.148535840023123505e-02
3.151740108911676302e-02 3.155102668334822807e-02
3.159199424155469810e-02 3.625642657662373619e-02
3.159248094314893313e-02 3.166516334624396023e-02
3.181262538647570970e-02 3.189565650922721735e-02
3.185659051111911638e-02 3.411816751155283961e-02
3.189481441070553952e-02 3.356826100361095383e-02
3.193446170310761806e-02 3.463395283970469030e-02
3.193485422849464545e-02 3.237844073910773474e-02
3.195485066113708944e-02 3.466491525068030738e-02
3.196359968290442971e-02 3.219515123076505808e-02
3.198239358830248791e-02 3.257088554877254905e-02
3.210407069808450531e-02 3.655123686964605045e-02
3.213770948750132445e-02 3.240704756459523300e-02
3.221973380305948043e-02 3.224370079546010764e-02
3.228291590042443870e-02 3.269265273439200814e-02
3.228940904026813413e-02 3.302622088731732575e-02
3.231495796654268449e-02 3.293728135033043708e-02
3.232475877374709622e-02 3.273677724413760759e-02
3.233590632422315980e-02 3.313644659127964326e-02
3.236884156006189506e-02 3.358298512654191159e-02
3.238101983557777758e-02 3.278169733012188669e-02
3.238351544592377868e-02 4.118398357117106223e-02
3.240990458758061937e-02 3.313139323164038946e-02
3.244039416571153911e-02 3.331310212273658894e-02
3.244202641369053897e-02 3.264213602637310030e-02
3.247605139069307395e-02 3.257815855149746170e-02
3.264384070700927093e-02 3.374101008643358435e-02
3.268094072858179766e-02 3.433459413302772378e-02
3.269059863211140615e-02 3.680984818316303947e-02
3.270782861547059245e-02 3.279396449658998625e-02
3.275527155498143134e-02 3.282395426759283918e-02
3.276221246628450295e-02 3.605416528043012270e-02
3.281887887640133616e-02 3.282533397874377173e-02
3.282166980482240093e-02 4.043547754667776301e-02
3.284025260073804992e-02 3.293758860356026108e-02
3.287413004480795042e-02 3.619371084342305062e-02
3.288325322611021506e-02 3.348211898548660026e-02
3.288973293532095055e-02 3.308082947710233590e-02
3.292248153009641465e-02 3.297038869443830178e-02
3.295192482723513505e-02 3.302930927304723735e-02
3.298934412105486436e-02 3.318348590853159585e-02
3.299942432711232970e-02 3.339676280828499794e-02
3.301405113795005675e-02 3.301806162208915929e-02
3.315053550919117714e-02 3.315160606787503905e-02
3.334581283723482559e-02 3.476174808413898254e-02
3.342825433150792280e-02 3.369502002187056006e-02
3.342901140970569451e-02 3.602324037124093881e-02
3.343961842455784456e-02 3.623736973958565505e-02
3.346907556309369064e-02 3.425188564594762453e-02
3.360180261952414038e-02 3.442009981963638915e-02
3.362249861872051299e-02 3.660449979168660384e-02
3.363191676398462338e-02 3.409796775002592317e-02
3.364858958874732131e-02 3.883317804516728255e-02
3.371491135702849723e-02 3.833132448296800582e-02
3.371732068047387371e-02 3.375165863533115262e-02
3.375575560623497035e-02 3.381666937190393879e-02
3.378741795365598766e-02 3.851181765232305348e-02
3.380153673303963602e-02 3.931005850844197791e-02
3.381916410676206325e-02 5.595769156942521916e-02
3.382163999061246762e-02 3.805050125018973745e-02
3.386876850081927542e-02 3.407154029191741124e-02
3.389647667864278263e-02 3.413991726897215584e-02
3.403008351800096420e-02 3.911757513847087531e-02
3.413091373690055330e-02 3.414083485500828824e-02
3.415765092077951981e-02 3.578999007494438472e-02
3.422381745211034582e-02 3.424867590934869976e-02
3.437931639820922258e-02 3.870558933301474630e-02
3.441467664510188679e-02 3.581917016597948450e-02
3.443372687601413407e-02 3.709094928655372325e-02
3.444446082743064796e-02 3.566021323106463581e-02
3.445864905393659916e-02 3.551272176267698116e-02
3.445946671417410984e-02 4.058700396713171149e-02
3.456809306265198889e-02 3.457710454441897258e-02
3.465513120503408567e-02 3.521210046933878623e-02
3.467048695639732281e-02 3.469043926078297507e-02
3.469715642082710216e-02 3.818403845964898208e-02
3.470616340253047244e-02 3.935603818694283912e-02
3.475462929762099945e-02 3.909608170453440085e-02
3.477182739102513409e-02 3.700814093248744330e-02
3.482545983587014699e-02 3.952569510269366565e-02
3.486996104965558313e-02 3.848091332363551970e-02
3.487478598182854744e-02 3.540047633427276935e-02
3.488057303784292823e-02 3.491577058249593218e-02
3.493935776069904964e-02 3.708007570593534891e-02
3.508147289642787880e-02 4.454464958856718670e-02
3.508450579673236952e-02 3.591462389184645748e-02
3.510977392044899864e-02 3.657084852060330654e-02
3.511604654243545565e-02 3.524051574660817809e-02
3.518978456440315788e-02 3.744974202119745466e-02
3.525858846648994432e-02 3.706889431607512941e-02
3.530629984401296301e-02 3.724660108114949408e-02
3.530781546272458021e-02 3.556166990227936642e-02
3.531378145288566889e-02 3.661421114763375312e-02
3.535116129226963111e-02 3.537721683796609534e-02
3.537849268301061778e-02 3.549116154686881436e-02
3.540854879846131592e-02 4.050047877298466881e-02
3.541507929899154195e-02 3.623777296212933596e-02
3.541620792055581030e-02 3.546244063310480255e-02
3.550109033289582106e-02 3.786701872780405542e-02
3.553477050239754742e-02 3.993256196809265995e-02
3.560455694991892378e-02 3.670920280418089876e-02
3.560967519452347407e-02 3.560982119068610563e-02
3.563133453419996266e-02 3.792275207078808080e-02
3.563388465539911454e-02 3.675224371530136369e-02
3.565687244349827201e-02 3.576444552349981182e-02
3.570410510775742785e-02 3.570987223139331784e-02
3.572332812486002374e-02 3.766837691265372684e-02
3.575460530645509227e-02 3.576414579013681427e-02
3.578577545859882442e-02 3.595618606503690057e-02
3.580586893624453787e-02 3.712371946505420295e-02
3.582298763454233592e-02 3.759182452086840681e-02
3.584094501089499923e-02 3.584814550493845009e-02
3.584857988701051212e-02 4.084500760672070407e-02
3.590122763418444884e-02 3.862912640956201599e-02
3.593671265572739165e-02 4.893893900903593247e-02
3.594621492659224454e-02 4.013862941002983159e-02
3.603572015459855643e-02 3.716855820794520010e-02
3.604003773186743170e-02 4.858007231491226485e-02
3.604537779952417947e-02 3.696257823424382860e-02
3.607497800041934571e-02 3.624937403218147364e-02
3.607748123090634418e-02 3.801526809850055283e-02
3.611835032804695117e-02 3.633384802763146154e-02
3.613102607184264653e-02 3.614196614778331790e-02
3.614620861451842831e-02 3.717358638237901192e-02
3.616573784727762642e-02 3.623213937150203401e-02
3.621240658818612040e-02 3.638650681614578192e-02
3.623005195906566639e-02 3.938311567828686743e-02
3.640410112850136354e-02 3.646895775339046436e-02
3.650570076095988742e-02 3.655070119784582794e-02
3.651414485224619560e-02 3.740129396880029905e-02
3.652473868250494943e-02 3.668934357665486201e-02
3.654565274104851214e-02 3.702018725892253226e-02
3.658591495330615340e-02 3.669615175480878816e-02
3.659574044574114698e-02 3.869472027125565872e-02
3.662279009659084872e-02 6.269777545068769276e-02
3.665594637995740757e-02 3.669340562164658676e-02
3.667645929103537789e-02 3.838645742503205005e-02
3.667869393927816746e-02 3.750068758323419488e-02
3.672999150917924394e-02 4.786061390771022966e-02
3.681701747093318183e-02 3.769459891631454784e-02
3.682049175344438013e-02 3.865471868310822040e-02
3.688572774785681824e-02 3.698607253799497674e-02
3.689122631932839624e-02 3.825124063911232442e-02
3.689527019092740667e-02 3.693585064684963559e-02
3.696873797866469247e-02 3.732426367243044107e-02
3.704521978620790856e-02 3.725741745101318614e-02
3.708339993841369003e-02 4.404519300783938524e-02
3.710257600487495977e-02 3.948660786290199287e-02
3.712637865883417626e-02 3.718345046903481776e-02
3.713380997804186651e-02 4.898683728025476913e-02
3.717108348327856360e-02 3.841670538573573740e-02
3.717163228926088914e-02 3.719276893911067222e-02
3.734150146487858618e-02 3.801480862405250127e-02
3.736787512770740893e-02 3.736909770505278394e-02
3.736798227982025128e-02 3.981172999457742445e-02
3.744792749947958854e-02 3.780504168230152534e-02
3.750754436389086566e-02 3.777420810411327018e-02
3.758459698170065616e-02 3.892588307261607428e-02
3.765737044344086293e-02 3.876583996952068234e-02
3.766178035882942338e-02 4.625744612085162105e-02
3.773700559202348981e-02 3.780652031663493673e-02
3.780997574719782012e-02 3.884595445883718551e-02
3.784934462978360725e-02 3.818020655173556821e-02
3.785854168781233736e-02 3.861240700270254095e-02
3.788626812981068376e-02 4.306831533677451390e-02
3.796813228819420627e-02 3.827306782822050002e-02
3.803146674793098092e-02 3.860524182226036938e-02
3.810113303780360283e-02 3.825291571553467163e-02
3.813402360115503847e-02 3.858878679342964135e-02
3.814712136010424415e-02 3.816582206050828097e-02
3.822684835268418818e-02 3.833050436021511603e-02
3.826119027591398658e-02 3.888725578743391920e-02
3.834217134823342255e-02 3.850633376116251866e-02
3.837208651323888858e-02 4.060423310151799192e-02
3.839572465038285087e-02 4.059156332893389119e-02
3.853880098606056459e-02 3.857498599984479637e-02
3.859629743352466225e-02 3.939035739936555536e-02
3.864978867865300621e-02 4.042075852287410620e-02
3.871181804046364139e-02 3.885554048320216669e-02
3.874536072787256730e-02 3.881999871918331846e-02
3.881802620684312449e-02 3.903844913110209036e-02
3.887199089404214797e-02 3.919747926927498460e-02
3.888801117915852146e-02 3.945514934042256006e-02
3.891126229509317414e-02 3.896303905666501088e-02
3.896932441181651108e-02 4.495523051806524922e-02
3.900703721942556240e-02 3.994271562771330858e-02
3.911346968863896323e-02 3.960539078846302130e-02
3.924789712838410577e-02 3.925086471233753260e-02
3.924847916862352765e-02 3.976337434586260655e-02
3.927537423292493807e-02 3.938389308250993953e-02
3.931796646641533971e-02 3.932031753220665421e-02
3.937503026065873601e-02 4.205716124878981776e-02
3.938779543119991927e-02 3.938800363098120261e-02
3.940582111990473257e-02 3.942402041739662133e-02
3.942152274833617825e-02 4.304858055521093574e-02
3.947205211370202055e-02 3.990134758916086960e-02
3.952689004592049860e-02 3.954473925190104405e-02
3.953737076405429429e-02 3.955905336245936488e-02
3.953771380741768343e-02 3.954242453445976080e-02
3.956820296403613935e-02 3.961917965638337563e-02
3.962686770979314405e-02 4.149626842889009293e-02
3.963135365942161564e-02 4.700210442812167988e-02
3.968560626151693138e-02 4.267175672722610391e-02
3.977479939489187571e-02 4.005856422832684144e-02
3.985471795734767120e-02 4.375373253647354965e-02
3.985938639394894650e-02 3.985998009228921418e-02
3.987742387548807305e-02 5.245844549259814221e-02
3.991675664227046366e-02 3.998692137050313677e-02
3.992158738498686327e-02 4.005505545655622945e-02
3.994247728046234486e-02 4.910669457167608776e-02
4.000728340868402871e-02 4.048984802585604836e-02
4.001372773812019584e-02 4.036679766201071301e-02
4.001662955419804657e-02 4.234261165412687988e-02
4.015359628204138304e-02 4.193968137303431820e-02
4.025750524957182747e-02 4.046667312815190043e-02
4.028741311207549580e-02 4.043172777373429949e-02
4.039622858728725979e-02 4.044773031631936772e-02
4.048845522425898596e-02 4.086260556659233878e-02
4.058733522375329583e-02 4.063531713654183752e-02
4.059186842004170598e-02 4.287667915822226256e-02
4.061447736475594372e-02 4.119376010761100632e-02
4.064746810570469410e-02 4.947537380132789597e-02
4.071297134299823456e-02 4.093667157019856284e-02
4.075321376331245138e-02 4.155975186528728521e-02
4.077336598467359852e-02 4.077986421341813633e-02
4.078477556770782053e-02 4.529086510724509435e-02
4.078548573226086632e-02 4.186193283144235000e-02
4.080146084144162938e-02 4.097562539821000827e-02
4.094994178754893938e-02 4.146372534990041409e-02
4.096689338266931713e-02 4.130033044494943462e-02
4.097424917464601718e-02 4.574427155978004478e-02
4.099269677921983657e-02 4.632830340607024810e-02
4.105145244409231370e-02 4.122084006042295995e-02
4.106614122500941433e-02 4.112012066326325987e-02
4.114610858385719938e-02 4.343158982725393163e-02
4.123452598978399886e-02 4.156146644984562433e-02
4.125843369970838559e-02 4.162236716604394982e-02
4.127670843178563032e-02 4.269702224700851895e-02
4.131463806143490652e-02 4.135099089673208161e-02
4.137936854230327144e-02 4.198276791750785858e-02
4.140848841083326348e-02 4.149201349732783289e-02
4.143564320883803137e-02 4.145212320526159983e-02
4.159014437587494478e-02 4.392760940454466106e-02
4.161846035970234725e-02 4.460680523177836670e-02
4.162481600624096112e-02 4.322883848889803177e-02
4.170490464104931183e-02 4.478093886487126418e-02
4.171846892614514135e-02 4.462885457420428387e-02
4.178464190314712390e-02 4.200612087601562211e-02
4.194441514021646222e-02 4.423139183540517050e-02
4.209576665522327121e-02 4.302375165078887315e-02
4.212839135567533061e-02 4.283517434624913023e-02
4.214925054231941082e-02 5.459883674537771570e-02
4.216856805988466322e-02 4.216882677096351478e-02
4.228543748765679899e-02 4.254131744698068374e-02
4.232460734574208794e-02 4.234418863145233275e-02
4.235887182604595319e-02 4.324345948835820602e-02
4.245242164382600353e-02 4.782117660438894857e-02
4.249349753326323031e-02 4.299470729544448144e-02
4.270414070149874258e-02 4.452669854585100673e-02
4.271386691397595359e-02 4.372547365099416911e-02
4.278624297997198067e-02 4.288568336286083249e-02
4.288014498674455610e-02 4.289206769506815481e-02
4.289086850156829944e-02 4.303637682904995487e-02
4.295543963988168040e-02 5.585389623835144285e-02
4.314364065540895327e-02 4.700829213528812112e-02
4.316234989420279083e-02 4.316684452389116938e-02
4.327038643182602728e-02 4.647124635336629533e-02
4.335065722405849475e-02 4.459706899571710265e-02
4.338333465671678768e-02 4.349434297688857531e-02
4.342749583575015310e-02 4.391820346760399313e-02
4.347817268872541246e-02 4.641977534663554311e-02
4.350879493799963277e-02 4.457090931316206456e-02
4.362663266760586495e-02 4.395314086425138045e-02
4.366098468088112222e-02 4.928552806276818854e-02
4.381491190003861808e-02 4.389860953078027900e-02
4.389640553657702532e-02 4.389995118546047292e-02
4.392649932536259877e-02 4.397885131966364214e-02
4.393124144833562839e-02 4.427115790659073846e-02
4.402964410078023111e-02 4.850405823984363374e-02
4.409391234807214649e-02 4.571117163225891372e-02
4.410997032934670797e-02 4.591540904367588660e-02
4.416165956271343035e-02 4.425904103424417591e-02
4.427203613900894397e-02 4.427853658157157590e-02
4.434295835273609210e-02 5.113654315165369613e-02
4.447659316140527286e-02 4.453419677879875277e-02
4.448757087306463853e-02 4.776366165558959542e-02
4.462888636679366444e-02 4.463508360679632747e-02
4.475294932597517067e-02 4.526601961658493350e-02
4.480447995081879992e-02 4.787382707494410028e-02
4.490958116778339532e-02 5.426235134273993399e-02
4.491303488340581823e-02 4.508665813506042286e-02
4.496723228368562641e-02 4.512984735575504419e-02
4.499201008086697873e-02 4.590744443517818379e-02
4.499470150417993197e-02 4.743161355119320660e-02
4.509512316528887371e-02 4.584400326870941705e-02
4.521049251036166755e-02 4.748174389694954922e-02
4.521682729668583672e-02 4.522195080236214582e-02
4.530178721033582823e-02 4.932892252963126667e-02
4.531486145373106456e-02 4.740277251931326180e-02
4.544745603264205291e-02 4.624581913312628828e-02
4.553902591061000094e-02 4.554221367188274888e-02
4.557831122993472733e-02 4.558247384061950985e-02
4.560707085666159538e-02 4.563956062837963568e-02
4.564029272548542071e-02 4.566753231515446876e-02
4.565532668432299712e-02 4.948510849204548062e-02
4.569346200391379009e-02 4.758715070463212515e-02
4.569564350829952853e-02 4.584937888769778647e-02
4.569924048407498357e-02 4.678526280815864524e-02
4.570511989026827815e-02 4.628922801759818850e-02
4.579970568131046943e-02 4.726583833131918488e-02
4.582720723250355288e-02 4.620659194405746240e-02
4.588516991191192440e-02 4.662491739051405348e-02
4.613913958040685021e-02 4.632142414801076330e-02
4.620820366178121641e-02 4.974817349395479343e-02
4.626329868875758700e-02 4.626539730773129855e-02
4.626566536822056958e-02 5.092797517340733743e-02
4.630874200786176675e-02 4.643226880117396621e-02
4.647337072833077065e-02 4.694481504352401163e-02
4.663433884497977799e-02 5.231917105848826050e-02
4.664305577087984878e-02 4.666326854523754342e-02
4.666219319811785310e-02 4.677704252951366687e-02
4.670061302385016683e-02 4.728982484545702497e-02
4.676808563361899151e-02 4.790400654156176663e-02
4.678578439446268167e-02 5.834440836824195120e-02
4.684348393968393309e-02 4.737952841452503644e-02
4.696186105810236378e-02 5.000765324438916082e-02
4.700200222234680175e-02 4.913923396274939154e-02
4.701726030966531938e-02 5.132897109623334869e-02
4.702774493281863116e-02 4.812916237579519668e-02
4.711497167370266859e-02 4.721717717081224536e-02
4.715822264805167446e-02 4.729795437828803600e-02
4.723113616472122273e-02 4.736632558794379166e-02
4.730765300235428850e-02 4.738217309575705471e-02
4.735012234273391907e-02 4.747380156251397587e-02
4.752226602855558896e-02 4.844405602351163631e-02
4.762370341000875945e-02 5.207915056573824558e-02
4.788222988778990941e-02 4.806844502333992852e-02
4.789019197534166022e-02 4.800806150701578123e-02
4.790515839605986870e-02 4.909734433041069990e-02
4.794483034790199966e-02 4.820446619317192427e-02
4.800611987878651565e-02 4.831962167233495170e-02
4.815782434627103453e-02 4.871646024024797739e-02
4.840368189409965938e-02 5.017490001785046561e-02
4.844647068710169341e-02 5.728403231736790835e-02
4.853496992019266237e-02 5.004489843417599115e-02
4.861043728714046358e-02 5.283048929363084317e-02
4.879068189472794692e-02 4.985003969930793671e-02
4.881543359536776039e-02 5.422393711821622830e-02
4.882412538218918602e-02 4.904530488968726620e-02
4.888001534893791911e-02 4.901422082290703142e-02
4.890149662516979356e-02 4.894965832135909911e-02
4.891844880976325277e-02 5.016983413191213048e-02
4.904990430848877453e-02 5.539450307760088871e-02
4.911092627848029357e-02 5.281379986081853606e-02
4.920780993361930505e-02 4.948236417673142901e-02
4.928155844800229113e-02 5.022730374312905227e-02
4.932130291433095559e-02 5.017842154444166619e-02
4.947656511264817564e-02 5.050260251311497472e-02
4.955589723710327604e-02 4.956919215711608900e-02
4.955699281367757086e-02 5.436562709248337483e-02
4.962310712448594896e-02 4.974204687050369500e-02
4.971173042531257247e-02 4.993324696195259454e-02
4.996014024380025786e-02 5.021724981026260554e-02
5.012627343905357025e-02 5.200256160645940623e-02
5.015564464272216638e-02 5.018665276286656679e-02
5.028332906839351468e-02 5.066454386194437637e-02
5.028584870885181857e-02 5.051902531050868339e-02
5.039073984704554171e-02 5.119698805720948598e-02
5.047909369719317391e-02 5.146697872805325313e-02
5.055401034127242343e-02 5.317441025589798170e-02
5.059136395931793789e-02 5.062793872641196263e-02
5.082481746374170606e-02 5.115151438410359130e-02
5.083129126132776565e-02 5.123002114564972204e-02
5.085618464620796086e-02 5.235414850708661888e-02
5.098882713241004172e-02 5.152141202396248038e-02
5.101374788260154558e-02 5.121953270451280738e-02
5.101901361826158277e-02 5.217220338855591694e-02
5.103993645771696952e-02 5.533493498011867601e-02
5.115502287946018661e-02 5.716753115832141907e-02
5.117359653456395735e-02 5.118563641754735050e-02
5.133660493201022690e-02 5.539470112891031056e-02
5.139506294544080034e-02 5.154054422854920797e-02
5.161401589481529051e-02 5.216499419686967953e-02
5.164194976164438594e-02 5.201627942640132257e-02
5.172722638539654916e-02 5.259040215864321105e-02
5.175255780335493577e-02 5.177512156377392372e-02
5.182745365750564270e-02 5.210129150879107968e-02
5.184202982688618233e-02 5.219549430182277017e-02
5.187105357191772181e-02 5.188502063767028855e-02
5.187589196342340392e-02 5.187936925873200961e-02
5.192584076583499353e-02 5.197607873094651360e-02
5.216580488415257372e-02 5.216766547182943164e-02
5.220030995300126153e-02 5.223007271594915651e-02
5.227730577143636925e-02 5.228994365593762905e-02
5.229405874911728647e-02 5.276380783131948138e-02
5.238946559827289268e-02 5.536387373083757196e-02
5.241218005046360817e-02 5.249625209113795848e-02
5.283445152162228459e-02 5.312877858024561001e-02
5.316082055797820977e-02 6.720261561123049010e-02
5.348043346484607219e-02 5.351593925159000426e-02
5.349210395906411897e-02 5.385079225955357457e-02
5.363078206807785075e-02 5.580234051967872255e-02
5.372491817114561502e-02 5.443822662143961433e-02
5.379569808980592255e-02 5.558403190556125695e-02
5.390082066241777548e-02 5.416377224448876149e-02
5.393796642988915591e-02 5.488369688299051669e-02
5.411255898564476530e-02 5.793826651782931630e-02
5.416439535770095626e-02 5.422513628953435499e-02
5.453172916568199691e-02 5.508149176999070640e-02
5.480693943557832931e-02 5.518154820763526008e-02
5.621695332016427710e-02 5.668493000757593436e-02
5.633143863217125041e-02 5.657980270249108462e-02
5.640350609355130468e-02 6.250591102639967145e-02
5.678661845720966300e-02 5.861437528431267391e-02
5.712438927919207682e-02 5.715589047056513633e-02
5.718700665622573204e-02 5.722690569314260733e-02
5.737616619465975287e-02 5.990638553133798005e-02
5.778302235567843448e-02 6.113169803408432385e-02
5.778669992564411384e-02 5.779083337591140596e-02
5.786067625360848121e-02 5.820396625201859631e-02
5.832599149405447159e-02 5.927297204291241683e-02
5.870042374329866725e-02 6.603578901539279566e-02
6.182338294195677958e-02 6.216569088337746407e-02
6.185347072562542847e-02 6.193397631234037054e-02
6.405741388431225591e-02 6.438705149277744455e-02
6.501619867335112213e-02 6.537554552703005173e-02
6.502263894155978219e-02 6.522774228504668592e-02
6.586737927602855092e-02 6.615499627034199248e-02
6.695696364000881806e-02 6.716890145978811344e-02
6.717135256314567260e-02 6.723614765410845795e-02
6.801971477772869590e-02 6.802227684440649569e-02
7.071038577433576278e-02 7.084751739110556334e-02
7.083030516356693396e-02 7.084543810842654221e-02
7.264347701974656346e-02 7.264626616200901832e-02
1.717001380583928760e-01 1.733423115766338507e-01
1.718430464806222080e-01 1.719360989051209043e-01
1.735092586318036645e-01 1.735443927683417153e-01
1.938488039642115857e-01 1.945488224572738956e-01
1.958754538992296124e-01 2.014582823668404910e-01
1.989899925230913247e-01 2.001007157410169546e-01
1.999151452125694783e-01 1.999580200821794718e-01
2.022093616152010609e-01 2.023580578795658724e-01
