0.000000000000000000e+00 2.062561412334220495e-02
0.000000000000000000e+00 1.723748569607349776e-02
0.000000000000000000e+00 1.327008108888647411e-02
0.000000000000000000e+00 1.991863182436264326e-02
0.000000000000000000e+00 1.429469356252574194e-02
0.000000000000000000e+00 3.105428436914687076e-02
0.000000000000000000e+00 1.066484326399124577e-02
0.000000000000000000e+00 2.462076548221536418e-02
0.000000000000000000e+00 2.446741545823935202e-02
0.000000000000000000e+00 8.675010560626091050e-03
0.000000000000000000e+00 2.408683566367968848e-02
0.000000000000000000e+00 1.945993021456558780e-02
0.000000000000000000e+00 1.361802227260533633e-02
0.000000000000000000e+00 1.899232178552012762e-02
0.000000000000000000e+00 2.366276796928895934e-02
0.000000000000000000e+00 2.240624043429834122e-02
0.000000000000000000e+00 2.647556311118696298e-02
0.000000000000000000e+00 1.475834129104181339e-02
0.000000000000000000e+00 1.727772948245787782e-02
0.000000000000000000e+00 3.352645750184952977e-02
0.000000000000000000e+00 3.218125175310648789e-02
0.000000000000000000e+00 1.958598441320208092e-02
0.000000000000000000e+00 1.878885872430589507e-02
0.000000000000000000e+00 2.184233590340374509e-02
0.000000000000000000e+00 1.974334990618560950e-02
0.000000000000000000e+00 2.853873761684648167e-02
0.000000000000000000e+00 1.477508862393589993e-02
0.000000000000000000e+00 1.056744712672154016e-02
0.000000000000000000e+00 2.425794561195443108e-02
0.000000000000000000e+00 9.734348300423427761e-03
0.000000000000000000e+00 2.496584574612987009e-02
0.000000000000000000e+00 1.343383381322324488e-02
0.000000000000000000e+00 2.306079994279449166e-02
0.000000000000000000e+00 1.643716159709895930e-02
0.000000000000000000e+00 2.716084792556379066e-02
0.000000000000000000e+00 2.237120584765737302e-02
0.000000000000000000e+00 1.616572271007383349e-02
0.000000000000000000e+00 2.236914453638148836e-02
0.000000000000000000e+00 8.691836116460011433e-03
0.000000000000000000e+00 2.517994883788745447e-02
0.000000000000000000e+00 3.786820827556512670e-03
0.000000000000000000e+00 2.071254402812784320e-02
0.000000000000000000e+00 3.765068316265854104e-03
0.000000000000000000e+00 1.517185723685214593e-02
0.000000000000000000e+00 1.616434590931949133e-02
0.000000000000000000e+00 2.377281466130996834e-02
0.000000000000000000e+00 2.039511789244229795e-02
0.000000000000000000e+00 1.506426575131251076e-02
0.000000000000000000e+00 3.202663935492065100e-02
0.000000000000000000e+00 7.697124612124783653e-03
0.000000000000000000e+00 2.877010982888959789e-02
0.000000000000000000e+00 2.470653938794984197e-02
0.000000000000000000e+00 3.080036154711825180e-02
0.000000000000000000e+00 1.279786761784956067e-02
0.000000000000000000e+00 1.305141907648411752e-02
0.000000000000000000e+00 1.607601559631668953e-02
0.000000000000000000e+00 1.246478908651620261e-02
0.000000000000000000e+00 6.804114862668344307e-04
0.000000000000000000e+00 1.410356302840321853e-02
0.000000000000000000e+00 1.940678424544733244e-02
0.000000000000000000e+00 7.824942835085746742e-03
0.000000000000000000e+00 3.619388747999457978e-02
0.000000000000000000e+00 2.451474128584394188e-02
0.000000000000000000e+00 1.415095230142722135e-02
0.000000000000000000e+00 2.199444443973728319e-02
0.000000000000000000e+00 1.458502522371021154e-02
0.000000000000000000e+00 2.360221050664876308e-02
0.000000000000000000e+00 3.283348568830769809e-02
0.000000000000000000e+00 2.039195180999232512e-02
0.000000000000000000e+00 1.079291027760284280e-02
0.000000000000000000e+00 2.158297623933620388e-02
0.000000000000000000e+00 1.942429690955043559e-02
0.000000000000000000e+00 5.216139213561004663e-03
0.000000000000000000e+00 2.066238045812884491e-02
0.000000000000000000e+00 1.273367624323469560e-02
0.000000000000000000e+00 1.610029035461786606e-02
0.000000000000000000e+00 2.286078047307634961e-02
0.000000000000000000e+00 7.249193785714478852e-03
0.000000000000000000e+00 2.203047791312646303e-02
0.000000000000000000e+00 1.650731035331672036e-02
0.000000000000000000e+00 2.886355618953151056e-03
0.000000000000000000e+00 9.385530086693657029e-03
0.000000000000000000e+00 8.875708711632897957e-03
0.000000000000000000e+00 2.067610508369272654e-02
0.000000000000000000e+00 4.040762857299303422e-03
0.000000000000000000e+00 1.530665707283799734e-03
0.000000000000000000e+00 3.123053506399446622e-02
0.000000000000000000e+00 7.706879518476517608e-03
0.000000000000000000e+00 1.384002417704316423e-02
0.000000000000000000e+00 2.019904169291572224e-02
0.000000000000000000e+00 1.719489434593117830e-02
0.000000000000000000e+00 3.017324739366778613e-02
0.000000000000000000e+00 1.256868379261344773e-02
0.000000000000000000e+00 1.595585538390765015e-02
0.000000000000000000e+00 2.727140290717011001e-02
0.000000000000000000e+00 8.445595247951617757e-03
0.000000000000000000e+00 2.988460549740803301e-02
0.000000000000000000e+00 1.110053992294069737e-02
0.000000000000000000e+00 1.992671478737226970e-02
0.000000000000000000e+00 1.257628957310339725e-02
0.000000000000000000e+00 5.887955815795641382e-03
0.000000000000000000e+00 1.858510318251792651e-02
0.000000000000000000e+00 1.434071599140790670e-03
0.000000000000000000e+00 2.269327896458021507e-02
0.000000000000000000e+00 2.119196195990128220e-02
0.000000000000000000e+00 1.077824807967185140e-02
0.000000000000000000e+00 1.517660469845611738e-02
0.000000000000000000e+00 1.203698056053676031e-02
0.000000000000000000e+00 1.027994575423661974e-02
0.000000000000000000e+00 3.502587102531848177e-03
0.000000000000000000e+00 7.777683974535340092e-03
0.000000000000000000e+00 1.287656843520693442e-02
0.000000000000000000e+00 1.892487788301010221e-02
0.000000000000000000e+00 2.092575563252968562e-02
0.000000000000000000e+00 1.494455524034651178e-02
0.000000000000000000e+00 7.962943986688890419e-03
0.000000000000000000e+00 1.644575849030216474e-02
0.000000000000000000e+00 1.272083478892028358e-02
0.000000000000000000e+00 5.991925143515566127e-03
0.000000000000000000e+00 2.016172930430377291e-02
0.000000000000000000e+00 1.622699482119968270e-02
0.000000000000000000e+00 1.737814888443368899e-02
0.000000000000000000e+00 7.735942159804868982e-03
0.000000000000000000e+00 4.884217172314280625e-03
0.000000000000000000e+00 2.105575380777183377e-03
0.000000000000000000e+00 3.293399499882746634e-02
0.000000000000000000e+00 1.093546016022843050e-02
0.000000000000000000e+00 3.470772647042378450e-02
0.000000000000000000e+00 1.065524948152474401e-02
0.000000000000000000e+00 1.690691426220497159e-02
0.000000000000000000e+00 3.104623050655610020e-02
0.000000000000000000e+00 1.280345515019378627e-02
0.000000000000000000e+00 7.931858571829677323e-03
0.000000000000000000e+00 2.210126976332269649e-02
0.000000000000000000e+00 3.755091185925208720e-03
0.000000000000000000e+00 3.125036881176814635e-02
0.000000000000000000e+00 8.976099671661985982e-03
0.000000000000000000e+00 1.258254040033030680e-02
0.000000000000000000e+00 2.795029119035402979e-02
0.000000000000000000e+00 2.458613002219946220e-02
0.000000000000000000e+00 5.032328496018473665e-03
0.000000000000000000e+00 2.132435927243231388e-02
0.000000000000000000e+00 2.091832715598471865e-02
0.000000000000000000e+00 2.882753868722048168e-02
0.000000000000000000e+00 5.547221336184734314e-03
0.000000000000000000e+00 1.485457288683412688e-02
0.000000000000000000e+00 1.089089135649667223e-02
0.000000000000000000e+00 2.158080562799563618e-02
0.000000000000000000e+00 1.615756938101456722e-02
0.000000000000000000e+00 8.633826829452387677e-03
0.000000000000000000e+00 1.064600446183405942e-02
0.000000000000000000e+00 3.060712955044336304e-03
0.000000000000000000e+00 8.982718692646938282e-04
0.000000000000000000e+00 1.193667192806222369e-02
0.000000000000000000e+00 1.112412431782783956e-02
0.000000000000000000e+00 1.009385891447103605e-02
0.000000000000000000e+00 5.602781046795190373e-03
0.000000000000000000e+00 1.492743945934634289e-02
0.000000000000000000e+00 2.475429447629986027e-02
0.000000000000000000e+00 2.133262503654509423e-02
0.000000000000000000e+00 7.150654102337966438e-03
0.000000000000000000e+00 1.136952466385659881e-02
0.000000000000000000e+00 8.132522558431885470e-03
0.000000000000000000e+00 2.755254559512684831e-02
0.000000000000000000e+00 1.436387960535344573e-02
0.000000000000000000e+00 3.762634690652070634e-03
0.000000000000000000e+00 2.193436794712774404e-02
0.000000000000000000e+00 1.033861527675351832e-02
0.000000000000000000e+00 1.350204693872636766e-02
0.000000000000000000e+00 4.930103107615652416e-03
0.000000000000000000e+00 2.000498528897177997e-02
0.000000000000000000e+00 1.820082739853074935e-02
0.000000000000000000e+00 1.040449460795153831e-02
0.000000000000000000e+00 1.010666907956984072e-02
0.000000000000000000e+00 1.441371076703966067e-02
0.000000000000000000e+00 4.417497910410030613e-03
0.000000000000000000e+00 2.624670821924761366e-02
0.000000000000000000e+00 1.803309029638015468e-02
0.000000000000000000e+00 2.851360510613595162e-02
0.000000000000000000e+00 2.362226460572316999e-02
0.000000000000000000e+00 7.887031086367558147e-03
0.000000000000000000e+00 6.889934650185653986e-01
0.000000000000000000e+00 3.665713354834370524e-02
0.000000000000000000e+00 1.108732269360214635e-02
0.000000000000000000e+00 2.478842368812358976e-02
0.000000000000000000e+00 1.960762236831436675e-02
0.000000000000000000e+00 1.193484280015981837e-03
0.000000000000000000e+00 2.034527160494321169e-02
0.000000000000000000e+00 3.498067480643007182e-02
0.000000000000000000e+00 4.018040681766738183e-03
0.000000000000000000e+00 2.356109415103607371e-02
0.000000000000000000e+00 1.412434913175438650e-02
0.000000000000000000e+00 1.019043079551760871e-02
0.000000000000000000e+00 2.355223567742198779e-02
0.000000000000000000e+00 2.675544498103023944e-02
0.000000000000000000e+00 1.194633417626191421e-02
0.000000000000000000e+00 3.047929217123261300e-02
0.000000000000000000e+00 3.067610968710584793e-02
0.000000000000000000e+00 2.532855113668521993e-02
0.000000000000000000e+00 1.983902617845953453e-02
0.000000000000000000e+00 1.983094032508313578e-02
0.000000000000000000e+00 1.244934814151501049e-02
0.000000000000000000e+00 3.330902187628499711e-02
0.000000000000000000e+00 3.545435335986760195e-02
0.000000000000000000e+00 2.609821538381418629e-02
0.000000000000000000e+00 1.562003924368268216e-02
0.000000000000000000e+00 3.195974392221809929e-02
0.000000000000000000e+00 3.508440687705167982e-02
0.000000000000000000e+00 2.008552610969447164e-02
0.000000000000000000e+00 2.577344564779185734e-02
0.000000000000000000e+00 2.673318626997863573e-02
0.000000000000000000e+00 1.133770989838555829e-02
0.000000000000000000e+00 2.981040608223865448e-02
0.000000000000000000e+00 2.432409406102804469e-02
0.000000000000000000e+00 2.498878181148218511e-02
0.000000000000000000e+00 2.241436540680590353e-02
0.000000000000000000e+00 3.404750249351261304e-02
0.000000000000000000e+00 7.450870055188554310e-03
0.000000000000000000e+00 9.263737804270233064e-03
0.000000000000000000e+00 1.646424008823424087e-02
0.000000000000000000e+00 2.471537513577152720e-02
0.000000000000000000e+00 1.279984302195301751e-02
0.000000000000000000e+00 2.768881585294602141e-02
0.000000000000000000e+00 1.516508401279405803e-02
0.000000000000000000e+00 2.051907515866855519e-02
0.000000000000000000e+00 1.225500632907491720e-02
0.000000000000000000e+00 6.561054984803463795e-03
0.000000000000000000e+00 1.615696318536845658e-02
0.000000000000000000e+00 8.217326433845642195e-03
0.000000000000000000e+00 1.817993378953494318e-02
0.000000000000000000e+00 3.662178372572419405e-02
0.000000000000000000e+00 2.536059440747388122e-02
0.000000000000000000e+00 2.551726509405826890e-02
0.000000000000000000e+00 2.149747408027280135e-02
0.000000000000000000e+00 2.914148372133815515e-02
0.000000000000000000e+00 2.615046790352727052e-02
0.000000000000000000e+00 1.639289149239589113e-02
0.000000000000000000e+00 7.949676615197593527e-03
0.000000000000000000e+00 1.581626070426968636e-02
0.000000000000000000e+00 3.121492981817423559e-02
0.000000000000000000e+00 1.905040777673903604e-02
0.000000000000000000e+00 6.250588362637934936e-03
0.000000000000000000e+00 2.610643566825181228e-02
0.000000000000000000e+00 4.498996128969448734e-03
0.000000000000000000e+00 9.280360113644010520e-03
0.000000000000000000e+00 2.546346863699585489e-02
0.000000000000000000e+00 2.625785356707367041e-03
0.000000000000000000e+00 2.234886317093691746e-02
0.000000000000000000e+00 1.469173056680439515e-02
0.000000000000000000e+00 1.967723902596420563e-02
0.000000000000000000e+00 1.761073455189996265e-02
0.000000000000000000e+00 1.613910490220103310e-03
0.000000000000000000e+00 1.521039362347283846e-02
0.000000000000000000e+00 8.446376566050496637e-03
0.000000000000000000e+00 1.356375019558907387e-02
0.000000000000000000e+00 1.659748673537886007e-02
0.000000000000000000e+00 3.357090677466681439e-02
0.000000000000000000e+00 1.235269914964498561e-02
0.000000000000000000e+00 9.379185188308349769e-03
0.000000000000000000e+00 3.000776343480882329e-03
0.000000000000000000e+00 6.927064330684241412e-03
0.000000000000000000e+00 3.086584695785832624e-02
0.000000000000000000e+00 1.693910898206422988e-02
0.000000000000000000e+00 4.540139566574930528e-03
0.000000000000000000e+00 3.023575865831883147e-02
0.000000000000000000e+00 1.407963670217054347e-02
0.000000000000000000e+00 4.381070785172852013e-03
0.000000000000000000e+00 9.292628335599914871e-03
0.000000000000000000e+00 1.682566032587041668e-02
0.000000000000000000e+00 1.297830918957192103e-02
0.000000000000000000e+00 1.309659716251784095e-02
0.000000000000000000e+00 1.908155358495460321e-02
0.000000000000000000e+00 1.012144985327093419e-02
0.000000000000000000e+00 2.704017251511876829e-02
0.000000000000000000e+00 2.905161788052740626e-02
0.000000000000000000e+00 9.720689407209024552e-03
0.000000000000000000e+00 3.422641876573714360e-03
0.000000000000000000e+00 1.095918159463371913e-02
0.000000000000000000e+00 7.309837962356618458e-03
0.000000000000000000e+00 3.650231272887789064e-02
0.000000000000000000e+00 2.388518358804760447e-02
0.000000000000000000e+00 1.431630283459529342e-02
0.000000000000000000e+00 8.955070240746643845e-03
0.000000000000000000e+00 6.254890106348994644e-03
0.000000000000000000e+00 1.431346976079135233e-02
0.000000000000000000e+00 1.521262311006411211e-02
0.000000000000000000e+00 2.013181257153474901e-02
0.000000000000000000e+00 1.315934057760134029e-02
0.000000000000000000e+00 2.860175295420127814e-02
0.000000000000000000e+00 7.324855299805470288e-03
0.000000000000000000e+00 6.577271807331250449e-03
0.000000000000000000e+00 2.729049052950912116e-02
0.000000000000000000e+00 7.671197064972921399e-03
0.000000000000000000e+00 1.397843613654803710e-02
0.000000000000000000e+00 3.969352715921382196e-02
0.000000000000000000e+00 1.643576912646495247e-02
0.000000000000000000e+00 2.486497386803150286e-02
0.000000000000000000e+00 1.574954434512143911e-02
0.000000000000000000e+00 2.530487907574888607e-03
0.000000000000000000e+00 3.235452993357565421e-02
0.000000000000000000e+00 1.715080295861920456e-02
0.000000000000000000e+00 3.986592008482726240e-02
0.000000000000000000e+00 1.510662919520646547e-02
0.000000000000000000e+00 2.028224707649057268e-01
0.000000000000000000e+00 1.776498154234460933e-02
0.000000000000000000e+00 1.747164932584725078e-02
0.000000000000000000e+00 2.400398881577327920e-02
0.000000000000000000e+00 2.147197602442097938e-02
0.000000000000000000e+00 1.322809202555736037e-02
0.000000000000000000e+00 5.114117246035912619e-03
0.000000000000000000e+00 1.064935738187070165e-02
0.000000000000000000e+00 6.142143060399235174e-03
0.000000000000000000e+00 1.271004218304492943e-02
0.000000000000000000e+00 2.403303628035467765e-02
0.000000000000000000e+00 3.085630994173917813e-02
0.000000000000000000e+00 2.396404910586248660e-02
0.000000000000000000e+00 2.046109783094368292e-02
0.000000000000000000e+00 1.370868293960906571e-02
0.000000000000000000e+00 1.042909432580375710e-02
0.000000000000000000e+00 2.365790121397799706e-02
0.000000000000000000e+00 1.613147811150140651e-02
0.000000000000000000e+00 4.596031279357973807e-03
0.000000000000000000e+00 1.267947518283495459e-02
0.000000000000000000e+00 3.495530067782752492e-02
0.000000000000000000e+00 1.990309552314188310e-02
0.000000000000000000e+00 1.025746155904800824e-02
0.000000000000000000e+00 2.386350049626231526e-02
0.000000000000000000e+00 1.231391329377962661e-02
0.000000000000000000e+00 2.890874469375239505e-03
0.000000000000000000e+00 2.876528999191592037e-02
0.000000000000000000e+00 2.735030180787154618e-03
0.000000000000000000e+00 2.053896557212417373e-02
0.000000000000000000e+00 1.366330305939318993e-02
0.000000000000000000e+00 4.406895456587820586e-03
0.000000000000000000e+00 2.306448475767354858e-02
0.000000000000000000e+00 2.465617243867729638e-02
0.000000000000000000e+00 3.363937766430423471e-02
0.000000000000000000e+00 3.861168356346535505e-03
0.000000000000000000e+00 2.021213437165561219e-02
0.000000000000000000e+00 2.994644692053797814e-03
0.000000000000000000e+00 1.430872668056069018e-02
0.000000000000000000e+00 1.648222198240669074e-03
0.000000000000000000e+00 3.343656718254249538e-02
0.000000000000000000e+00 1.964275444699634457e-02
0.000000000000000000e+00 2.053806020932363863e-02
0.000000000000000000e+00 9.508071839666874109e-03
0.000000000000000000e+00 3.023670716152637022e-02
0.000000000000000000e+00 2.271897401767613428e-02
0.000000000000000000e+00 1.757308520427601148e-02
0.000000000000000000e+00 2.906594688518543065e-02
0.000000000000000000e+00 2.896718204399355984e-02
0.000000000000000000e+00 1.283660395451535416e-02
0.000000000000000000e+00 9.415515074623183669e-03
0.000000000000000000e+00 5.778152147583068970e-03
0.000000000000000000e+00 1.661638060270566319e-02
0.000000000000000000e+00 1.450412513992431832e-02
0.000000000000000000e+00 9.745518188930390319e-03
0.000000000000000000e+00 5.378966574842105122e-03
0.000000000000000000e+00 5.741086650429136178e-03
0.000000000000000000e+00 2.677458050670157921e-02
0.000000000000000000e+00 1.509904879835237239e-02
0.000000000000000000e+00 2.787489213004514660e-02
0.000000000000000000e+00 1.776467033862364972e-02
0.000000000000000000e+00 9.792421711240532553e-03
0.000000000000000000e+00 2.263083119292423964e-02
0.000000000000000000e+00 2.478772908356827870e-02
0.000000000000000000e+00 1.232523993898773087e-03
0.000000000000000000e+00 1.575123304821497358e-02
0.000000000000000000e+00 1.288691117747887104e-02
0.000000000000000000e+00 2.728659619370756018e-02
0.000000000000000000e+00 1.518760624022618202e-02
0.000000000000000000e+00 1.712596129006023135e-02
0.000000000000000000e+00 2.122494801832478309e-02
0.000000000000000000e+00 1.885791093046207401e-02
0.000000000000000000e+00 7.189704773654343600e-03
0.000000000000000000e+00 1.124614955124828876e-02
0.000000000000000000e+00 2.955800725437389767e-02
0.000000000000000000e+00 7.368943114599604306e-03
0.000000000000000000e+00 1.303991516189883723e-02
0.000000000000000000e+00 6.353788421848191766e-03
0.000000000000000000e+00 1.864725871165577586e-02
0.000000000000000000e+00 1.480191071153224257e-02
0.000000000000000000e+00 1.951596556524696699e-02
0.000000000000000000e+00 2.470588137068559578e-02
0.000000000000000000e+00 9.328064701551007018e-03
0.000000000000000000e+00 1.295576163168398083e-02
0.000000000000000000e+00 1.921873725860479692e-02
0.000000000000000000e+00 1.889961535461049530e-02
0.000000000000000000e+00 2.986604004544804111e-03
0.000000000000000000e+00 2.813176498097375022e-02
0.000000000000000000e+00 3.101566640449820306e-02
0.000000000000000000e+00 1.069606319111253423e-02
0.000000000000000000e+00 4.702328391045583478e-03
0.000000000000000000e+00 1.106367501721494846e-02
0.000000000000000000e+00 8.889917856562979184e-03
0.000000000000000000e+00 1.526880970054235627e-02
0.000000000000000000e+00 2.557186524894706700e-02
0.000000000000000000e+00 2.229507265041992189e-02
0.000000000000000000e+00 1.056538403132882553e-02
0.000000000000000000e+00 2.318499274630954170e-03
0.000000000000000000e+00 1.944377212757148615e-02
0.000000000000000000e+00 2.457757948359337238e-02
0.000000000000000000e+00 4.319423359909573684e-03
0.000000000000000000e+00 2.932950498807431958e-02
0.000000000000000000e+00 5.114095801895184729e-03
0.000000000000000000e+00 2.458071252319835726e-02
0.000000000000000000e+00 2.491643575333960664e-02
0.000000000000000000e+00 2.468602814414047608e-02
0.000000000000000000e+00 2.071660439599599252e-02
0.000000000000000000e+00 2.225283903438871058e-02
0.000000000000000000e+00 1.582774493374930480e-02
0.000000000000000000e+00 1.676213723779956463e-02
0.000000000000000000e+00 1.361932036733355146e-02
0.000000000000000000e+00 1.798327650521162197e-02
0.000000000000000000e+00 1.864529720806567745e-02
0.000000000000000000e+00 1.437440958328386510e-02
0.000000000000000000e+00 6.518950717443695517e-03
0.000000000000000000e+00 8.071703401766446018e-03
0.000000000000000000e+00 8.299996251556395963e-03
0.000000000000000000e+00 1.314335021017111992e-02
0.000000000000000000e+00 2.694169053415768501e-03
0.000000000000000000e+00 6.447162467997990393e-03
0.000000000000000000e+00 7.746024865802246528e-03
0.000000000000000000e+00 2.169652313632364649e-03
0.000000000000000000e+00 1.479254311324376334e-02
0.000000000000000000e+00 7.835966993203203473e-03
0.000000000000000000e+00 1.879161135583148554e-02
0.000000000000000000e+00 2.477991016241753736e-03
0.000000000000000000e+00 1.390513735318789530e-02
0.000000000000000000e+00 4.184914143863746952e-03
0.000000000000000000e+00 8.622813836054303918e-03
0.000000000000000000e+00 2.900396661348171590e-02
0.000000000000000000e+00 1.474089561616810130e-02
0.000000000000000000e+00 1.514037132097837204e-02
0.000000000000000000e+00 1.201308828546134022e-02
0.000000000000000000e+00 5.080114109263932261e-03
0.000000000000000000e+00 1.898322141069650956e-02
0.000000000000000000e+00 2.244081579926525752e-02
0.000000000000000000e+00 5.355265636240503536e-04
0.000000000000000000e+00 6.621946939020073586e-03
0.000000000000000000e+00 8.767892424072694715e-03
0.000000000000000000e+00 5.291078656988711972e-03
0.000000000000000000e+00 6.144017348969444368e-03
0.000000000000000000e+00 3.695714296554961781e-02
0.000000000000000000e+00 5.140674372738672851e-03
0.000000000000000000e+00 1.305748250063765853e-02
0.000000000000000000e+00 1.583538310877016797e-02
0.000000000000000000e+00 8.459881775748480034e-03
0.000000000000000000e+00 1.811650091323296560e-02
0.000000000000000000e+00 1.276073270717131836e-02
0.000000000000000000e+00 2.914330140249460702e-02
0.000000000000000000e+00 1.796637976200816597e-02
0.000000000000000000e+00 2.077662215084045277e-03
0.000000000000000000e+00 2.876894051678774780e-02
0.000000000000000000e+00 1.945369312919392399e-02
0.000000000000000000e+00 2.161473298064129495e-02
0.000000000000000000e+00 1.027347998092231936e-02
0.000000000000000000e+00 1.159746838295445601e-02
0.000000000000000000e+00 1.210509098864949971e-02
0.000000000000000000e+00 1.669047322458700605e-02
0.000000000000000000e+00 2.919198840678656481e-02
0.000000000000000000e+00 1.445430821989933043e-02
0.000000000000000000e+00 9.014325920830094582e-03
0.000000000000000000e+00 1.506766556349954309e-02
0.000000000000000000e+00 6.980330293265792812e-04
0.000000000000000000e+00 8.360673018063724884e-03
0.000000000000000000e+00 2.418732457131782948e-02
0.000000000000000000e+00 6.611180772170735694e-03
0.000000000000000000e+00 1.194088383563781698e-02
0.000000000000000000e+00 9.065451086656416829e-03
0.000000000000000000e+00 1.126611360967921631e-02
0.000000000000000000e+00 1.746873114861117321e-02
0.000000000000000000e+00 5.489956014969741421e-03
0.000000000000000000e+00 1.460286261403914015e-02
0.000000000000000000e+00 1.064032036104390309e-02
0.000000000000000000e+00 8.259398216395324663e-03
0.000000000000000000e+00 3.671524268275994096e-02
0.000000000000000000e+00 1.258907248524003888e-02
0.000000000000000000e+00 9.244399573257624028e-03
0.000000000000000000e+00 1.291972551330058255e-02
0.000000000000000000e+00 2.376090305545888737e-02
0.000000000000000000e+00 8.104864687789746849e-03
0.000000000000000000e+00 7.034891904341278659e-03
0.000000000000000000e+00 1.276055213146967335e-02
0.000000000000000000e+00 3.709244702888288368e-03
0.000000000000000000e+00 1.944717631138079619e-02
0.000000000000000000e+00 2.129948807054717758e-02
0.000000000000000000e+00 4.677226493884602959e-03
0.000000000000000000e+00 2.290051339150615817e-02
0.000000000000000000e+00 1.297376019670997555e-02
0.000000000000000000e+00 4.474711223280634573e-03
0.000000000000000000e+00 1.995437918597723834e-02
0.000000000000000000e+00 1.021537158392861640e-02
0.000000000000000000e+00 2.603688747862139673e-03
0.000000000000000000e+00 1.254904969846615953e-02
0.000000000000000000e+00 1.003665474691451884e-02
0.000000000000000000e+00 1.706653840526080670e-02
0.000000000000000000e+00 1.823684475881969316e-02
0.000000000000000000e+00 1.210839632465986193e-02
