4.941309582241245734e-04 4.987421346886562138e-04
5.209504459890880587e-04 5.262168734432749869e-04
6.787127696346429524e-04 6.888454991679659632e-04
7.321673134663331164e-04 7.481388878029536288e-04
7.358276095939060481e-04 7.400712863984282167e-04
7.565761034926371097e-04 8.329504818179700150e-04
8.100999389365762726e-04 8.122308368674754312e-04
1.085094134284994138e-03 1.086239111665041491e-03
1.180902226657658304e-03 1.262810984852665627e-03
1.280612695853197312e-03 1.408733935701025897e-03
1.354141932520332332e-03 1.357147940999696521e-03
1.854519861537144362e-03 1.971265656365758009e-03
1.935974150170728962e-03 1.940111500095113546e-03
2.037373985259578659e-03 2.069323259724331968e-03
2.241749033987513236e-03 2.327345954392496651e-03
2.257717874811428389e-03 2.421335101860984211e-03
2.271264315515030604e-03 2.292169022859685216e-03
2.296195850963971170e-03 2.370861638614597117e-03
2.506986243849262073e-03 2.616045353272267778e-03
2.540200886365550671e-03 2.656594144351581005e-03
2.556824014863704961e-03 2.757143468308199605e-03
2.606599114252521315e-03 3.062277403516554340e-03
2.611447057933503294e-03 2.612410048053920124e-03
2.625007181334388859e-03 2.625012563794935569e-03
2.636229107718858922e-03 2.737782975776665868e-03
2.638037473687561592e-03 2.838548501965665414e-03
2.654165865527489954e-03 2.771743274227491966e-03
2.681677373929479760e-03 2.762970280744978923e-03
2.687690862808415817e-03 3.123457105743990877e-03
2.691561226992990243e-03 2.723673622198071083e-03
2.746442606070760399e-03 2.875962203369340168e-03
2.831262290569051647e-03 3.095714538561690748e-03
2.870261707448394390e-03 2.912106502099226155e-03
2.925764987094727539e-03 3.049207994353709573e-03
3.037179951605579152e-03 3.155197955456707018e-03
3.116696463384972717e-03 3.796483627135529074e-03
3.186738423434148579e-03 3.716176784253461072e-03
3.210414834621458727e-03 3.467237314879351509e-03
3.284533325891889066e-03 3.315369015536129976e-03
3.298783366566223566e-03 3.409431480917861183e-03
3.334192841524762346e-03 3.338970161781854105e-03
3.374128792830346623e-03 3.579953469375704404e-03
3.377985894935230538e-03 4.210716025970464259e-03
3.424876992834926994e-03 3.428272137808482944e-03
3.448601536935775279e-03 3.634186243284754942e-03
3.523315087385915732e-03 3.532171565999707354e-03
3.563006874471561641e-03 4.139125529377132851e-03
3.634279307364699039e-03 3.638840718547384310e-03
3.667418424648414069e-03 4.804557043454778936e-03
3.686674513150113141e-03 3.835255059231663499e-03
3.694313495018110120e-03 3.814309676927846345e-03
3.853694122012155544e-03 4.255067550845570944e-03
3.860143299443368880e-03 4.323564675756787559e-03
3.899547259850187544e-03 3.909216570483185077e-03
4.033138124306697228e-03 4.456390276405135936e-03
4.062123464777607842e-03 4.066054511101312684e-03
4.084084901800776393e-03 4.121731715229980282e-03
4.084087125936567732e-03 4.306317232134001735e-03
4.141160551552163817e-03 4.211340484638130890e-03
4.156558965671158790e-03 4.393806155319908077e-03
4.157398234997258281e-03 4.230479796743400085e-03
4.197234787300311958e-03 4.198129633360141340e-03
4.231580389552919846e-03 4.232813541408412226e-03
4.233658446244678748e-03 5.131075647329948024e-03
4.260737482110201271e-03 4.318027246054101029e-03
4.349830015954612474e-03 4.457424616873061074e-03
4.356061446742404836e-03 5.588842128149683688e-03
4.378953847871530462e-03 4.390604537100143215e-03
4.379517671279385682e-03 4.576669817321491092e-03
4.392289609530549907e-03 4.392703498786118717e-03
4.398255762499730243e-03 4.548061620485432076e-03
4.399015127259093064e-03 4.422442782885996002e-03
4.536406351078081309e-03 4.680219523626592826e-03
4.580387362567857681e-03 5.197874736096249823e-03
4.619636385141952933e-03 5.047162128616486387e-03
4.638592345048767746e-03 4.644400487102715719e-03
4.658791403402896825e-03 4.917200497140529307e-03
4.738171926585686873e-03 4.889064080824733448e-03
4.750952941440795239e-03 4.976108289787175079e-03
4.774598425164349597e-03 4.862729689488164142e-03
4.814949619103931107e-03 4.909991174177935798e-03
4.854705585600283500e-03 4.876632557725735055e-03
4.866988371552269030e-03 4.933528170665982607e-03
4.913459893259686066e-03 5.056194132955563192e-03
4.945838221305573837e-03 7.125835912785566384e-03
4.962194013550980283e-03 5.092863600741045008e-03
4.990043722581050112e-03 5.053015408071587049e-03
5.023530088841904329e-03 6.711418730055849352e-03
5.075177881433529624e-03 5.174823117901690417e-03
5.075509215229190990e-03 5.122299224653808873e-03
5.086413203927730303e-03 5.249054312077925527e-03
5.118074963754824444e-03 5.652886848670419725e-03
5.306887011588579638e-03 5.390998210241312351e-03
5.345949005968190365e-03 5.358000017135325192e-03
5.437340319400662744e-03 5.851879912492894548e-03
5.454071065998035601e-03 5.454113880793803361e-03
5.502839631923396244e-03 6.189613433044790190e-03
5.512575307484931207e-03 5.762164711833839444e-03
5.609222582433737170e-03 5.609358917090075808e-03
5.637429950659882637e-03 5.899016044663195867e-03
5.649739973174025716e-03 5.654628010013480581e-03
5.732911870363355429e-03 5.841068862138176429e-03
5.783799122835754647e-03 5.953961074977892620e-03
5.817209534293234924e-03 5.820399385857949297e-03
5.826421602671229792e-03 7.101218421444631217e-03
5.933910956649084308e-03 7.067285689192201112e-03
5.940636996172803108e-03 6.131333653260562060e-03
5.943972875399396692e-03 6.681249071371788036e-03
5.972586199493708226e-03 6.446495192920109578e-03
6.008930045528272992e-03 6.858077947806686184e-03
6.024502300073011733e-03 6.155693815537328049e-03
6.025145616528770724e-03 6.583296760826948084e-03
6.028033235495048291e-03 6.808479867419650958e-03
6.031833927754392741e-03 6.034070778801722650e-03
6.104471361836547039e-03 6.124172223870389883e-03
6.120838519867502318e-03 6.198937675323804540e-03
6.166707932685134425e-03 6.379498808399060306e-03
6.189517201097238103e-03 6.242373703899275518e-03
6.245399378585054367e-03 6.465315473375756253e-03
6.259942557159316190e-03 6.750102871826028916e-03
6.262126477363918163e-03 7.666580058925223304e-03
6.268271608534748372e-03 6.755579836448638922e-03
6.276206747756897519e-03 6.388568143617665354e-03
6.300347923984004304e-03 6.366995081035550959e-03
6.303564423061051684e-03 6.311135013507889954e-03
6.313321539004895615e-03 6.555052395267855353e-03
6.337619186473120864e-03 6.421392849550891166e-03
6.341492169715204352e-03 6.431063575514969766e-03
6.363355947808532406e-03 6.894196819079151731e-03
6.386858966931969854e-03 6.481978074763130801e-03
6.397850690809245809e-03 6.467475768860177221e-03
6.464796460903405803e-03 7.193343849797645927e-03
6.486126156997948540e-03 6.487151594532959351e-03
6.488053224611082907e-03 6.906482547877079020e-03
6.520770730494895862e-03 6.994080538633766671e-03
6.529601491067311275e-03 7.685103729239098347e-03
6.549348527799915727e-03 7.404479335915108498e-03
6.556601768767923027e-03 6.557397779221159351e-03
6.564360308366361078e-03 6.783736279618316628e-03
6.576654828296243580e-03 6.626621957849763121e-03
6.582690177411454867e-03 6.608795115982448246e-03
6.609954002061211795e-03 6.674007073874046667e-03
6.629009808794519149e-03 6.631307218105651075e-03
6.633783694154903564e-03 6.637478266283343940e-03
6.643673234233199790e-03 6.716896215262477092e-03
6.669127974916387591e-03 1.019778387667738713e-02
6.688767749641420964e-03 6.937637717058807267e-03
6.705035790660902884e-03 7.312233474320800099e-03
6.711126843923622375e-03 6.745098863443617539e-03
6.723758517648569660e-03 6.900790636132175110e-03
6.771601407298046341e-03 6.910652473194470354e-03
6.774555682882984348e-03 6.801978161022900066e-03
6.779017212075303528e-03 6.821348358920192693e-03
6.783979123686958990e-03 7.014477106793787220e-03
6.813432887746358538e-03 7.272984441509341806e-03
6.814676958967181251e-03 7.066699109303176823e-03
6.843399003449377078e-03 7.462387046265092465e-03
6.884472570388729291e-03 6.889988404699509683e-03
6.891489834996466710e-03 7.317379433838030328e-03
6.909249527648711302e-03 7.020691964163604769e-03
6.925411800449535020e-03 6.940869134593863517e-03
7.005718935535455716e-03 7.007934920629127137e-03
7.009188886406845023e-03 7.121002425770746325e-03
7.014484595531279322e-03 8.115623226911578697e-03
7.016408771677432911e-03 7.019385244577605078e-03
7.017475354180503951e-03 7.050102684146118161e-03
7.033424479039439119e-03 7.159627870487629900e-03
7.093327708688877513e-03 8.329132744097477586e-03
7.126477975624907236e-03 8.593293648995770431e-03
7.152367716630954851e-03 8.479738036788950911e-03
7.156358743930556730e-03 7.427772900755521407e-03
7.174288969190464882e-03 7.265293535017301220e-03
7.175489206503047473e-03 7.300357189768223211e-03
7.199913660369833962e-03 7.229559909078079293e-03
7.268840499641940171e-03 7.297149981930274240e-03
7.279260687760524817e-03 7.673755125605776634e-03
7.297967683412199917e-03 7.802347326056763462e-03
7.316576035449816676e-03 9.600857849549386536e-03
7.372852250191658241e-03 7.613547153877161904e-03
7.429938875135270321e-03 7.510076202398120043e-03
7.438194018940914344e-03 9.514620785871112651e-03
7.441502151644599668e-03 7.474897366875569299e-03
7.443938544011994077e-03 7.542570784118136917e-03
7.456144737842206223e-03 7.952216634283618482e-03
7.477744696943369046e-03 7.913589261366127045e-03
7.479456460989305534e-03 7.513964210182929801e-03
7.480822892958456129e-03 7.494114683103674825e-03
7.543231702226341380e-03 9.129921350574226810e-03
7.543744001210111669e-03 7.922985804016853539e-03
7.557770438576991677e-03 7.751650785667742356e-03
7.568811814799509922e-03 9.756878512515301111e-03
7.608789998244194254e-03 7.609344839104826945e-03
7.639692865977617750e-03 7.648165930141449277e-03
7.691469430443037374e-03 9.019860747095839390e-03
7.702480135818106158e-03 7.903496595762039834e-03
7.712826998456876956e-03 7.753798061914940302e-03
7.733185532410884536e-03 8.004034156652281573e-03
7.769945503064693525e-03 8.427629456308451811e-03
7.781762400273427478e-03 8.141879765886622655e-03
7.827277935501510131e-03 8.360947982650399068e-03
7.845462641085472130e-03 8.753688675560148541e-03
7.847729409974265810e-03 7.869013212811139593e-03
7.849093551701141064e-03 7.921385806544594538e-03
7.863159697915558452e-03 7.881397108174589133e-03
7.867764274014138817e-03 7.877537755507250938e-03
7.869983621717108885e-03 7.902905104350351276e-03
7.899777643004115418e-03 7.923182920240632796e-03
7.925074372233973513e-03 8.206302799597910841e-03
7.980558705212763629e-03 8.933998252470255058e-03
7.987736366540076557e-03 8.008395228502749458e-03
7.996028508021080575e-03 8.166857195388796745e-03
8.003915875138007535e-03 8.123147328688254398e-03
8.008416330342630826e-03 8.140003292036306418e-03
8.028738428178706574e-03 8.056819398717371405e-03
8.036942076838141796e-03 8.148092446093956054e-03
8.079509213250660529e-03 8.086058501827534523e-03
8.098459307425569936e-03 8.392860034800017285e-03
8.130884590826840258e-03 8.570959500278850854e-03
8.138431864545304928e-03 8.138431950228428718e-03
8.163501617377456540e-03 8.881639941849513512e-03
8.174951510746396310e-03 8.396940568389540602e-03
8.176340269312199968e-03 8.228345828064231524e-03
8.201808951559150587e-03 8.287809831511828290e-03
8.229855077167570407e-03 8.380716801917943368e-03
8.237886599473271190e-03 8.547429467437146766e-03
8.297459705606653052e-03 8.479256931352520399e-03
8.333626738965677072e-03 8.374236700985615220e-03
8.348321477182691491e-03 1.093868802657978721e-02
8.351377949349838431e-03 9.741306195911852636e-03
8.360795453647413764e-03 8.590343482178243797e-03
8.367521388160419765e-03 1.008496035539481125e-02
8.388411020858967462e-03 8.388554584970344188e-03
8.420629772019695355e-03 8.428020399778341984e-03
8.457788795658475675e-03 8.464272735940480547e-03
8.480016308287383411e-03 8.556501512426333347e-03
8.514156984773993408e-03 9.521710874517504489e-03
8.546545760198798886e-03 1.125073589379313975e-02
8.567614824022006317e-03 9.532773354926925985e-03
8.578051707414329971e-03 8.994375996034061418e-03
8.611618357404796434e-03 8.670157894794484552e-03
8.644875199633528240e-03 8.866505714377734271e-03
8.651607451801291218e-03 8.665787178451315673e-03
8.686915369338563120e-03 8.880095952475656682e-03
8.690411121543754544e-03 8.764823360441193964e-03
8.717641105820132102e-03 8.765087577412795927e-03
8.718050739263521684e-03 8.887080603391253955e-03
8.736120104683164911e-03 9.028331046234907079e-03
8.757512369108204353e-03 9.631428744084310697e-03
8.766863321168702483e-03 8.770366606882068830e-03
8.771931585248788840e-03 8.854133819136441111e-03
8.789892266607953267e-03 9.055838526243056158e-03
8.793144077779261464e-03 8.898052083090210104e-03
8.805475186847589592e-03 9.574936927792441002e-03
8.833631599762839862e-03 1.248181785260300478e-02
8.841143352599370800e-03 9.954627970129756656e-03
8.860235344087266651e-03 8.877594186679138230e-03
8.867297296795926057e-03 9.508139944926576742e-03
8.877792053040104228e-03 8.964150490111335787e-03
8.895275316869869983e-03 8.921761186751439240e-03
8.940636974998594083e-03 9.018750475095959826e-03
8.945269449222838232e-03 1.139023684459865640e-02
8.946931057956025377e-03 9.070283281804177380e-03
8.948143317280344775e-03 8.972581516293416312e-03
8.957651029882147606e-03 8.992369119198984073e-03
9.039615219132320773e-03 9.263966248759029215e-03
9.082888157025783768e-03 9.479243295981808551e-03
9.098852609030110353e-03 9.731628751543862713e-03
9.110210213709429156e-03 9.255903732175194826e-03
9.167096624395253829e-03 9.578556250007320624e-03
9.179088879868924425e-03 9.431713688555066685e-03
9.189580515100232577e-03 1.080016797546789684e-02
9.252019531174767580e-03 9.947582164537270913e-03
9.254664524694108593e-03 1.057382203817940416e-02
9.276938328717589805e-03 1.531167150870161447e-02
9.293146817293953393e-03 1.437920564281278644e-02
9.313260245959570707e-03 9.649273571637230484e-03
9.323711596749200553e-03 9.469311852858401310e-03
9.332385381687435463e-03 9.716686624785454696e-03
9.378812320789938276e-03 1.204226277315570762e-02
9.381144446692961381e-03 9.557593327436351982e-03
9.384221140866516250e-03 9.522930921447845740e-03
9.390099704094821351e-03 9.390822374495354924e-03
9.417338303290589616e-03 9.494595869650374054e-03
9.424850298369962659e-03 9.438322987052692042e-03
9.428122943516093965e-03 9.428213588771047066e-03
9.437129478212125111e-03 9.843148918937418695e-03
9.441949811755015465e-03 9.796402787287767158e-03
9.445310740570429797e-03 1.204837750108609176e-02
9.504189918659805905e-03 1.037634313102912299e-02
9.505534283035589269e-03 9.634198090058771272e-03
9.539490030253932468e-03 9.554998179164426661e-03
9.542459206721219667e-03 9.912280340892379304e-03
9.606928851316632462e-03 9.840185391763303646e-03
9.648228890857025314e-03 9.780573545784775752e-03
9.663803469649991096e-03 1.000033444946536558e-02
9.666731692381292512e-03 9.688425593855850421e-03
9.687635760940461679e-03 9.811867746872596913e-03
9.718879227129469459e-03 1.069985914376879975e-02
9.744841970182903379e-03 1.446840193601448173e-02
9.762781514539490765e-03 9.889932423272459333e-03
9.768428878595268594e-03 1.042824333753205115e-02
9.774741113831534461e-03 1.090045025871190162e-02
9.799738846970324282e-03 1.032880247315690232e-02
9.806017266655826098e-03 9.806239619983316003e-03
9.808963796119941209e-03 9.817328303284911240e-03
9.845893492380578677e-03 1.057369532746766858e-02
9.859750219073688468e-03 1.032591851929236075e-02
9.863131055312545151e-03 1.004815537818467761e-02
9.866537362202616734e-03 9.867808747189102739e-03
9.902593949159007800e-03 1.275314055892004181e-02
9.912511954328089361e-03 1.004497103553600966e-02
9.912830149953408276e-03 1.018074519377277533e-02
9.913576717358978108e-03 1.696560399483098419e-02
9.920289328888075298e-03 9.946287738515718901e-03
9.956277560034292734e-03 9.966187232659332387e-03
9.960017891510686283e-03 1.213383920051364778e-02
9.986416198157991447e-03 1.017208412954498549e-02
1.001453375521083565e-02 1.032159273788109746e-02
1.003860824155655695e-02 1.005779286520887966e-02
1.003992902430348062e-02 1.005191860672835676e-02
1.005410511812352553e-02 1.112787688553409059e-02
1.007098148943788400e-02 1.012660413069787872e-02
1.010149472721971579e-02 1.013789560336723038e-02
1.011517093585465564e-02 1.084002046570984798e-02
1.011815292014472609e-02 1.012016335139265429e-02
1.018152050175948412e-02 1.270852864905900118e-02
1.018360400844545675e-02 1.019343557029520064e-02
1.024694161318821448e-02 1.443404245238723640e-02
1.027675322066488005e-02 1.032896245718771359e-02
1.027955621571379451e-02 1.040875640204395707e-02
1.028878736978536441e-02 1.163022885390136048e-02
1.029860816249665231e-02 1.077446896375750321e-02
1.031421789124618502e-02 1.035538249007508099e-02
1.031878316020555693e-02 1.031882607239115526e-02
1.032048425905850511e-02 1.074093471239609757e-02
1.032314024535682315e-02 1.046253499486510079e-02
1.032704136213230366e-02 1.225966618851577310e-02
1.037712947320055569e-02 1.040860396678135874e-02
1.040029459873536948e-02 1.050442420298758166e-02
1.040388582617841375e-02 1.040678867165961870e-02
1.043499891586729782e-02 1.224875839734430698e-02
1.045062168914197807e-02 1.104126310226385618e-02
1.046859715518697574e-02 1.088645949181124908e-02
1.046954571949748093e-02 1.123979811030731933e-02
1.047880007985935169e-02 1.528245121571858434e-02
1.050612015782847498e-02 1.124018141302635283e-02
1.050622751432293660e-02 1.093023139617329241e-02
1.050990344867282385e-02 1.140354236882196344e-02
1.051019932350629252e-02 1.051098561759719607e-02
1.051488680161278590e-02 1.054678497297940193e-02
1.052854896570192857e-02 1.052879460078998131e-02
1.053380043840593597e-02 1.089940599797815414e-02
1.054742703189587814e-02 1.155162037036147615e-02
1.055788903317817461e-02 1.059173334546159410e-02
1.059405015965300505e-02 1.059918885099652222e-02
1.063272242821424428e-02 1.076910436589247587e-02
1.063412380263043661e-02 1.078914435896867301e-02
1.065718785426416314e-02 1.272857999231781154e-02
1.067084356325301991e-02 1.369404667266655232e-02
1.072658376435441270e-02 1.073593887324744874e-02
1.073176736176278089e-02 1.144936858314625668e-02
1.074970218909277082e-02 1.246228167677666809e-02
1.075074596414168221e-02 1.130964135587740962e-02
1.075558227311401369e-02 1.169898831076155235e-02
1.080768608090540601e-02 1.083636640978708973e-02
1.084131143130595033e-02 1.210839274772295901e-02
1.085132050415299650e-02 1.107468560125940936e-02
1.085238834391632004e-02 1.087419997270647719e-02
1.088213858640907361e-02 1.127246948045231359e-02
1.089800874940263439e-02 1.102743858621731653e-02
1.091875023828447686e-02 1.116793449371834314e-02
1.097765564070535098e-02 1.123282466052306049e-02
1.100763703485832350e-02 1.108283663853363264e-02
1.104931694576232436e-02 1.176073357047046665e-02
1.105529483216761109e-02 1.105561122043195212e-02
1.109175764409768908e-02 1.114994135773079639e-02
1.111053623033571823e-02 1.291359986521451939e-02
1.114789887566106433e-02 1.114974363565485183e-02
1.116125285270338531e-02 1.421076501106561044e-02
1.117159590888787586e-02 1.287778850542317145e-02
1.119369980212958637e-02 1.119382523525219199e-02
1.119529578529465837e-02 1.146400116745379186e-02
1.120933511624586446e-02 1.139363683475629746e-02
1.122034170532573878e-02 1.204095285784942231e-02
1.122551629483324771e-02 1.516528601703924159e-02
1.125134040452152075e-02 1.182179150540625147e-02
1.125760969677197867e-02 1.223073365498552473e-02
1.125975861230786579e-02 1.188990888666291955e-02
1.126828235827038310e-02 1.133451169261880803e-02
1.129865417456453816e-02 1.323240779180921874e-02
1.130330617158863647e-02 1.293845029936342879e-02
1.131083963390671146e-02 1.227737008617000442e-02
1.131105013277797222e-02 1.139446634294142939e-02
1.136577028798421707e-02 1.148285181588061185e-02
1.137043668942216458e-02 1.161823692917658864e-02
1.137168837335459336e-02 1.158880424918255075e-02
1.137662178859195385e-02 1.139423179753138587e-02
1.139440518917274152e-02 1.161218450876456108e-02
1.140003975310231905e-02 1.141080203516774139e-02
1.141783067241514474e-02 1.162276475895583291e-02
1.145081316982484235e-02 1.162790384651050252e-02
1.146715554526758947e-02 1.175018694482862086e-02
1.149976202605132274e-02 1.150038620118998267e-02
1.149998107115934864e-02 1.150648628105397503e-02
1.150283220739731736e-02 1.243181406126225505e-02
1.152868490217865902e-02 1.250566774335191630e-02
1.153497259174165838e-02 1.177436139715996519e-02
1.154085931881949391e-02 1.221892824966706176e-02
1.155394505052094976e-02 1.192532221737346160e-02
1.157781709945252674e-02 1.193864269986739772e-02
1.160601852585435058e-02 1.171150109670904965e-02
1.165909766641530683e-02 1.297392606429039960e-02
1.167107778471724450e-02 1.616720969410660388e-02
1.167941785550938305e-02 1.167950710861677399e-02
1.168697614827383068e-02 1.464032890095451171e-02
1.170477237840089266e-02 1.181979245687552957e-02
1.173707399008664179e-02 1.191752605787897712e-02
1.174996225741801494e-02 1.205001522719653662e-02
1.176967681582629516e-02 1.208970700600772372e-02
1.177019801860888087e-02 1.225301974126365503e-02
1.177294123875781938e-02 1.511110542576329929e-02
1.178422949886017909e-02 1.240978813370694975e-02
1.181791035546480781e-02 1.623452640364825977e-02
1.182488667269844355e-02 1.190559553301540584e-02
1.182798831855540189e-02 1.190237700080158494e-02
1.186405172804958809e-02 1.919747959307043297e-02
1.190682109899627444e-02 1.216462401374251642e-02
1.191213447655758984e-02 1.211237150218369939e-02
1.191685717193022645e-02 1.196160242120415836e-02
1.192393430470575777e-02 1.219594031792507055e-02
1.192577207152761484e-02 1.298003860551051776e-02
1.196492546368197081e-02 1.209066120654455311e-02
1.196659294854911584e-02 1.250779566826764125e-02
1.197490915234987463e-02 1.198460196492651814e-02
1.198531172961800340e-02 1.407486232878295621e-02
1.199915586687467541e-02 1.202378782804143335e-02
1.200536104133919160e-02 1.201482549619839121e-02
1.202202116714223834e-02 1.214318346739598660e-02
1.204593282070242147e-02 1.285650299157812225e-02
1.206580540525991826e-02 1.271180825587467367e-02
1.206761096805706625e-02 1.219942316439005629e-02
1.207925442584148468e-02 1.246987272893860729e-02
1.209057109916132806e-02 1.346377906063036221e-02
1.214142232752585086e-02 1.266295411231773381e-02
1.216003210661240758e-02 1.222756337476699033e-02
1.216048706456115784e-02 1.251333767768511053e-02
1.217267254050746414e-02 1.233140974522201408e-02
1.218328760675204195e-02 1.222620458366236416e-02
1.218464297984545204e-02 1.314353572669005321e-02
1.218925127563138047e-02 1.390918232281964165e-02
1.219978806111644484e-02 1.237021392072544350e-02
1.220378997771282351e-02 1.265601046682023750e-02
1.220725063624360403e-02 1.279796425034808623e-02
1.223866023225297570e-02 1.494405206154512424e-02
1.225048166228708338e-02 1.225333496831467958e-02
1.226573464974629359e-02 1.254031001644300217e-02
1.226892850233751719e-02 1.229158753031437193e-02
1.227189231866188807e-02 1.230339374301813067e-02
1.227758975345324098e-02 1.357739761565029783e-02
1.228275695344139412e-02 1.293926997587479567e-02
1.234282699848549686e-02 1.250259446279381598e-02
1.235392360329638957e-02 1.763843230119230276e-02
1.235917883100385965e-02 1.252950878190010886e-02
1.236994579351496752e-02 1.238000512035533802e-02
1.238011611141502134e-02 1.274812124382266112e-02
1.242944078252215118e-02 1.285464672429510388e-02
1.244628121964430449e-02 1.248156906872313621e-02
1.245074330629312997e-02 1.799918253803127824e-02
1.246354851396552950e-02 1.263256917115291103e-02
1.247920487946576479e-02 1.457538737011820039e-02
1.250119999513635977e-02 1.264305342644887580e-02
1.250355172033687685e-02 1.253999845153634489e-02
1.250763179745889575e-02 1.313542385597697530e-02
1.252918737782402099e-02 1.253094938621215210e-02
1.253213929307075286e-02 1.332072014824062407e-02
1.254097616544040845e-02 1.308845696157505054e-02
1.254864773443631343e-02 2.121096844128174050e-02
1.254970779090755495e-02 1.338445390627205842e-02
1.255046639311208079e-02 1.397185225614005870e-02
1.255279904103005773e-02 1.294789371780473777e-02
1.256497403400303609e-02 1.504177480945098622e-02
1.257547574564468230e-02 1.258378204039191373e-02
1.258835951177981853e-02 1.260264373687635178e-02
1.260001795174202528e-02 1.266419160117529877e-02
1.260421585365200346e-02 1.577294867668870351e-02
1.261622063538720036e-02 1.266467814143333419e-02
1.262243264663946360e-02 1.373951620014635458e-02
1.263844191321292221e-02 1.266174365389898838e-02
1.264729761478175334e-02 1.285238777633020309e-02
1.265409091841734023e-02 1.321192121154333120e-02
1.265437415352884017e-02 1.282262005447705813e-02
1.265992785829004805e-02 1.280777429132371262e-02
1.270462035824595007e-02 1.282264019475442933e-02
1.271419088268586212e-02 2.006977613202291094e-02
1.273305873015885895e-02 1.414075502572207689e-02
1.275111669743171638e-02 1.570611699623855259e-02
1.276046355235240827e-02 1.402076242836127785e-02
1.276429620147474624e-02 1.308921820702465752e-02
1.278671669827052479e-02 1.287760979939828014e-02
1.278846404358569867e-02 1.280340647409389070e-02
1.281720321588447273e-02 1.296760483880077079e-02
1.283007740355851349e-02 1.301041560887851618e-02
1.285773749838401564e-02 1.315411532891023506e-02
1.286983563127734424e-02 1.342037694862761171e-02
1.287958037307323014e-02 1.395489207887415373e-02
1.289215018330019946e-02 1.448937053345737865e-02
1.290610228874647207e-02 1.351450165020793084e-02
1.292543049249982555e-02 1.472724395360525997e-02
1.292646798786229595e-02 1.347354340980750492e-02
1.296845072060672649e-02 1.396942381053294623e-02
1.297254158290981479e-02 1.297516140722680157e-02
1.297859713306213393e-02 1.384860482088400707e-02
1.303698779970563146e-02 1.323192974604332252e-02
1.304920400154004935e-02 1.371995551529856146e-02
1.305264027691529875e-02 1.343159071803628861e-02
1.306784643736377816e-02 1.306814787101683029e-02
1.308021035812929195e-02 1.503213402083158207e-02
1.310674714036843061e-02 1.334635593946268371e-02
1.310843191946839230e-02 1.351916704676141973e-02
1.310887380803299647e-02 1.311478806739267526e-02
1.314283904008270269e-02 1.408770678828053999e-02
1.314365800605067115e-02 1.339853809613187827e-02
1.318151894762996032e-02 1.382129054271313828e-02
1.318721014081036466e-02 1.326041861467135152e-02
1.321129368190009958e-02 1.403898155435604790e-02
1.322008391910105621e-02 1.324367340378574537e-02
1.323736285056667690e-02 1.459086676853460496e-02
1.325542497218183853e-02 1.326089270742128977e-02
1.326297296959106330e-02 1.458653596325413387e-02
1.326896666718819368e-02 1.374577820289043378e-02
1.327083447778370714e-02 1.404930489598420380e-02
1.329773570744139863e-02 1.332571349828731364e-02
1.330039913998901611e-02 1.333364462341184165e-02
1.333125588360410847e-02 1.334536829624216429e-02
1.338122102608879475e-02 1.424675692062788920e-02
1.340216729234160187e-02 1.408111818735999915e-02
1.342793127587068799e-02 1.355705159882756271e-02
1.343638345753564792e-02 1.385675189020160736e-02
1.345330559083457792e-02 1.402027253360185570e-02
1.345668829813116869e-02 1.351695187208117738e-02
1.347636712426040877e-02 1.399289814564729471e-02
1.348610372564640857e-02 1.450251352424912661e-02
1.348800559160847484e-02 1.905302099439043148e-02
1.351426096406511262e-02 1.370636327444043484e-02
1.351813750554473233e-02 1.354079061125405825e-02
1.352889108629923461e-02 1.558080217812908216e-02
1.354466493463621010e-02 1.503516701421506695e-02
1.359363176556545316e-02 1.469839427765595036e-02
1.360769209544331754e-02 1.799236071390568001e-02
1.360809206220216228e-02 1.501224833688831820e-02
1.361269139366403855e-02 1.385937096392680229e-02
1.362217485635088161e-02 1.377265147380627580e-02
1.364219543993636444e-02 1.368112976405434084e-02
1.364871441066835278e-02 1.622612727029791244e-02
1.367319375862024317e-02 1.441559503351434388e-02
1.373107992350282303e-02 1.427482398727156036e-02
1.374901538957015723e-02 1.413169115862247284e-02
1.374977909943997725e-02 1.419424173096111956e-02
1.375061099827913982e-02 1.603542518171433354e-02
1.379332353617137609e-02 1.448017649729133570e-02
1.383380083765046488e-02 1.383711505284436830e-02
1.384854563278151846e-02 1.554529508618776590e-02
1.385587150906351581e-02 1.406896515008514495e-02
1.386648459793554146e-02 1.447151670743759312e-02
1.387495848739537553e-02 1.435098955330731466e-02
1.387759622664577405e-02 1.392039537560619579e-02
1.388318645810492427e-02 1.407246755237468241e-02
1.388726576459680187e-02 1.478925645902394448e-02
1.393309879039131977e-02 1.459983782480561189e-02
1.394112182104007697e-02 1.395514420406018113e-02
1.396040724566014954e-02 1.428216982399625398e-02
1.396923549568497049e-02 1.398287128740157391e-02
1.397347891876719178e-02 1.404454643988290070e-02
1.397784688794344310e-02 1.421204832211311539e-02
1.398685124873778884e-02 1.527257323960129996e-02
1.400888806211877079e-02 1.412397477361302875e-02
1.401620125460517445e-02 1.402191868255453153e-02
1.403170781595724191e-02 1.425911978518029817e-02
1.405483329041325689e-02 1.436090850359818434e-02
1.405655383413345616e-02 2.062332955643231616e-02
1.407170021563397024e-02 1.558462033232811163e-02
1.407995726355078421e-02 1.412063744627064209e-02
1.409135052482907678e-02 1.414477881691450847e-02
1.409485801026668685e-02 1.456921825920859045e-02
1.409643570614205373e-02 1.472883295214501634e-02
1.410155842861115019e-02 1.455441144553668888e-02
1.411065289908606211e-02 1.411418810635041085e-02
1.411663328943153772e-02 1.456434687517825510e-02
1.413749766567911660e-02 1.430864726993920019e-02
1.414483105582351602e-02 1.420411944279541781e-02
1.419140209911696170e-02 1.428065322960582473e-02
1.421209322693644216e-02 1.425767630876267379e-02
1.421490583247734737e-02 1.421629496042066398e-02
1.425867320320774005e-02 1.432249308711690608e-02
1.427231400035640883e-02 1.454228764784187312e-02
1.429764017400367120e-02 1.642120716775624656e-02
1.429905524168732268e-02 1.431329221496024061e-02
1.432982936730966238e-02 1.432987567973966099e-02
1.434444303019812711e-02 1.458779852660592458e-02
1.434459861739161707e-02 1.462873303916820134e-02
1.437651708371234099e-02 1.719265602729580164e-02
1.437828110638145022e-02 1.446906290703839186e-02
1.438662429865382453e-02 1.453393164027198814e-02
1.439137680403145339e-02 1.676176336528140132e-02
1.441764364217888207e-02 1.442018425905223535e-02
1.441966111347160046e-02 1.449462070806110080e-02
1.442108634682006188e-02 1.449126636929230771e-02
1.443012089265104450e-02 1.483304636588101376e-02
1.444022930768139486e-02 1.531835675904544974e-02
1.444341687373205257e-02 1.545008658394860998e-02
1.444366379203673549e-02 1.448129161108688105e-02
1.449811633964637192e-02 1.454685494273713110e-02
1.450774437228075087e-02 1.465714257369168071e-02
1.452838149299458259e-02 1.693567452410765783e-02
1.453235390630560654e-02 1.867669103391071325e-02
1.459414080327221981e-02 1.606422465034649735e-02
1.460474723905751115e-02 1.608294752205354991e-02
1.463237191718456086e-02 1.481681065543600032e-02
1.464214695796549337e-02 1.515902060465670713e-02
1.465485763755055952e-02 1.469628070953396363e-02
1.466759303206651398e-02 1.711363184598551843e-02
1.467886757772522699e-02 1.638082776254667916e-02
1.468278915416884600e-02 1.572746253852497222e-02
1.470189849864945650e-02 1.482142834560154498e-02
1.470597689374623408e-02 1.473500730919365814e-02
1.470884363331878032e-02 1.502316105655797894e-02
1.471831226925570703e-02 1.494709908803790177e-02
1.472668699284618646e-02 1.474885794469567302e-02
1.475241147794210429e-02 1.484748580495142377e-02
1.479067637615612621e-02 1.480037285646353812e-02
1.479149839626747037e-02 1.492212355874004449e-02
1.479283400912713604e-02 1.915675300825582170e-02
1.479304725142225815e-02 1.576028477477851852e-02
1.480867513136730450e-02 1.504581036987278839e-02
1.482171515195425393e-02 1.486535463142725152e-02
1.484705131316542415e-02 1.489861541535319328e-02
1.485504624255831047e-02 1.502529796988618521e-02
1.486517965236367617e-02 1.534909004603462329e-02
1.487786652981387507e-02 1.487866189281798930e-02
1.488954773485545030e-02 1.575459576884577495e-02
1.490209442788818610e-02 1.490224064714644296e-02
1.492163601257277469e-02 1.882811410344549172e-02
1.492882543615671638e-02 1.505092801051583981e-02
1.494910949816684667e-02 1.516552229952266954e-02
1.495363294111336401e-02 1.495363314389269380e-02
1.495780383819996992e-02 1.496974536053290693e-02
1.497404193285501416e-02 1.626960146843490704e-02
1.498202896492836951e-02 1.545719978338813694e-02
1.499582791709144769e-02 1.505081438290067214e-02
1.500615539304057597e-02 1.501285299915384834e-02
1.503263426477999785e-02 1.507391294925928237e-02
1.503707858361745704e-02 1.506122353028805511e-02
1.504947465636160761e-02 1.522219229044003384e-02
1.507516359990891501e-02 1.512994068369766069e-02
1.508138285168214750e-02 1.527809035842066232e-02
1.508689773232752690e-02 1.509181961883615010e-02
1.510411978087987037e-02 1.668312668708765364e-02
1.511739089899167936e-02 1.512202468216540530e-02
1.514419885067323605e-02 1.520750739088891877e-02
1.515036222256340055e-02 1.595391645651925497e-02
1.516108853435928737e-02 1.724397853865662633e-02
1.517411039363200480e-02 1.517824757422634417e-02
1.518499375767880938e-02 1.518899592801786942e-02
1.521552661260499976e-02 1.526991906902593066e-02
1.522421593164903671e-02 1.617881136129104697e-02
1.522618826719415210e-02 1.631431626783250502e-02
1.523356813887338269e-02 1.946328071089427347e-02
1.523487384707286271e-02 1.648629198252673719e-02
1.528567162840194574e-02 1.528917173070756634e-02
1.529856433447399598e-02 1.536298688210743085e-02
1.530620729711811706e-02 2.336033497919431587e-02
1.531369905368178998e-02 1.909182853034396485e-02
1.531748969163687635e-02 1.661223840582670003e-02
1.531908150487512089e-02 1.555467312768044064e-02
1.534029932620736836e-02 1.538697720104423988e-02
1.534709015581291712e-02 2.487907849700281629e-02
1.536359773358873457e-02 1.589351222239436881e-02
1.538207701863755252e-02 1.542526488892697126e-02
1.538447267134499669e-02 1.587891599133384526e-02
1.539375943327226867e-02 1.569114270244447579e-02
1.540538525746133064e-02 1.580788794705345265e-02
1.542226723114304560e-02 1.566724951002386110e-02
1.542342365180786844e-02 1.545320278488694112e-02
1.543420079591444755e-02 1.616709749004151958e-02
1.543674464046732898e-02 1.581957658204642680e-02
1.547280231753771912e-02 1.722390187341810847e-02
1.548149751022153200e-02 2.160228270519972890e-02
1.551047824804381754e-02 1.568468399539233935e-02
1.551133339094988919e-02 1.580250356076682780e-02
1.552156538197490415e-02 1.749640873537391256e-02
1.559681693977135741e-02 1.643679623922634017e-02
1.560085938446061776e-02 1.851223700586729359e-02
1.562025785830317703e-02 1.568769691415993275e-02
1.563040711486643128e-02 1.575203599518537959e-02
1.567927312668351489e-02 1.568672889280024393e-02
1.568645913713953913e-02 1.810512375051746836e-02
1.570563058922037555e-02 1.614739922188144008e-02
1.573745082919869934e-02 2.069722706216793953e-02
1.574627902813471522e-02 1.665427211744853822e-02
1.577339452469573786e-02 1.578597767693100395e-02
1.579653494464090466e-02 1.919188324823046035e-02
1.581942556783851039e-02 1.625034836844889072e-02
1.583031750665896131e-02 1.617360225660484374e-02
1.583231070645665234e-02 1.596842873835596296e-02
1.585056894870357988e-02 1.921537716387659508e-02
1.585292629096791972e-02 1.593082924189474087e-02
1.589811650920115726e-02 1.986370376945200203e-02
1.590367361391056486e-02 2.246458880564276839e-02
1.590481533298061106e-02 1.726352243348120916e-02
1.590859260333637309e-02 1.655390101195823582e-02
1.591293601897797103e-02 1.595737990603686776e-02
1.592511136062301283e-02 1.605383071925748847e-02
1.594678858284892531e-02 1.598743430942393615e-02
1.595323525413470250e-02 1.604051168751452830e-02
1.595509106178289935e-02 1.674877233713413863e-02
1.596875374833120823e-02 1.613201946275337820e-02
1.597993472397007952e-02 1.632456135147916654e-02
1.599425469791390317e-02 1.662563096853224981e-02
1.600130066387775093e-02 1.715103529885142822e-02
1.601323568124628921e-02 1.611193956628148571e-02
1.606261213752980047e-02 1.631987862279909995e-02
1.608164300446586828e-02 1.667228012631492493e-02
1.610689650427006223e-02 1.740181237846770076e-02
1.610746357946721968e-02 1.652116856908414366e-02
1.610905344086979371e-02 1.633460264269722545e-02
1.612974141827759264e-02 1.621426907154828456e-02
1.615156140596433684e-02 1.648782038708621056e-02
1.615322869163746122e-02 1.618944545555140238e-02
1.615659576166968148e-02 1.625870063172307062e-02
1.616521164662184859e-02 1.811143220389297218e-02
1.620185035465492723e-02 1.689941595010364603e-02
1.623886686958766340e-02 1.639263545194971292e-02
1.623952439639108486e-02 1.714082948411666668e-02
1.625214032498175851e-02 1.636767999475837593e-02
1.627583811061789065e-02 2.314223279177584150e-02
1.628982729432603554e-02 2.157250851393080482e-02
1.629848348471156505e-02 1.700843029460603548e-02
1.633433993806874401e-02 1.702686169353660045e-02
1.635716050370807431e-02 1.647294415944430823e-02
1.636658802103369004e-02 1.666495283808206232e-02
1.637874960007438055e-02 1.639409485484647974e-02
1.640034245492079032e-02 1.640561869290974029e-02
1.643569843066841271e-02 1.644395537566759741e-02
1.647549160820501249e-02 1.653085336982869358e-02
1.652417098702282927e-02 2.115507137388876815e-02
1.652695184386010832e-02 1.657489612810077520e-02
1.654381283041653217e-02 1.741382190008087388e-02
1.657246285908916400e-02 1.657425802633460260e-02
1.660979479449741641e-02 1.771121064926107005e-02
1.661800869224150032e-02 1.769298146713100747e-02
1.662878821438160126e-02 1.669096521437656022e-02
1.665729986393598219e-02 1.696221799207305383e-02
1.671289155845346111e-02 2.165125936018749350e-02
1.673552992100474715e-02 1.821643349608612072e-02
1.674895979621490380e-02 1.743184731772899621e-02
1.680201641868309462e-02 2.143984681962509201e-02
1.682510464222984614e-02 1.746086277657606795e-02
1.685263202426212983e-02 1.735107333225002768e-02
1.688459025787426848e-02 1.744711231042211583e-02
1.690460370312378904e-02 1.867858274194636112e-02
1.690549467388388280e-02 1.690552667688973928e-02
1.690814788456877077e-02 1.828828700256744655e-02
1.693029979276306982e-02 1.935138296883940484e-02
1.694892671057342259e-02 1.909362451967732202e-02
1.698058860420273777e-02 1.795173860576233099e-02
1.700690962841961903e-02 2.370743468468316031e-02
1.700745750671938186e-02 1.736517812630223104e-02
1.701218999730699094e-02 1.706547930562011747e-02
1.703232737038850447e-02 1.998706905840942627e-02
1.703700478566521834e-02 1.707860494340647170e-02
1.704385501354524490e-02 1.705918508914232301e-02
1.705612090583234070e-02 1.829103958366668642e-02
1.706559273822903788e-02 1.854346695528235126e-02
1.709708973881633384e-02 1.731799270959119216e-02
1.711386669004421809e-02 1.768289773316580882e-02
1.711401161320837486e-02 1.849429858425053613e-02
1.713912051261447592e-02 1.724250423112458006e-02
1.716448727122905568e-02 1.794795196112034322e-02
1.719361127988602508e-02 1.801038414689015710e-02
1.719581691060507317e-02 1.867266627133192317e-02
1.720061498885880336e-02 1.969085827070355191e-02
1.721792801977940074e-02 1.951789895441501457e-02
1.724066065000973841e-02 1.730853381441501554e-02
1.728179279337769408e-02 1.826536912456119127e-02
1.728516306071686826e-02 1.962960503373002014e-02
1.730017530394262204e-02 1.735357917822650045e-02
1.731292562101362925e-02 1.754932941392807130e-02
1.732042783625583476e-02 2.185983792295374123e-02
1.732417528229439688e-02 1.858971112874827775e-02
1.732703319065393918e-02 1.733430109182365966e-02
1.733288577494330671e-02 1.733802481013186486e-02
1.734175545191259105e-02 1.734180663091090119e-02
1.737037218665814231e-02 2.151001786519066844e-02
1.737886131714184643e-02 1.909589726901078990e-02
1.747243044709887588e-02 1.748333645630479813e-02
1.747473651516064444e-02 1.768251017363737382e-02
1.748764611257109039e-02 1.781791493825917241e-02
1.751370559059679810e-02 1.828950492211562501e-02
1.751717301889544470e-02 1.836109131542132400e-02
1.751748735311624977e-02 1.914561555314345589e-02
1.752121857064043581e-02 1.756628854419584052e-02
1.752245686107290618e-02 1.871819012279354877e-02
1.752951558368059590e-02 2.015233457643497358e-02
1.756533303648418962e-02 1.819570057522562970e-02
1.757957589446240698e-02 1.781172417254300172e-02
1.760506366405519690e-02 1.760506656916660875e-02
1.762044477464015310e-02 1.801178381953327107e-02
1.767201534428167187e-02 1.807400613675548551e-02
1.767456198896907513e-02 1.781935225660700312e-02
1.767498255354742892e-02 1.773168085433095634e-02
1.768073972854316417e-02 1.770506457280857093e-02
1.772162949373235277e-02 1.863694295401796194e-02
1.774434261856479289e-02 1.820582430303625127e-02
1.775349541039970142e-02 1.777390392050691437e-02
1.779344723559064811e-02 1.786649680858477460e-02
1.779954812409209955e-02 1.790461294239288279e-02
1.779977001148149579e-02 1.837625056185214142e-02
1.780149486484044682e-02 1.785370684362844185e-02
1.789477728823570327e-02 1.804724785033778520e-02
1.789501970928661020e-02 1.843711184252537494e-02
1.790106206006613840e-02 1.794652053831774161e-02
1.790244849353975209e-02 1.790862063625626652e-02
1.793843320079773276e-02 1.795183564500560033e-02
1.795157246170788617e-02 1.809679247607833344e-02
1.796614300467047967e-02 1.818586914221780731e-02
1.799140408862158827e-02 1.887381669705920709e-02
1.800038333576287064e-02 1.831316245198925940e-02
1.800178145944749883e-02 1.879464449292814893e-02
1.800303346785425695e-02 1.818264622816738452e-02
1.800542766328545180e-02 1.947292602822324817e-02
1.802706908668452387e-02 1.881637590685923331e-02
1.806014851616467853e-02 2.090557273299661206e-02
1.811059163813796835e-02 1.832964328160100950e-02
1.811320075051246412e-02 1.857986253228830278e-02
1.814071551775336272e-02 1.883533778713554138e-02
1.819062025454507014e-02 1.819076860093966561e-02
1.819074824838457990e-02 1.873654247705709361e-02
1.821483777127173159e-02 1.821548197677010442e-02
1.823555906175210531e-02 1.955958727728652341e-02
1.823684462298008971e-02 1.823702886180028279e-02
1.824100273205124176e-02 1.847695363396646001e-02
1.831225655904617985e-02 1.837326469629152123e-02
1.831485236949289414e-02 1.834472082896724393e-02
1.832115259611780816e-02 1.914120336165660644e-02
1.833281266323064790e-02 2.141835351794671785e-02
1.837539387359889836e-02 1.844287670748036637e-02
1.837914341947034097e-02 1.877368892476969850e-02
1.841108039691159368e-02 1.852695506375998807e-02
1.846116453648691258e-02 1.943834280457495955e-02
1.862009887488495427e-02 2.035895547900313726e-02
1.864678939431141033e-02 2.097475138463666955e-02
1.868454182359839677e-02 2.142691492745774084e-02
1.871372489767009553e-02 1.874207874344794092e-02
1.874528329548625152e-02 1.893754649747739216e-02
1.875614077004023050e-02 1.963629349038881894e-02
1.877180805959891355e-02 1.878064185904327124e-02
1.878373128978006595e-02 1.880816623937764387e-02
1.878628545115019338e-02 1.879527734790181759e-02
1.880504478182554867e-02 1.950174174504161820e-02
1.881806453263874107e-02 2.065495525393094486e-02
1.883589292582283845e-02 1.889416401754365898e-02
1.886744667127383812e-02 1.919531363529338938e-02
1.889677411274608143e-02 1.892624350945587910e-02
1.898651088682435165e-02 1.911475374971233557e-02
1.900779570763547546e-02 1.901143946413914529e-02
1.902164167837845990e-02 1.910983462546710088e-02
1.903501623361236739e-02 2.068763769345074999e-02
1.905251988054678172e-02 1.906135108172131096e-02
1.905847808419384656e-02 1.911987060511338016e-02
1.907996226361877157e-02 1.914269175802282841e-02
1.910856070874644708e-02 1.911569937423567705e-02
1.918151066922867479e-02 1.942731109413632640e-02
1.921368251168428798e-02 2.052960417036942334e-02
1.924891394147890122e-02 1.927767250972500096e-02
1.926369834020284430e-02 1.929090059914039673e-02
1.927477234624511843e-02 1.942895633901557326e-02
1.929205603990586521e-02 1.980814663497060951e-02
1.929354233057517867e-02 2.024433444459110970e-02
1.929671116544769485e-02 2.076533931139731837e-02
1.932112897307860025e-02 1.934656832921325537e-02
1.934302644331535245e-02 1.964347745719614499e-02
1.945140713864749668e-02 1.961463588652373816e-02
1.950753036310183194e-02 2.081288971662863252e-02
1.952992969357113945e-02 1.978976041118570700e-02
1.955306425325850292e-02 1.955421123266175287e-02
1.955619001390144357e-02 1.977578240293010464e-02
1.955807278658643414e-02 2.039769298463951774e-02
1.958431102628765616e-02 2.165811987785588172e-02
1.961132394791566258e-02 2.325806299620215498e-02
1.961987813832905339e-02 2.046747953214582416e-02
1.966026421769311375e-02 1.976537572242585347e-02
1.968611284454405488e-02 1.998763321844656410e-02
1.969026362153343535e-02 2.279860186590253884e-02
1.974320841221758813e-02 2.051111198402081476e-02
1.980236082496401179e-02 2.077744945199350157e-02
1.982241499898331968e-02 1.984529157280586278e-02
1.986408991470592356e-02 1.986430499591522111e-02
1.987503390651930435e-02 2.043301700794149592e-02
1.988712194307886913e-02 2.019194289903513545e-02
1.994017422462220773e-02 2.095001065078515648e-02
1.996814433869887120e-02 2.096072710569412897e-02
1.997336433533824715e-02 1.999409552320746339e-02
1.998573803052468636e-02 2.000726536038523531e-02
2.000362798910787845e-02 2.006936737360609860e-02
2.001080333672957887e-02 2.027036102118937727e-02
2.014721929232021758e-02 2.034932941267505319e-02
2.017003680375847874e-02 2.120566153448137300e-02
2.018357272978204761e-02 2.018732462314194037e-02
2.020888689479525754e-02 2.152816330989421392e-02
2.021281375302620004e-02 2.021455061034490089e-02
2.022509855666867334e-02 2.023312516152777490e-02
2.023062889504980907e-02 2.047051739977818682e-02
2.027615677426103033e-02 2.027650254164441862e-02
2.042370722774559597e-02 2.334436249126767282e-02
2.051074736698400500e-02 2.282706410030478986e-02
2.056133067910984741e-02 2.656108585152635107e-02
2.056249381530145248e-02 2.124115838424210645e-02
2.057487895985121718e-02 2.083883605041440129e-02
2.058278469860600271e-02 2.058316892505702989e-02
2.061125625334356282e-02 2.073885269689947075e-02
2.066827129017899042e-02 2.210450365001233666e-02
2.073787382365380530e-02 2.074679933799528780e-02
2.079004852914741186e-02 2.342224394294298642e-02
2.079245361197043507e-02 2.737196147873445853e-02
2.081300705565948192e-02 2.084065813035927001e-02
2.086654367302441526e-02 2.118141689629621585e-02
2.087250836915971464e-02 2.087327515089078961e-02
2.089664286987354819e-02 2.127311927968113248e-02
2.090546983525751190e-02 2.118492098235138718e-02
2.091359478830075516e-02 2.091962645067530630e-02
2.096135950557085487e-02 2.260386771216711665e-02
2.101855864750358863e-02 2.342898700577154825e-02
2.105938453408809710e-02 2.108813984563464444e-02
2.106034842215328412e-02 2.213544605105385518e-02
2.112873715185350360e-02 2.117477685564528311e-02
2.113760517332132979e-02 2.312452777967530584e-02
2.115888775342816483e-02 2.116009762484619139e-02
2.116068757900672892e-02 2.137107457176029915e-02
2.117142027058269149e-02 2.180558920116443256e-02
2.117253211406260049e-02 2.135683786103256473e-02
2.120017520093945770e-02 2.136769785732389737e-02
2.123502524304090797e-02 2.409300038389688634e-02
2.124362991775220755e-02 2.376169568445634511e-02
2.128587180113631835e-02 2.163204101609336044e-02
2.132289417992911870e-02 2.133820183981608928e-02
2.141724192788143841e-02 2.234145831535001847e-02
2.141778464271552884e-02 2.141783720998145443e-02
2.142756433083461629e-02 2.143593505864919979e-02
2.145196424741466212e-02 2.146592571610729180e-02
2.145496599180301764e-02 2.150068658640744146e-02
2.145738026893575373e-02 2.193416174289995399e-02
2.149858110206648298e-02 2.210534468126080024e-02
2.153123851153873614e-02 2.155694562629200534e-02
2.154116568075974125e-02 2.201316708654175655e-02
2.161590016841228451e-02 2.175712245828643338e-02
2.162439643390158886e-02 2.163569338509716000e-02
2.163456518827105296e-02 2.193423166578067907e-02
2.170724084226649184e-02 2.177365242765262957e-02
2.176291600952034652e-02 2.225197245800135393e-02
2.179914038526184830e-02 2.220747324888910218e-02
2.182393955042502207e-02 2.182584096223725081e-02
2.190957639464472667e-02 2.192164594549569565e-02
2.196676629108711837e-02 2.213280161106446001e-02
2.198214077970045768e-02 2.290721065792269973e-02
2.200168710546222123e-02 2.200186792386392420e-02
2.202040672305083033e-02 2.218766558303483100e-02
2.203479594863490959e-02 2.214736330782295093e-02
2.205426766325111268e-02 2.207673889729524011e-02
2.212663108683242050e-02 2.251899743638477794e-02
2.213733837757899878e-02 2.213761689176232603e-02
2.214824802414719351e-02 2.233565066374805161e-02
2.218386662179028940e-02 2.616897296629351957e-02
2.218860426584491619e-02 2.218879975476454464e-02
2.220217480715116695e-02 2.220450987268349913e-02
2.220737295171421391e-02 2.426756263706437988e-02
2.220767541677144338e-02 2.222392958017960565e-02
2.223363205691521877e-02 2.229834295258729601e-02
2.223448470198333485e-02 2.574725373501683678e-02
2.235388394886682339e-02 2.280136136290042415e-02
2.268593015456298739e-02 2.457486958163221033e-02
2.273306923243747710e-02 2.306272949529511451e-02
2.274286983303751633e-02 2.283143895632934461e-02
2.274608861154136380e-02 2.277003684576295317e-02
2.283908690476637096e-02 2.527784509370349653e-02
2.286361067754996701e-02 2.488436015871047305e-02
2.293347463215446302e-02 2.296018829968973426e-02
2.313708115030425547e-02 2.315725403246175068e-02
2.322665257886712825e-02 2.328918944389594264e-02
2.325271466770971115e-02 2.352516687008978161e-02
2.330146594531058019e-02 2.330369058519224379e-02
2.333256444493020734e-02 2.333683161182441290e-02
2.339825443071668135e-02 2.340000334790805561e-02
2.340665873311318160e-02 2.341586625082396275e-02
2.367162979931628289e-02 2.368339197811063571e-02
2.371409837691269146e-02 2.387572071821177436e-02
2.371993251559532598e-02 2.372529178234383113e-02
2.376641247433134221e-02 2.551622449149108796e-02
2.377700666181328457e-02 2.927609310941071269e-02
2.390005941878197565e-02 2.406227066419447391e-02
2.393362794918732148e-02 2.424162205022546354e-02
2.398976141361147674e-02 2.408244690660270998e-02
2.412154480365583803e-02 2.441290323489817005e-02
2.466690907009586389e-02 2.514694305933838983e-02
2.470023738817536674e-02 2.486880274276598649e-02
2.473784588354588712e-02 2.478484530375052106e-02
2.479697604691771806e-02 2.526975568847466408e-02
2.480454840014729295e-02 2.678963619651372752e-02
2.480576850334271707e-02 2.481057477605814673e-02
2.485204715211701207e-02 2.523949559392911143e-02
2.486518519732054677e-02 2.497624504150443292e-02
2.509017669388277638e-02 2.515840596883704011e-02
2.516175052493480752e-02 2.581481129185224030e-02
2.517572664647408504e-02 2.531445665727843214e-02
2.519760907739936051e-02 2.568420044049558870e-02
2.542270789585917082e-02 2.542430996248599279e-02
2.544921978469712881e-02 2.546424351644810749e-02
2.557592962306802845e-02 2.561646190226884653e-02
2.559565417769490286e-02 2.669979039099506374e-02
2.565038455281589552e-02 2.568973365822978250e-02
2.565501744383220928e-02 2.565850593153347001e-02
2.568372647947232343e-02 2.579643918500331215e-02
2.573147839067666670e-02 2.576475389137148492e-02
2.573839191926254738e-02 2.651532779674774243e-02
2.576515775632740382e-02 2.813697896757213004e-02
2.623263712534112946e-02 2.626113402718864565e-02
2.625029156808382155e-02 2.673687197144748728e-02
2.625832487562619610e-02 2.629105170039273270e-02
2.637980479500493664e-02 2.646283870844799366e-02
2.638434014020151278e-02 2.639214626160282795e-02
2.651530359721368177e-02 2.651862755545669748e-02
2.661611090448860045e-02 2.662157567148376244e-02
2.669690251439579484e-02 2.671130364222341208e-02
2.685102296134842664e-02 2.713006771144692644e-02
2.691927413285348167e-02 2.768777631532685218e-02
2.693602937702641378e-02 2.869880089055556679e-02
2.712938651831365081e-02 2.714726011610332779e-02
2.729646547738287174e-02 2.743111613758029976e-02
2.743404006345664253e-02 2.989934352068133322e-02
2.757384127309893407e-02 2.806475530756167083e-02
2.758989984915291571e-02 2.762330166059234413e-02
2.766859635165328651e-02 2.774971622712861172e-02
2.771102216063077092e-02 2.771226698596064575e-02
2.777828478779226923e-02 2.803708831953866804e-02
2.809042509408569629e-02 2.809921478168118242e-02
2.811270214950399582e-02 2.824576087011499217e-02
2.821577868913714010e-02 2.861933554551229775e-02
2.846743235663540608e-02 2.917000519169213671e-02
2.849021575776761531e-02 2.849021603534529837e-02
2.857611421208886004e-02 2.912640076312845300e-02
2.858423960309211878e-02 2.863822855061054495e-02
2.863703122714114993e-02 3.017811042494570467e-02
2.866233846313307604e-02 2.962654827712444747e-02
2.869805209920034406e-02 3.025927294393281411e-02
2.878879982292555442e-02 2.943846482427165540e-02
2.881107562391903298e-02 2.908601935971904390e-02
2.900288974942809989e-02 2.921258662908536932e-02
2.902722846241689858e-02 2.910104862359620334e-02
2.986583149218267549e-02 3.060922037526350725e-02
2.995867295553450785e-02 2.996370863662257619e-02
3.017554399306329738e-02 3.189705373669317334e-02
3.070896420697671880e-02 3.215924562455233643e-02
3.083741774038347913e-02 3.084722557884498478e-02
3.085468399294393621e-02 3.105033800919307363e-02
3.090516927064716063e-02 3.162618445575504644e-02
3.115269287780907462e-02 3.141584288582914553e-02
3.121803543078259177e-02 3.391695561926468677e-02
3.123185049322659695e-02 3.293753962303738042e-02
3.139468729067981106e-02 3.414086113900366426e-02
3.185076434910445731e-02 3.215048961496307783e-02
3.210260751493370507e-02 3.585513767718974398e-02
3.216107542230106642e-02 3.224923566195576213e-02
3.235041017155375342e-02 3.446079806409949042e-02
3.289499104590438289e-02 3.491554704574561380e-02
3.297266294630952360e-02 3.486965921139439928e-02
3.306051448023684253e-02 3.325846048194471688e-02
3.331940189564500110e-02 3.809134560055259938e-02
3.361388861453019905e-02 3.421317950488176468e-02
3.380662840764496468e-02 3.381166460231094933e-02
3.421021788991319978e-02 3.422559362646257486e-02
3.541359950902542297e-02 3.541635247053073754e-02
3.700100143679951187e-02 4.096689466071857383e-02
3.760749720705111598e-02 3.801164727718687325e-02
3.796982745107644469e-02 3.806407075573050441e-02
3.878134715250555059e-02 3.878156394727262646e-02
3.886416828981317101e-02 4.095522803151777080e-02
3.914809658898538158e-02 4.013453654979427798e-02
3.977630041253923249e-02 3.994020205606872015e-02
4.034315834358500469e-02 4.084891797003634833e-02
4.199051368609857393e-02 4.242366243299929007e-02
4.270775866425473299e-02 4.301180834638756306e-02
4.459099623188892553e-02 4.461289817253002304e-02
4.586979960436205483e-01 4.587184379874757467e-01
