1.815837770700454712e-01 1.837841868400573730e-01
1.745751351118087769e-01 1.835214793682098389e-01
1.676940768957138062e-01 1.680004000663757324e-01
1.673775613307952881e-01 1.730543076992034912e-01
1.670676171779632568e-01 1.670695394277572632e-01
1.648283749818801880e-01 1.713755130767822266e-01
1.642082780599594116e-01 1.673766523599624634e-01
1.640032529830932617e-01 1.690068989992141724e-01
1.587470322847366333e-01 1.717944294214248657e-01
1.573544442653656006e-01 1.681492179632186890e-01
1.564376950263977051e-01 1.661832779645919800e-01
1.556289494037628174e-01 1.610849797725677490e-01
1.536608636379241943e-01 1.849600970745086670e-01
1.523508429527282715e-01 1.738968491554260254e-01
1.510538458824157715e-01 1.712752282619476318e-01
1.499489247798919678e-01 1.515885293483734131e-01
1.499001830816268921e-01 1.551212072372436523e-01
1.487195342779159546e-01 1.540547758340835571e-01
1.463868319988250732e-01 1.527095586061477661e-01
1.462909877300262451e-01 1.472728699445724487e-01
1.460541635751724243e-01 1.544032990932464600e-01
1.455315202474594116e-01 1.602285206317901611e-01
1.444139778614044189e-01 1.598986983299255371e-01
1.442123949527740479e-01 1.567478626966476440e-01
1.435786634683609009e-01 1.524012237787246704e-01
1.434929966926574707e-01 1.658686846494674683e-01
1.432511210441589355e-01 1.601139605045318604e-01
1.413791775703430176e-01 1.428604573011398315e-01
1.403264552354812622e-01 1.413455754518508911e-01
1.401642709970474243e-01 1.447638273239135742e-01
1.394775509834289551e-01 1.465859115123748779e-01
1.381099671125411987e-01 1.690219938755035400e-01
1.377291083335876465e-01 1.773512363433837891e-01
1.375008076429367065e-01 1.382423341274261475e-01
1.366751194000244141e-01 1.420880258083343506e-01
1.365369111299514771e-01 1.567265689373016357e-01
1.353983581066131592e-01 1.407838463783264160e-01
1.340553164482116699e-01 1.528976559638977051e-01
1.339894384145736694e-01 1.700368523597717285e-01
1.335626393556594849e-01 1.452937275171279907e-01
1.324041932821273804e-01 1.327812522649765015e-01
1.320660859346389771e-01 1.337388902902603149e-01
1.318963468074798584e-01 1.354677528142929077e-01
1.288713365793228149e-01 1.325792372226715088e-01
1.284915208816528320e-01 1.317562162876129150e-01
1.266487091779708862e-01 1.274651587009429932e-01
1.264537572860717773e-01 1.305276602506637573e-01
1.245814189314842224e-01 1.263919174671173096e-01
1.245466768741607666e-01 1.273508518934249878e-01
1.226886138319969177e-01 1.298090964555740356e-01
1.211658194661140442e-01 1.239244118332862854e-01
1.207926645874977112e-01 1.305320858955383301e-01
1.198144108057022095e-01 1.320280879735946655e-01
1.195948123931884766e-01 1.256905645132064819e-01
1.182718202471733093e-01 1.333518475294113159e-01
1.169769167900085449e-01 1.189787089824676514e-01
1.151162385940551758e-01 1.151397898793220520e-01
1.122898086905479431e-01 1.147550195455551147e-01
1.092085018754005432e-01 1.116553172469139099e-01
1.074277833104133606e-01 1.108685433864593506e-01
9.853067249059677124e-02 1.036689132452011108e-01
9.637400507926940918e-02 9.998226165771484375e-02
