1.886089444160461426e-01 1.902468204498291016e-01
1.708851456642150879e-01 1.790083646774291992e-01
1.660261154174804688e-01 1.710459589958190918e-01
1.599807590246200562e-01 1.773390620946884155e-01
1.564870923757553101e-01 1.649898290634155273e-01
1.564527302980422974e-01 1.597197949886322021e-01
1.555770337581634521e-01 1.616099029779434204e-01
1.508329361677169800e-01 1.561252921819686890e-01
1.501671969890594482e-01 1.535435914993286133e-01
1.470770537853240967e-01 1.502101123332977295e-01
1.463688313961029053e-01 1.585578173398971558e-01
1.447267532348632812e-01 1.459184885025024414e-01
1.414794921875000000e-01 1.620319336652755737e-01
1.413317322731018066e-01 1.619088053703308105e-01
1.411986052989959717e-01 1.417447775602340698e-01
1.408703327178955078e-01 1.701923012733459473e-01
1.387773305177688599e-01 1.404289603233337402e-01
1.385439932346343994e-01 1.455878317356109619e-01
1.385439932346343994e-01 1.557806581258773804e-01
1.373012214899063110e-01 1.449997723102569580e-01
1.371739655733108521e-01 1.588087081909179688e-01
1.371593475341796875e-01 1.378415673971176147e-01
1.356705129146575928e-01 1.445952057838439941e-01
1.341295689344406128e-01 1.346020847558975220e-01
1.340612471103668213e-01 1.352698802947998047e-01
1.336044967174530029e-01 1.461656838655471802e-01
1.291695237159729004e-01 1.320613920688629150e-01
1.278621256351470947e-01 1.430603414773941040e-01
1.270509511232376099e-01 1.539834141731262207e-01
1.267230212688446045e-01 1.381713896989822388e-01
1.266891658306121826e-01 1.454473286867141724e-01
1.261972039937973022e-01 1.268056780099868774e-01
1.251352876424789429e-01 1.252482980489730835e-01
1.228136420249938965e-01 1.309665739536285400e-01
1.227637529373168945e-01 1.276692748069763184e-01
1.218358352780342102e-01 1.291170418262481689e-01
1.212171912193298340e-01 1.461842805147171021e-01
1.187331974506378174e-01 1.279396861791610718e-01
1.137768700718879700e-01 1.195545569062232971e-01
1.110433787107467651e-01 1.113209947943687439e-01
1.094168648123741150e-01 1.153409183025360107e-01
1.087029948830604553e-01 1.223642155528068542e-01
1.085001081228256226e-01 1.175956130027770996e-01
8.998236805200576782e-02 9.436615556478500366e-02
8.901067078113555908e-02 8.956346660852432251e-02
7.627566903829574585e-02 7.795909047126770020e-02
