1.410307735204696655e-01 1.512386202812194824e-01
1.392012834548950195e-01 1.628844887018203735e-01
1.381188780069351196e-01 1.390708088874816895e-01
1.359737366437911987e-01 1.417251378297805786e-01
1.348794549703598022e-01 1.353224664926528931e-01
1.339088231325149536e-01 1.354243159294128418e-01
1.322848200798034668e-01 1.360586881637573242e-01
1.310973763465881348e-01 1.312974244356155396e-01
1.288729757070541382e-01 1.289959400892257690e-01
1.283548623323440552e-01 1.322512477636337280e-01
1.261627376079559326e-01 1.268774867057800293e-01
1.257310658693313599e-01 1.347908675670623779e-01
1.256357729434967041e-01 1.421230584383010864e-01
1.236434131860733032e-01 1.310600042343139648e-01
1.215736940503120422e-01 1.299855709075927734e-01
1.208143681287765503e-01 1.236595362424850464e-01
1.204460412263870239e-01 1.216286867856979370e-01
1.197031885385513306e-01 1.273997575044631958e-01
1.190570220351219177e-01 1.359976083040237427e-01
1.163872405886650085e-01 1.330164968967437744e-01
1.160030663013458252e-01 1.253779530525207520e-01
1.156281456351280212e-01 1.184611618518829346e-01
1.155182570219039917e-01 1.209743097424507141e-01
1.154924556612968445e-01 1.273933053016662598e-01
1.154429614543914795e-01 1.240500137209892273e-01
1.141015812754631042e-01 1.312988102436065674e-01
1.137885451316833496e-01 1.152282431721687317e-01
1.129869297146797180e-01 1.315591931343078613e-01
1.122959852218627930e-01 1.264011114835739136e-01
1.122601628303527832e-01 1.166767403483390808e-01
1.099713370203971863e-01 1.224933788180351257e-01
1.096184179186820984e-01 1.100363433361053467e-01
1.094800606369972229e-01 1.103018596768379211e-01
1.091944649815559387e-01 1.164256483316421509e-01
1.091937050223350525e-01 1.157458275556564331e-01
1.085426285862922668e-01 1.237899139523506165e-01
1.084257066249847412e-01 1.101942211389541626e-01
1.083899438381195068e-01 1.323235183954238892e-01
1.083878129720687866e-01 1.243968680500984192e-01
1.073796451091766357e-01 1.114370599389076233e-01
1.073734089732170105e-01 1.208535134792327881e-01
1.071942821145057678e-01 1.119228750467300415e-01
1.069078370928764343e-01 1.101942211389541626e-01
1.068359464406967163e-01 1.070743203163146973e-01
1.065597683191299438e-01 1.159295961260795593e-01
1.061210706830024719e-01 1.061566993594169617e-01
1.050910726189613342e-01 1.441664397716522217e-01
1.049188151955604553e-01 1.078710332512855530e-01
1.048715114593505859e-01 1.122215464711189270e-01
1.046333387494087219e-01 1.170547977089881897e-01
1.044988036155700684e-01 1.064586862921714783e-01
1.042683050036430359e-01 1.073611751198768616e-01
1.041913926601409912e-01 1.384070068597793579e-01
1.040514409542083740e-01 1.050746887922286987e-01
1.040494963526725769e-01 1.088024750351905823e-01
1.037712991237640381e-01 1.193503141403198242e-01
1.031104996800422668e-01 1.253295242786407471e-01
1.026269346475601196e-01 1.052568554878234863e-01
1.025195717811584473e-01 1.148060858249664307e-01
1.024778708815574646e-01 1.126415356993675232e-01
1.020772233605384827e-01 1.187767460942268372e-01
1.019343361258506775e-01 1.088925451040267944e-01
1.018865406513214111e-01 1.111556813120841980e-01
1.017856672406196594e-01 1.181156337261199951e-01
1.017242744565010071e-01 1.192352995276451111e-01
1.016942635178565979e-01 1.383246034383773804e-01
1.012508124113082886e-01 1.337259262800216675e-01
1.008700877428054810e-01 1.099831238389015198e-01
1.008443459868431091e-01 1.049693897366523743e-01
1.008083745837211609e-01 1.133333817124366760e-01
1.007422357797622681e-01 1.027943938970565796e-01
1.002771928906440735e-01 1.203467920422554016e-01
1.002205908298492432e-01 1.004196777939796448e-01
1.001509055495262146e-01 1.202793195843696594e-01
9.989164024591445923e-02 1.126415356993675232e-01
9.952621906995773315e-02 1.042160019278526306e-01
9.948991984128952026e-02 1.319826692342758179e-01
9.915181249380111694e-02 1.239268332719802856e-01
9.900888055562973022e-02 1.077419295907020569e-01
9.832809120416641235e-02 1.359976083040237427e-01
9.810615330934524536e-02 1.081156805157661438e-01
9.808031469583511353e-02 1.062437072396278381e-01
9.798699617385864258e-02 1.167328134179115295e-01
9.779465943574905396e-02 1.247099190950393677e-01
9.776499867439270020e-02 1.473747491836547852e-01
9.767507761716842651e-02 1.077783778309822083e-01
9.662067145109176636e-02 9.947782009840011597e-02
9.621460735797882080e-02 1.028061434626579285e-01
9.620339423418045044e-02 1.110882982611656189e-01
9.582655131816864014e-02 1.291294246912002563e-01
9.573420137166976929e-02 9.973089396953582764e-02
9.556245803833007812e-02 1.207737252116203308e-01
9.555733203887939453e-02 1.230995953083038330e-01
9.512691199779510498e-02 1.323550939559936523e-01
9.509739279747009277e-02 1.024334803223609924e-01
9.501066058874130249e-02 1.000230535864830017e-01
9.495073556900024414e-02 9.925689548254013062e-02
9.491696953773498535e-02 1.208535134792327881e-01
9.466654062271118164e-02 1.043766140937805176e-01
9.438639879226684570e-02 1.386386156082153320e-01
9.436864405870437622e-02 9.875668585300445557e-02
9.424978494644165039e-02 1.492715775966644287e-01
9.422305226325988770e-02 9.797891229391098022e-02
9.412447363138198853e-02 1.323901265859603882e-01
9.404701739549636841e-02 1.088747531175613403e-01
9.399979561567306519e-02 1.238538697361946106e-01
9.376861155033111572e-02 1.006407141685485840e-01
9.346429258584976196e-02 1.224435865879058838e-01
9.346295893192291260e-02 1.025841161608695984e-01
9.323847293853759766e-02 9.822410345077514648e-02
9.257724136114120483e-02 1.310115009546279907e-01
9.232282638549804688e-02 1.009648218750953674e-01
9.223548322916030884e-02 9.803478419780731201e-02
9.190646559000015259e-02 1.187423616647720337e-01
9.188017249107360840e-02 1.100717261433601379e-01
9.187736362218856812e-02 1.187705472111701965e-01
9.183333814144134521e-02 1.020660400390625000e-01
9.179494529962539673e-02 1.063282266259193420e-01
9.166088700294494629e-02 1.362779438495635986e-01
9.155949205160140991e-02 1.035596132278442383e-01
9.142418205738067627e-02 9.886045753955841064e-02
9.140074998140335083e-02 1.371155828237533569e-01
9.132692217826843262e-02 9.592951834201812744e-02
9.110677987337112427e-02 9.245777130126953125e-02
9.108982980251312256e-02 9.573587775230407715e-02
9.095291048288345337e-02 1.096783652901649475e-01
9.089865535497665405e-02 1.047555431723594666e-01
9.076241403818130493e-02 9.293294697999954224e-02
9.052568674087524414e-02 1.147319450974464417e-01
9.039240330457687378e-02 1.092592403292655945e-01
9.027515351772308350e-02 9.639086574316024780e-02
9.020263701677322388e-02 1.065864711999893188e-01
9.015156328678131104e-02 9.402234852313995361e-02
9.011435508728027344e-02 1.015117913484573364e-01
8.977489173412322998e-02 1.259486526250839233e-01
8.972311019897460938e-02 1.053810343146324158e-01
8.963594585657119751e-02 1.064329519867897034e-01
8.942213654518127441e-02 1.123796850442886353e-01
8.942131698131561279e-02 9.566967934370040894e-02
8.913758397102355957e-02 1.392163038253784180e-01
8.904954791069030762e-02 1.341826021671295166e-01
8.901782333850860596e-02 1.104680895805358887e-01
8.886955678462982178e-02 9.923144429922103882e-02
8.878813683986663818e-02 9.540525823831558228e-02
8.863603323698043823e-02 1.175245270133018494e-01
8.855658024549484253e-02 8.879306167364120483e-02
8.819480985403060913e-02 8.980405330657958984e-02
8.809169381856918335e-02 9.614591300487518311e-02
8.804474771022796631e-02 1.108353212475776672e-01
8.760233223438262939e-02 1.191899999976158142e-01
8.747286349534988403e-02 9.489685297012329102e-02
8.742505311965942383e-02 1.159868761897087097e-01
8.726161718368530273e-02 9.508594125509262085e-02
8.723740279674530029e-02 1.462598443031311035e-01
8.709029853343963623e-02 9.295508265495300293e-02
8.700445294380187988e-02 9.392716735601425171e-02
8.693572133779525757e-02 1.282261610031127930e-01
8.667196333408355713e-02 9.170403331518173218e-02
8.631129562854766846e-02 1.036472171545028687e-01
8.618923276662826538e-02 1.106340438127517700e-01
8.584409952163696289e-02 1.076618880033493042e-01
8.576478809118270874e-02 1.177436709403991699e-01
8.566664159297943115e-02 8.612366765737533569e-02
8.540998399257659912e-02 1.300272047519683838e-01
8.454814553260803223e-02 1.134937182068824768e-01
8.453057706356048584e-02 9.317851811647415161e-02
8.449292182922363281e-02 1.000777930021286011e-01
8.410101383924484253e-02 9.928018599748611450e-02
8.354631811380386353e-02 8.570986241102218628e-02
8.347097039222717285e-02 9.922464191913604736e-02
8.346436172723770142e-02 1.023831516504287720e-01
8.335042744874954224e-02 1.480682641267776489e-01
8.323099464178085327e-02 1.033136099576950073e-01
8.322979509830474854e-02 9.161617606878280640e-02
8.278720825910568237e-02 9.315027296543121338e-02
8.264583349227905273e-02 9.089978784322738647e-02
8.233330398797988892e-02 9.914758056402206421e-02
8.228832483291625977e-02 1.067423596978187561e-01
8.218533545732498169e-02 8.557341992855072021e-02
8.174679428339004517e-02 1.139955744147300720e-01
8.170503377914428711e-02 8.997081220149993896e-02
8.127809315919876099e-02 8.774776756763458252e-02
8.113348484039306641e-02 9.793340414762496948e-02
8.088824898004531860e-02 1.377045214176177979e-01
8.086779713630676270e-02 8.936084061861038208e-02
8.025807887315750122e-02 9.525812417268753052e-02
8.006861805915832520e-02 1.522574722766876221e-01
8.005178719758987427e-02 8.240873366594314575e-02
7.985986024141311646e-02 1.127432137727737427e-01
7.959774881601333618e-02 8.362749963998794556e-02
7.937439531087875366e-02 8.768358826637268066e-02
7.936366647481918335e-02 9.413814544677734375e-02
7.904964685440063477e-02 9.638500213623046875e-02
7.882535457611083984e-02 9.575490653514862061e-02
7.872605323791503906e-02 9.504958987236022949e-02
7.859443873167037964e-02 9.960809350013732910e-02
7.854932546615600586e-02 1.076887249946594238e-01
7.806667685508728027e-02 1.046297103166580200e-01
7.797431200742721558e-02 1.100451275706291199e-01
7.796270400285720825e-02 1.187517195940017700e-01
7.780507951974868774e-02 9.686579555273056030e-02
7.773344218730926514e-02 8.392272144556045532e-02
7.704061269760131836e-02 7.867573946714401245e-02
7.701366394758224487e-02 9.466733038425445557e-02
7.688318192958831787e-02 1.073614582419395447e-01
7.688090950250625610e-02 1.088510304689407349e-01
7.673700153827667236e-02 7.878700643777847290e-02
7.662121206521987915e-02 1.102667003870010376e-01
7.655449211597442627e-02 8.186391741037368774e-02
7.647610455751419067e-02 8.519433438777923584e-02
7.635920494794845581e-02 7.886092364788055420e-02
7.606580853462219238e-02 9.981154650449752808e-02
7.557314634323120117e-02 1.254089623689651489e-01
7.536230236291885376e-02 8.068988472223281860e-02
7.501244544982910156e-02 7.773333787918090820e-02
7.497759908437728882e-02 1.120479106903076172e-01
7.492128014564514160e-02 1.011086627840995789e-01
7.477111369371414185e-02 1.079102158546447754e-01
7.451619952917098999e-02 1.059743911027908325e-01
7.448282837867736816e-02 8.267807215452194214e-02
7.419805973768234253e-02 8.701635152101516724e-02
7.396131753921508789e-02 1.154231131076812744e-01
7.315935939550399780e-02 9.945793449878692627e-02
7.264853268861770630e-02 1.020811945199966431e-01
7.251849025487899780e-02 7.725615054368972778e-02
7.095845788717269897e-02 9.353090822696685791e-02
7.038892060518264771e-02 7.561469823122024536e-02
7.013063877820968628e-02 7.615112513303756714e-02
7.007102668285369873e-02 8.498167246580123901e-02
6.931055337190628052e-02 9.019914269447326660e-02
6.826755404472351074e-02 8.223047107458114624e-02
6.822359561920166016e-02 1.173701733350753784e-01
6.814711540937423706e-02 7.284931093454360962e-02
6.786536425352096558e-02 9.411528706550598145e-02
6.700162589550018311e-02 7.022096216678619385e-02
6.591205298900604248e-02 7.707166671752929688e-02
6.497402489185333252e-02 9.522820264101028442e-02
6.473712623119354248e-02 6.968668103218078613e-02
6.465284526348114014e-02 6.607219576835632324e-02
6.355427205562591553e-02 6.507223099470138550e-02
6.346989423036575317e-02 8.121728897094726562e-02
5.703211948275566101e-02 6.834416836500167847e-02
5.057863146066665649e-02 5.207473039627075195e-02
