1.628722548484802246e-01 1.702209860086441040e-01
1.552018523216247559e-01 1.605952978134155273e-01
1.535735577344894409e-01 1.608413606882095337e-01
1.497326642274856567e-01 1.525632590055465698e-01
1.481268107891082764e-01 1.922388523817062378e-01
1.468650847673416138e-01 1.765646934509277344e-01
1.463527232408523560e-01 1.862251311540603638e-01
1.408600956201553345e-01 1.494475603103637695e-01
1.366973668336868286e-01 1.746926754713058472e-01
1.365588903427124023e-01 1.571876555681228638e-01
1.353826224803924561e-01 1.658115684986114502e-01
1.347351968288421631e-01 1.672513186931610107e-01
1.339379847049713135e-01 1.355434209108352661e-01
1.332231909036636353e-01 1.511930674314498901e-01
1.323622763156890869e-01 1.845651268959045410e-01
1.319633722305297852e-01 1.424153745174407959e-01
1.308475136756896973e-01 1.519808471202850342e-01
1.305378824472427368e-01 1.490263789892196655e-01
1.298650801181793213e-01 1.400304883718490601e-01
1.292727887630462646e-01 2.045818865299224854e-01
1.288572549819946289e-01 1.324403136968612671e-01
1.282305866479873657e-01 2.047755420207977295e-01
1.279737502336502075e-01 1.492417156696319580e-01
1.264165639877319336e-01 1.408930271863937378e-01
1.259263902902603149e-01 1.828406602144241333e-01
1.250554472208023071e-01 1.497219055891036987e-01
1.245226711034774780e-01 1.272187232971191406e-01
1.245039552450180054e-01 1.360526233911514282e-01
1.227983608841896057e-01 1.556478291749954224e-01
1.225490793585777283e-01 1.233080178499221802e-01
1.219666078686714172e-01 1.403365284204483032e-01
1.218642294406890869e-01 1.374382972717285156e-01
1.215582117438316345e-01 1.412452757358551025e-01
1.214415803551673889e-01 1.739535629749298096e-01
1.212017387151718140e-01 1.272487491369247437e-01
1.211344972252845764e-01 1.863941103219985962e-01
1.202703192830085754e-01 1.987953186035156250e-01
1.179379373788833618e-01 1.228236407041549683e-01
1.174154654145240784e-01 1.953395605087280273e-01
1.169035732746124268e-01 1.195657104253768921e-01
1.166450157761573792e-01 1.552665978670120239e-01
1.164342686533927917e-01 1.214596405625343323e-01
1.153451204299926758e-01 1.158729046583175659e-01
1.148673295974731445e-01 1.656179577112197876e-01
1.147650256752967834e-01 1.204766184091567993e-01
1.144864261150360107e-01 1.422922611236572266e-01
1.144533082842826843e-01 1.256207227706909180e-01
1.139245554804801941e-01 1.923324912786483765e-01
1.136885285377502441e-01 1.419996023178100586e-01
1.135241761803627014e-01 1.464024782180786133e-01
1.134964302182197571e-01 1.295665055513381958e-01
1.134505867958068848e-01 1.778236478567123413e-01
1.131752729415893555e-01 1.151034459471702576e-01
1.130037680268287659e-01 1.687972843647003174e-01
1.125519126653671265e-01 1.399798393249511719e-01
1.123261079192161560e-01 1.737923622131347656e-01
1.122495159506797791e-01 1.313274800777435303e-01
1.121654734015464783e-01 1.337175220251083374e-01
1.119466796517372131e-01 1.251977682113647461e-01
1.112946942448616028e-01 1.790371835231781006e-01
1.112522706389427185e-01 1.196712255477905273e-01
1.107778921723365784e-01 1.192034780979156494e-01
1.103961989283561707e-01 1.551893651485443115e-01
1.101848483085632324e-01 1.705402284860610962e-01
1.093397289514541626e-01 2.080352902412414551e-01
1.092111617326736450e-01 1.152164861559867859e-01
1.088711470365524292e-01 2.133496254682540894e-01
1.086212694644927979e-01 1.090862378478050232e-01
1.086143702268600464e-01 1.166795268654823303e-01
1.084078997373580933e-01 1.454753130674362183e-01
1.080584600567817688e-01 1.268905997276306152e-01
1.078420430421829224e-01 1.355303972959518433e-01
1.077571287751197815e-01 1.312292367219924927e-01
1.077554076910018921e-01 1.091327443718910217e-01
1.076382622122764587e-01 1.368552446365356445e-01
1.074572354555130005e-01 1.085896119475364685e-01
1.069441810250282288e-01 1.076614856719970703e-01
1.065888851881027222e-01 1.875131130218505859e-01
1.058360487222671509e-01 1.645600497722625732e-01
1.056464388966560364e-01 1.212949603796005249e-01
1.053636297583580017e-01 2.097787261009216309e-01
1.050014197826385498e-01 1.141723766922950745e-01
1.029889956116676331e-01 1.796414107084274292e-01
1.026407554745674133e-01 1.039961278438568115e-01
1.021375209093093872e-01 1.205171793699264526e-01
1.005811765789985657e-01 2.009950280189514160e-01
1.004696413874626160e-01 1.338077783584594727e-01
1.004045680165290833e-01 1.119603738188743591e-01
1.001295745372772217e-01 1.012494042515754700e-01
1.000947132706642151e-01 1.267180442810058594e-01
9.991277009248733521e-02 1.632123142480850220e-01
9.932129085063934326e-02 1.286050975322723389e-01
9.927619993686676025e-02 1.740838289260864258e-01
9.777869284152984619e-02 1.733957827091217041e-01
9.740963578224182129e-02 9.778815507888793945e-02
9.721440821886062622e-02 1.023429557681083679e-01
9.612230211496353149e-02 1.013104319572448730e-01
9.564744681119918823e-02 9.971047192811965942e-02
9.523355215787887573e-02 9.540087729692459106e-02
9.508810937404632568e-02 1.052841022610664368e-01
9.495039284229278564e-02 1.486030519008636475e-01
9.399728477001190186e-02 1.224722862243652344e-01
9.343856573104858398e-02 1.001904085278511047e-01
9.170350432395935059e-02 2.252461612224578857e-01
9.132430702447891235e-02 9.487993270158767700e-02
9.048561751842498779e-02 9.275688230991363525e-02
8.947364985942840576e-02 9.489247202873229980e-02
8.788710087537765503e-02 1.530917435884475708e-01
8.751817792654037476e-02 1.324303895235061646e-01
8.672802895307540894e-02 1.363242566585540771e-01
8.629678934812545776e-02 8.654685318470001221e-02
8.605869859457015991e-02 1.581678986549377441e-01
8.537393808364868164e-02 8.560126274824142456e-02
8.498175442218780518e-02 1.081516593694686890e-01
8.455929160118103027e-02 1.163505911827087402e-01
8.330299705266952515e-02 8.617568016052246094e-02
8.269737660884857178e-02 9.348452836275100708e-02
8.194497972726821899e-02 9.942860156297683716e-02
8.188261091709136963e-02 1.110038012266159058e-01
8.062467724084854126e-02 8.366542309522628784e-02
8.019796013832092285e-02 8.853515982627868652e-02
7.905806601047515869e-02 8.766474574804306030e-02
7.891856878995895386e-02 8.192513883113861084e-02
7.869351655244827271e-02 1.277085393667221069e-01
7.775297015905380249e-02 8.604089915752410889e-02
7.698573172092437744e-02 8.209987729787826538e-02
7.689103484153747559e-02 8.117268979549407959e-02
7.684557884931564331e-02 9.240439534187316895e-02
7.612826675176620483e-02 9.348009526729583740e-02
7.577440142631530762e-02 8.088857680559158325e-02
7.541015744209289551e-02 7.571317255496978760e-02
6.579586863517761230e-02 8.055201172828674316e-02
6.491835415363311768e-02 7.379049807786941528e-02
6.250926107168197632e-02 8.223871141672134399e-02
6.042603030800819397e-02 6.993462890386581421e-02
5.724496021866798401e-02 6.139731779694557190e-02
5.684222280979156494e-02 6.277500838041305542e-02
5.611153692007064819e-02 6.110490486025810242e-02
5.267152562737464905e-02 5.304257571697235107e-02
4.960637539625167847e-02 5.187522992491722107e-02
4.063997417688369751e-02 4.109463468194007874e-02
