0.000000000000000000e+00 6.058770697563886642e-03
0.000000000000000000e+00 7.256202865391969681e-03
0.000000000000000000e+00 1.056981366127729416e-02
0.000000000000000000e+00 1.103852409869432449e-02
0.000000000000000000e+00 1.210610289126634598e-02
0.000000000000000000e+00 1.227645110338926315e-02
0.000000000000000000e+00 1.366297435015439987e-02
0.000000000000000000e+00 1.369952410459518433e-02
0.000000000000000000e+00 1.409300137311220169e-02
0.000000000000000000e+00 1.517435908317565918e-02
0.000000000000000000e+00 1.548037212342023849e-02
0.000000000000000000e+00 1.679760776460170746e-02
0.000000000000000000e+00 1.730130985379219055e-02
0.000000000000000000e+00 1.750386133790016174e-02
0.000000000000000000e+00 1.779148541390895844e-02
0.000000000000000000e+00 1.786761544644832611e-02
0.000000000000000000e+00 1.823788508772850037e-02
0.000000000000000000e+00 1.828644610941410065e-02
0.000000000000000000e+00 1.828962191939353943e-02
0.000000000000000000e+00 1.858454011380672455e-02
0.000000000000000000e+00 1.863172650337219238e-02
0.000000000000000000e+00 1.874436251819133759e-02
0.000000000000000000e+00 1.926632039248943329e-02
0.000000000000000000e+00 1.948758214712142944e-02
0.000000000000000000e+00 1.969784684479236603e-02
0.000000000000000000e+00 1.979050226509571075e-02
0.000000000000000000e+00 2.047071419656276703e-02
0.000000000000000000e+00 2.091640420258045197e-02
0.000000000000000000e+00 2.103253826498985291e-02
0.000000000000000000e+00 2.128349058330059052e-02
0.000000000000000000e+00 2.152835391461849213e-02
0.000000000000000000e+00 2.153102494776248932e-02
0.000000000000000000e+00 2.177809551358222961e-02
0.000000000000000000e+00 2.195632085204124451e-02
0.000000000000000000e+00 2.213397435843944550e-02
0.000000000000000000e+00 2.274555899202823639e-02
0.000000000000000000e+00 2.293360792100429535e-02
0.000000000000000000e+00 2.304797619581222534e-02
0.000000000000000000e+00 2.330612950026988983e-02
0.000000000000000000e+00 2.334444969892501831e-02
0.000000000000000000e+00 2.367909811437129974e-02
0.000000000000000000e+00 2.377573028206825256e-02
0.000000000000000000e+00 2.377574890851974487e-02
0.000000000000000000e+00 2.387106977403163910e-02
0.000000000000000000e+00 2.393034845590591431e-02
0.000000000000000000e+00 2.396780438721179962e-02
0.000000000000000000e+00 2.414829470217227936e-02
0.000000000000000000e+00 2.464636601507663727e-02
0.000000000000000000e+00 2.470596320927143097e-02
0.000000000000000000e+00 2.491681277751922607e-02
0.000000000000000000e+00 2.547945268452167511e-02
0.000000000000000000e+00 2.663131617009639740e-02
0.000000000000000000e+00 2.667522989213466644e-02
0.000000000000000000e+00 2.717031724750995636e-02
0.000000000000000000e+00 2.755663171410560608e-02
0.000000000000000000e+00 2.793217822909355164e-02
0.000000000000000000e+00 2.802178636193275452e-02
0.000000000000000000e+00 2.817261777818202972e-02
0.000000000000000000e+00 2.847028151154518127e-02
0.000000000000000000e+00 2.875607460737228394e-02
0.000000000000000000e+00 2.912358008325099945e-02
0.000000000000000000e+00 2.922032959759235382e-02
0.000000000000000000e+00 2.926053851842880249e-02
0.000000000000000000e+00 2.927700430154800415e-02
0.000000000000000000e+00 2.977999858558177948e-02
0.000000000000000000e+00 3.015198931097984314e-02
0.000000000000000000e+00 3.030911833047866821e-02
0.000000000000000000e+00 3.042447566986083984e-02
0.000000000000000000e+00 3.046318143606185913e-02
0.000000000000000000e+00 3.049258515238761902e-02
0.000000000000000000e+00 3.079243749380111694e-02
0.000000000000000000e+00 3.087043203413486481e-02
0.000000000000000000e+00 3.088261745870113373e-02
0.000000000000000000e+00 3.136147931218147278e-02
0.000000000000000000e+00 3.140616044402122498e-02
0.000000000000000000e+00 3.142670542001724243e-02
0.000000000000000000e+00 3.153251484036445618e-02
0.000000000000000000e+00 3.160429373383522034e-02
0.000000000000000000e+00 3.174993023276329041e-02
0.000000000000000000e+00 3.188646584749221802e-02
0.000000000000000000e+00 3.214628994464874268e-02
0.000000000000000000e+00 3.223148360848426819e-02
0.000000000000000000e+00 3.232330083847045898e-02
0.000000000000000000e+00 3.244589269161224365e-02
0.000000000000000000e+00 3.266527131199836731e-02
0.000000000000000000e+00 3.278003633022308350e-02
0.000000000000000000e+00 3.280303627252578735e-02
0.000000000000000000e+00 3.305231034755706787e-02
0.000000000000000000e+00 3.324555233120918274e-02
0.000000000000000000e+00 3.340133652091026306e-02
0.000000000000000000e+00 3.384948521852493286e-02
0.000000000000000000e+00 3.389851003885269165e-02
0.000000000000000000e+00 3.419636189937591553e-02
0.000000000000000000e+00 3.431840240955352783e-02
0.000000000000000000e+00 3.435192629694938660e-02
0.000000000000000000e+00 3.459671139717102051e-02
0.000000000000000000e+00 3.462667390704154968e-02
0.000000000000000000e+00 3.463211283087730408e-02
0.000000000000000000e+00 3.472378477454185486e-02
0.000000000000000000e+00 3.493334352970123291e-02
0.000000000000000000e+00 3.501007705926895142e-02
0.000000000000000000e+00 3.515168651938438416e-02
0.000000000000000000e+00 3.519549965858459473e-02
0.000000000000000000e+00 3.544331341981887817e-02
0.000000000000000000e+00 3.561886399984359741e-02
0.000000000000000000e+00 3.563049063086509705e-02
0.000000000000000000e+00 3.602229058742523193e-02
0.000000000000000000e+00 3.614994883537292480e-02
0.000000000000000000e+00 3.615265712141990662e-02
0.000000000000000000e+00 3.650650754570960999e-02
0.000000000000000000e+00 3.650875389575958252e-02
0.000000000000000000e+00 3.674621134996414185e-02
0.000000000000000000e+00 3.686717152595520020e-02
0.000000000000000000e+00 3.701090440154075623e-02
0.000000000000000000e+00 3.702245652675628662e-02
0.000000000000000000e+00 3.718158602714538574e-02
0.000000000000000000e+00 3.719183430075645447e-02
0.000000000000000000e+00 3.730327636003494263e-02
0.000000000000000000e+00 3.735923394560813904e-02
0.000000000000000000e+00 3.750840201973915100e-02
0.000000000000000000e+00 3.757363930344581604e-02
0.000000000000000000e+00 3.758326917886734009e-02
0.000000000000000000e+00 3.782715648412704468e-02
0.000000000000000000e+00 3.784994408488273621e-02
0.000000000000000000e+00 3.823541849851608276e-02
0.000000000000000000e+00 3.832059726119041443e-02
0.000000000000000000e+00 3.835351020097732544e-02
0.000000000000000000e+00 3.840573504567146301e-02
0.000000000000000000e+00 3.853382170200347900e-02
0.000000000000000000e+00 3.889220580458641052e-02
0.000000000000000000e+00 3.896680474281311035e-02
0.000000000000000000e+00 3.903643786907196045e-02
0.000000000000000000e+00 3.952124342322349548e-02
0.000000000000000000e+00 3.952530026435852051e-02
0.000000000000000000e+00 3.965405002236366272e-02
0.000000000000000000e+00 3.974045813083648682e-02
0.000000000000000000e+00 3.979249671101570129e-02
0.000000000000000000e+00 3.979488462209701538e-02
0.000000000000000000e+00 3.980728983879089355e-02
0.000000000000000000e+00 4.016897827386856079e-02
0.000000000000000000e+00 4.055301845073699951e-02
0.000000000000000000e+00 4.069612175226211548e-02
0.000000000000000000e+00 4.093169048428535461e-02
0.000000000000000000e+00 4.104128107428550720e-02
0.000000000000000000e+00 4.115506634116172791e-02
0.000000000000000000e+00 4.129908233880996704e-02
0.000000000000000000e+00 4.136640578508377075e-02
0.000000000000000000e+00 4.144711047410964966e-02
0.000000000000000000e+00 4.148925468325614929e-02
0.000000000000000000e+00 4.150488972663879395e-02
0.000000000000000000e+00 4.154476895928382874e-02
0.000000000000000000e+00 4.175940528512001038e-02
0.000000000000000000e+00 4.179231449961662292e-02
0.000000000000000000e+00 4.231386631727218628e-02
0.000000000000000000e+00 4.257194697856903076e-02
0.000000000000000000e+00 4.272158443927764893e-02
0.000000000000000000e+00 4.297810047864913940e-02
0.000000000000000000e+00 4.298856854438781738e-02
0.000000000000000000e+00 4.310044646263122559e-02
0.000000000000000000e+00 4.311648011207580566e-02
0.000000000000000000e+00 4.346106201410293579e-02
0.000000000000000000e+00 4.375809058547019958e-02
0.000000000000000000e+00 4.389122501015663147e-02
0.000000000000000000e+00 4.393176734447479248e-02
0.000000000000000000e+00 4.405480623245239258e-02
0.000000000000000000e+00 4.413966462016105652e-02
0.000000000000000000e+00 4.442426189780235291e-02
0.000000000000000000e+00 4.443372413516044617e-02
0.000000000000000000e+00 4.445084184408187866e-02
0.000000000000000000e+00 4.452105611562728882e-02
0.000000000000000000e+00 4.464410990476608276e-02
0.000000000000000000e+00 4.467414692044258118e-02
0.000000000000000000e+00 4.469013214111328125e-02
0.000000000000000000e+00 4.473584145307540894e-02
0.000000000000000000e+00 4.484891146421432495e-02
0.000000000000000000e+00 4.486169666051864624e-02
0.000000000000000000e+00 4.488179460167884827e-02
0.000000000000000000e+00 4.488252103328704834e-02
0.000000000000000000e+00 4.493639245629310608e-02
0.000000000000000000e+00 4.511334002017974854e-02
0.000000000000000000e+00 4.530496522784233093e-02
0.000000000000000000e+00 4.537435621023178101e-02
0.000000000000000000e+00 4.560560360550880432e-02
0.000000000000000000e+00 4.580289870500564575e-02
0.000000000000000000e+00 4.610691592097282410e-02
0.000000000000000000e+00 4.625524953007698059e-02
0.000000000000000000e+00 4.627397283911705017e-02
0.000000000000000000e+00 4.647623375058174133e-02
0.000000000000000000e+00 4.681207612156867981e-02
0.000000000000000000e+00 4.681857302784919739e-02
0.000000000000000000e+00 4.682647436857223511e-02
0.000000000000000000e+00 4.701949283480644226e-02
0.000000000000000000e+00 4.702805727720260620e-02
0.000000000000000000e+00 4.706322029232978821e-02
0.000000000000000000e+00 4.708725586533546448e-02
0.000000000000000000e+00 4.744386300444602966e-02
0.000000000000000000e+00 4.790844023227691650e-02
0.000000000000000000e+00 4.830869287252426147e-02
0.000000000000000000e+00 4.839025437831878662e-02
0.000000000000000000e+00 4.858370125293731689e-02
0.000000000000000000e+00 4.887342080473899841e-02
0.000000000000000000e+00 4.904892668128013611e-02
0.000000000000000000e+00 4.910595342516899109e-02
0.000000000000000000e+00 4.927115142345428467e-02
0.000000000000000000e+00 4.931061342358589172e-02
0.000000000000000000e+00 4.950837418437004089e-02
0.000000000000000000e+00 4.956716671586036682e-02
0.000000000000000000e+00 4.959864541888237000e-02
0.000000000000000000e+00 4.966090247035026550e-02
0.000000000000000000e+00 4.970157891511917114e-02
0.000000000000000000e+00 4.974017292261123657e-02
0.000000000000000000e+00 4.974996671080589294e-02
0.000000000000000000e+00 4.994913563132286072e-02
0.000000000000000000e+00 4.996741563081741333e-02
0.000000000000000000e+00 5.007302761077880859e-02
0.000000000000000000e+00 5.027078464627265930e-02
0.000000000000000000e+00 5.029667913913726807e-02
0.000000000000000000e+00 5.040181428194046021e-02
0.000000000000000000e+00 5.046036839485168457e-02
0.000000000000000000e+00 5.076462775468826294e-02
0.000000000000000000e+00 5.081289261579513550e-02
0.000000000000000000e+00 5.083766207098960876e-02
0.000000000000000000e+00 5.085789412260055542e-02
0.000000000000000000e+00 5.086167901754379272e-02
0.000000000000000000e+00 5.089635401964187622e-02
0.000000000000000000e+00 5.090174451470375061e-02
0.000000000000000000e+00 5.092791840434074402e-02
0.000000000000000000e+00 5.110730230808258057e-02
0.000000000000000000e+00 5.123846605420112610e-02
0.000000000000000000e+00 5.127675458788871765e-02
0.000000000000000000e+00 5.139280483126640320e-02
0.000000000000000000e+00 5.141366645693778992e-02
0.000000000000000000e+00 5.159715563058853149e-02
0.000000000000000000e+00 5.173141136765480042e-02
0.000000000000000000e+00 5.181445553898811340e-02
0.000000000000000000e+00 5.185894668102264404e-02
0.000000000000000000e+00 5.190088227391242981e-02
0.000000000000000000e+00 5.225661396980285645e-02
0.000000000000000000e+00 5.228641629219055176e-02
0.000000000000000000e+00 5.230244621634483337e-02
0.000000000000000000e+00 5.231834575533866882e-02
0.000000000000000000e+00 5.231896415352821350e-02
0.000000000000000000e+00 5.236097052693367004e-02
0.000000000000000000e+00 5.244646966457366943e-02
0.000000000000000000e+00 5.253063514828681946e-02
0.000000000000000000e+00 5.276212096214294434e-02
0.000000000000000000e+00 5.287981033325195312e-02
0.000000000000000000e+00 5.288809537887573242e-02
0.000000000000000000e+00 5.291948467493057251e-02
0.000000000000000000e+00 5.318161845207214355e-02
0.000000000000000000e+00 5.326307937502861023e-02
0.000000000000000000e+00 5.357393249869346619e-02
0.000000000000000000e+00 5.370879545807838440e-02
0.000000000000000000e+00 5.371657013893127441e-02
0.000000000000000000e+00 5.375447496771812439e-02
0.000000000000000000e+00 5.377369746565818787e-02
0.000000000000000000e+00 5.377752333879470825e-02
0.000000000000000000e+00 5.378274247050285339e-02
0.000000000000000000e+00 5.406316742300987244e-02
0.000000000000000000e+00 5.407308787107467651e-02
0.000000000000000000e+00 5.417350307106971741e-02
0.000000000000000000e+00 5.425330623984336853e-02
0.000000000000000000e+00 5.426713824272155762e-02
0.000000000000000000e+00 5.476080998778343201e-02
0.000000000000000000e+00 5.484402924776077271e-02
0.000000000000000000e+00 5.485434830188751221e-02
0.000000000000000000e+00 5.485837906599044800e-02
0.000000000000000000e+00 5.491496250033378601e-02
0.000000000000000000e+00 5.493748188018798828e-02
0.000000000000000000e+00 5.507832765579223633e-02
0.000000000000000000e+00 5.514138936996459961e-02
0.000000000000000000e+00 5.542146414518356323e-02
0.000000000000000000e+00 5.544306337833404541e-02
0.000000000000000000e+00 5.552357435226440430e-02
0.000000000000000000e+00 5.553058162331581116e-02
0.000000000000000000e+00 5.562953278422355652e-02
0.000000000000000000e+00 5.577917769551277161e-02
0.000000000000000000e+00 5.583584681153297424e-02
0.000000000000000000e+00 5.586361512541770935e-02
0.000000000000000000e+00 5.592048913240432739e-02
0.000000000000000000e+00 5.602543428540229797e-02
0.000000000000000000e+00 5.606352910399436951e-02
0.000000000000000000e+00 5.639332160353660583e-02
0.000000000000000000e+00 5.640301480889320374e-02
0.000000000000000000e+00 5.644312500953674316e-02
0.000000000000000000e+00 5.647221580147743225e-02
0.000000000000000000e+00 5.649837478995323181e-02
0.000000000000000000e+00 5.650455504655838013e-02
0.000000000000000000e+00 5.651473253965377808e-02
0.000000000000000000e+00 5.653848499059677124e-02
0.000000000000000000e+00 5.655448511242866516e-02
0.000000000000000000e+00 5.663331225514411926e-02
0.000000000000000000e+00 5.669389665126800537e-02
0.000000000000000000e+00 5.671433731913566589e-02
0.000000000000000000e+00 5.681941658258438110e-02
0.000000000000000000e+00 5.700410902500152588e-02
0.000000000000000000e+00 5.706602334976196289e-02
0.000000000000000000e+00 5.709250271320343018e-02
0.000000000000000000e+00 5.710456520318984985e-02
0.000000000000000000e+00 5.711054801940917969e-02
0.000000000000000000e+00 5.713124945759773254e-02
0.000000000000000000e+00 5.716352909803390503e-02
0.000000000000000000e+00 5.722225829958915710e-02
0.000000000000000000e+00 5.740514025092124939e-02
0.000000000000000000e+00 5.742895603179931641e-02
0.000000000000000000e+00 5.748127400875091553e-02
0.000000000000000000e+00 5.757918581366539001e-02
0.000000000000000000e+00 5.804221332073211670e-02
0.000000000000000000e+00 5.805154144763946533e-02
0.000000000000000000e+00 5.813410505652427673e-02
0.000000000000000000e+00 5.860270559787750244e-02
0.000000000000000000e+00 5.862808972597122192e-02
0.000000000000000000e+00 5.880773440003395081e-02
0.000000000000000000e+00 5.887358263134956360e-02
0.000000000000000000e+00 5.898512154817581177e-02
0.000000000000000000e+00 5.921785533428192139e-02
0.000000000000000000e+00 5.939855054020881653e-02
0.000000000000000000e+00 5.940506607294082642e-02
0.000000000000000000e+00 5.970178544521331787e-02
0.000000000000000000e+00 5.983922630548477173e-02
0.000000000000000000e+00 5.984776467084884644e-02
0.000000000000000000e+00 5.985772982239723206e-02
0.000000000000000000e+00 5.994024127721786499e-02
0.000000000000000000e+00 5.995292961597442627e-02
0.000000000000000000e+00 6.012899801135063171e-02
0.000000000000000000e+00 6.045160815119743347e-02
0.000000000000000000e+00 6.045252829790115356e-02
0.000000000000000000e+00 6.045776233077049255e-02
0.000000000000000000e+00 6.062152981758117676e-02
0.000000000000000000e+00 6.112670153379440308e-02
0.000000000000000000e+00 6.120548769831657410e-02
0.000000000000000000e+00 6.124699115753173828e-02
0.000000000000000000e+00 6.139641627669334412e-02
0.000000000000000000e+00 6.178937479853630066e-02
0.000000000000000000e+00 6.200412660837173462e-02
0.000000000000000000e+00 6.204051896929740906e-02
0.000000000000000000e+00 6.310023367404937744e-02
0.000000000000000000e+00 6.314879655838012695e-02
0.000000000000000000e+00 6.316708028316497803e-02
0.000000000000000000e+00 6.322828680276870728e-02
0.000000000000000000e+00 6.326277554035186768e-02
0.000000000000000000e+00 6.332889944314956665e-02
0.000000000000000000e+00 6.353279203176498413e-02
0.000000000000000000e+00 6.375831365585327148e-02
0.000000000000000000e+00 6.403972208499908447e-02
0.000000000000000000e+00 6.432175636291503906e-02
0.000000000000000000e+00 6.437695771455764771e-02
0.000000000000000000e+00 6.471198797225952148e-02
0.000000000000000000e+00 6.496432423591613770e-02
0.000000000000000000e+00 6.515984237194061279e-02
0.000000000000000000e+00 6.517232209444046021e-02
0.000000000000000000e+00 6.561888754367828369e-02
0.000000000000000000e+00 6.587825715541839600e-02
0.000000000000000000e+00 6.600719690322875977e-02
0.000000000000000000e+00 6.604333221912384033e-02
0.000000000000000000e+00 6.611856818199157715e-02
0.000000000000000000e+00 6.617850810289382935e-02
0.000000000000000000e+00 6.634893268346786499e-02
0.000000000000000000e+00 6.652861088514328003e-02
0.000000000000000000e+00 6.654502451419830322e-02
0.000000000000000000e+00 6.685457378625869751e-02
0.000000000000000000e+00 6.706146895885467529e-02
0.000000000000000000e+00 6.731525808572769165e-02
0.000000000000000000e+00 6.752951443195343018e-02
0.000000000000000000e+00 6.800726801156997681e-02
0.000000000000000000e+00 6.804061681032180786e-02
0.000000000000000000e+00 6.806191056966781616e-02
0.000000000000000000e+00 6.811603158712387085e-02
0.000000000000000000e+00 6.879327446222305298e-02
0.000000000000000000e+00 6.887730211019515991e-02
0.000000000000000000e+00 6.895099580287933350e-02
0.000000000000000000e+00 6.923871487379074097e-02
0.000000000000000000e+00 6.962510198354721069e-02
0.000000000000000000e+00 6.968261301517486572e-02
0.000000000000000000e+00 6.970176100730895996e-02
0.000000000000000000e+00 6.975109130144119263e-02
0.000000000000000000e+00 7.002698630094528198e-02
0.000000000000000000e+00 7.014846056699752808e-02
0.000000000000000000e+00 7.040763646364212036e-02
0.000000000000000000e+00 7.050802558660507202e-02
0.000000000000000000e+00 7.093781977891921997e-02
0.000000000000000000e+00 7.102725654840469360e-02
0.000000000000000000e+00 7.135432958602905273e-02
0.000000000000000000e+00 7.153500616550445557e-02
0.000000000000000000e+00 7.242151349782943726e-02
0.000000000000000000e+00 7.245749980211257935e-02
0.000000000000000000e+00 7.249984145164489746e-02
0.000000000000000000e+00 7.261217385530471802e-02
0.000000000000000000e+00 7.267954200506210327e-02
0.000000000000000000e+00 7.276775687932968140e-02
0.000000000000000000e+00 7.321111112833023071e-02
0.000000000000000000e+00 7.342796027660369873e-02
0.000000000000000000e+00 7.390486449003219604e-02
0.000000000000000000e+00 7.422025501728057861e-02
0.000000000000000000e+00 7.424279302358627319e-02
0.000000000000000000e+00 7.425525784492492676e-02
0.000000000000000000e+00 7.439563423395156860e-02
0.000000000000000000e+00 7.465440034866333008e-02
0.000000000000000000e+00 7.502658665180206299e-02
0.000000000000000000e+00 7.510296255350112915e-02
0.000000000000000000e+00 7.550201565027236938e-02
0.000000000000000000e+00 7.589273154735565186e-02
0.000000000000000000e+00 7.628565281629562378e-02
0.000000000000000000e+00 7.670240104198455811e-02
0.000000000000000000e+00 7.690430432558059692e-02
0.000000000000000000e+00 7.706729322671890259e-02
0.000000000000000000e+00 7.713144272565841675e-02
0.000000000000000000e+00 7.737538218498229980e-02
0.000000000000000000e+00 7.742337882518768311e-02
0.000000000000000000e+00 7.768262922763824463e-02
0.000000000000000000e+00 7.771664112806320190e-02
0.000000000000000000e+00 7.780592888593673706e-02
0.000000000000000000e+00 7.781837135553359985e-02
0.000000000000000000e+00 7.782664895057678223e-02
0.000000000000000000e+00 7.820872217416763306e-02
0.000000000000000000e+00 7.854420691728591919e-02
0.000000000000000000e+00 7.876630872488021851e-02
0.000000000000000000e+00 7.930574566125869751e-02
0.000000000000000000e+00 7.966322451829910278e-02
0.000000000000000000e+00 7.982429862022399902e-02
0.000000000000000000e+00 8.000920712947845459e-02
0.000000000000000000e+00 8.049084246158599854e-02
0.000000000000000000e+00 8.055464178323745728e-02
0.000000000000000000e+00 8.093024045228958130e-02
0.000000000000000000e+00 8.154227584600448608e-02
0.000000000000000000e+00 8.164881914854049683e-02
0.000000000000000000e+00 8.169397711753845215e-02
0.000000000000000000e+00 8.201685547828674316e-02
0.000000000000000000e+00 8.233968168497085571e-02
0.000000000000000000e+00 8.237710595130920410e-02
0.000000000000000000e+00 8.276475220918655396e-02
0.000000000000000000e+00 8.286513388156890869e-02
0.000000000000000000e+00 8.294341713190078735e-02
0.000000000000000000e+00 8.329067379236221313e-02
0.000000000000000000e+00 8.338258415460586548e-02
0.000000000000000000e+00 8.352138847112655640e-02
0.000000000000000000e+00 8.377858996391296387e-02
0.000000000000000000e+00 8.510435372591018677e-02
0.000000000000000000e+00 8.520171791315078735e-02
0.000000000000000000e+00 8.520503342151641846e-02
0.000000000000000000e+00 8.542685955762863159e-02
0.000000000000000000e+00 8.548138290643692017e-02
0.000000000000000000e+00 8.690821379423141479e-02
0.000000000000000000e+00 8.703950047492980957e-02
0.000000000000000000e+00 8.707132190465927124e-02
0.000000000000000000e+00 8.721177279949188232e-02
0.000000000000000000e+00 8.759938180446624756e-02
0.000000000000000000e+00 8.782153576612472534e-02
0.000000000000000000e+00 8.831822127103805542e-02
0.000000000000000000e+00 8.846954256296157837e-02
0.000000000000000000e+00 8.856745064258575439e-02
0.000000000000000000e+00 8.965937048196792603e-02
0.000000000000000000e+00 8.989334851503372192e-02
0.000000000000000000e+00 8.993344753980636597e-02
0.000000000000000000e+00 9.000603109598159790e-02
0.000000000000000000e+00 9.148387610912322998e-02
0.000000000000000000e+00 9.158611297607421875e-02
0.000000000000000000e+00 9.208925813436508179e-02
0.000000000000000000e+00 9.250997006893157959e-02
0.000000000000000000e+00 9.261883795261383057e-02
0.000000000000000000e+00 9.271506965160369873e-02
0.000000000000000000e+00 9.277875721454620361e-02
0.000000000000000000e+00 9.343004226684570312e-02
0.000000000000000000e+00 9.354275465011596680e-02
0.000000000000000000e+00 9.355409443378448486e-02
0.000000000000000000e+00 9.366372972726821899e-02
0.000000000000000000e+00 9.441211819648742676e-02
0.000000000000000000e+00 9.676262736320495605e-02
0.000000000000000000e+00 9.705647826194763184e-02
0.000000000000000000e+00 9.716852009296417236e-02
0.000000000000000000e+00 9.735108166933059692e-02
0.000000000000000000e+00 9.762654453516006470e-02
0.000000000000000000e+00 9.783498197793960571e-02
0.000000000000000000e+00 9.785768389701843262e-02
0.000000000000000000e+00 9.792597591876983643e-02
0.000000000000000000e+00 9.878170490264892578e-02
0.000000000000000000e+00 9.908622503280639648e-02
0.000000000000000000e+00 9.988290071487426758e-02
0.000000000000000000e+00 1.002414822578430176e-01
0.000000000000000000e+00 1.003270596265792847e-01
0.000000000000000000e+00 1.006358489394187927e-01
0.000000000000000000e+00 1.008436679840087891e-01
0.000000000000000000e+00 1.009680256247520447e-01
0.000000000000000000e+00 1.014033034443855286e-01
0.000000000000000000e+00 1.018982082605361938e-01
0.000000000000000000e+00 1.023165658116340637e-01
0.000000000000000000e+00 1.024112254381179810e-01
0.000000000000000000e+00 1.026367321610450745e-01
0.000000000000000000e+00 1.031729280948638916e-01
0.000000000000000000e+00 1.040699183940887451e-01
0.000000000000000000e+00 1.041495874524116516e-01
0.000000000000000000e+00 1.066876575350761414e-01
0.000000000000000000e+00 1.083950996398925781e-01
0.000000000000000000e+00 1.084712818264961243e-01
0.000000000000000000e+00 1.137540787458419800e-01
0.000000000000000000e+00 1.158212721347808838e-01
0.000000000000000000e+00 1.207975596189498901e-01
0.000000000000000000e+00 1.273768693208694458e-01
0.000000000000000000e+00 1.414126008749008179e-01
