1.912841945886611938e-01 2.037646919488906860e-01
1.777380555868148804e-01 1.779583394527435303e-01
1.725406497716903687e-01 1.733049899339675903e-01
1.680477708578109741e-01 1.684980988502502441e-01
1.657923609018325806e-01 1.932014524936676025e-01
1.591170579195022583e-01 1.866164207458496094e-01
1.507640033960342407e-01 1.707796007394790649e-01
1.480819582939147949e-01 1.601733118295669556e-01
1.459967941045761108e-01 1.794222891330718994e-01
1.429526954889297485e-01 1.446575224399566650e-01
1.370225250720977783e-01 1.587086617946624756e-01
1.368308514356613159e-01 1.572915017604827881e-01
1.367558836936950684e-01 1.467782109975814819e-01
1.358785778284072876e-01 2.031244337558746338e-01
1.338245421648025513e-01 1.365520656108856201e-01
1.331997513771057129e-01 1.350204795598983765e-01
1.323280930519104004e-01 1.473037004470825195e-01
1.320912539958953857e-01 1.528917253017425537e-01
1.316461265087127686e-01 1.341419517993927002e-01
1.304260492324829102e-01 1.393920183181762695e-01
1.262933760881423950e-01 1.757855117321014404e-01
1.258580237627029419e-01 1.370079368352890015e-01
1.241454258561134338e-01 1.335901021957397461e-01
1.241040006279945374e-01 1.337031871080398560e-01
1.240314692258834839e-01 1.615204960107803345e-01
1.237718388438224792e-01 1.350003629922866821e-01
1.237084940075874329e-01 1.476429998874664307e-01
1.227450966835021973e-01 1.541623771190643311e-01
1.225653588771820068e-01 1.380896121263504028e-01
1.220364570617675781e-01 1.393316239118576050e-01
1.217329055070877075e-01 1.840135157108306885e-01
1.207761168479919434e-01 1.298242062330245972e-01
1.205802559852600098e-01 1.256108880043029785e-01
1.199967786669731140e-01 1.269248276948928833e-01
1.187555566430091858e-01 1.317852586507797241e-01
1.186463087797164917e-01 2.204494327306747437e-01
1.185679808259010315e-01 2.097636908292770386e-01
1.184713095426559448e-01 1.185329183936119080e-01
1.175656840205192566e-01 1.580746918916702271e-01
1.171445250511169434e-01 1.563793122768402100e-01
1.170192882418632507e-01 1.203019320964813232e-01
1.168280914425849915e-01 1.906706094741821289e-01
1.163169741630554199e-01 1.777691841125488281e-01
1.161643788218498230e-01 1.214906647801399231e-01
1.147109791636466980e-01 1.254532635211944580e-01
1.144188791513442993e-01 1.818533092737197876e-01
1.142429411411285400e-01 1.295357048511505127e-01
1.133794486522674561e-01 2.126898169517517090e-01
1.130523830652236938e-01 1.461912393569946289e-01
1.130335927009582520e-01 1.293151825666427612e-01
1.129448339343070984e-01 1.536335051059722900e-01
1.124630942940711975e-01 1.230219900608062744e-01
1.121833696961402893e-01 1.934856474399566650e-01
1.120715513825416565e-01 1.232902631163597107e-01
1.105436384677886963e-01 1.130369976162910461e-01
1.103488281369209290e-01 1.407039314508438110e-01
1.103461235761642456e-01 1.551781147718429565e-01
1.072388514876365662e-01 1.190109848976135254e-01
1.069153845310211182e-01 1.683286577463150024e-01
1.068907752633094788e-01 1.731304973363876343e-01
1.064054593443870544e-01 1.123644039034843445e-01
1.054328754544258118e-01 1.772235035896301270e-01
1.050506681203842163e-01 1.525242477655410767e-01
1.049928292632102966e-01 1.540834307670593262e-01
1.046769395470619202e-01 1.908579319715499878e-01
1.044471487402915955e-01 1.227690055966377258e-01
1.042552441358566284e-01 2.181880623102188110e-01
1.031646952033042908e-01 1.367072910070419312e-01
1.029663830995559692e-01 1.481862515211105347e-01
1.029061600565910339e-01 1.145140230655670166e-01
1.023992672562599182e-01 1.109384000301361084e-01
1.017330065369606018e-01 1.348163038492202759e-01
1.007322967052459717e-01 1.469128876924514771e-01
1.003389731049537659e-01 1.119461059570312500e-01
9.975955635309219360e-02 2.102784365415573120e-01
9.971052408218383789e-02 1.325000375509262085e-01
9.968059509992599487e-02 1.720824986696243286e-01
9.930315613746643066e-02 1.136459261178970337e-01
9.900584071874618530e-02 2.149075716733932495e-01
9.895228594541549683e-02 1.312608718872070312e-01
9.833890199661254883e-02 1.129632368683815002e-01
9.833157062530517578e-02 1.279614865779876709e-01
9.818468987941741943e-02 1.173987463116645813e-01
9.806215018033981323e-02 2.250472307205200195e-01
9.738305956125259399e-02 1.610104441642761230e-01
9.735395759344100952e-02 1.817954033613204956e-01
9.707471728324890137e-02 1.205094829201698303e-01
9.595750272274017334e-02 1.843468248844146729e-01
9.565631300210952759e-02 2.308424711227416992e-01
9.544356167316436768e-02 1.341173797845840454e-01
9.517450630664825439e-02 9.636181592941284180e-02
9.507021307945251465e-02 1.001371517777442932e-01
9.490089118480682373e-02 1.005350053310394287e-01
9.469264000654220581e-02 1.022655591368675232e-01
9.453161805868148804e-02 1.726031750440597534e-01
9.386663138866424561e-02 1.078174635767936707e-01
9.385813027620315552e-02 1.072701960802078247e-01
9.381657838821411133e-02 1.079133450984954834e-01
9.372324496507644653e-02 9.603392332792282104e-02
9.370031207799911499e-02 1.299799829721450806e-01
9.268742799758911133e-02 9.582933783531188965e-02
9.117300808429718018e-02 9.478367865085601807e-02
9.058278053998947144e-02 1.381196677684783936e-01
9.033154696226119995e-02 9.718220680952072144e-02
8.943945914506912231e-02 1.009555160999298096e-01
8.936651051044464111e-02 1.113524138927459717e-01
8.890848606824874878e-02 1.062056198716163635e-01
8.842025697231292725e-02 8.900548517704010010e-02
8.777153491973876953e-02 9.213647991418838501e-02
8.773139864206314087e-02 9.093122929334640503e-02
8.771134167909622192e-02 1.179574504494667053e-01
8.738044649362564087e-02 9.206381440162658691e-02
8.734794706106185913e-02 1.174868643283843994e-01
8.608845621347427368e-02 8.964444696903228760e-02
8.443957567214965820e-02 1.267784386873245239e-01
8.309312909841537476e-02 1.053486838936805725e-01
8.151277899742126465e-02 9.032561630010604858e-02
7.817363739013671875e-02 7.834651321172714233e-02
7.777086645364761353e-02 9.535478800535202026e-02
7.715046405792236328e-02 1.014684960246086121e-01
7.667357474565505981e-02 7.679759711027145386e-02
7.622798532247543335e-02 1.094365566968917847e-01
7.520954310894012451e-02 8.136008679866790771e-02
7.141901552677154541e-02 8.560092747211456299e-02
7.133468240499496460e-02 7.663345336914062500e-02
7.037723064422607422e-02 7.626369595527648926e-02
6.913690268993377686e-02 7.304021716117858887e-02
5.186910182237625122e-02 5.682022497057914734e-02
